<<<<<<< HEAD
Source,Location ID,City,State,Country,Latitude,Longitude,Time Zone,Elevation
TMY2,12916,New Orleans,LA,USA,29.983333,-90.250000,-6,3
Year,Month,Day,Hour,GHI,DNI,DHI,Tdry,Tdew,RH,Pres,Wspd,Wdir,Snow Depth
1969,1,1,0,0,0,0,3.9,-2.8,62,1030,6.7,20,0
1969,1,1,1,0,0,0,3.3,-3.3,62,1030,6.2,30,0
1969,1,1,2,0,0,0,3.3,-5,55,1030,8.2,30,0
1969,1,1,3,0,0,0,2.2,-5,59,1031,5.7,40,0
1969,1,1,4,0,0,0,1.7,-5.6,59,1031,7.2,50,0
1969,1,1,5,0,0,0,0.6,-5.6,64,1031,5.7,40,0
1969,1,1,6,0,0,0,0.6,-6.1,61,1032,5.2,40,0
1969,1,1,7,61,290,32,1.7,-6.1,57,1032,6.7,50,0
1969,1,1,8,231,634,53,3.3,-6.7,48,1033,8.2,60,0
1969,1,1,9,370,687,75,4.4,-5.6,49,1033,7.2,50,0
1969,1,1,10,417,536,130,5,-5.6,47,1033,6.2,40,0
1969,1,1,11,383,217,254,5.6,-5.6,45,1032,4.6,50,0
1969,1,1,12,450,326,256,7.2,-5.6,40,1031,5.2,50,0
1969,1,1,13,433,328,254,7.2,-6.1,38,1030,3.1,30,0
1969,1,1,14,352,483,137,7.8,-5.6,38,1030,4.6,360,0
1969,1,1,15,217,480,72,7.8,-3.9,44,1030,3.6,310,0
1969,1,1,16,69,201,44,6.1,-3.9,49,1030,2.1,330,0
1969,1,1,17,1,0,1,6.1,-2.8,53,1030,1.5,310,0
1969,1,1,18,0,0,0,7.8,-4.4,42,1030,4.1,20,0
1969,1,1,19,0,0,0,6.7,-4.4,45,1029,4.6,40,0
1969,1,1,20,0,0,0,7.2,-4.4,44,1030,3.6,50,0
1969,1,1,21,0,0,0,7.2,-3.9,45,1030,3.1,50,0
1969,1,1,22,0,0,0,7.2,-3.9,45,1030,3.1,50,0
1969,1,1,23,0,0,0,7.2,-3.9,45,1029,3.6,60,0
1969,1,2,0,0,0,0,7.2,-3.9,45,1029,4.1,40,0
1969,1,2,1,0,0,0,6.7,-3.9,47,1028,4.6,50,0
1969,1,2,2,0,0,0,6.1,-3.3,51,1028,3.1,60,0
1969,1,2,3,0,0,0,6.1,-3.9,49,1028,0,0,0
1969,1,2,4,0,0,0,5.6,-5,47,1027,2.6,60,0
1969,1,2,5,0,0,0,6.1,-5,45,1026,3.6,60,0
1969,1,2,6,0,0,0,6.1,-0.6,62,1027,2.6,40,0
1969,1,2,7,43,6,42,7.2,0.6,63,1027,3.6,60,0
1969,1,2,8,103,4,102,8.3,0.6,58,1028,4.1,70,0
1969,1,2,9,153,4,151,8.9,1.1,58,1028,3.6,60,0
1969,1,2,10,212,7,208,10,2.2,59,1027,2.6,130,0
1969,1,2,11,280,7,276,11.1,3.3,59,1025,2.6,50,0
1969,1,2,12,276,1,275,11.1,5,66,1025,3.1,20,0
1969,1,2,13,229,2,228,10.6,4.4,66,1024,5.7,50,0
1969,1,2,14,195,1,195,9.4,3.3,66,1024,4.1,20,0
1969,1,2,15,134,1,134,8.9,3.3,69,1024,3.6,50,0
1969,1,2,16,51,0,51,8.9,3.9,71,1024,3.6,10,0
1969,1,2,17,2,0,2,8.3,4.4,76,1024,4.1,30,0
1969,1,2,18,0,0,0,8.3,3.9,74,1024,4.6,60,0
1969,1,2,19,0,0,0,8.3,3.9,74,1024,2.6,90,0
1969,1,2,20,0,0,0,7.8,3.3,74,1022,3.1,70,0
1969,1,2,21,0,0,0,7.8,4.4,79,1022,3.1,60,0
1969,1,2,22,0,0,0,8.3,4.4,76,1021,3.6,100,0
1969,1,2,23,0,0,0,8.3,5,79,1021,3.6,100,0
1969,1,3,0,0,0,0,8.9,5.6,79,1020,3.6,110,0
1969,1,3,1,0,0,0,9.4,6.1,79,1020,2.6,50,0
1969,1,3,2,0,0,0,10,7.2,83,1020,3.1,50,0
1969,1,3,3,0,0,0,10,7.8,86,1019,4.1,60,0
1969,1,3,4,0,0,0,10,7.8,86,1019,3.1,70,0
1969,1,3,5,0,0,0,10,8.3,89,1019,3.6,80,0
1969,1,3,6,0,0,0,10.6,8.3,86,1019,2.1,90,0
1969,1,3,7,20,0,20,10.6,8.9,89,1019,2.6,60,0
1969,1,3,8,115,1,115,11.7,10,89,1019,3.6,60,0
1969,1,3,9,115,1,114,12.2,10.6,89,1019,2.6,50,0
1969,1,3,10,253,2,252,13.3,11.7,90,1019,2.6,60,0
1969,1,3,11,274,1,274,13.9,12.2,90,1018,2.6,50,0
1969,1,3,12,169,1,169,13.9,12.2,90,1017,2.6,30,0
1969,1,3,13,278,1,278,14.4,12.8,90,1016,2.1,50,0
1969,1,3,14,132,1,131,15,12.8,86,1015,4.1,60,0
1969,1,3,15,132,1,132,14.4,12.2,86,1015,3.1,40,0
1969,1,3,16,45,1,45,13.9,12.2,90,1015,4.6,50,0
1969,1,3,17,2,0,2,13.3,11.7,90,1013,2.6,360,0
1969,1,3,18,0,0,0,13.3,12.2,93,1016,4.1,10,0
1969,1,3,19,0,0,0,10.6,9.4,93,1017,7.7,10,0
1969,1,3,20,0,0,0,9.4,8.3,93,1018,7.2,10,0
1969,1,3,21,0,0,0,8.9,7.8,93,1018,6.7,10,0
1969,1,3,22,0,0,0,8.3,6.1,86,1018,6.7,20,0
1969,1,3,23,0,0,0,8.3,6.1,86,1019,6.2,20,0
1969,1,4,0,0,0,0,7.8,5,83,1019,6.2,10,0
1969,1,4,1,0,0,0,7.2,5,86,1019,7.2,10,0
1969,1,4,2,0,0,0,6.1,4.4,89,1019,10.3,360,0
1969,1,4,3,0,0,0,5.6,2.8,82,1019,8.8,360,0
1969,1,4,4,0,0,0,5,2.2,82,1019,7.7,360,0
1969,1,4,5,0,0,0,4.4,0.6,76,1020,6.2,360,0
1969,1,4,6,0,0,0,3.3,-0.6,76,1021,6.7,360,0
1969,1,4,7,38,0,38,2.2,-2.8,69,1022,6.7,360,0
1969,1,4,8,184,327,92,2.8,-2.8,67,1024,10.3,10,0
1969,1,4,9,329,477,124,3.3,-4.4,57,1024,10.3,10,0
1969,1,4,10,445,543,153,3.3,-5.6,52,1024,9.3,10,0
1969,1,4,11,343,160,248,3.3,-7.2,46,1024,8.8,360,0
1969,1,4,12,448,276,282,5,-6.7,43,1022,8.2,20,0
1969,1,4,13,381,320,205,4.4,-7.8,41,1022,8.2,10,0
1969,1,4,14,308,253,194,5.6,-7.2,39,1022,8.2,10,0
1969,1,4,15,148,74,126,4.4,-7.8,41,1022,7.7,350,0
1969,1,4,16,46,5,45,3.9,-7.8,43,1022,6.7,360,0
1969,1,4,17,6,2,6,2.8,-8.3,44,1023,6.7,360,0
1969,1,4,18,0,0,0,2.8,-8.3,44,1024,6.7,350,0
1969,1,4,19,0,0,0,2.2,-7.8,48,1024,7.2,360,0
1969,1,4,20,0,0,0,1.7,-8.3,48,1025,7.2,10,0
1969,1,4,21,0,0,0,0.6,-8.3,52,1025,6.2,10,0
1969,1,4,22,0,0,0,0.6,-8.3,52,1025,6.7,10,0
1969,1,4,23,0,0,0,0,-8.9,52,1025,6.2,20,0
1969,1,5,0,0,0,0,-0.6,-8.9,53,1024,8.8,10,0
1969,1,5,1,0,0,0,-1.1,-8.9,56,1024,7.2,10,0
1969,1,5,2,0,0,0,-1.7,-8.3,61,1024,4.6,20,0
1969,1,5,3,0,0,0,-2.2,-8.3,64,1024,5.2,20,0
1969,1,5,4,0,0,0,-2.2,-8.3,64,1024,4.6,20,0
1969,1,5,5,0,0,0,-2.8,-8.9,63,1025,4.6,20,0
1969,1,5,6,0,0,0,-2.8,-8.3,66,1025,5.7,30,0
1969,1,5,7,52,167,35,-2.2,-8.3,64,1024,5.2,40,0
1969,1,5,8,247,759,36,0,-7.8,56,1025,5.2,50,0
1969,1,5,9,432,896,47,1.7,-7.2,52,1026,3.6,70,0
1969,1,5,10,566,951,55,2.8,-7.2,48,1025,1,50,0
1969,1,5,11,644,978,60,4.4,-6.7,44,1024,2.1,340,0
1969,1,5,12,646,974,60,6.7,-6.7,38,1022,2.1,230,0
1969,1,5,13,583,952,56,6.7,-4.4,45,1021,3.1,340,0
1969,1,5,14,458,903,49,6.7,-5.6,42,1021,2.1,340,0
1969,1,5,15,287,805,37,7.2,-5,42,1020,1.5,70,0
1969,1,5,16,96,547,23,5,-3.3,55,1020,3.1,360,0
1969,1,5,17,10,51,3,3.3,-3.3,62,1021,1.5,90,0
1969,1,5,18,0,0,0,1.1,-3.9,69,1021,1.5,70,0
1969,1,5,19,0,0,0,-1.7,-5,78,1021,1,90,0
1969,1,5,20,0,0,0,0,-3.9,75,1021,2.6,120,0
1969,1,5,21,0,0,0,1.1,-2.2,79,1021,3.1,180,0
1969,1,5,22,0,0,0,0.6,-3.3,75,1021,2.6,230,0
1969,1,5,23,0,0,0,0.6,-2.8,78,1020,1,250,0
1969,1,6,0,0,0,0,-3.3,-5.6,85,1021,0,0,0
1969,1,6,1,0,0,0,-2.2,-4.4,85,1021,0,0,0
1969,1,6,2,0,0,0,-3.3,-5.6,85,1019,0,0,0
1969,1,6,3,0,0,0,-3.9,-5.6,88,1020,0,0,0
1969,1,6,4,0,0,0,-4.4,-5.6,92,1020,0,0,0
1969,1,6,5,0,0,0,-3.9,-5.6,88,1020,1.5,110,0
1969,1,6,6,0,0,0,-1.1,-3.9,81,1019,0,0,0
1969,1,6,7,64,400,22,2.2,-1.7,76,1019,2.6,170,0
1969,1,6,8,222,594,56,6.7,0,63,1020,2.6,170,0
1969,1,6,9,377,633,105,9.4,2.8,64,1021,3.6,180,0
1969,1,6,10,461,588,144,11.7,4.4,61,1020,3.6,200,0
1969,1,6,11,555,641,172,13.9,6.1,60,1019,4.1,200,0
1969,1,6,12,555,658,157,16.7,7.2,54,1018,5.7,200,0
1969,1,6,13,541,864,61,17.2,7.8,54,1017,6.7,240,0
1969,1,6,14,379,620,97,17.8,7.2,50,1017,5.2,270,0
1969,1,6,15,230,417,99,17.2,7.8,54,1017,5.2,250,0
1969,1,6,16,74,156,53,15.6,7.2,58,1017,4.6,250,0
1969,1,6,17,8,15,6,13.3,6.7,64,1017,3.1,220,0
1969,1,6,18,0,0,0,9.4,6.7,83,1017,3.1,190,0
1969,1,6,19,0,0,0,10,7.2,83,1017,4.1,220,0
1969,1,6,20,0,0,0,8.9,6.7,86,1017,3.1,220,0
1969,1,6,21,0,0,0,8.9,6.7,86,1017,2.6,210,0
1969,1,6,22,0,0,0,7.8,5.6,86,1018,2.1,220,0
1969,1,6,23,0,0,0,6.7,5.6,93,1017,3.1,210,0
1969,1,7,0,0,0,0,7.2,6.1,93,1017,3.1,220,0
1969,1,7,1,0,0,0,7.2,6.7,96,1017,1.5,260,0
1969,1,7,2,0,0,0,7.8,7.2,96,1017,2.6,250,0
1969,1,7,3,0,0,0,8.3,7.2,93,1017,2.1,280,0
1969,1,7,4,0,0,0,5,4.4,96,1017,1.5,280,0
1969,1,7,5,0,0,0,2.8,2.8,100,1017,0,0,0
1969,1,7,6,0,0,0,2.8,1.7,92,1018,0,0,0
1969,1,7,7,48,28,45,3.9,2.8,92,1019,0,0,0
1969,1,7,8,214,528,67,10.6,8.3,86,1019,3.1,310,0
1969,1,7,9,381,676,90,12.8,7.2,69,1020,3.6,350,0
1969,1,7,10,449,539,158,13.9,6.7,62,1019,2.6,80,0
1969,1,7,11,473,504,171,16.7,6.7,52,1018,2.1,50,0
1969,1,7,12,506,569,161,17.2,8.3,56,1017,2.6,350,0
1969,1,7,13,438,531,142,16.1,7.8,58,1017,2.6,360,0
1969,1,7,14,355,449,149,16.7,7.8,56,1016,3.1,30,0
1969,1,7,15,238,448,97,16.1,6.7,53,1016,2.6,60,0
1969,1,7,16,78,124,61,13.3,6.7,64,1015,2.6,60,0
1969,1,7,17,7,10,6,11.7,6.1,69,1015,2.1,60,0
1969,1,7,18,0,0,0,12.2,7.8,74,1016,3.1,110,0
1969,1,7,19,0,0,0,12.8,7.2,69,1016,4.1,150,0
1969,1,7,20,0,0,0,12.2,7.8,74,1015,4.6,160,0
1969,1,7,21,0,0,0,12.8,7.8,72,1014,4.1,160,0
1969,1,7,22,0,0,0,12.2,8.3,77,1014,4.1,150,0
1969,1,7,23,0,0,0,11.7,8.9,83,1014,3.6,180,0
1969,1,8,0,0,0,0,12.8,10,83,1013,4.1,170,0
1969,1,8,1,0,0,0,13.3,10,80,1012,2.1,130,0
1969,1,8,2,0,0,0,14.4,11.1,80,1011,4.1,160,0
1969,1,8,3,0,0,0,13.9,11.7,86,1011,3.6,170,0
1969,1,8,4,0,0,0,13.9,12.2,90,1011,3.6,190,0
1969,1,8,5,0,0,0,13.9,12.2,90,1010,3.1,190,0
1969,1,8,6,0,0,0,14.4,12.2,86,1010,5.2,180,0
1969,1,8,7,44,117,32,16.1,13.3,83,1010,5.7,190,0
1969,1,8,8,62,0,62,17.2,13.3,78,1010,5.7,170,0
1969,1,8,9,139,2,138,18.3,13.3,72,1010,6.7,190,0
1969,1,8,10,228,11,222,20,13.3,66,1010,7.2,190,0
1969,1,8,11,233,7,229,21.1,13.3,61,1009,8.2,180,0
1969,1,8,12,506,497,205,22.2,13.9,59,1007,8.8,180,0
1969,1,8,13,392,290,230,22.2,14.4,61,1006,7.7,190,0
1969,1,8,14,371,548,119,22.2,14.4,61,1006,8.2,190,0
1969,1,8,15,192,334,86,21.1,14.4,66,1006,6.7,200,0
1969,1,8,16,66,124,48,19.4,13.9,70,1005,6.7,190,0
1969,1,8,17,7,24,4,18.3,13.9,75,1006,4.6,190,0
1969,1,8,18,0,0,0,16.7,13.9,83,1006,5.2,190,0
1969,1,8,19,0,0,0,16.1,13.9,86,1006,5.2,180,0
1969,1,8,20,0,0,0,15.6,13.9,90,1006,3.1,190,0
1969,1,8,21,0,0,0,15.6,13.9,90,1006,3.1,200,0
1969,1,8,22,0,0,0,16.1,14.4,90,1006,3.6,180,0
1969,1,8,23,0,0,0,16.7,15,90,1007,2.1,210,0
1969,1,9,0,0,0,0,17.2,15.6,90,1007,2.6,190,0
1969,1,9,1,0,0,0,16.7,15,90,1008,1.5,120,0
1969,1,9,2,0,0,0,16.7,15,90,1009,2.1,130,0
1969,1,9,3,0,0,0,16.7,15,90,1009,2.6,170,0
1969,1,9,4,0,0,0,16.7,15,90,1009,3.6,160,0
1969,1,9,5,0,0,0,15.6,14.4,93,1009,3.1,180,0
1969,1,9,6,0,0,0,16.1,15,93,1009,2.6,180,0
1969,1,9,7,39,54,34,16.7,15.6,93,1009,2.1,180,0
1969,1,9,8,129,32,121,18.9,16.7,87,1010,2.6,220,0
1969,1,9,9,146,4,145,22.8,17.2,71,1010,4.1,250,0
1969,1,9,10,303,116,241,23.3,17.2,69,1010,5.2,250,0
1969,1,9,11,571,713,141,25,17.2,62,1009,6.7,240,0
1969,1,9,12,513,560,172,16.7,11.7,72,1009,8.2,340,0
1969,1,9,13,181,25,167,12.8,8.3,74,1011,8.2,340,0
1969,1,9,14,192,30,178,11.7,6.7,71,1012,7.2,360,0
1969,1,9,15,163,1,163,11.7,5,64,1012,7.7,360,0
1969,1,9,16,42,4,41,10,2.2,59,1014,6.7,360,0
1969,1,9,17,4,0,4,10,1.1,54,1015,6.7,360,0
1969,1,9,18,0,0,0,8.9,-1.1,50,1016,8.8,10,0
1969,1,9,19,0,0,0,8.3,-2.2,48,1017,7.7,360,0
1969,1,9,20,0,0,0,8.3,-2.2,48,1017,7.2,360,0
1969,1,9,21,0,0,0,7.2,-3.3,47,1018,6.7,20,0
1969,1,9,22,0,0,0,6.1,-3.3,51,1018,7.2,360,0
1969,1,9,23,0,0,0,5.6,-3.3,53,1018,7.7,360,0
1969,1,10,0,0,0,0,5,-3.9,53,1019,7.7,360,0
1969,1,10,1,0,0,0,3.9,-4.4,55,1019,6.7,360,0
1969,1,10,2,0,0,0,3.9,-5.6,50,1020,7.2,10,0
1969,1,10,3,0,0,0,2.2,-6.1,54,1020,6.2,10,0
1969,1,10,4,0,0,0,2.2,-7.2,50,1020,8.2,10,0
1969,1,10,5,0,0,0,1.1,-7.2,54,1021,7.2,10,0
1969,1,10,6,0,0,0,0.6,-7.2,56,1021,7.2,20,0
1969,1,10,7,58,280,29,1.1,-7.8,52,1022,7.2,20,0
1969,1,10,8,202,436,79,2.2,-7.2,50,1022,7.7,30,0
1969,1,10,9,426,857,55,3.9,-7.2,44,1022,7.7,10,0
1969,1,10,10,497,789,68,5.6,-7.2,39,1022,7.2,10,0
1969,1,10,11,587,882,54,6.1,-8.3,35,1021,6.7,20,0
1969,1,10,12,448,290,270,7.8,-7.8,32,1020,6.2,30,0
1969,1,10,13,289,104,230,7.8,-8.3,31,1020,6.2,360,0
1969,1,10,14,159,14,152,7.8,-8.9,30,1019,5.2,10,0
1969,1,10,15,192,244,113,8.3,-7.8,31,1019,5.2,20,0
1969,1,10,16,56,23,52,6.1,-7.8,36,1019,4.6,10,0
1969,1,10,17,7,8,6,5.6,-7.8,38,1019,5.2,30,0
1969,1,10,18,0,0,0,5.6,-7.8,38,1019,4.1,30,0
1969,1,10,19,0,0,0,5.6,-7.8,38,1019,4.1,30,0
1969,1,10,20,0,0,0,5.6,-7.8,38,1019,5.2,30,0
1969,1,10,21,0,0,0,5,-8.9,36,1019,4.6,40,0
1969,1,10,22,0,0,0,3.9,-8.3,41,1020,5.2,20,0
1969,1,10,23,0,0,0,3.3,-8.9,41,1020,6.7,30,0
1969,1,11,0,0,0,0,3.3,-9.4,39,1020,5.2,30,0
1969,1,11,1,0,0,0,3.3,-9.4,39,1021,6.7,40,0
1969,1,11,2,0,0,0,3.3,-8.9,41,1021,5.7,30,0
1969,1,11,3,0,0,0,3.3,-8.3,43,1020,4.6,50,0
1969,1,11,4,0,0,0,3.3,-7.8,44,1020,5.7,40,0
1969,1,11,5,0,0,0,3.3,-7.8,44,1021,5.2,20,0
1969,1,11,6,0,0,0,2.8,-7.2,48,1021,4.6,30,0
1969,1,11,7,15,1,15,2.8,-6.7,50,1022,5.2,20,0
1969,1,11,8,56,1,56,2.8,-5,57,1022,4.6,10,0
1969,1,11,9,97,10,92,3.3,-4.4,57,1023,6.2,20,0
1969,1,11,10,228,12,221,4.4,-5,51,1022,5.2,20,0
1969,1,11,11,270,5,268,6.1,-5,45,1021,5.2,10,0
1969,1,11,12,478,468,191,6.1,-5,45,1020,6.2,360,0
1969,1,11,13,569,841,92,7.8,-5,40,1020,6.2,360,0
1969,1,11,14,432,705,102,8.9,-6.1,34,1020,5.2,10,0
1969,1,11,15,279,643,70,7.8,-5.6,38,1020,6.2,360,0
1969,1,11,16,92,426,29,7.2,-6.1,38,1021,5.2,360,0
1969,1,11,17,12,47,6,5,-6.1,45,1021,3.1,360,0
1969,1,11,18,0,0,0,4.4,-5,51,1022,2.6,350,0
1969,1,11,19,0,0,0,3.9,-5,52,1022,3.1,360,0
1969,1,11,20,0,0,0,5,-4.4,51,1022,4.6,20,0
1969,1,11,21,0,0,0,5.6,-5.6,45,1023,5.7,20,0
1969,1,11,22,0,0,0,5,-5.6,47,1022,6.2,30,0
1969,1,11,23,0,0,0,5,-7.2,41,1022,5.7,50,0
1969,1,12,0,0,0,0,4.4,-7.2,43,1021,6.2,50,0
1969,1,12,1,0,0,0,3.9,-7.2,44,1021,4.1,40,0
1969,1,12,2,0,0,0,3.3,-6.7,48,1021,4.1,30,0
1969,1,12,3,0,0,0,2.8,-7.8,46,1022,5.7,40,0
1969,1,12,4,0,0,0,2.8,-7.2,48,1022,5.2,40,0
1969,1,12,5,0,0,0,1.7,-7.2,52,1022,3.6,30,0
1969,1,12,6,0,0,0,1.7,-6.7,54,1022,4.6,50,0
1969,1,12,7,42,30,39,3.9,-6.1,49,1023,5.2,50,0
1969,1,12,8,122,73,102,4.4,-6.7,44,1024,7.2,60,0
1969,1,12,9,234,116,183,5.6,-7.2,39,1024,5.7,60,0
1969,1,12,10,249,45,224,7.2,-6.1,38,1024,4.1,50,0
1969,1,12,11,280,12,272,8.3,-7.2,33,1023,5.2,70,0
1969,1,12,12,331,85,278,9.4,-5.6,35,1022,5.2,40,0
1969,1,12,13,358,68,319,10,-5.6,33,1021,5.2,60,0
1969,1,12,14,283,231,174,10,-7.2,29,1022,4.1,50,0
1969,1,12,15,142,60,122,8.9,-7.2,31,1022,3.6,40,0
1969,1,12,16,68,2,67,7.8,-5.6,38,1022,1,10,0
1969,1,12,17,9,6,8,6.1,-3.9,49,1022,0,0,0
1969,1,12,18,0,0,0,0,-4.4,72,1022,0,0,0
1969,1,12,19,0,0,0,0,-3.9,75,1022,0,0,0
1969,1,12,20,0,0,0,-1.1,-3.9,81,1023,3.1,50,0
1969,1,12,21,0,0,0,0,-3.3,78,1023,0,0,0
1969,1,12,22,0,0,0,-2.8,-5,85,1024,0,0,0
1969,1,12,23,0,0,0,-1.1,-3.3,85,1023,0,0,0
1969,1,13,0,0,0,0,-2.2,-4.4,85,1023,0,0,0
1969,1,13,1,0,0,0,-2.2,-4.4,85,1024,2.1,30,0
1969,1,13,2,0,0,0,-1.1,-3.3,85,1024,1,30,0
1969,1,13,3,0,0,0,0.6,-3.3,75,1024,2.1,50,0
1969,1,13,4,0,0,0,1.7,-2.2,76,1024,2.1,70,0
1969,1,13,5,0,0,0,0.6,-3.9,72,1024,2.6,80,0
1969,1,13,6,0,0,0,2.2,-3.3,67,1025,2.6,60,0
1969,1,13,7,53,200,32,2.2,-2.8,69,1025,1.5,360,0
1969,1,13,8,223,561,64,8.3,2.8,69,1026,3.6,80,0
1969,1,13,9,402,722,88,10,2.2,59,1027,4.1,50,0
1969,1,13,10,539,794,104,12.2,2.8,52,1027,2.6,10,0
1969,1,13,11,619,829,113,13.3,2.8,49,1026,2.6,30,0
1969,1,13,12,628,831,114,14.4,2.8,46,1025,3.6,60,0
1969,1,13,13,571,810,108,15.6,1.7,39,1024,4.6,60,0
1969,1,13,14,430,705,96,15.6,-0.6,33,1024,4.1,40,0
1969,1,13,15,260,558,75,15,1.1,39,1024,3.1,50,0
1969,1,13,16,92,326,42,11.7,1.1,49,1025,2.6,40,0
1969,1,13,17,5,10,4,8.9,2.2,63,1025,3.1,50,0
1969,1,13,18,0,0,0,7.8,2.8,71,1025,2.1,90,0
1969,1,13,19,0,0,0,7.8,3.3,74,1026,1.5,120,0
1969,1,13,20,0,0,0,7.2,3.3,76,1026,0,0,0
1969,1,13,21,0,0,0,5,3.3,89,1026,1,60,0
1969,1,13,22,0,0,0,2.8,1.1,88,1026,0,0,0
1969,1,13,23,0,0,0,1.7,0,88,1026,0,0,0
1969,1,14,0,0,0,0,1.7,0,88,1026,0,0,0
1969,1,14,1,0,0,0,1.7,0.6,92,1025,0,0,0
1969,1,14,2,0,0,0,1.7,0.6,92,1025,2.1,60,0
1969,1,14,3,0,0,0,1.7,1.1,96,1025,2.1,60,0
1969,1,14,4,0,0,0,0,-0.6,96,1026,1.5,60,0
1969,1,14,5,0,0,0,2.8,1.7,92,1026,2.1,60,0
1969,1,14,6,0,0,0,2.8,1.7,92,1026,1.5,60,0
1969,1,14,7,61,344,25,3.9,1.7,86,1027,3.1,60,0
1969,1,14,8,238,681,45,8.9,3.9,71,1027,3.6,70,0
1969,1,14,9,419,819,61,13.3,2.2,47,1028,4.1,70,0
1969,1,14,10,555,879,72,15,3.3,46,1027,4.1,60,0
1969,1,14,11,634,910,78,15,3.9,48,1026,4.1,50,0
1969,1,14,12,651,927,76,16.1,3.3,43,1025,5.2,50,0
1969,1,14,13,547,834,68,16.1,3.9,44,1024,5.7,60,0
1969,1,14,14,428,759,66,16.1,4.4,46,1024,5.7,50,0
1969,1,14,15,283,701,48,15.6,4.4,48,1024,4.6,80,0
1969,1,14,16,105,450,34,13.3,3.3,51,1024,4.6,80,0
1969,1,14,17,14,51,8,11.1,2.2,54,1024,3.6,80,0
1969,1,14,18,0,0,0,7.8,1.1,63,1025,2.6,90,0
1969,1,14,19,0,0,0,6.7,1.1,68,1025,2.6,90,0
1969,1,14,20,0,0,0,6.1,2.2,76,1025,2.6,90,0
1969,1,14,21,0,0,0,6.7,2.8,76,1025,2.1,100,0
1969,1,14,22,0,0,0,6.1,2.8,79,1025,2.6,100,0
1969,1,14,23,0,0,0,6.7,3.3,79,1024,3.1,110,0
1969,1,15,0,0,0,0,7.2,3.9,79,1024,3.1,110,0
1969,1,15,1,0,0,0,7.8,3.9,76,1024,3.1,100,0
1969,1,15,2,0,0,0,7.8,3.9,76,1024,3.6,100,0
1969,1,15,3,0,0,0,7.8,3.9,76,1023,3.1,100,0
1969,1,15,4,0,0,0,6.7,2.8,76,1023,2.1,90,0
1969,1,15,5,0,0,0,6.1,3.3,82,1023,3.1,60,0
1969,1,15,6,0,0,0,5.6,3.3,86,1024,3.6,60,0
1969,1,15,7,52,117,39,7.2,5.6,89,1024,4.1,80,0
1969,1,15,8,159,166,111,11.7,7.2,74,1024,4.6,80,0
1969,1,15,9,306,384,137,15,7.8,62,1024,6.7,90,0
1969,1,15,10,516,692,134,17.8,8.3,54,1024,6.7,90,0
1969,1,15,11,488,543,154,17.8,8.9,56,1023,5.2,110,0
1969,1,15,12,357,265,192,18.3,8.9,54,1022,6.2,100,0
1969,1,15,13,468,502,178,18.3,8.9,54,1021,6.2,110,0
1969,1,15,14,409,565,138,18.3,9.4,56,1021,5.7,90,0
1969,1,15,15,189,152,137,18.3,9.4,56,1021,4.6,120,0
1969,1,15,16,103,357,46,15.6,9.4,67,1021,3.6,80,0
1969,1,15,17,12,32,8,13.9,9.4,74,1021,4.6,80,0
1969,1,15,18,0,0,0,12.2,9.4,83,1021,4.6,80,0
1969,1,15,19,0,0,0,12.2,9.4,83,1021,4.6,90,0
1969,1,15,20,0,0,0,12.2,9.4,83,1021,4.6,90,0
1969,1,15,21,0,0,0,12.2,9.4,83,1021,4.1,80,0
1969,1,15,22,0,0,0,11.7,9.4,86,1021,4.6,90,0
1969,1,15,23,0,0,0,11.7,9.4,86,1021,3.6,80,0
1969,1,16,0,0,0,0,10.6,8.9,89,1021,3.1,80,0
1969,1,16,1,0,0,0,10,8.3,89,1021,3.1,80,0
1969,1,16,2,0,0,0,10.6,8.9,89,1021,3.6,70,0
1969,1,16,3,0,0,0,12.2,9.4,83,1020,3.6,100,0
1969,1,16,4,0,0,0,12.2,10,86,1020,4.1,100,0
1969,1,16,5,0,0,0,11.7,9.4,86,1020,3.1,90,0
1969,1,16,6,0,0,0,12.2,10,86,1020,3.1,90,0
1969,1,16,7,29,2,29,14.4,11.7,83,1020,4.6,110,0
1969,1,16,8,153,65,135,15.6,12.2,81,1020,6.2,110,0
1969,1,16,9,209,56,185,18.9,14.4,76,1020,6.7,110,0
1969,1,16,10,267,115,203,20.6,15,70,1020,7.2,110,0
1969,1,16,11,330,114,260,20,15,73,1020,6.2,120,0
1969,1,16,12,248,13,240,20,15.6,76,1019,4.6,120,0
1969,1,16,13,153,7,149,17.2,15,87,1018,3.1,50,0
1969,1,16,14,146,12,140,15.6,13.3,86,1018,1.5,20,0
1969,1,16,15,136,9,133,16.7,15,90,1018,4.1,80,0
1969,1,16,16,65,5,64,17.2,15,87,1018,4.1,80,0
1969,1,16,17,7,0,7,17.2,15.6,90,1018,6.2,100,0
1969,1,16,18,0,0,0,17.8,16.1,90,1017,6.2,120,0
1969,1,16,19,0,0,0,18.3,16.1,87,1018,6.7,130,0
1969,1,16,20,0,0,0,17.8,15.6,87,1018,6.2,150,0
1969,1,16,21,0,0,0,17.8,15,83,1019,6.2,140,0
1969,1,16,22,0,0,0,17.8,15.6,87,1019,7.2,150,0
1969,1,16,23,0,0,0,17.2,14.4,83,1017,7.2,130,0
1969,1,17,0,0,0,0,17.2,13.9,81,1018,8.2,150,0
1969,1,17,1,0,0,0,17.2,14.4,83,1018,7.7,150,0
1969,1,17,2,0,0,0,16.7,14.4,87,1018,6.2,150,0
1969,1,17,3,0,0,0,17.2,15,87,1017,8.8,140,0
1969,1,17,4,0,0,0,17.8,15.6,87,1017,6.7,130,0
1969,1,17,5,0,0,0,17.2,15.6,90,1017,5.2,130,0
1969,1,17,6,0,0,0,17.2,15,87,1017,5.7,150,0
1969,1,17,7,28,1,28,17.2,15,87,1018,5.2,140,0
1969,1,17,8,133,1,132,17.8,15,83,1018,5.7,160,0
1969,1,17,9,117,1,116,17.8,16.1,90,1018,6.2,150,0
1969,1,17,10,164,1,164,18.3,16.1,87,1018,4.6,200,0
1969,1,17,11,295,1,295,18.3,15,81,1016,7.2,150,0
1969,1,17,12,324,1,323,17.8,15,83,1015,2.6,120,0
1969,1,17,13,269,1,268,18.3,15,81,1015,3.6,180,0
1969,1,17,14,227,1,227,18.3,15,81,1014,4.6,140,0
1969,1,17,15,151,1,150,18.3,15.6,83,1014,3.1,120,0
1969,1,17,16,61,1,61,17.8,15,83,1015,3.6,110,0
1969,1,17,17,11,0,11,17.2,15,87,1015,4.1,110,0
1969,1,17,18,0,0,0,17.2,15.6,90,1015,3.1,120,0
1969,1,17,19,0,0,0,17.2,15.6,90,1015,3.6,130,0
1969,1,17,20,0,0,0,16.7,15,90,1016,5.2,170,0
1969,1,17,21,0,0,0,16.7,14.4,87,1016,3.6,140,0
1969,1,17,22,0,0,0,16.1,14.4,90,1016,3.6,90,0
1969,1,17,23,0,0,0,16.1,14.4,90,1016,3.1,100,0
1969,1,18,0,0,0,0,15.6,13.9,90,1015,3.6,100,0
1969,1,18,1,0,0,0,15.6,14.4,93,1015,3.1,110,0
1969,1,18,2,0,0,0,15.6,14.4,93,1015,2.1,80,0
1969,1,18,3,0,0,0,15.6,13.9,90,1014,3.6,110,0
1969,1,18,4,0,0,0,15.6,13.9,90,1014,3.1,110,0
1969,1,18,5,0,0,0,15.6,13.9,90,1014,2.1,30,0
1969,1,18,6,0,0,0,14.4,12.2,86,1015,2.1,40,0
1969,1,18,7,22,0,22,13.9,12.8,93,1015,2.6,90,0
1969,1,18,8,76,1,76,15,13.9,93,1015,3.1,70,0
1969,1,18,9,117,0,116,15.6,14.4,93,1016,2.1,40,0
1969,1,18,10,148,0,148,15,13.9,93,1016,2.6,50,0
1969,1,18,11,183,1,182,15.6,14.4,93,1015,3.1,60,0
1969,1,18,12,173,1,173,16.7,15.6,93,1014,3.1,60,0
1969,1,18,13,163,1,163,16.1,15,93,1013,3.6,30,0
1969,1,18,14,127,0,126,16.1,15,93,1013,3.6,40,0
1969,1,18,15,86,0,85,16.7,15,90,1013,3.6,50,0
1969,1,18,16,39,1,39,16.1,15,93,1013,4.6,30,0
1969,1,18,17,6,0,6,16.1,14.4,90,1013,3.1,360,0
1969,1,18,18,0,0,0,15.6,15,97,1013,1.5,350,0
1969,1,18,19,0,0,0,15.6,14.4,93,1013,4.1,40,0
1969,1,18,20,0,0,0,15.6,14.4,93,1013,4.1,30,0
1969,1,18,21,0,0,0,15.6,14.4,93,1013,5.7,20,0
1969,1,18,22,0,0,0,16.1,15,93,1013,6.7,30,0
1969,1,18,23,0,0,0,15.6,13.9,90,1013,6.2,40,0
1969,1,19,0,0,0,0,15,13.3,90,1013,3.6,350,0
1969,1,19,1,0,0,0,15.6,13.9,90,1013,4.1,350,0
1969,1,19,2,0,0,0,15.6,13.9,90,1012,5.7,320,0
1969,1,19,3,0,0,0,15.6,13.9,90,1013,4.6,310,0
1969,1,19,4,0,0,0,15,13.3,90,1013,3.6,330,0
1969,1,19,5,0,0,0,14.4,13.3,93,1013,3.1,330,0
1969,1,19,6,0,0,0,13.9,12.8,93,1013,3.6,320,0
1969,1,19,7,59,44,54,15,13.3,90,1014,5.2,300,0
1969,1,19,8,127,9,124,16.1,14.4,90,1015,4.6,330,0
1969,1,19,9,208,14,201,16.7,14.4,87,1015,4.6,330,0
1969,1,19,10,217,6,213,17.2,15,87,1015,6.7,310,0
1969,1,19,11,553,764,77,18.3,15,81,1015,7.2,320,0
1969,1,19,12,425,200,298,18.9,14.4,76,1015,6.7,340,0
1969,1,19,13,556,848,57,18.3,13.3,72,1014,8.2,310,0
1969,1,19,14,485,884,50,18.3,13.9,75,1014,6.2,330,0
1969,1,19,15,301,724,48,17.2,12.8,75,1014,5.7,340,0
1969,1,19,16,74,5,73,16.1,12.2,77,1014,6.2,330,0
1969,1,19,17,11,0,11,15,12.2,83,1014,4.1,340,0
1969,1,19,18,0,0,0,14.4,11.7,83,1015,5.7,320,0
1969,1,19,19,0,0,0,13.9,11.1,83,1015,5.2,340,0
1969,1,19,20,0,0,0,13.3,10.6,83,1015,4.6,360,0
1969,1,19,21,0,0,0,12.2,10,86,1015,4.1,330,0
1969,1,19,22,0,0,0,11.7,10,89,1015,3.6,350,0
1969,1,19,23,0,0,0,11.1,9.4,89,1015,3.6,330,0
1969,1,20,0,0,0,0,10.6,8.9,89,1015,3.1,330,0
1969,1,20,1,0,0,0,10,8.9,93,1015,3.6,320,0
1969,1,20,2,0,0,0,10,8.9,93,1015,2.6,320,0
1969,1,20,3,0,0,0,10,8.9,93,1015,2.6,340,0
1969,1,20,4,0,0,0,10,8.9,93,1015,3.6,310,0
1969,1,20,5,0,0,0,10,8.3,89,1015,2.6,330,0
1969,1,20,6,0,0,0,10,8.3,89,1016,2.1,330,0
1969,1,20,7,27,1,27,10,8.9,93,1016,2.6,360,0
1969,1,20,8,119,9,117,10,8.9,93,1017,2.6,350,0
1969,1,20,9,164,9,160,10,8.3,89,1017,2.6,360,0
1969,1,20,10,252,8,247,10.6,8.9,89,1017,2.6,20,0
1969,1,20,11,259,5,256,10.6,8.9,89,1017,3.6,340,0
1969,1,20,12,311,3,309,11.7,9.4,86,1015,2.1,360,0
1969,1,20,13,291,3,289,11.7,9.4,86,1015,1,280,0
1969,1,20,14,227,1,227,12.2,9.4,83,1015,1,360,0
1969,1,20,15,170,0,170,11.7,9.4,86,1015,2.6,350,0
1969,1,20,16,73,0,73,11.7,9.4,86,1015,2.6,50,0
1969,1,20,17,13,0,13,11.1,8.9,86,1015,1.5,40,0
1969,1,20,18,0,0,0,9.4,7.2,86,1015,1.5,40,0
1969,1,20,19,0,0,0,9.4,7.8,89,1016,1,90,0
1969,1,20,20,0,0,0,9.4,7.8,89,1016,0,0,0
1969,1,20,21,0,0,0,9.4,8.3,93,1016,1,110,0
1969,1,20,22,0,0,0,8.9,7.8,93,1016,1.5,120,0
1969,1,20,23,0,0,0,7.2,6.1,93,1015,1.5,80,0
1969,1,21,0,0,0,0,8.3,7.2,93,1015,1,90,0
1969,1,21,1,0,0,0,10,8.9,93,1015,3.1,90,0
1969,1,21,2,0,0,0,10,8.9,93,1015,1.5,80,0
1969,1,21,3,0,0,0,10,8.9,93,1015,1,130,0
1969,1,21,4,0,0,0,10,8.9,93,1015,3.1,150,0
1969,1,21,5,0,0,0,10,8.9,93,1015,1.5,120,0
1969,1,21,6,0,0,0,10,9.4,96,1016,3.1,90,0
1969,1,21,7,37,0,37,10.6,9.4,93,1016,2.1,120,0
1969,1,21,8,132,1,131,11.1,10.6,96,1016,3.6,100,0
1969,1,21,9,212,0,212,11.7,10.6,93,1017,2.1,90,0
1969,1,21,10,255,2,254,12.2,10.6,89,1016,3.6,130,0
1969,1,21,11,289,0,289,15,12.2,83,1016,3.6,170,0
1969,1,21,12,380,91,321,16.1,11.7,75,1015,1,160,0
1969,1,21,13,220,5,217,17.8,12.8,72,1014,2.6,120,0
1969,1,21,14,174,9,169,17.8,12.8,72,1013,2.6,120,0
1969,1,21,15,174,95,140,17.8,12.8,72,1014,3.6,120,0
1969,1,21,16,85,83,71,16.7,12.2,75,1013,4.1,110,0
1969,1,21,17,15,20,13,15.6,11.7,77,1013,3.1,110,0
1969,1,21,18,0,0,0,15,11.7,80,1014,3.1,110,0
1969,1,21,19,0,0,0,13.9,11.1,83,1014,2.6,110,0
1969,1,21,20,0,0,0,13.9,11.7,86,1014,3.1,90,0
1969,1,21,21,0,0,0,13.9,11.7,86,1014,3.1,130,0
1969,1,21,22,0,0,0,14.4,12.8,90,1014,3.1,140,0
1969,1,21,23,0,0,0,14.4,12.8,90,1013,4.1,130,0
1969,1,22,0,0,0,0,13.9,12.2,90,1012,5.2,150,0
1969,1,22,1,0,0,0,12.8,11.1,90,1012,0,0,0
1969,1,22,2,0,0,0,13.3,11.7,90,1012,2.1,150,0
1969,1,22,3,0,0,0,13.9,12.2,90,1012,1.5,40,0
1969,1,22,4,0,0,0,13.9,12.2,90,1012,2.6,90,0
1969,1,22,5,0,0,0,13.9,12.2,90,1013,2.1,90,0
1969,1,22,6,0,0,0,13.9,12.2,90,1013,1,120,0
1969,1,22,7,31,3,30,14.4,12.8,90,1012,2.6,150,0
1969,1,22,8,91,2,91,14.4,13.3,93,1013,2.1,130,0
1969,1,22,9,130,6,128,15.6,13.9,90,1014,3.6,160,0
1969,1,22,10,289,98,233,17.2,14.4,83,1014,2.1,150,0
1969,1,22,11,577,614,189,18.9,15,78,1013,2.1,210,0
1969,1,22,12,618,724,153,20.6,16.7,78,1012,3.1,190,0
1969,1,22,13,537,608,173,21.7,17.2,76,1011,2.6,230,0
1969,1,22,14,404,496,155,22.2,17.2,73,1010,4.1,160,0
1969,1,22,15,280,553,81,22.8,17.2,71,1010,4.6,160,0
1969,1,22,16,92,218,53,21.1,16.1,73,1010,4.1,160,0
1969,1,22,17,11,20,9,19.4,16.7,84,1011,5.2,160,0
1969,1,22,18,0,0,0,18.9,16.1,83,1011,4.1,170,0
1969,1,22,19,0,0,0,18.3,16.7,90,1011,4.6,180,0
1969,1,22,20,0,0,0,18.3,16.7,90,1011,5.2,170,0
1969,1,22,21,0,0,0,17.8,16.7,93,1011,5.2,180,0
1969,1,22,22,0,0,0,17.8,16.7,93,1011,5.2,170,0
1969,1,22,23,0,0,0,17.8,16.7,93,1011,5.2,170,0
1969,1,23,0,0,0,0,17.8,16.1,90,1011,5.2,170,0
1969,1,23,1,0,0,0,17.8,16.1,90,1011,5.2,170,0
1969,1,23,2,0,0,0,18.3,16.7,90,1009,6.7,150,0
1969,1,23,3,0,0,0,18.3,16.7,90,1010,5.7,180,0
1969,1,23,4,0,0,0,18.3,16.7,90,1010,4.1,180,0
1969,1,23,5,0,0,0,18.9,17.2,90,1010,4.6,190,0
1969,1,23,6,0,0,0,18.9,17.2,90,1011,5.2,190,0
1969,1,23,7,39,60,32,19.4,17.2,87,1011,6.2,210,0
1969,1,23,8,201,360,95,21.1,17.8,81,1011,7.2,190,0
1969,1,23,9,283,196,194,22.8,18.3,76,1011,8.2,200,0
1969,1,23,10,409,246,269,23.9,18.3,71,1011,8.2,210,0
1969,1,23,11,364,196,240,23.9,17.8,69,1010,8.2,210,0
1969,1,23,12,414,167,306,24.4,16.7,62,1010,8.8,240,0
1969,1,23,13,531,512,224,25.6,16.7,58,1010,6.7,240,0
1969,1,23,14,338,305,184,25,15,54,1009,8.2,220,0
1969,1,23,15,192,188,124,24.4,15.6,58,1010,6.7,210,0
1969,1,23,16,64,41,56,22.2,15.6,66,1010,5.2,210,0
1969,1,23,17,13,16,12,20,15.6,76,1010,3.6,210,0
1969,1,23,18,0,0,0,18.9,15.6,81,1010,4.1,220,0
1969,1,23,19,0,0,0,18.3,16.1,87,1011,4.6,210,0
1969,1,23,20,0,0,0,17.8,16.1,90,1011,4.1,220,0
1969,1,23,21,0,0,0,18.3,16.7,90,1012,3.6,240,0
1969,1,23,22,0,0,0,18.3,16.1,87,1012,4.1,260,0
1969,1,23,23,0,0,0,17.2,15,87,1013,2.6,240,0
1969,1,24,0,0,0,0,16.1,14.4,90,1013,2.6,260,0
1969,1,24,1,0,0,0,17.2,15.6,90,1013,3.1,250,0
1969,1,24,2,0,0,0,16.7,15.6,93,1013,2.6,280,0
1969,1,24,3,0,0,0,16.7,15,90,1013,3.1,200,0
1969,1,24,4,0,0,0,16.7,15.6,93,1014,1.5,250,0
1969,1,24,5,0,0,0,17.2,15.6,90,1014,2.1,220,0
1969,1,24,6,1,0,1,17.2,15.6,90,1015,1.5,280,0
1969,1,24,7,22,1,22,16.1,14.4,90,1016,3.6,360,0
1969,1,24,8,97,3,96,15.6,13.9,90,1017,4.1,350,0
1969,1,24,9,98,7,94,14.4,12.8,90,1018,5.7,350,0
1969,1,24,10,253,9,249,14.4,12.2,86,1019,6.2,360,0
1969,1,24,11,256,3,254,12.8,8.9,77,1019,8.2,360,0
1969,1,24,12,310,1,310,15,8.3,64,1018,7.2,10,0
1969,1,24,13,261,0,261,13.9,7.2,64,1018,6.2,360,0
1969,1,24,14,246,2,245,13.9,7.2,64,1018,6.2,360,0
1969,1,24,15,157,75,129,14.4,7.8,64,1018,6.2,350,0
1969,1,24,16,90,57,79,13.9,6.7,62,1018,4.1,30,0
1969,1,24,17,19,52,13,11.7,6.7,71,1019,3.6,20,0
1969,1,24,18,0,0,0,11.7,6.1,69,1020,6.2,360,0
1969,1,24,19,0,0,0,11.1,5,66,1020,6.2,20,0
1969,1,24,20,0,0,0,10.6,3.9,64,1021,6.7,20,0
1969,1,24,21,0,0,0,9.4,3.9,69,1021,6.7,10,0
1969,1,24,22,0,0,0,8.3,2.8,69,1022,6.2,10,0
1969,1,24,23,0,0,0,7.8,1.7,66,1021,5.7,20,0
1969,1,25,0,0,0,0,7.8,1.7,66,1022,5.2,30,0
1969,1,25,1,0,0,0,7.8,1.7,66,1022,7.7,20,0
1969,1,25,2,0,0,0,7.2,1.1,65,1022,4.6,30,0
1969,1,25,3,0,0,0,7.2,0.6,63,1023,6.2,20,0
1969,1,25,4,0,0,0,7.2,1.1,65,1023,4.6,30,0
1969,1,25,5,0,0,0,7.2,-0.6,58,1024,5.7,30,0
1969,1,25,6,2,1,1,6.1,-1.7,58,1025,8.2,30,0
1969,1,25,7,44,31,40,6.7,-2.2,53,1026,5.7,30,0
1969,1,25,8,219,464,80,7.8,-2.2,49,1026,7.2,50,0
1969,1,25,9,418,734,82,10,-1.1,46,1027,6.2,50,0
1969,1,25,10,492,553,174,10.6,-2.2,41,1027,7.2,50,0
1969,1,25,11,608,697,161,11.1,-2.2,39,1026,6.2,10,0
1969,1,25,12,604,732,127,12.2,-1.7,38,1025,5.7,20,0
1969,1,25,13,585,834,77,13.9,-3.3,30,1024,6.2,20,0
1969,1,25,14,469,715,103,13.9,-3.3,30,1024,5.2,50,0
1969,1,25,15,300,545,99,14.4,-3.9,28,1024,5.7,50,0
1969,1,25,16,124,339,58,13.3,-1.7,35,1024,5.2,20,0
1969,1,25,17,23,53,17,10.6,-1.7,43,1024,4.1,40,0
1969,1,25,18,0,0,0,11.1,-2.8,38,1025,5.7,40,0
1969,1,25,19,0,0,0,10,-3.3,39,1026,6.2,50,0
1969,1,25,20,0,0,0,9.4,-3.3,41,1026,6.2,40,0
1969,1,25,21,0,0,0,8.3,-3.9,42,1026,4.6,50,0
1969,1,25,22,0,0,0,8.3,-4.4,40,1026,6.2,50,0
1969,1,25,23,0,0,0,8.3,-5.6,37,1025,6.2,60,0
1969,1,26,0,0,0,0,7.8,-5,40,1024,6.2,60,0
1969,1,26,1,0,0,0,7.2,-4.4,44,1024,5.2,60,0
1969,1,26,2,0,0,0,7.8,-3.9,44,1024,6.7,60,0
1969,1,26,3,0,0,0,7.2,-3.9,45,1024,7.2,60,0
1969,1,26,4,0,0,0,6.7,-3.3,49,1024,7.2,70,0
1969,1,26,5,0,0,0,6.7,-2.8,51,1024,5.2,70,0
1969,1,26,6,0,0,0,6.1,-2.8,53,1024,3.6,70,0
1969,1,26,7,40,5,39,6.7,-0.6,60,1024,4.1,70,0
1969,1,26,8,75,1,75,8.3,0,56,1024,5.7,70,0
1969,1,26,9,193,10,189,8.9,0.6,56,1023,5.2,80,0
1969,1,26,10,212,5,209,11.1,2.2,54,1023,6.2,90,0
1969,1,26,11,233,4,231,11.1,2.8,57,1022,5.2,70,0
1969,1,26,12,266,7,261,13.3,4.4,55,1021,2.6,120,0
1969,1,26,13,333,172,228,15.6,5.6,52,1020,4.6,90,0
1969,1,26,14,128,3,127,15,5.6,53,1019,5.2,100,0
1969,1,26,15,94,7,91,13.3,5.6,59,1019,4.6,90,0
1969,1,26,16,56,6,55,12.2,6.7,69,1018,5.2,70,0
1969,1,26,17,14,0,14,11.1,6.1,71,1018,6.2,90,0
1969,1,26,18,0,0,0,11.1,6.7,74,1018,4.1,80,0
1969,1,26,19,0,0,0,11.7,7.2,74,1018,5.2,90,0
1969,1,26,20,0,0,0,11.7,7.8,77,1018,4.6,90,0
1969,1,26,21,0,0,0,12.2,8.3,77,1018,3.1,100,0
1969,1,26,22,0,0,0,12.2,7.8,74,1017,4.1,120,0
1969,1,26,23,0,0,0,12.2,7.8,74,1017,3.6,100,0
1969,1,27,0,0,0,0,12.8,8.9,77,1017,3.1,90,0
1969,1,27,1,0,0,0,12.8,8.9,77,1016,3.1,120,0
1969,1,27,2,0,0,0,12.8,9.4,80,1015,1,80,0
1969,1,27,3,0,0,0,11.7,8.9,83,1015,2.1,80,0
1969,1,27,4,0,0,0,11.1,9.4,89,1016,1.5,40,0
1969,1,27,5,0,0,0,11.1,8.9,86,1016,2.6,80,0
1969,1,27,6,1,1,0,11.1,9.4,89,1016,2.6,80,0
1969,1,27,7,64,285,32,13.3,11.1,86,1017,3.1,100,0
1969,1,27,8,250,651,53,17.8,12.8,72,1017,4.6,130,0
1969,1,27,9,436,790,71,20,13.9,68,1017,5.2,120,0
1969,1,27,10,574,846,84,22.2,15,64,1017,6.2,150,0
1969,1,27,11,658,878,91,23.3,15,59,1016,5.7,130,0
1969,1,27,12,639,823,97,23.3,15.6,62,1015,6.2,200,0
1969,1,27,13,556,721,112,23.9,15,57,1014,5.2,170,0
1969,1,27,14,466,687,110,23.3,15.6,62,1014,5.7,200,0
1969,1,27,15,248,181,180,22.2,15,64,1015,5.7,190,0
1969,1,27,16,99,137,72,21.1,15.6,71,1015,5.2,180,0
1969,1,27,17,16,7,15,18.9,14.4,76,1015,5.2,100,0
1969,1,27,18,0,0,0,16.1,13.3,83,1016,4.6,80,0
1969,1,27,19,0,0,0,16.1,13.9,86,1016,4.6,80,0
1969,1,27,20,0,0,0,16.1,13.9,86,1016,4.6,100,0
1969,1,27,21,0,0,0,16.7,15,90,1016,6.2,110,0
1969,1,27,22,0,0,0,16.7,15,90,1016,5.2,100,0
1969,1,27,23,0,0,0,16.7,15,90,1016,3.1,70,0
1969,1,28,0,0,0,0,17.2,15,87,1016,4.1,100,0
1969,1,28,1,0,0,0,17.2,15.6,90,1016,3.1,100,0
1969,1,28,2,0,0,0,17.2,15.6,90,1016,3.1,110,0
1969,1,28,3,0,0,0,17.8,16.1,90,1015,3.1,110,0
1969,1,28,4,0,0,0,17.8,16.1,90,1016,2.1,130,0
1969,1,28,5,0,0,0,17.8,16.7,93,1016,3.6,140,0
1969,1,28,6,1,0,1,17.8,16.7,93,1016,3.6,120,0
1969,1,28,7,51,8,50,18.3,16.7,90,1017,4.1,130,0
1969,1,28,8,190,347,84,19.4,17.2,87,1018,4.1,140,0
1969,1,28,9,215,77,179,23.3,17.8,71,1018,5.2,150,0
1969,1,28,10,251,10,246,22.2,17.8,76,1019,3.6,100,0
1969,1,28,11,388,162,283,23.9,17.8,69,1017,3.6,140,0
1969,1,28,12,515,436,226,25,19.4,71,1017,6.2,170,0
1969,1,28,13,452,372,222,24.4,19.4,74,1016,6.2,170,0
1969,1,28,14,450,596,139,24.4,18.9,71,1016,6.2,160,0
1969,1,28,15,255,326,131,23.9,17.8,69,1017,4.6,160,0
1969,1,28,16,61,0,61,22.2,17.8,76,1017,5.2,150,0
1969,1,28,17,26,19,23,21.7,18.3,81,1018,4.6,150,0
1969,1,28,18,0,0,0,20.6,18.3,87,1018,4.1,140,0
1969,1,28,19,0,0,0,20.6,17.8,84,1018,4.6,140,0
1969,1,28,20,0,0,0,20.6,18.3,87,1019,4.6,140,0
1969,1,28,21,0,0,0,20,17.8,87,1019,6.2,150,0
1969,1,28,22,0,0,0,20,17.2,84,1019,5.7,140,0
1969,1,28,23,0,0,0,20,17.2,84,1019,4.6,150,0
1969,1,29,0,0,0,0,20.6,17.2,81,1019,6.2,130,0
1969,1,29,1,0,0,0,20,17.2,84,1019,3.6,140,0
1969,1,29,2,0,0,0,19.4,16.7,84,1019,4.1,130,0
1969,1,29,3,0,0,0,18.9,16.7,87,1019,3.6,110,0
1969,1,29,4,0,0,0,18.3,16.1,87,1019,3.6,130,0
1969,1,29,5,0,0,0,18.3,16.1,87,1019,5.2,130,0
1969,1,29,6,1,1,1,18.3,16.1,87,1020,5.2,120,0
1969,1,29,7,26,4,26,18.9,16.7,87,1020,5.7,110,0
1969,1,29,8,70,1,70,20,17.2,84,1021,6.2,120,0
1969,1,29,9,183,6,180,21.1,17.8,81,1021,7.2,130,0
1969,1,29,10,212,4,210,22.8,17.8,73,1021,8.2,150,0
1969,1,29,11,232,0,231,23.3,17.8,71,1021,6.7,140,0
1969,1,29,12,400,94,337,23.9,17.2,66,1020,10.3,160,0
1969,1,29,13,548,579,188,25.6,17.8,62,1020,8.2,160,0
1969,1,29,14,148,1,148,25,17.2,62,1019,8.2,160,0
1969,1,29,15,214,48,196,23.9,16.7,64,1019,8.8,160,0
1969,1,29,16,90,59,77,22.8,16.7,69,1020,7.7,140,0
1969,1,29,17,19,18,17,21.1,16.7,76,1019,5.2,120,0
1969,1,29,18,0,0,0,19.4,16.7,84,1020,4.6,130,0
1969,1,29,19,0,0,0,19.4,16.7,84,1020,6.2,120,0
1969,1,29,20,0,0,0,18.9,16.7,87,1020,5.2,130,0
1969,1,29,21,0,0,0,19.4,16.7,84,1020,5.2,130,0
1969,1,29,22,0,0,0,19.4,16.7,84,1020,5.7,130,0
1969,1,29,23,0,0,0,18.9,16.1,83,1020,3.6,130,0
1969,1,30,0,0,0,0,19.4,16.7,84,1019,6.2,130,0
1969,1,30,1,0,0,0,19.4,16.1,81,1019,5.7,140,0
1969,1,30,2,0,0,0,19.4,16.1,81,1019,5.7,150,0
1969,1,30,3,0,0,0,19.4,16.7,84,1019,5.7,140,0
1969,1,30,4,0,0,0,20,16.7,81,1019,6.7,130,0
1969,1,30,5,0,0,0,20,17.2,84,1019,4.1,170,0
1969,1,30,6,0,0,0,19.4,17.2,87,1021,4.1,160,0
1969,1,30,7,44,5,43,19.4,17.2,87,1021,4.1,150,0
1969,1,30,8,78,16,73,20,17.8,87,1022,4.1,130,0
1969,1,30,9,195,5,193,21.1,18.3,84,1022,4.1,200,0
1969,1,30,10,250,30,232,23.3,18.9,76,1022,6.2,180,0
1969,1,30,11,466,432,183,25,19.4,71,1022,5.2,180,0
1969,1,30,12,204,19,191,25,17.8,64,1020,8.2,220,0
1969,1,30,13,469,432,199,25.6,17.2,60,1020,6.7,190,0
1969,1,30,14,201,24,189,25,17.2,62,1020,5.7,190,0
1969,1,30,15,264,371,120,25.6,17.2,60,1020,7.2,210,0
1969,1,30,16,97,89,78,23.9,16.7,64,1020,5.2,190,0
1969,1,30,17,30,47,24,22.2,16.7,71,1020,3.6,180,0
1969,1,30,18,0,0,0,21.1,16.7,76,1020,3.6,180,0
1969,1,30,19,0,0,0,20,17.2,84,1021,2.6,200,0
1969,1,30,20,0,0,0,20,17.2,84,1022,2.6,180,0
1969,1,30,21,0,0,0,19.4,17.8,90,1022,3.1,190,0
1969,1,30,22,0,0,0,17.2,15,87,1022,5.2,360,0
1969,1,30,23,0,0,0,16.7,14.4,87,1022,3.6,30,0
1969,1,31,0,0,0,0,16.7,13.9,83,1021,2.6,30,0
1969,1,31,1,0,0,0,16.1,13.9,86,1021,2.6,10,0
1969,1,31,2,0,0,0,16.1,13.9,86,1021,2.6,20,0
1969,1,31,3,0,0,0,16.1,13.9,86,1021,2.6,70,0
1969,1,31,4,0,0,0,16.1,13.9,86,1020,2.6,90,0
1969,1,31,5,0,0,0,17.2,15,87,1020,1,40,0
1969,1,31,6,1,0,1,16.7,15,90,1020,1,30,0
1969,1,31,7,49,1,49,17.8,16.1,90,1020,1,90,0
1969,1,31,8,91,8,88,19.4,17.8,90,1021,3.6,160,0
1969,1,31,9,276,215,174,22.2,18.3,79,1022,4.1,200,0
1969,1,31,10,217,44,190,23.3,18.3,73,1021,6.2,180,0
1969,1,31,11,223,11,215,24.4,19.4,74,1020,6.2,170,0
1969,1,31,12,161,1,161,23.9,17.8,69,1019,7.2,160,0
1969,1,31,13,277,1,276,25,17.2,62,1018,6.7,160,0
1969,1,31,14,268,76,227,23.9,17.2,66,1017,7.7,170,0
1969,1,31,15,208,82,176,23.3,16.1,64,1017,8.2,160,0
1969,1,31,16,105,24,100,22.2,15.6,66,1017,5.7,170,0
1969,1,31,17,21,8,20,21.1,15.6,71,1017,4.1,150,0
1969,1,31,18,0,0,0,20.4,15.7,74,1016,4.1,161,0
1969,1,31,19,0,0,0,19.7,16.6,82,1016,4.1,169,0
1969,1,31,20,0,0,0,19.3,16.5,84,1015,4.1,162,0
1969,1,31,21,0,0,0,19.2,16.7,85,1015,3.6,171,0
1969,1,31,22,0,0,0,19.2,16.7,85,1014,3.9,169,0
1969,1,31,23,0,0,0,19.1,16.4,84,1013,4,166,0
1973,2,1,0,0,0,0,19,16.2,83,1013,4.1,164,0
1973,2,1,1,0,0,0,18.9,16.2,84,1012,4.4,158,0
1973,2,1,2,0,0,0,18.7,16.2,85,1011,5,150,0
1973,2,1,3,0,0,0,18.7,16.3,85,1011,5.1,151,0
1973,2,1,4,0,0,0,18.8,16.4,86,1010,5.1,154,0
1973,2,1,5,0,0,0,18.9,16.6,86,1010,5,161,0
1973,2,1,6,1,3,0,19.3,17.3,88,1009,4.8,160,0
1973,2,1,7,41,25,38,19.6,17.8,89,1009,4.5,170,0
1973,2,1,8,52,3,52,20,18.3,90,1010,4.1,170,0
1973,2,1,9,177,1,177,20.7,18.5,87,1009,4.8,190,0
1973,2,1,10,227,1,226,21.5,18.9,85,1009,5.5,210,0
1973,2,1,11,266,1,265,22.2,18.9,82,1009,6.2,230,0
1973,2,1,12,275,3,274,21.8,18,79,1009,6.7,250,0
1973,2,1,13,245,82,193,21.5,17.1,76,1009,7.2,260,0
1973,2,1,14,303,114,241,21.1,16.1,73,1009,7.7,280,0
1973,2,1,15,257,341,122,20.2,14.6,70,1009,6,280,0
1973,2,1,16,129,81,112,19.2,13.2,68,1009,4.3,270,0
1973,2,1,17,30,75,21,18.3,11.7,65,1010,2.6,270,0
1973,2,1,18,0,0,0,17.9,11.7,67,1010,2.9,270,0
1973,2,1,19,0,0,0,17.6,11.7,68,1010,3.3,260,0
1973,2,1,20,0,0,0,17.2,11.7,70,1011,3.6,260,0
1973,2,1,21,0,0,0,16.7,10.6,67,1011,4.3,270,0
1973,2,1,22,0,0,0,16.1,9.6,65,1012,5,270,0
1973,2,1,23,0,0,0,15.6,8.3,62,1012,5.7,280,0
1973,2,2,0,0,0,0,14.7,7.3,61,1013,5.2,280,0
1973,2,2,1,0,0,0,13.7,6.1,60,1013,4.6,280,0
1973,2,2,2,0,0,0,12.8,5,59,1014,4.1,280,0
1973,2,2,3,0,0,0,11.9,4.4,60,1014,4.1,280,0
1973,2,2,4,0,0,0,10.9,3.5,60,1015,4.1,280,0
1973,2,2,5,0,0,0,10,2.8,61,1015,4.1,280,0
1973,2,2,6,6,21,2,10.6,3.2,60,1016,4.6,280,0
1973,2,2,7,84,489,23,11.1,3.2,58,1017,5.2,280,0
1973,2,2,8,269,735,36,11.7,3.3,57,1017,5.7,280,0
1973,2,2,9,454,865,41,13.4,3.2,50,1017,5.9,280,0
1973,2,2,10,572,787,102,15,2.2,42,1017,6,280,0
1973,2,2,11,685,972,37,16.7,1.1,35,1017,6.2,280,0
1973,2,2,12,575,709,93,16.9,0.9,34,1017,6,280,0
1973,2,2,13,676,860,128,17,1,34,1016,5.9,280,0
1973,2,2,14,509,720,119,17.2,0.6,33,1016,5.7,280,0
1973,2,2,15,342,593,105,16.1,1.4,37,1016,5,280,0
1973,2,2,16,157,499,48,15,1.5,40,1017,4.3,280,0
1973,2,2,17,37,218,13,13.9,1.7,44,1017,3.6,280,0
1973,2,2,18,0,0,0,12.2,2.1,50,1018,3.4,280,0
1973,2,2,19,0,0,0,10.6,1.9,55,1018,3.3,280,0
1973,2,2,20,0,0,0,8.9,1.7,61,1019,3.1,280,0
1973,2,2,21,0,0,0,8.5,1.2,60,1019,3.4,280,0
1973,2,2,22,0,0,0,8.2,0.7,59,1020,3.8,280,0
1973,2,2,23,0,0,0,7.8,0,58,1020,4.1,280,0
1973,2,3,0,0,0,0,8,0,57,1020,4.1,280,0
1973,2,3,1,0,0,0,8.1,0.1,57,1021,4.1,280,0
1973,2,3,2,0,0,0,8.3,0,56,1021,4.1,280,0
1973,2,3,3,0,0,0,8.1,-0.1,56,1021,4.1,280,0
1973,2,3,4,0,0,0,8,-0.2,56,1022,4.1,270,0
1973,2,3,5,0,0,0,7.8,-0.6,56,1022,4.1,270,0
1973,2,3,6,8,29,2,8.9,0.3,55,1023,5.7,270,0
1973,2,3,7,89,533,22,10,1.1,54,1024,7.2,280,0
1973,2,3,8,292,802,36,11.1,1.7,53,1025,8.8,280,0
1973,2,3,9,483,904,49,12.2,1.5,48,1025,7.9,300,0
1973,2,3,10,630,954,57,13.3,1.3,44,1025,7.1,310,0
1973,2,3,11,721,983,62,14.4,0.6,39,1025,6.2,330,0
1973,2,3,12,738,987,63,15.5,0.1,35,1024,5.5,330,0
1973,2,3,13,685,976,60,16.7,-0.1,32,1023,4.8,320,0
1973,2,3,14,569,947,53,17.8,-1.1,28,1022,4.1,320,0
1973,2,3,15,393,873,43,16.9,-1.1,29,1023,3.6,340,0
1973,2,3,16,186,708,29,15.9,-1.1,31,1024,3.1,350,0
1973,2,3,17,38,214,14,15,-1.7,32,1024,2.6,10,0
1973,2,3,18,0,0,0,12.4,0.2,43,1024,1.7,360,0
1973,2,3,19,0,0,0,9.8,0.9,54,1025,0.9,350,0
1973,2,3,20,0,0,0,7.2,1.1,65,1025,0,0,0
1973,2,3,21,0,0,0,6.7,0.8,66,1025,0.5,320,0
1973,2,3,22,0,0,0,6.1,0.4,67,1025,1,310,0
1973,2,3,23,0,0,0,5.6,0,68,1026,1.5,300,0
1973,2,4,0,0,0,0,4.8,0.5,74,1025,1.3,270,0
1973,2,4,1,0,0,0,4.1,0.9,80,1025,1.2,240,0
1973,2,4,2,0,0,0,3.3,1.1,86,1025,1,210,0
1973,2,4,3,0,0,0,4.2,1.6,83,1025,1.4,170,0
1973,2,4,4,0,0,0,5.2,1.9,79,1025,1.7,130,0
1973,2,4,5,0,0,0,6.1,2.2,76,1025,2.1,90,0
1973,2,4,6,7,29,2,7.8,2.9,71,1025,1.9,100,0
1973,2,4,7,83,459,24,9.4,3.4,66,1026,1.7,110,0
1973,2,4,8,276,716,46,11.1,3.9,61,1026,1.5,120,0
1973,2,4,9,478,896,44,13.5,3.6,51,1026,2.7,140,0
1973,2,4,10,629,938,62,15.9,2.3,40,1026,4,150,0
1973,2,4,11,723,975,67,18.3,0.6,30,1026,5.2,170,0
1973,2,4,12,741,980,68,18.9,1.9,32,1025,5,170,0
1973,2,4,13,683,960,65,19.4,2.7,33,1024,4.8,180,0
1973,2,4,14,563,922,58,20,3.9,35,1023,4.6,180,0
1973,2,4,15,388,844,46,18.3,5.5,43,1023,4.1,180,0
1973,2,4,16,184,674,32,16.7,6.8,52,1022,3.6,190,0
1973,2,4,17,39,201,15,15,7.2,60,1022,3.1,190,0
1973,2,4,18,0,0,0,13.7,7.9,68,1022,3.1,200,0
1973,2,4,19,0,0,0,12.4,8.1,75,1022,3.1,210,0
1973,2,4,20,0,0,0,11.1,8.3,83,1022,3.1,220,0
1973,2,4,21,0,0,0,10.9,8.5,85,1022,3.1,210,0
1973,2,4,22,0,0,0,10.8,8.9,88,1022,3.1,210,0
1973,2,4,23,0,0,0,10.6,8.9,90,1022,3.1,200,0
1973,2,5,0,0,0,0,10.2,9,92,1022,2.8,200,0
1973,2,5,1,0,0,0,9.8,8.9,94,1022,2.4,210,0
1973,2,5,2,0,0,0,9.4,8.9,96,1022,2.1,210,0
1973,2,5,3,0,0,0,9.2,8.6,96,1022,2.1,200,0
1973,2,5,4,0,0,0,9.1,8.5,96,1022,2.1,190,0
1973,2,5,5,0,0,0,8.9,8.3,96,1022,2.1,180,0
1973,2,5,6,4,15,2,11.1,10.2,94,1023,2.6,190,0
1973,2,5,7,85,418,30,13.4,12.2,92,1023,3.1,190,0
1973,2,5,8,281,713,50,15.6,13.9,90,1023,3.6,200,0
1973,2,5,9,472,831,67,17.6,14.1,80,1023,4.6,210,0
1973,2,5,10,515,683,100,19.7,13.9,69,1023,5.7,210,0
1973,2,5,11,682,900,73,21.7,13.3,59,1022,6.7,220,0
1973,2,5,12,674,841,93,22.4,13,55,1022,5.8,220,0
1973,2,5,13,569,667,136,23.2,12.8,52,1021,5,230,0
1973,2,5,14,516,818,64,23.9,12.2,48,1020,4.1,230,0
1973,2,5,15,352,705,63,22,12.6,55,1020,4.1,230,0
1973,2,5,16,159,448,56,20.2,12.5,61,1020,4.1,220,0
1973,2,5,17,32,99,21,18.3,12.2,68,1020,4.1,220,0
1973,2,5,18,0,0,0,17.6,12.7,73,1021,3.9,210,0
1973,2,5,19,0,0,0,16.8,13.2,79,1021,3.8,190,0
1973,2,5,20,0,0,0,16.1,13.3,84,1021,3.6,180,0
1973,2,5,21,0,0,0,15.7,13,84,1021,3.8,180,0
1973,2,5,22,0,0,0,15.4,12.7,84,1021,3.9,170,0
1973,2,5,23,0,0,0,15,12.2,84,1020,4.1,170,0
1973,2,6,0,0,0,0,15,12.5,85,1020,3.6,180,0
1973,2,6,1,0,0,0,15,12.7,86,1020,3.1,180,0
1973,2,6,2,0,0,0,15,12.8,87,1020,2.6,190,0
1973,2,6,3,0,0,0,15,12.9,87,1021,2.2,180,0
1973,2,6,4,0,0,0,15,12.9,87,1021,1.9,170,0
1973,2,6,5,0,0,0,15,12.8,87,1021,1.5,160,0
1973,2,6,6,0,0,0,15.6,13.3,86,1022,2,170,0
1973,2,6,7,34,1,34,16.1,13.6,85,1022,2.6,170,0
1973,2,6,8,156,6,154,16.7,13.9,84,1023,3.1,180,0
1973,2,6,9,239,87,197,19.1,14.8,76,1023,3.4,190,0
1973,2,6,10,605,760,140,21.5,15.4,68,1022,3.8,210,0
1973,2,6,11,609,623,185,23.9,15.6,60,1022,4.1,220,0
1973,2,6,12,668,840,84,24.1,15.6,59,1022,3.8,220,0
1973,2,6,13,624,685,177,24.2,15.2,57,1021,3.4,220,0
1973,2,6,14,387,384,174,24.4,15,56,1020,3.1,220,0
1973,2,6,15,313,427,136,22.9,15.5,63,1021,3.1,210,0
1973,2,6,16,173,508,55,21.5,16,71,1021,3.1,200,0
1973,2,6,17,38,177,18,20,16.1,78,1021,3.1,190,0
1973,2,6,18,0,0,0,19.3,16,81,1022,2.9,200,0
1973,2,6,19,0,0,0,18.5,15.8,84,1022,2.8,200,0
1973,2,6,20,0,0,0,17.8,15.6,87,1022,2.6,210,0
1973,2,6,21,0,0,0,17.6,15.4,87,1022,2.4,210,0
1973,2,6,22,0,0,0,17.4,15.2,87,1022,2.3,210,0
1973,2,6,23,0,0,0,17.2,15,87,1022,2.1,210,0
1973,2,7,0,0,0,0,16.7,14.9,89,1021,1.4,200,0
1973,2,7,1,0,0,0,16.1,14.7,91,1021,0.7,190,0
1973,2,7,2,0,0,0,15.6,14.4,93,1021,0,0,0
1973,2,7,3,0,0,0,15,14.1,94,1021,0,0,0
1973,2,7,4,0,0,0,14.5,13.7,95,1021,0,0,0
1973,2,7,5,0,0,0,13.9,13.3,96,1021,0,0,0
1973,2,7,6,1,1,0,15.2,14.1,93,1022,0.9,140,0
1973,2,7,7,50,7,49,16.5,14.9,90,1022,1.7,130,0
1973,2,7,8,132,25,124,17.8,15.6,87,1022,2.6,120,0
1973,2,7,9,288,188,195,19.8,16.1,79,1022,3.8,140,0
1973,2,7,10,455,456,175,21.9,16.2,70,1022,5,170,0
1973,2,7,11,709,842,132,23.9,16.1,62,1021,6.2,190,0
1973,2,7,12,522,401,242,23.5,16.1,63,1020,5.7,180,0
1973,2,7,13,577,540,223,23.2,15.8,63,1019,5.1,180,0
1973,2,7,14,299,148,216,22.8,15.6,64,1018,4.6,170,0
1973,2,7,15,223,255,117,22.1,15.7,67,1017,5,170,0
1973,2,7,16,161,404,65,21.3,15.6,70,1017,5.3,180,0
1973,2,7,17,35,81,26,20.6,15.6,73,1017,5.7,180,0
1973,2,7,18,0,0,0,20,16.1,78,1017,5,180,0
1973,2,7,19,0,0,0,19.5,16.4,82,1016,4.3,170,0
1973,2,7,20,0,0,0,18.9,16.7,87,1016,3.6,170,0
1973,2,7,21,0,0,0,18.9,16.7,87,1015,3.9,170,0
1973,2,7,22,0,0,0,18.9,16.7,87,1015,4.3,160,0
1973,2,7,23,0,0,0,18.9,16.7,87,1014,4.6,160,0
1973,2,8,0,0,0,0,19.1,16.9,87,1014,4.1,170,0
1973,2,8,1,0,0,0,19.2,17,87,1013,3.6,170,0
1973,2,8,2,0,0,0,19.4,17.2,87,1013,3.1,180,0
1973,2,8,3,0,0,0,19.6,17.4,87,1013,3.3,190,0
1973,2,8,4,0,0,0,19.8,17.6,87,1013,3.4,190,0
1973,2,8,5,0,0,0,20,17.8,87,1013,3.6,200,0
1973,2,8,6,0,0,0,20.4,18,86,1013,3.9,210,0
1973,2,8,7,38,18,35,20.7,18.1,85,1013,4.3,210,0
1973,2,8,8,110,16,104,21.1,18.3,84,1013,4.6,220,0
1973,2,8,9,166,2,165,17.8,15.5,86,1013,6.3,260,0
1973,2,8,10,269,10,263,14.4,12.5,88,1014,8.1,310,0
1973,2,8,11,176,5,173,11.1,9.4,90,1015,9.8,350,0
1973,2,8,12,369,3,366,9.8,8.1,89,1015,8.9,350,0
1973,2,8,13,311,2,310,8.5,6.5,87,1015,8.1,360,0
1973,2,8,14,161,3,160,7.2,5,86,1015,7.2,0,0
1973,2,8,15,211,0,210,6.7,4.7,87,1015,7,0,0
1973,2,8,16,101,0,101,6.1,4.3,88,1015,6.9,10,0
1973,2,8,17,14,0,14,5.6,3.9,89,1015,6.7,10,0
1973,2,8,18,0,0,0,5.2,3.5,89,1016,7,10,0
1973,2,8,19,0,0,0,4.8,3.1,89,1017,7.4,0,0
1973,2,8,20,0,0,0,4.4,2.8,89,1018,7.7,0,0
1973,2,8,21,0,0,0,4.2,2.2,87,1018,8.1,10,0
1973,2,8,22,0,0,0,4.1,1.6,84,1017,8.4,10,0
1973,2,8,23,0,0,0,3.9,1.1,82,1017,8.8,20,0
1973,2,9,0,0,0,0,3.3,0.7,83,1016,8.6,20,0
1973,2,9,1,0,0,0,2.8,0.3,84,1016,8.4,10,0
1973,2,9,2,0,0,0,2.2,0,85,1015,8.2,10,0
1973,2,9,3,0,0,0,2.2,0,85,1015,8.7,10,0
1973,2,9,4,0,0,0,2.2,0,85,1015,9.3,10,0
1973,2,9,5,0,0,0,2.2,0,85,1016,9.8,10,0
1973,2,9,6,3,0,3,2,-0.4,84,1016,9.6,10,0
1973,2,9,7,50,0,50,1.9,-0.6,83,1017,9.5,0,0
1973,2,9,8,84,0,84,1.7,-1.1,82,1017,9.3,0,0
1973,2,9,9,234,0,234,1.3,-1.4,81,1017,9.6,0,0
1973,2,9,10,274,2,273,1,-1.8,80,1016,10,10,0
1973,2,9,11,192,0,192,0.6,-2.8,79,1016,10.3,10,0
1973,2,9,12,359,1,358,0.4,-2.6,78,1016,10.3,10,0
1973,2,9,13,301,1,300,0.2,-3.1,76,1016,10.3,0,0
1973,2,9,14,150,0,150,0,-3.9,75,1016,10.3,0,0
1973,2,9,15,172,0,172,-0.2,-3.8,74,1017,10.1,360,0
1973,2,9,16,85,0,85,-0.4,-4.2,73,1017,10,350,0
1973,2,9,17,27,0,27,-0.6,-5,72,1018,9.8,350,0
1973,2,9,18,0,0,0,-0.6,-4.7,71,1018,9.6,350,0
1973,2,9,19,0,0,0,-0.6,-4.8,70,1019,9.5,360,0
1973,2,9,20,0,0,0,-0.6,-5.6,69,1020,9.3,360,0
1973,2,9,21,0,0,0,-0.6,-5.2,68,1020,9.3,360,0
1973,2,9,22,0,0,0,-0.6,-5.4,67,1020,9.3,350,0
1973,2,9,23,0,0,0,-0.6,-6.1,66,1020,9.3,350,0
1973,2,10,0,0,0,0,-1,-5.6,68,1020,8.6,350,3
1973,2,10,1,0,0,0,-1.3,-5.5,70,1020,7.9,360,3
1973,2,10,2,0,0,0,-1.7,-6.1,72,1020,7.2,360,3
1973,2,10,3,0,0,0,-2.1,-5.8,73,1021,6.9,350,3
1973,2,10,4,0,0,0,-2.4,-5.9,74,1022,6.5,350,3
1973,2,10,5,0,0,0,-2.8,-6.7,75,1022,6.2,340,3
1973,2,10,6,4,7,3,-2.2,-5.6,75,1023,6.9,340,3
1973,2,10,7,75,167,51,-1.7,-5.1,75,1023,7.5,350,3
1973,2,10,8,337,630,123,-1.1,-5,75,1024,8.2,350,3
1973,2,10,9,421,539,150,0.2,-3.8,72,1024,8.4,350,3
1973,2,10,10,637,795,139,1.5,-3.3,68,1024,8.6,350,3
1973,2,10,11,762,886,145,2.8,-3.3,65,1024,8.8,350,3
1973,2,10,12,784,895,148,4.1,-2.8,59,1023,8.6,350,3
1973,2,10,13,716,874,132,5.4,-3,53,1022,8.4,350,3
1973,2,10,14,599,842,117,6.7,-3.9,47,1021,8.2,350,3
1973,2,10,15,415,752,94,5.9,-3.5,49,1022,7,350,3
1973,2,10,16,198,553,62,5.2,-3.6,51,1022,5.8,350,3
1973,2,10,17,40,123,26,4.4,-4.4,53,1022,4.6,350,3
1973,2,10,18,0,0,0,4,-3.7,55,1023,4.4,350,3
1973,2,10,19,0,0,0,3.7,-3.4,58,1023,4.3,360,3
1973,2,10,20,0,0,0,3.3,-3.9,60,1024,4.1,360,3
1973,2,10,21,0,0,0,2.9,-3.6,60,1024,4.1,360,3
1973,2,10,22,0,0,0,2.6,-4.1,59,1024,4.1,360,3
1973,2,10,23,0,0,0,2.2,-5,59,1025,4.1,0,3
1973,2,11,0,0,0,0,1.8,-4,63,1024,3.6,10,0
1973,2,11,1,0,0,0,1.5,-3.7,66,1024,3.1,10,0
1973,2,11,2,0,0,0,1.1,-3.9,70,1024,2.6,20,0
1973,2,11,3,0,0,0,-0.2,-3.3,77,1024,1.7,30,0
1973,2,11,4,0,0,0,-1.5,-3.4,85,1024,0.9,30,0
1973,2,11,5,0,0,0,-2.8,-3.9,92,1024,0,0,0
1973,2,11,6,8,34,4,-0.6,-2.8,83,1024,1,50,0
1973,2,11,7,102,491,30,1.7,-2.1,74,1025,2.1,50,0
1973,2,11,8,312,766,49,3.9,-2.2,65,1026,3.1,60,0
1973,2,11,9,510,876,65,5.6,-2,57,1025,2.8,10,0
1973,2,11,10,664,934,76,7.2,-2.5,49,1025,2.4,320,0
1973,2,11,11,753,958,82,8.9,-3.9,41,1025,2.1,270,0
1973,2,11,12,769,960,83,9.3,-1.8,45,1024,2.6,300,0
1973,2,11,13,634,819,83,9.6,-0.8,48,1023,3.1,330,0
1973,2,11,14,536,811,70,10,0.6,52,1022,3.6,0,0
1973,2,11,15,370,689,73,8.3,-0.2,55,1022,3.6,20,0
1973,2,11,16,164,421,59,6.7,-1.1,57,1022,3.6,40,0
1973,2,11,17,38,45,33,5,-2.2,60,1022,3.6,60,0
1973,2,11,18,0,0,0,5,-0.9,65,1022,3.8,80,0
1973,2,11,19,0,0,0,5,0.2,71,1022,3.9,110,0
1973,2,11,20,0,0,0,5,1.1,76,1022,4.1,130,0
1973,2,11,21,0,0,0,4.4,1.1,79,1022,3.4,130,0
1973,2,11,22,0,0,0,3.9,1.3,83,1022,2.8,120,0
1973,2,11,23,0,0,0,3.3,1.1,86,1022,2.1,120,0
1973,2,12,0,0,0,0,2.8,1,88,1021,1.9,90,0
1973,2,12,1,0,0,0,2.2,0.7,90,1021,1.7,50,0
1973,2,12,2,0,0,0,1.7,0.6,92,1021,1.5,20,0
1973,2,12,3,0,0,0,3,1.7,91,1021,2,40,0
1973,2,12,4,0,0,0,4.3,2.8,90,1020,2.6,50,0
1973,2,12,5,0,0,0,5.6,3.9,89,1020,3.1,70,0
1973,2,12,6,5,8,4,7.3,4.6,83,1020,3.8,70,0
1973,2,12,7,51,10,50,8.9,5.1,77,1021,4.5,80,0
1973,2,12,8,125,8,123,10.6,5.6,71,1021,5.2,80,0
1973,2,12,9,203,3,201,11.7,6.4,70,1021,6,80,0
1973,2,12,10,268,7,263,12.8,7.5,70,1021,6.9,90,0
1973,2,12,11,301,10,294,13.9,8.3,69,1020,7.7,90,0
1973,2,12,12,390,8,385,14.1,8.5,69,1020,7.7,100,0
1973,2,12,13,270,8,264,14.2,8.8,70,1019,7.7,100,0
1973,2,12,14,244,1,243,14.4,8.9,70,1018,7.7,110,0
1973,2,12,15,196,5,194,14.6,8.8,68,1018,7.4,110,0
1973,2,12,16,100,2,100,14.8,8.8,67,1018,7,120,0
1973,2,12,17,27,0,27,15,8.3,65,1018,6.7,120,0
1973,2,12,18,0,0,0,14.8,8.8,67,1018,6.7,120,0
1973,2,12,19,0,0,0,14.6,9.2,70,1018,6.7,130,0
1973,2,12,20,0,0,0,14.4,9.4,72,1018,6.7,130,0
1973,2,12,21,0,0,0,14.6,9.6,72,1017,7,130,0
1973,2,12,22,0,0,0,14.8,9.8,72,1017,7.4,140,0
1973,2,12,23,0,0,0,15,10,72,1016,7.7,140,0
1973,2,13,0,0,0,0,15,10.4,74,1016,7,140,0
1973,2,13,1,0,0,0,15,10.8,76,1016,6.4,130,0
1973,2,13,2,0,0,0,15,11.1,78,1016,5.7,130,0
1973,2,13,3,0,0,0,15.2,11.6,79,1015,5.9,130,0
1973,2,13,4,0,0,0,15.4,12,80,1015,6,140,0
1973,2,13,5,0,0,0,15.6,12.2,81,1015,6.2,140,0
1973,2,13,6,5,2,5,16.1,12.7,80,1016,6.5,140,0
1973,2,13,7,33,1,33,16.7,13.1,79,1016,6.9,130,0
1973,2,13,8,127,4,126,17.2,13.3,78,1017,7.2,130,0
1973,2,13,9,335,198,232,18.9,14,73,1016,8.2,140,0
1973,2,13,10,501,454,212,20.5,14.7,69,1016,9.3,150,0
1973,2,13,11,456,189,322,22.2,15,64,1015,10.3,160,0
1973,2,13,12,492,325,257,21.7,15.6,68,1014,9.6,160,0
1973,2,13,13,579,518,226,21.1,15.9,72,1013,8.9,160,0
1973,2,13,14,115,6,112,20.6,16.1,76,1013,8.2,160,0
1973,2,13,15,177,2,176,20,16.5,80,1012,8,160,0
1973,2,13,16,71,18,66,19.5,16.6,83,1012,7.9,150,0
1973,2,13,17,13,1,13,18.9,16.7,87,1011,7.7,150,0
1973,2,13,18,0,0,0,18.7,16.5,87,1011,7.9,160,0
1973,2,13,19,0,0,0,18.5,16.3,87,1010,8,170,0
1973,2,13,20,0,0,0,18.3,16.1,87,1009,8.2,180,0
1973,2,13,21,0,0,0,17.2,15.2,88,1010,6.7,230,0
1973,2,13,22,0,0,0,16.1,14.3,89,1011,5.1,270,0
1973,2,13,23,0,0,0,15,13.3,90,1012,3.6,320,0
1973,2,14,0,0,0,0,14.8,13.4,91,1012,3.3,280,0
1973,2,14,1,0,0,0,14.6,13.3,92,1012,2.9,250,0
1973,2,14,2,0,0,0,14.4,13.3,93,1012,2.6,210,0
1973,2,14,3,0,0,0,13.9,12.8,93,1012,2.6,230,0
1973,2,14,4,0,0,0,13.3,12.2,93,1012,2.6,240,0
1973,2,14,5,0,0,0,12.8,11.7,93,1012,2.6,260,0
1973,2,14,6,9,6,8,13.2,12.1,93,1013,4,270,0
1973,2,14,7,53,67,42,13.5,12.4,93,1014,5.3,280,0
1973,2,14,8,136,5,134,13.9,12.8,93,1015,6.7,290,0
1973,2,14,9,167,63,134,14.3,12.7,90,1015,6,290,0
1973,2,14,10,511,496,194,14.6,12.5,87,1015,5.3,280,0
1973,2,14,11,525,298,313,15,12.2,84,1015,4.6,280,0
1973,2,14,12,524,377,250,15.9,11.9,77,1015,4.8,270,0
1973,2,14,13,464,340,232,16.9,11.4,70,1014,5,270,0
1973,2,14,14,484,433,230,17.8,10.6,63,1014,5.2,260,0
1973,2,14,15,299,255,186,16.7,9.9,64,1014,5.4,280,0
1973,2,14,16,139,70,121,15.5,9.2,66,1015,5.5,300,0
1973,2,14,17,35,46,30,14.4,8.3,67,1015,5.7,320,0
1973,2,14,18,0,0,0,13.3,8.2,71,1016,6,320,0
1973,2,14,19,0,0,0,12.2,8.1,76,1017,6.4,330,0
1973,2,14,20,0,0,0,11.1,7.8,80,1017,6.7,330,0
1973,2,14,21,0,0,0,10.5,7.2,80,1018,6.4,330,0
1973,2,14,22,0,0,0,10,6.7,80,1018,6,320,0
1973,2,14,23,0,0,0,9.4,6.1,80,1019,5.7,320,0
1973,2,15,0,0,0,0,8.9,5.5,79,1019,5.7,320,0
1973,2,15,1,0,0,0,8.3,4.7,78,1019,5.7,330,0
1973,2,15,2,0,0,0,7.8,3.9,77,1019,5.7,330,0
1973,2,15,3,0,0,0,7.2,3.4,77,1020,5.9,330,0
1973,2,15,4,0,0,0,6.7,2.8,76,1021,6,340,0
1973,2,15,5,0,0,0,6.1,2.2,76,1021,6.2,340,0
1973,2,15,6,9,19,7,6.3,1.8,73,1022,6.5,340,0
1973,2,15,7,106,420,39,6.5,1.6,71,1022,6.9,350,0
1973,2,15,8,314,702,64,6.7,1.1,68,1023,7.2,350,0
1973,2,15,9,515,824,84,7.8,1.2,63,1023,7,330,0
1973,2,15,10,670,887,98,8.9,1.3,59,1023,6.9,320,0
1973,2,15,11,756,909,105,10,1.1,54,1023,6.7,300,0
1973,2,15,12,778,920,107,11.1,1.1,50,1022,6.5,310,0
1973,2,15,13,723,903,102,12.2,0.9,46,1022,6.4,330,0
1973,2,15,14,604,866,92,13.3,0.6,42,1021,6.2,340,0
1973,2,15,15,422,779,75,12.8,0.8,44,1021,5.7,330,0
1973,2,15,16,210,599,52,12.2,1.2,47,1022,5.1,320,0
1973,2,15,17,44,170,25,11.7,1.1,49,1022,4.6,310,0
1973,2,15,18,0,0,0,10.9,1.2,51,1023,5.3,320,0
1973,2,15,19,0,0,0,10.2,1.3,54,1023,6,340,0
1973,2,15,20,0,0,0,9.4,1.1,56,1024,6.7,350,0
1973,2,15,21,0,0,0,8.5,1.2,60,1025,6.4,0,0
1973,2,15,22,0,0,0,7.6,1.2,64,1025,6,10,0
1973,2,15,23,0,0,0,6.7,1.1,68,1026,5.7,20,0
1973,2,16,0,0,0,0,5.9,0.6,69,1026,5.9,20,0
1973,2,16,1,0,0,0,5.2,0,69,1026,6,10,0
1973,2,16,2,0,0,0,4.4,-0.6,70,1027,6.2,10,0
1973,2,16,3,0,0,0,4,-0.9,70,1027,6,10,0
1973,2,16,4,0,0,0,3.7,-1.1,70,1027,5.9,20,0
1973,2,16,5,0,0,0,3.3,-1.7,70,1027,5.7,20,0
1973,2,16,6,13,53,6,3.9,-1.5,67,1028,6,20,0
1973,2,16,7,120,552,30,4.4,-1.8,63,1029,6.4,10,0
1973,2,16,8,336,802,47,5,-2.2,60,1029,6.7,10,0
1973,2,16,9,492,772,85,5.9,-1.3,59,1029,6.4,10,0
1973,2,16,10,611,737,133,6.9,-0.9,57,1029,6,0,0
1973,2,16,11,622,625,172,7.8,-0.6,56,1029,5.7,0,0
1973,2,16,12,550,365,281,8.9,-0.4,52,1027,5.3,0,0
1973,2,16,13,562,524,199,10,-0.2,49,1026,5,10,0
1973,2,16,14,424,281,256,11.1,-0.6,45,1025,4.6,10,0
1973,2,16,15,282,276,158,10.5,-0.8,45,1025,5,10,0
1973,2,16,16,149,99,122,10,-0.9,46,1026,5.3,10,0
1973,2,16,17,36,23,33,9.4,-1.7,46,1026,5.7,10,0
1973,2,16,18,0,0,0,8.7,-2,46,1026,6.2,10,0
1973,2,16,19,0,0,0,7.9,-2.4,47,1027,6.7,10,0
1973,2,16,20,0,0,0,7.2,-3.3,47,1028,7.2,10,0
1973,2,16,21,0,0,0,6.5,-2.6,51,1028,6.3,10,0
1973,2,16,22,0,0,0,5.7,-2.5,54,1028,5.5,10,0
1973,2,16,23,0,0,0,5,-2.8,58,1029,4.6,10,0
1973,2,17,0,0,0,0,4.8,-2.4,58,1028,5,20,0
1973,2,17,1,0,0,0,4.6,-2.8,57,1028,5.3,40,0
1973,2,17,2,0,0,0,4.4,-3.3,57,1028,5.7,50,0
1973,2,17,3,0,0,0,3.9,-3,59,1027,6.5,50,0
1973,2,17,4,0,0,0,3.3,-3.3,60,1027,7.4,50,0
1973,2,17,5,0,0,0,2.8,-3.9,62,1027,8.2,50,0
1973,2,17,6,14,20,11,2.6,-3.9,60,1028,7.4,50,0
1973,2,17,7,82,64,71,2.4,-4.2,59,1029,6.5,50,0
1973,2,17,8,158,5,156,2.2,-5.6,57,1029,5.7,50,0
1973,2,17,9,211,9,206,2.6,-4.7,56,1029,5.3,40,0
1973,2,17,10,337,8,332,2.9,-4.4,56,1029,5,40,0
1973,2,17,11,282,10,274,3.3,-5,55,1028,4.6,30,0
1973,2,17,12,309,11,300,3.5,-4.4,54,1027,4.6,30,0
1973,2,17,13,309,9,303,3.7,-4.2,54,1026,4.6,40,0
1973,2,17,14,252,7,248,3.9,-5,53,1026,4.6,40,0
1973,2,17,15,200,3,199,3.9,-4.2,53,1025,4.4,40,0
1973,2,17,16,136,2,136,3.9,-4.2,53,1025,4.3,40,0
1973,2,17,17,35,1,35,3.9,-5,53,1025,4.1,40,0
1973,2,17,18,0,0,0,4.1,-4.3,52,1025,4.3,40,0
1973,2,17,19,0,0,0,4.2,-4.2,52,1025,4.4,50,0
1973,2,17,20,0,0,0,4.4,-5,51,1025,4.6,50,0
1973,2,17,21,0,0,0,4.2,-4.2,52,1025,4.8,60,0
1973,2,17,22,0,0,0,4.1,-4.3,52,1025,5,70,0
1973,2,17,23,0,0,0,3.9,-5,53,1025,5.2,80,0
1973,2,18,0,0,0,0,4.1,-3.6,55,1024,5,80,0
1973,2,18,1,0,0,0,4.2,-2.9,58,1024,4.8,70,0
1973,2,18,2,0,0,0,4.4,-2.8,60,1024,4.6,70,0
1973,2,18,3,0,0,0,4.4,-2.2,61,1023,5.3,70,0
1973,2,18,4,0,0,0,4.4,-2.2,61,1023,6,60,0
1973,2,18,5,0,0,0,4.4,-2.2,62,1023,6.7,60,0
1973,2,18,6,8,0,8,4.8,-1.6,62,1023,6.5,60,0
1973,2,18,7,62,0,61,5.2,-1.1,63,1024,6.4,50,0
1973,2,18,8,147,0,147,5.6,-1.1,63,1024,6.2,50,0
1973,2,18,9,279,104,224,7.4,0.4,61,1024,5.9,40,0
1973,2,18,10,286,147,189,9.3,1.7,59,1023,5.5,20,0
1973,2,18,11,569,473,225,11.1,2.8,57,1023,5.2,10,0
1973,2,18,12,522,383,237,11.8,4.1,59,1022,5,30,0
1973,2,18,13,522,334,288,12.6,5.1,60,1021,4.8,40,0
1973,2,18,14,290,46,263,13.3,6.1,62,1020,4.6,60,0
1973,2,18,15,254,148,187,12.6,6,64,1020,3.9,50,0
1973,2,18,16,98,77,77,11.8,5.9,67,1020,3.3,40,0
1973,2,18,17,31,14,29,11.1,5.6,69,1020,2.6,30,0
1973,2,18,18,0,0,0,10.5,5.7,72,1021,2.6,50,0
1973,2,18,19,0,0,0,10,5.6,74,1021,2.6,70,0
1973,2,18,20,0,0,0,9.4,5.6,77,1021,2.6,90,0
1973,2,18,21,0,0,0,9.4,6.2,80,1021,2.4,90,0
1973,2,18,22,0,0,0,9.4,6.7,83,1021,2.3,80,0
1973,2,18,23,0,0,0,9.4,7.2,86,1021,2.1,80,0
1973,2,19,0,0,0,0,9.6,7.6,87,1021,2.3,80,0
1973,2,19,1,0,0,0,9.8,7.9,88,1021,2.4,90,0
1973,2,19,2,0,0,0,10,8.3,89,1021,2.6,90,0
1973,2,19,3,0,0,0,9.8,8.3,90,1021,2.8,50,0
1973,2,19,4,0,0,0,9.6,8.4,92,1022,2.9,20,0
1973,2,19,5,0,0,0,9.4,8.3,93,1022,3.1,340,0
1973,2,19,6,3,1,3,9.8,8.3,90,1023,3.6,0,0
1973,2,19,7,57,0,57,10.2,8,86,1024,4.1,30,0
1973,2,19,8,99,7,96,10.6,7.8,83,1024,4.6,50,0
1973,2,19,9,188,9,183,12.1,8.4,78,1024,4.1,40,0
1973,2,19,10,262,5,258,13.5,8.6,72,1024,3.6,20,0
1973,2,19,11,326,9,319,15,8.9,67,1024,3.1,10,0
1973,2,19,12,469,134,369,15.4,9.1,66,1024,3.1,20,0
1973,2,19,13,394,180,268,15.7,9.4,66,1023,3.1,30,0
1973,2,19,14,483,436,219,16.1,9.4,65,1023,3.1,40,0
1973,2,19,15,302,252,186,15,9.2,68,1023,2.9,30,0
1973,2,19,16,158,211,100,13.9,9,72,1023,2.8,20,0
1973,2,19,17,39,52,33,12.8,8.3,75,1022,2.6,10,0
1973,2,19,18,0,0,0,12.6,8.7,77,1023,2.9,60,0
1973,2,19,19,0,0,0,12.4,8.7,78,1024,3.3,120,0
1973,2,19,20,0,0,0,12.2,8.9,80,1024,3.6,170,0
1973,2,19,21,0,0,0,11.7,8.6,81,1024,3.1,180,0
1973,2,19,22,0,0,0,11.1,8.2,82,1025,2.6,200,0
1973,2,19,23,0,0,0,10.6,7.8,83,1025,2.1,210,0
1973,2,20,0,0,0,0,10,7.8,86,1025,2.1,210,0
1973,2,20,1,0,0,0,9.5,8,90,1025,2.1,220,0
1973,2,20,2,0,0,0,8.9,7.8,93,1025,2.1,220,0
1973,2,20,3,0,0,0,8,7.3,95,1025,2.1,260,0
1973,2,20,4,0,0,0,7,6.7,98,1025,2.1,310,0
1973,2,20,5,0,0,0,6.1,6.1,100,1026,2.1,350,0
1973,2,20,6,9,5,9,9.1,7.7,91,1026,2.6,340,0
1973,2,20,7,78,93,62,12,8.9,81,1026,3.1,320,0
1973,2,20,8,227,213,147,15,10,72,1026,3.6,310,0
1973,2,20,9,441,671,78,16.9,10.5,66,1026,4.3,300,0
1973,2,20,10,598,669,153,18.7,10.6,59,1026,5,290,0
1973,2,20,11,718,790,137,20.6,10.6,53,1026,5.7,280,0
1973,2,20,12,558,510,175,20.4,10.5,53,1026,6,310,0
1973,2,20,13,627,667,155,20.2,10.4,53,1025,6.4,340,0
1973,2,20,14,443,338,237,20,10,53,1025,6.7,10,0
1973,2,20,15,354,467,138,18.7,9.8,56,1024,5.5,10,0
1973,2,20,16,155,271,80,17.4,9.6,60,1024,4.3,0,0
1973,2,20,17,46,61,39,16.1,8.9,63,1024,3.1,0,0
1973,2,20,18,0,0,0,15,8.1,63,1025,3.8,0,0
1973,2,20,19,0,0,0,13.9,7.2,64,1026,4.5,0,0
1973,2,20,20,0,0,0,12.8,6.1,64,1027,5.2,0,0
1973,2,20,21,0,0,0,11.9,5.1,63,1027,4.7,10,0
1973,2,20,22,0,0,0,10.9,3.9,62,1027,4.1,10,0
1973,2,20,23,0,0,0,10,2.8,61,1027,3.6,20,0
1973,2,21,0,0,0,0,9.4,2.7,63,1027,3.8,20,0
1973,2,21,1,0,0,0,8.9,2.5,64,1026,3.9,30,0
1973,2,21,2,0,0,0,8.3,2.2,66,1026,4.1,30,0
1973,2,21,3,0,0,0,8.1,2.3,67,1027,3.9,20,0
1973,2,21,4,0,0,0,8,2.2,67,1027,3.8,20,0
1973,2,21,5,0,0,0,7.8,2.2,68,1028,3.6,10,0
1973,2,21,6,10,12,9,8.3,2.3,66,1028,3.9,10,0
1973,2,21,7,78,24,73,8.9,2.7,65,1029,4.3,20,0
1973,2,21,8,246,238,155,9.4,2.8,63,1029,4.6,20,0
1973,2,21,9,363,311,193,10.2,2.6,59,1029,4.6,40,0
1973,2,21,10,516,468,203,10.9,2.2,55,1028,4.6,50,0
1973,2,21,11,647,520,261,11.7,1.7,51,1028,4.6,70,0
1973,2,21,12,619,336,365,12.2,1.8,49,1027,4.3,20,0
1973,2,21,13,387,150,281,12.8,1.8,47,1027,3.9,340,0
1973,2,21,14,233,20,221,13.3,1.7,45,1026,3.6,290,0
1973,2,21,15,258,104,209,13.1,1.7,46,1026,3.3,300,0
1973,2,21,16,101,48,88,13,1.7,46,1025,2.9,320,0
1973,2,21,17,45,31,41,12.8,1.7,47,1025,2.6,330,0
1973,2,21,18,0,0,0,11.9,2.4,52,1025,2.8,340,0
1973,2,21,19,0,0,0,10.9,2.5,56,1025,2.9,360,0
1973,2,21,20,0,0,0,10,2.8,61,1025,3.1,10,0
1973,2,21,21,0,0,0,9.8,3.1,63,1025,3.3,10,0
1973,2,21,22,0,0,0,9.6,3.1,64,1025,3.4,0,0
1973,2,21,23,0,0,0,9.4,3.3,66,1025,3.6,0,0
1973,2,22,0,0,0,0,9,3.2,67,1025,3.9,0,0
1973,2,22,1,0,0,0,8.7,2.9,67,1025,4.3,0,0
1973,2,22,2,0,0,0,8.3,2.8,68,1025,4.6,0,0
1973,2,22,3,0,0,0,7.9,1.7,65,1024,4.8,20,0
1973,2,22,4,0,0,0,7.6,1,63,1024,5,30,0
1973,2,22,5,0,0,0,7.2,0,60,1023,5.2,50,0
1973,2,22,6,13,16,11,8.1,-0.3,55,1023,5.9,60,0
1973,2,22,7,107,254,60,9.1,-0.4,51,1023,6.5,60,0
1973,2,22,8,320,497,129,10,-1.1,46,1023,7.2,70,0
1973,2,22,9,468,578,150,11.3,-1,42,1022,6.2,70,0
1973,2,22,10,464,383,207,12.6,-1.5,37,1022,5.1,60,0
1973,2,22,11,294,13,285,13.9,-2.2,33,1021,4.1,60,0
1973,2,22,12,325,16,313,13.5,-0.8,37,1021,3.8,50,0
1973,2,22,13,244,12,235,13.2,0.2,41,1020,3.4,30,0
1973,2,22,14,243,11,236,12.8,1.1,45,1019,3.1,20,0
1973,2,22,15,188,8,185,12.2,1.8,49,1019,2.9,20,0
1973,2,22,16,95,4,94,11.7,2.4,53,1019,2.8,20,0
1973,2,22,17,28,2,28,11.1,2.8,57,1019,2.6,20,0
1973,2,22,18,0,0,0,10.2,4.8,69,1019,2.8,10,0
1973,2,22,19,0,0,0,9.2,6.1,81,1019,2.9,0,0
1973,2,22,20,0,0,0,8.3,7.2,93,1019,3.1,350,0
1973,2,22,21,0,0,0,8.5,7,90,1019,3.6,350,0
1973,2,22,22,0,0,0,8.7,6.5,86,1018,4.1,340,0
1973,2,22,23,0,0,0,8.9,6.1,83,1018,4.6,340,0
1973,2,23,0,0,0,0,9.1,6.4,83,1018,4.1,350,0
1973,2,23,1,0,0,0,9.2,6.5,83,1017,3.6,350,0
1973,2,23,2,0,0,0,9.4,6.7,83,1017,3.1,0,0
1973,2,23,3,0,0,0,9.4,6.3,81,1017,3.6,10,0
1973,2,23,4,0,0,0,9.4,6,79,1017,4.1,10,0
1973,2,23,5,0,0,0,9.4,5.6,77,1017,4.6,20,0
1973,2,23,6,10,0,10,9.6,5.4,75,1018,4.6,30,0
1973,2,23,7,71,0,71,9.8,5.2,73,1019,4.6,30,0
1973,2,23,8,179,1,179,10,5,71,1019,4.6,40,0
1973,2,23,9,266,1,265,10.9,5,67,1019,3.9,50,0
1973,2,23,10,325,1,324,11.9,5.1,63,1019,3.3,70,0
1973,2,23,11,400,2,399,12.8,5,59,1019,2.6,80,0
1973,2,23,12,467,236,286,13.3,5.5,59,1019,2.9,60,0
1973,2,23,13,559,536,173,13.9,5.8,58,1018,3.3,30,0
1973,2,23,14,562,635,168,14.4,6.1,58,1017,3.6,10,0
1973,2,23,15,463,742,110,14.2,6.6,60,1017,3.1,360,0
1973,2,23,16,138,138,98,14.1,7,62,1017,2.6,340,0
1973,2,23,17,37,60,30,13.9,7.2,64,1017,2.1,330,0
1973,2,23,18,0,0,0,11.5,6.7,72,1018,1.9,0,0
1973,2,23,19,0,0,0,9.1,6,81,1018,1.7,30,0
1973,2,23,20,0,0,0,6.7,5,89,1018,1.5,60,0
1973,2,23,21,0,0,0,6.3,5,91,1018,1.7,40,0
1973,2,23,22,0,0,0,6,5.1,94,1019,1.9,10,0
1973,2,23,23,0,0,0,5.6,5,96,1019,2.1,350,0
1973,2,24,0,0,0,0,6.3,5.4,94,1019,2.3,20,0
1973,2,24,1,0,0,0,7.1,5.8,91,1018,2.4,50,0
1973,2,24,2,0,0,0,7.8,6.1,89,1018,2.6,80,0
1973,2,24,3,0,0,0,8,6.6,91,1019,2.2,70,0
1973,2,24,4,0,0,0,8.1,7.2,94,1019,1.9,70,0
1973,2,24,5,0,0,0,8.3,7.8,96,1019,1.5,60,0
1973,2,24,6,8,1,8,9.4,8.2,92,1020,1.9,50,0
1973,2,24,7,80,31,74,10.6,8.6,87,1020,2.2,40,0
1973,2,24,8,112,50,92,11.7,8.9,83,1020,2.6,30,0
1973,2,24,9,175,9,170,12.4,9.4,82,1020,2.8,30,0
1973,2,24,10,214,3,213,13.2,10,81,1020,2.9,30,0
1973,2,24,11,272,2,271,13.9,10.6,80,1020,3.1,30,0
1973,2,24,12,346,3,344,13.3,10.7,84,1019,3.6,40,0
1973,2,24,13,304,2,302,12.8,11.1,89,1019,4.1,40,0
1973,2,24,14,159,5,156,12.2,11.1,93,1018,4.6,50,0
1973,2,24,15,178,4,177,12.4,11.3,93,1018,5.3,30,0
1973,2,24,16,112,2,112,12.6,11.5,93,1018,6,0,0
1973,2,24,17,19,0,19,12.8,11.7,93,1018,6.7,340,0
1973,2,24,18,0,0,0,12.4,11.5,94,1018,6.2,340,0
1973,2,24,19,0,0,0,12.1,11.4,95,1019,5.7,330,0
1973,2,24,20,0,0,0,11.7,11.1,96,1019,5.2,330,0
1973,2,24,21,0,0,0,11.7,11.1,96,1019,5,330,0
1973,2,24,22,0,0,0,11.7,11.1,96,1019,4.8,340,0
1973,2,24,23,0,0,0,11.7,11.1,96,1019,4.6,340,0
1973,2,25,0,0,0,0,11.7,11.1,96,1019,4.6,340,0
1973,2,25,1,0,0,0,11.7,11.1,96,1019,4.6,340,0
1973,2,25,2,0,0,0,11.7,11.1,96,1019,4.6,340,0
1973,2,25,3,0,0,0,11.7,11.1,96,1019,4.3,340,0
1973,2,25,4,0,0,0,11.7,11.1,96,1020,3.9,340,0
1973,2,25,5,0,0,0,11.7,11.1,96,1020,3.6,340,0
1973,2,25,6,12,0,12,11.9,11,94,1021,4.1,340,0
1973,2,25,7,80,1,80,12,10.8,92,1022,4.7,340,0
1973,2,25,8,175,0,175,12.2,10.6,90,1022,5.2,340,0
1973,2,25,9,406,363,202,13.9,11.1,83,1022,5.4,350,0
1973,2,25,10,645,745,134,15.5,11.1,75,1022,5.5,350,0
1973,2,25,11,789,916,96,17.2,11.1,68,1022,5.7,360,0
1973,2,25,12,760,868,90,17.9,11,64,1021,4.7,350,0
1973,2,25,13,708,824,109,18.7,11.1,61,1021,3.6,340,0
1973,2,25,14,600,803,95,19.4,10.6,57,1020,2.6,330,0
1973,2,25,15,391,544,130,18.3,10.4,60,1020,2.2,350,0
1973,2,25,16,203,384,90,17.2,9.9,62,1020,1.9,20,0
1973,2,25,17,49,113,37,16.1,9.4,65,1020,1.5,40,0
1973,2,25,18,0,0,0,14.1,9.4,73,1021,2.2,20,0
1973,2,25,19,0,0,0,12,8.9,81,1021,2.9,350,0
1973,2,25,20,0,0,0,10,8.3,89,1022,3.6,330,0
1973,2,25,21,0,0,0,9.4,8.4,93,1022,3.1,310,0
1973,2,25,22,0,0,0,8.9,8.3,96,1022,2.6,290,0
1973,2,25,23,0,0,0,8.3,8.3,100,1021,2.1,270,0
1973,2,26,0,0,0,0,8.3,8.2,99,1021,2.3,280,0
1973,2,26,1,0,0,0,8.3,7.9,97,1021,2.4,280,0
1973,2,26,2,0,0,0,8.3,7.8,96,1021,2.6,290,0
1973,2,26,3,0,0,0,7.8,7.4,97,1021,1.7,300,0
1973,2,26,4,0,0,0,7.2,7.1,99,1021,0.9,300,0
1973,2,26,5,0,0,0,6.7,6.7,100,1021,0,0,0
1973,2,26,6,15,37,11,9.5,8.5,93,1022,1,320,0
1973,2,26,7,137,450,47,12.2,9.8,85,1023,2.1,320,0
1973,2,26,8,350,694,73,15,11.1,78,1023,3.1,330,0
1973,2,26,9,551,806,94,16.9,11,68,1023,3.8,340,0
1973,2,26,10,705,865,108,18.7,10,57,1022,4.5,350,0
1973,2,26,11,795,892,116,20.6,8.9,47,1022,5.2,0,0
1973,2,26,12,815,900,117,21.3,9.3,46,1021,5.2,0,0
1973,2,26,13,761,887,113,22.1,9.7,45,1020,5.2,10,0
1973,2,26,14,636,845,102,22.8,10,44,1019,5.2,10,0
1973,2,26,15,439,680,109,21.9,9.8,46,1019,4.2,20,0
1973,2,26,16,235,574,64,20.9,9.2,47,1019,3.1,30,0
1973,2,26,17,48,127,33,20,8.9,49,1019,2.1,40,0
1973,2,26,18,0,0,0,19.6,9.5,52,1020,2.6,10,0
1973,2,26,19,0,0,0,19.3,10.3,56,1020,3.1,350,0
1973,2,26,20,0,0,0,18.9,10.6,59,1020,3.6,320,0
1973,2,26,21,0,0,0,17.2,10.4,64,1021,3.4,330,0
1973,2,26,22,0,0,0,15.6,10.2,70,1021,3.3,350,0
1973,2,26,23,0,0,0,13.9,9.4,75,1021,3.1,360,0
1973,2,27,0,0,0,0,13.3,9.8,79,1021,2.9,350,0
1973,2,27,1,0,0,0,12.8,9.8,82,1021,2.8,340,0
1973,2,27,2,0,0,0,12.2,10,86,1021,2.6,330,0
1973,2,27,3,0,0,0,12.2,9.8,85,1021,3.3,340,0
1973,2,27,4,0,0,0,12.2,9.6,84,1022,3.9,340,0
1973,2,27,5,0,0,0,12.2,9.4,83,1022,4.6,350,0
1973,2,27,6,22,21,19,12.6,9.5,81,1022,5.3,360,0
1973,2,27,7,117,289,57,12.9,9.6,80,1023,6,0,0
1973,2,27,8,380,829,45,13.3,9.4,78,1023,6.7,10,0
1973,2,27,9,574,904,58,14.1,9.4,73,1023,6,20,0
1973,2,27,10,730,955,67,14.8,8.8,67,1024,5.3,20,0
1973,2,27,11,813,967,72,15.6,8.3,62,1024,4.6,30,0
1973,2,27,12,835,977,73,16.7,8.4,58,1023,4.4,10,0
1973,2,27,13,778,963,70,17.8,8.1,53,1022,4.3,360,0
1973,2,27,14,657,935,63,18.9,7.8,49,1021,4.1,340,0
1973,2,27,15,483,884,52,18,7.8,51,1021,3.6,330,0
1973,2,27,16,266,759,37,17,7.7,54,1021,3.1,310,0
1973,2,27,17,66,398,20,16.1,7.2,56,1021,2.6,300,0
1973,2,27,18,0,0,0,15.4,7.5,59,1022,3.1,330,0
1973,2,27,19,0,0,0,14.6,7.2,61,1022,3.6,350,0
1973,2,27,20,0,0,0,13.9,7.2,64,1022,4.1,20,0
1973,2,27,21,0,0,0,13,7,67,1023,3.8,20,0
1973,2,27,22,0,0,0,12,6.9,71,1023,3.4,10,0
1973,2,27,23,0,0,0,11.1,6.7,74,1023,3.1,10,0
1973,2,28,0,0,0,0,10.5,6.7,77,1023,3.4,10,0
1973,2,28,1,0,0,0,10,6.7,80,1024,3.8,10,0
1973,2,28,2,0,0,0,9.4,6.7,83,1024,4.1,10,0
1973,2,28,3,0,0,0,8.9,6.2,83,1024,4.3,20,0
1973,2,28,4,0,0,0,8.3,5.6,83,1024,4.4,20,0
1973,2,28,5,0,0,0,7.8,5,83,1025,4.6,30,0
1973,2,28,6,24,92,13,8.3,5.3,81,1025,5,40,0
1973,2,28,7,158,581,37,8.9,5.5,79,1025,5.3,40,0
1973,2,28,8,382,795,57,9.4,5.6,77,1026,5.7,50,0
1973,2,28,9,582,883,73,10.9,6.3,73,1026,5,40,0
1973,2,28,10,734,930,84,12.4,6.7,68,1025,4.3,20,0
1973,2,28,11,821,950,90,13.9,7.2,64,1025,3.6,10,0
1973,2,28,12,838,954,91,15,7.3,60,1024,3.4,10,0
1973,2,28,13,779,932,91,16.1,7.4,56,1024,3.3,20,0
1973,2,28,14,657,899,82,17.2,7.2,52,1023,3.1,20,0
1973,2,28,15,476,832,68,16.1,7.1,55,1023,2.9,30,0
1973,2,28,16,241,617,53,15,7.1,59,1023,2.8,30,0
1973,2,28,17,56,261,26,13.9,6.7,62,1023,2.6,40,0
1973,2,28,18,0,0,0,13,7.4,69,1022,2.7,96,0
1973,2,28,19,0,0,0,12.2,8,75,1021,2.9,133,0
1973,2,28,20,0,0,0,11.8,8.7,80,1021,3,167,0
1973,2,28,21,0,0,0,12,9.6,85,1020,3.2,177,0
1973,2,28,22,0,0,0,12.2,10.5,89,1019,3.4,181,0
1973,2,28,23,0,0,0,12.5,11,90,1018,3.5,187,0
1978,3,1,0,0,0,0,13.1,11.6,90,1017,3.5,193,0
1978,3,1,1,0,0,0,13.4,12,90,1016,3.4,210,0
1978,3,1,2,0,0,0,13.7,12.2,90,1016,3.3,237,0
1978,3,1,3,0,0,0,13.7,12,89,1015,3.2,264,0
1978,3,1,4,0,0,0,13.6,11.8,88,1015,3,297,0
1978,3,1,5,0,0,0,13.2,11.1,87,1015,2.7,336,0
1978,3,1,6,13,11,12,13.1,11,87,1015,4.1,360,0
1978,3,1,7,81,6,80,13,10.7,86,1016,5.7,360,0
1978,3,1,8,103,9,99,12.8,10.6,86,1016,7.2,360,0
1978,3,1,9,208,8,204,13,10.2,83,1017,7,360,0
1978,3,1,10,274,2,273,13.1,9.9,81,1017,6.9,360,0
1978,3,1,11,312,4,309,13.3,9.4,78,1018,6.7,0,0
1978,3,1,12,423,6,418,14.1,9.8,75,1017,6,0,0
1978,3,1,13,326,88,260,14.8,10,73,1017,5.3,10,0
1978,3,1,14,497,396,243,15.6,10,70,1016,4.6,10,0
1978,3,1,15,292,266,160,15.4,9.3,67,1016,3.6,30,0
1978,3,1,16,175,132,134,15.2,8.7,65,1016,2.5,40,0
1978,3,1,17,52,59,45,15,7.8,62,1016,1.5,60,0
1978,3,1,18,0,0,0,14.4,7.7,64,1016,1.9,70,0
1978,3,1,19,0,0,0,13.9,7.9,67,1017,2.2,80,0
1978,3,1,20,0,0,0,13.3,7.8,69,1017,2.6,90,0
1978,3,1,21,0,0,0,12.9,7.6,70,1017,2.6,90,0
1978,3,1,22,0,0,0,12.6,7.5,71,1016,2.6,90,0
1978,3,1,23,0,0,0,12.2,7.2,72,1016,2.6,90,0
1978,3,2,0,0,0,0,12.2,7.3,72,1016,2.9,90,0
1978,3,2,1,0,0,0,12.2,7.3,72,1015,3.3,80,0
1978,3,2,2,0,0,0,12.2,7.2,72,1014,3.6,80,0
1978,3,2,3,0,0,0,12.4,7.3,71,1014,3.3,80,0
1978,3,2,4,0,0,0,12.6,7.3,70,1014,2.9,70,0
1978,3,2,5,0,0,0,12.8,7.2,69,1014,2.6,70,0
1978,3,2,6,11,1,11,13.9,9.4,74,1014,3.1,100,0
1978,3,2,7,87,35,79,15,11.4,79,1014,3.6,120,0
1978,3,2,8,140,10,136,16.1,13.3,84,1014,4.1,150,0
1978,3,2,9,236,7,232,16.8,14.1,84,1013,4.5,140,0
1978,3,2,10,377,9,371,17.6,14.9,84,1012,4.8,140,0
1978,3,2,11,188,9,181,18.3,15.6,84,1011,5.2,130,0
1978,3,2,12,325,5,321,17.9,15.2,84,1010,5.5,130,0
1978,3,2,13,339,3,336,17.6,14.9,84,1009,5.9,120,0
1978,3,2,14,171,2,170,17.2,14.4,84,1008,6.2,120,0
1978,3,2,15,238,0,238,16.8,14.8,88,1007,5.2,100,0
1978,3,2,16,136,1,136,16.5,15.4,93,1006,4.1,80,0
1978,3,2,17,24,0,24,16.1,15.6,97,1005,3.1,60,0
1978,3,2,18,0,0,0,16.3,15.8,97,1005,2.9,70,0
1978,3,2,19,0,0,0,16.5,16,97,1005,2.8,90,0
1978,3,2,20,0,0,0,16.7,16.1,97,1005,2.6,100,0
1978,3,2,21,0,0,0,15.9,15.5,97,1005,2.2,60,0
1978,3,2,22,0,0,0,15.2,14.6,96,1005,1.9,30,0
1978,3,2,23,0,0,0,14.4,13.9,96,1004,1.5,350,0
1978,3,3,0,0,0,0,14.2,13.6,96,1005,1.9,340,0
1978,3,3,1,0,0,0,14.1,13.5,96,1005,2.2,330,0
1978,3,3,2,0,0,0,13.9,13.3,96,1005,2.6,320,0
1978,3,3,3,0,0,0,13.5,12.9,96,1005,2.8,330,0
1978,3,3,4,0,0,0,13.2,12.6,96,1006,2.9,330,0
1978,3,3,5,0,0,0,12.8,12.2,96,1006,3.1,340,0
1978,3,3,6,17,0,17,12.8,12.1,95,1007,4.8,340,0
1978,3,3,7,73,1,73,12.8,11.9,94,1008,6.5,340,0
1978,3,3,8,186,1,186,12.8,11.7,93,1009,8.2,340,0
1978,3,3,9,280,1,279,12.1,10.4,89,1009,7.4,340,0
1978,3,3,10,362,0,362,11.3,8.7,84,1010,6.5,330,0
1978,3,3,11,391,2,390,10.6,7.2,80,1010,5.7,330,0
1978,3,3,12,410,1,409,10.4,6.8,78,1010,5.7,340,0
1978,3,3,13,364,1,363,10.2,6.2,76,1010,5.7,340,0
1978,3,3,14,308,0,308,10,5.6,74,1010,5.7,350,0
1978,3,3,15,207,1,206,8.9,4.5,74,1010,5.3,350,0
1978,3,3,16,134,1,133,7.8,3.5,74,1010,5,350,0
1978,3,3,17,37,0,37,6.7,2.2,74,1011,4.6,350,0
1978,3,3,18,0,0,0,6.3,1.8,73,1012,5.5,350,0
1978,3,3,19,0,0,0,6,1.3,72,1013,6.3,350,0
1978,3,3,20,0,0,0,5.6,0.6,71,1014,7.2,350,0
1978,3,3,21,0,0,0,5,0.2,71,1014,7.2,350,0
1978,3,3,22,0,0,0,4.5,-0.4,70,1015,7.2,350,0
1978,3,3,23,0,0,0,3.9,-1.1,70,1015,7.2,350,0
1978,3,4,0,0,0,0,3.9,-1.1,69,1015,6.5,350,0
1978,3,4,1,0,0,0,3.9,-1.3,68,1016,5.9,360,0
1978,3,4,2,0,0,0,3.9,-1.7,67,1016,5.2,360,0
1978,3,4,3,0,0,0,3.7,-1.6,67,1016,5.5,360,0
1978,3,4,4,0,0,0,3.5,-1.8,67,1017,5.9,350,0
1978,3,4,5,0,0,0,3.3,-2.2,67,1017,6.2,350,0
1978,3,4,6,23,0,23,3.5,-2,66,1019,6,350,0
1978,3,4,7,94,0,94,3.7,-1.8,66,1020,5.9,350,0
1978,3,4,8,196,1,196,3.9,-2.2,65,1021,5.7,350,0
1978,3,4,9,277,1,276,4.5,-1.7,63,1022,6,340,0
1978,3,4,10,560,429,253,5,-1.5,62,1022,6.4,340,0
1978,3,4,11,501,175,364,5.6,-1.7,60,1022,6.7,330,0
1978,3,4,12,536,324,277,6.1,-1.6,57,1022,6.7,330,0
1978,3,4,13,681,671,174,6.7,-1.7,54,1021,6.7,340,0
1978,3,4,14,693,963,64,7.2,-2.2,51,1021,6.7,340,0
1978,3,4,15,510,907,53,7,-2.4,50,1021,6.2,340,0
1978,3,4,16,288,787,38,6.9,-3,48,1021,5.7,350,0
1978,3,4,17,72,449,21,6.7,-3.9,47,1021,5.2,350,0
1978,3,4,18,0,0,0,6.1,-3.6,48,1022,4.8,350,0
1978,3,4,19,0,0,0,5.6,-3.5,50,1023,4.5,360,0
1978,3,4,20,0,0,0,5,-4.4,51,1024,4.1,0,0
1978,3,4,21,0,0,0,4.4,-3.6,54,1024,3.9,0,0
1978,3,4,22,0,0,0,3.9,-3.4,57,1024,3.8,10,0
1978,3,4,23,0,0,0,3.3,-3.9,60,1024,3.6,10,0
1978,3,5,0,0,0,0,2.8,-3.1,63,1024,3.6,20,0
1978,3,5,1,0,0,0,2.2,-2.9,67,1024,3.6,20,0
1978,3,5,2,0,0,0,1.7,-3.3,70,1025,3.6,30,0
1978,3,5,3,0,0,0,1.5,-2.8,71,1025,3.4,40,0
1978,3,5,4,0,0,0,1.3,-2.8,72,1025,3.3,60,0
1978,3,5,5,0,0,0,1.1,-3.3,73,1025,3.1,70,0
1978,3,5,6,36,182,14,1.1,-2.8,73,1026,3.4,70,0
1978,3,5,7,190,690,31,1.1,-2.8,73,1027,3.8,80,0
1978,3,5,8,420,867,47,1.1,-3.3,73,1027,4.1,80,0
1978,3,5,9,621,940,60,4.3,-1.7,64,1027,3.8,140,0
1978,3,5,10,775,981,69,7.4,-0.9,55,1026,3.4,190,0
1978,3,5,11,862,997,73,10.6,-0.6,46,1026,3.1,250,0
1978,3,5,12,879,1002,74,11.3,0.1,46,1025,3.6,240,0
1978,3,5,13,820,989,71,12.1,0.5,45,1025,4.1,220,0
1978,3,5,14,694,958,64,12.8,1.1,45,1024,4.6,210,0
1978,3,5,15,510,901,53,12.2,2.1,50,1024,4.6,200,0
1978,3,5,16,288,779,38,11.7,2.7,54,1023,4.6,180,0
1978,3,5,17,73,452,21,11.1,3.3,59,1023,4.6,170,0
1978,3,5,18,0,0,0,10.2,3.9,65,1023,4.3,160,0
1978,3,5,19,0,0,0,9.2,4.2,71,1023,3.9,140,0
1978,3,5,20,0,0,0,8.3,4.4,77,1023,3.6,130,0
1978,3,5,21,0,0,0,8.1,4.5,78,1022,3.9,130,0
1978,3,5,22,0,0,0,8,4.6,79,1021,4.3,130,0
1978,3,5,23,0,0,0,7.8,4.4,80,1021,4.6,130,0
1978,3,6,0,0,0,0,7.1,4.4,83,1020,3.1,130,0
1978,3,6,1,0,0,0,6.3,4.1,86,1020,1.5,130,0
1978,3,6,2,0,0,0,5.6,3.9,89,1019,0,0,0
1978,3,6,3,0,0,0,6.9,5.1,88,1020,0.9,120,0
1978,3,6,4,0,0,0,8.1,6.1,87,1020,1.7,120,0
1978,3,6,5,0,0,0,9.4,7.2,86,1020,2.6,120,0
1978,3,6,6,5,1,5,11.1,8.2,82,1020,2.2,110,0
1978,3,6,7,66,6,65,12.7,9.2,79,1021,1.9,90,0
1978,3,6,8,186,1,186,14.4,10,75,1022,1.5,80,0
1978,3,6,9,251,12,244,15.7,10.1,69,1022,2.4,120,0
1978,3,6,10,293,8,287,17,9.7,62,1021,3.2,160,0
1978,3,6,11,364,6,360,18.3,9.4,56,1021,4.1,200,0
1978,3,6,12,338,7,332,18.7,9.8,56,1020,4.3,200,0
1978,3,6,13,494,179,358,19,10.3,57,1019,4.4,190,0
1978,3,6,14,280,34,257,19.4,10.6,57,1018,4.6,190,0
1978,3,6,15,334,304,179,18.3,11.2,63,1018,5.1,170,0
1978,3,6,16,220,329,114,17.2,11.5,69,1018,5.7,140,0
1978,3,6,17,59,98,47,16.1,11.7,75,1017,6.2,120,0
1978,3,6,18,0,0,0,15.5,11.5,77,1017,5.9,120,0
1978,3,6,19,0,0,0,15,11.4,79,1017,5.5,130,0
1978,3,6,20,0,0,0,14.4,11.1,81,1017,5.2,130,0
1978,3,6,21,0,0,0,14.8,11.6,81,1017,5.4,130,0
1978,3,6,22,0,0,0,15.2,12,81,1016,5.5,130,0
1978,3,6,23,0,0,0,15.6,12.2,81,1016,5.7,130,0
1978,3,7,0,0,0,0,15.8,12.8,82,1015,5.7,130,0
1978,3,7,1,0,0,0,15.9,13,83,1015,5.7,140,0
1978,3,7,2,0,0,0,16.1,13.3,84,1015,5.7,140,0
1978,3,7,3,0,0,0,16.3,13.8,85,1014,5.9,140,0
1978,3,7,4,0,0,0,16.5,14.2,86,1014,6,140,0
1978,3,7,5,0,0,0,16.7,14.4,87,1014,6.2,140,0
1978,3,7,6,14,0,14,16.9,14.6,86,1014,5.9,140,0
1978,3,7,7,48,2,48,17,14.5,85,1014,5.5,140,0
1978,3,7,8,86,1,86,17.2,14.4,84,1014,5.2,140,0
1978,3,7,9,194,7,190,17.2,14.7,85,1014,4.5,110,0
1978,3,7,10,291,9,285,17.2,14.9,86,1014,3.8,80,0
1978,3,7,11,215,4,212,17.2,15,87,1014,3.1,50,0
1978,3,7,12,359,5,355,17,14.8,87,1013,3.4,70,0
1978,3,7,13,336,1,336,16.9,14.8,87,1013,3.8,100,0
1978,3,7,14,196,1,195,16.7,14.4,87,1013,4.1,120,0
1978,3,7,15,236,1,235,16.9,14.9,88,1012,3.6,110,0
1978,3,7,16,132,1,131,17,15.2,89,1012,3.1,90,0
1978,3,7,17,22,0,22,17.2,15.6,90,1012,2.6,80,0
1978,3,7,18,0,0,0,16.8,15.4,91,1013,2.4,70,0
1978,3,7,19,0,0,0,16.5,15.2,92,1014,2.3,70,0
1978,3,7,20,0,0,0,16.1,15,93,1015,2.1,60,0
1978,3,7,21,0,0,0,15.9,14.8,93,1014,2.3,80,0
1978,3,7,22,0,0,0,15.8,14.7,93,1013,2.4,100,0
1978,3,7,23,0,0,0,15.6,14.4,93,1012,2.6,120,0
1978,3,8,0,0,0,0,15.4,14.5,94,1012,1.7,100,0
1978,3,8,1,0,0,0,15.2,14.6,96,1011,0.9,70,0
1978,3,8,2,0,0,0,15,14.4,97,1011,0,0,0
1978,3,8,3,0,0,0,14.6,14.2,97,1011,0.9,30,0
1978,3,8,4,0,0,0,14.3,13.7,96,1011,1.7,0,0
1978,3,8,5,0,0,0,13.9,13.3,96,1012,2.6,340,0
1978,3,8,6,20,0,20,14.3,13.4,94,1012,3.5,330,0
1978,3,8,7,99,1,99,14.6,13.3,92,1013,4.3,320,0
1978,3,8,8,190,1,189,15,13.3,90,1014,5.2,310,0
1978,3,8,9,277,1,276,14.8,12.9,88,1014,5.2,310,0
1978,3,8,10,337,2,335,14.6,12.3,86,1014,5.2,320,0
1978,3,8,11,398,2,396,14.4,11.7,84,1014,5.2,320,0
1978,3,8,12,414,1,413,14.4,11.4,82,1013,5.5,330,0
1978,3,8,13,359,0,359,14.4,11,80,1013,5.9,330,0
1978,3,8,14,325,1,324,14.4,10.6,78,1013,6.2,340,0
1978,3,8,15,240,0,240,13.7,10.2,79,1013,5.5,330,0
1978,3,8,16,132,1,132,12.9,9.4,79,1013,4.8,330,0
1978,3,8,17,37,0,36,12.2,8.9,80,1013,4.1,320,0
1978,3,8,18,0,0,0,11.8,8.9,82,1014,4.8,320,0
1978,3,8,19,0,0,0,11.5,8.9,84,1014,5.5,330,0
1978,3,8,20,0,0,0,11.1,8.9,86,1015,6.2,330,0
1978,3,8,21,0,0,0,10.7,8.5,86,1015,5.9,330,0
1978,3,8,22,0,0,0,10.4,8.2,86,1015,5.5,340,0
1978,3,8,23,0,0,0,10,7.8,86,1015,5.2,340,0
1978,3,9,0,0,0,0,9.1,7.4,89,1014,5,330,0
1978,3,9,1,0,0,0,8.1,7.1,93,1014,4.8,330,0
1978,3,9,2,0,0,0,7.2,6.7,96,1014,4.6,320,0
1978,3,9,3,0,0,0,7.4,6.4,93,1014,4.6,310,0
1978,3,9,4,0,0,0,7.6,5.9,89,1014,4.6,300,0
1978,3,9,5,0,0,0,7.8,5.6,86,1014,4.6,290,0
1978,3,9,6,21,0,21,7.8,4.8,81,1014,4.6,290,0
1978,3,9,7,109,1,109,7.8,3.8,76,1015,4.6,290,0
1978,3,9,8,217,1,217,7.8,2.8,71,1015,4.6,290,0
1978,3,9,9,280,0,280,8,2.9,70,1015,4.8,290,0
1978,3,9,10,355,1,354,8.1,2.8,69,1015,5,290,0
1978,3,9,11,408,1,407,8.3,2.8,68,1015,5.2,290,0
1978,3,9,12,394,0,393,8.3,3,69,1014,5.5,290,0
1978,3,9,13,393,2,392,8.3,3.2,70,1014,5.9,280,0
1978,3,9,14,345,1,344,8.3,3.3,71,1013,6.2,280,0
1978,3,9,15,234,0,234,8.3,3,69,1013,5.7,280,0
1978,3,9,16,152,1,151,8.3,2.7,68,1013,5.1,290,0
1978,3,9,17,46,0,46,8.3,2.2,66,1013,4.6,290,0
1978,3,9,18,1,0,1,7.9,2.2,67,1014,4.8,290,0
1978,3,9,19,0,0,0,7.6,1.9,67,1015,5,300,0
1978,3,9,20,0,0,0,7.2,1.7,68,1015,5.2,300,0
1978,3,9,21,0,0,0,7,1.7,69,1015,4.8,300,0
1978,3,9,22,0,0,0,6.9,1.8,70,1015,4.5,310,0
1978,3,9,23,0,0,0,6.7,1.7,71,1015,4.1,310,0
1978,3,10,0,0,0,0,6.5,1.6,71,1015,4.1,310,0
1978,3,10,1,0,0,0,6.3,1.4,71,1015,4.1,300,0
1978,3,10,2,0,0,0,6.1,1.1,71,1015,4.1,300,0
1978,3,10,3,0,0,0,6.1,1,70,1016,3.6,300,0
1978,3,10,4,0,0,0,6.1,0.8,69,1016,3.1,290,0
1978,3,10,5,0,0,0,6.1,0.6,68,1017,2.6,290,0
1978,3,10,6,25,43,19,7.2,1.3,66,1017,3.6,300,0
1978,3,10,7,167,364,76,8.3,2.1,65,1017,4.7,310,0
1978,3,10,8,433,823,61,9.4,2.8,63,1017,5.7,320,0
1978,3,10,9,630,894,76,11.1,3.9,61,1017,5.5,300,0
1978,3,10,10,783,938,87,12.7,5.2,60,1017,5.4,290,0
1978,3,10,11,861,948,92,14.4,6.1,58,1017,5.2,270,0
1978,3,10,12,879,955,93,15.2,6.8,57,1017,5,270,0
1978,3,10,13,823,945,89,15.9,6.9,55,1016,4.8,260,0
1978,3,10,14,696,912,81,16.7,7.2,54,1015,4.6,260,0
1978,3,10,15,514,853,68,15.9,6.6,54,1015,3.8,240,0
1978,3,10,16,292,728,49,15.2,6.3,55,1014,2.9,220,0
1978,3,10,17,76,402,27,14.4,5.6,55,1014,2.1,200,0
1978,3,10,18,3,5,1,13.3,6,61,1015,2.4,200,0
1978,3,10,19,0,0,0,12.2,6.5,68,1015,2.8,200,0
1978,3,10,20,0,0,0,11.1,6.7,74,1015,3.1,200,0
1978,3,10,21,0,0,0,10.2,6.2,76,1015,3.1,200,0
1978,3,10,22,0,0,0,9.2,5.6,78,1015,3.1,200,0
1978,3,10,23,0,0,0,8.3,5,80,1014,3.1,200,0
1978,3,11,0,0,0,0,8.5,5.4,81,1014,3.1,200,0
1978,3,11,1,0,0,0,8.7,5.8,82,1013,3.1,190,0
1978,3,11,2,0,0,0,8.9,6.1,83,1013,3.1,190,0
1978,3,11,3,0,0,0,8,5.7,85,1013,3.1,160,0
1978,3,11,4,0,0,0,7,5,87,1013,3.1,140,0
1978,3,11,5,0,0,0,6.1,4.4,89,1013,3.1,110,0
1978,3,11,6,36,94,25,9.1,6.7,85,1014,3.8,130,0
1978,3,11,7,159,241,97,12,9.1,82,1014,4.5,160,0
1978,3,11,8,320,421,128,15,11.1,78,1015,5.2,180,0
1978,3,11,9,422,269,254,16.5,11.5,72,1015,6.2,180,0
1978,3,11,10,470,241,290,17.9,11.3,65,1015,7.2,190,0
1978,3,11,11,430,161,299,19.4,11.1,59,1015,8.2,190,0
1978,3,11,12,451,208,279,20.2,11.7,58,1014,8,200,0
1978,3,11,13,589,312,346,20.9,11.8,56,1013,7.9,210,0
1978,3,11,14,604,586,208,21.7,12.2,55,1013,7.7,220,0
1978,3,11,15,326,255,192,20.8,12.8,60,1012,6.7,200,0
1978,3,11,16,145,38,133,19.8,13.1,65,1012,5.6,190,0
1978,3,11,17,41,3,41,18.9,13.3,70,1012,4.6,170,0
1978,3,11,18,1,0,1,18.7,13.8,73,1012,4.1,180,0
1978,3,11,19,0,0,0,18.5,14,75,1012,3.6,190,0
1978,3,11,20,0,0,0,18.3,14.4,78,1013,3.1,200,0
1978,3,11,21,0,0,0,18.1,14.6,80,1013,3.4,200,0
1978,3,11,22,0,0,0,18,14.9,82,1013,3.8,210,0
1978,3,11,23,0,0,0,17.8,15,84,1013,4.1,210,0
1978,3,12,0,0,0,0,18,15.3,84,1013,3.9,220,0
1978,3,12,1,0,0,0,18.1,15.4,84,1013,3.8,230,0
1978,3,12,2,0,0,0,18.3,15.6,84,1013,3.6,240,0
1978,3,12,3,0,0,0,17.9,15.2,84,1014,3.3,260,0
1978,3,12,4,0,0,0,17.6,14.9,84,1014,2.9,270,0
1978,3,12,5,0,0,0,17.2,14.4,84,1015,2.6,290,0
1978,3,12,6,39,133,23,17,13.2,78,1015,3.5,310,0
1978,3,12,7,157,337,69,16.9,11.6,71,1016,4.3,320,0
1978,3,12,8,358,516,121,16.7,10,65,1017,5.2,340,0
1978,3,12,9,450,370,218,17.6,10.3,62,1017,3.8,280,0
1978,3,12,10,438,300,213,18.5,10.6,60,1017,2.4,230,0
1978,3,12,11,636,409,301,19.4,10.6,57,1017,1,170,0
1978,3,12,12,516,165,379,20,11,56,1016,1.9,120,0
1978,3,12,13,580,377,285,20.5,10.9,54,1015,2.7,80,0
1978,3,12,14,495,388,231,21.1,11.1,53,1015,3.6,30,0
1978,3,12,15,417,392,211,20,10.5,54,1015,3.3,40,0
1978,3,12,16,149,35,137,18.9,9.7,55,1014,2.9,60,0
1978,3,12,17,49,86,39,17.8,8.9,56,1014,2.6,70,0
1978,3,12,18,1,1,0,17.6,10,61,1014,2.6,90,0
1978,3,12,19,0,0,0,17.4,10.8,65,1015,2.6,100,0
1978,3,12,20,0,0,0,17.2,11.7,70,1015,2.6,120,0
1978,3,12,21,0,0,0,17.2,13,76,1014,3.3,130,0
1978,3,12,22,0,0,0,17.2,13.9,81,1014,3.9,130,0
1978,3,12,23,0,0,0,17.2,15,87,1013,4.6,140,0
1978,3,13,0,0,0,0,17.6,15.4,87,1013,4.8,140,0
1978,3,13,1,0,0,0,17.9,15.7,87,1012,5,140,0
1978,3,13,2,0,0,0,18.3,16.1,87,1011,5.2,140,0
1978,3,13,3,0,0,0,18.3,15.9,86,1011,4,120,0
1978,3,13,4,0,0,0,18.3,15.8,85,1011,2.7,100,0
1978,3,13,5,0,0,0,18.3,15.6,84,1012,1.5,80,0
1978,3,13,6,31,12,30,19.6,16.1,80,1011,3.4,100,0
1978,3,13,7,127,111,98,20.9,16.7,77,1011,5.3,110,0
1978,3,13,8,301,238,190,22.2,17.2,73,1011,7.2,130,0
1978,3,13,9,451,322,247,22.8,17.3,71,1011,7.9,130,0
1978,3,13,10,519,347,257,23.3,17.1,68,1010,8.6,140,0
1978,3,13,11,312,7,306,23.9,17.2,66,1010,9.3,140,0
1978,3,13,12,434,1,434,23.5,17.3,68,1009,8.9,150,0
1978,3,13,13,291,6,286,23.2,17.2,69,1008,8.6,160,0
1978,3,13,14,266,3,264,22.8,17.2,71,1008,8.2,170,0
1978,3,13,15,199,10,194,22.6,17.5,73,1007,8.7,170,0
1978,3,13,16,132,7,130,22.4,17.6,74,1007,9.3,160,0
1978,3,13,17,43,1,43,22.2,17.8,76,1006,9.8,160,0
1978,3,13,18,1,0,1,22,17.8,77,1006,9.1,170,0
1978,3,13,19,0,0,0,21.9,17.9,78,1006,8.4,170,0
1978,3,13,20,0,0,0,21.7,17.8,79,1006,7.7,180,0
1978,3,13,21,0,0,0,21.9,18.3,80,1006,8.4,190,0
1978,3,13,22,0,0,0,22,18.6,81,1006,9.1,200,0
1978,3,13,23,0,0,0,22.2,18.9,82,1006,9.8,210,0
1978,3,14,0,0,0,0,22,18.8,82,1007,8.1,220,0
1978,3,14,1,0,0,0,21.9,18.5,81,1007,6.3,240,0
1978,3,14,2,0,0,0,21.7,18.3,81,1007,4.6,250,0
1978,3,14,3,0,0,0,20.6,17.6,83,1008,4.3,240,0
1978,3,14,4,0,0,0,19.4,16.8,85,1008,3.9,240,0
1978,3,14,5,0,0,0,18.3,16.1,87,1009,3.6,230,0
1978,3,14,6,26,16,24,19.4,16.3,82,1009,4.1,250,0
1978,3,14,7,173,320,86,20.6,16.2,76,1010,4.7,270,0
1978,3,14,8,369,471,148,21.7,16.1,71,1011,5.2,290,0
1978,3,14,9,546,574,180,23.5,15.1,59,1011,4.2,300,0
1978,3,14,10,735,729,182,25.4,13.3,47,1011,3.1,310,0
1978,3,14,11,801,722,204,27.2,10.6,35,1011,2.1,320,0
1978,3,14,12,784,599,282,27.4,10.2,34,1011,1.9,10,0
1978,3,14,13,744,670,216,27.6,10.4,34,1011,1.7,70,0
1978,3,14,14,537,444,233,27.8,10,33,1010,1.5,120,0
1978,3,14,15,399,399,186,26.9,11.8,39,1010,2,150,0
1978,3,14,16,188,155,135,25.9,13.4,46,1010,2.6,170,0
1978,3,14,17,36,13,34,25,14.4,52,1010,3.1,200,0
1978,3,14,18,1,0,1,23.1,15.7,63,1011,3.1,190,0
1978,3,14,19,0,0,0,21.3,16.3,73,1011,3.1,190,0
1978,3,14,20,0,0,0,19.4,16.7,84,1012,3.1,180,0
1978,3,14,21,0,0,0,18.9,16.3,85,1012,2.8,190,0
1978,3,14,22,0,0,0,18.3,15.9,86,1012,2.4,190,0
1978,3,14,23,0,0,0,17.8,15.6,87,1012,2.1,200,0
1978,3,15,0,0,0,0,16.7,14.6,87,1012,1.9,210,0
1978,3,15,1,0,0,0,15.5,13.4,87,1013,1.7,210,0
1978,3,15,2,0,0,0,14.4,12.2,87,1013,1.5,220,0
1978,3,15,3,0,0,0,14.4,12.1,86,1013,1.3,230,0
1978,3,15,4,0,0,0,14.4,11.9,85,1013,1.2,240,0
1978,3,15,5,0,0,0,14.4,11.7,84,1013,1,250,0
1978,3,15,6,26,5,25,16.1,12.1,77,1014,1.4,260,0
1978,3,15,7,178,272,104,17.7,12.2,70,1014,1.7,270,0
1978,3,15,8,337,420,138,19.4,12.2,63,1015,2.1,280,0
1978,3,15,9,552,510,225,21.6,12.2,55,1015,1.9,250,0
1978,3,15,10,736,719,188,23.9,11.6,46,1014,1.7,230,0
1978,3,15,11,812,765,177,26.1,10.6,38,1014,1.5,200,0
1978,3,15,12,734,607,224,26.5,10.3,36,1013,1.7,200,0
1978,3,15,13,719,647,206,26.8,9.7,34,1013,1.9,210,0
1978,3,15,14,518,439,215,27.2,8.9,32,1012,2.1,210,0
1978,3,15,15,412,412,191,26.5,9,33,1012,1.4,210,0
1978,3,15,16,207,218,131,25.7,9.1,35,1013,0.7,210,0
1978,3,15,17,27,1,27,25,8.9,36,1013,0,0,0
1978,3,15,18,2,1,2,23.3,9,40,1013,1.2,220,0
1978,3,15,19,0,0,0,21.7,8.6,43,1014,2.4,220,0
1978,3,15,20,0,0,0,20,8.3,47,1014,3.6,220,0
1978,3,15,21,0,0,0,19.6,7.4,45,1015,4.1,240,0
1978,3,15,22,0,0,0,19.3,6.8,44,1015,4.7,260,0
1978,3,15,23,0,0,0,18.9,5.6,42,1015,5.2,280,0
1978,3,16,0,0,0,0,18.5,7,47,1016,5.7,290,0
1978,3,16,1,0,0,0,18.2,8.5,53,1016,6.2,310,0
1978,3,16,2,0,0,0,17.8,9.4,58,1017,6.7,320,0
1978,3,16,3,0,0,0,15.8,8.3,61,1018,6.5,320,0
1978,3,16,4,0,0,0,13.7,6.8,63,1019,6.4,330,0
1978,3,16,5,0,0,0,11.7,5.6,66,1020,6.2,330,0
1978,3,16,6,34,18,32,11.7,5.4,65,1021,6.5,330,0
1978,3,16,7,176,268,101,11.7,5.4,65,1022,6.9,340,0
1978,3,16,8,356,375,177,11.7,5,64,1022,7.2,340,0
1978,3,16,9,474,321,267,12.2,4.9,61,1023,7.2,340,0
1978,3,16,10,712,604,250,12.8,4.8,58,1023,7.2,330,0
1978,3,16,11,847,804,177,13.3,4.4,55,1024,7.2,330,0
1978,3,16,12,836,721,228,14.6,4,49,1023,7.5,330,0
1978,3,16,13,763,726,185,15.9,3.7,44,1023,7.9,340,0
1978,3,16,14,638,670,175,17.2,2.8,38,1022,8.2,340,0
1978,3,16,15,450,533,162,16.3,1.6,37,1023,8.2,340,0
1978,3,16,16,176,146,125,15.3,0.7,37,1024,8.2,350,0
1978,3,16,17,71,53,64,14.4,-0.6,36,1025,8.2,350,0
1978,3,16,18,1,0,1,13.7,-0.6,37,1026,7,350,0
1978,3,16,19,0,0,0,12.9,-0.6,39,1027,5.8,340,0
1978,3,16,20,0,0,0,12.2,-1.1,40,1028,4.6,340,0
1978,3,16,21,0,0,0,10.7,-0.1,47,1028,3.1,330,0
1978,3,16,22,0,0,0,9.3,0.5,54,1028,1.5,310,0
1978,3,16,23,0,0,0,7.8,0.6,61,1029,0,0,0
1978,3,17,0,0,0,0,7.2,1.1,65,1029,0.5,280,0
1978,3,17,1,0,0,0,6.7,1.4,69,1029,1,270,0
1978,3,17,2,0,0,0,6.1,1.7,73,1029,1.5,250,0
1978,3,17,3,0,0,0,6.3,1.8,73,1029,1.9,250,0
1978,3,17,4,0,0,0,6.5,2.2,74,1029,2.2,260,0
1978,3,17,5,0,0,0,6.7,2.2,74,1029,2.6,260,0
1978,3,17,6,43,79,34,8.7,2.3,64,1030,4,280,0
1978,3,17,7,178,304,92,10.8,2.1,55,1030,5.3,290,0
1978,3,17,8,408,515,160,12.8,1.1,45,1031,6.7,310,0
1978,3,17,9,608,658,181,14.1,0.7,40,1031,6.5,310,0
1978,3,17,10,724,660,216,15.4,0,35,1031,6.4,320,0
1978,3,17,11,823,757,189,16.7,-1.1,30,1031,6.2,320,0
1978,3,17,12,821,726,206,17.4,-0.7,29,1030,6.2,320,0
1978,3,17,13,756,703,194,18.2,-1,27,1029,6.2,330,0
1978,3,17,14,589,567,195,18.9,-1.1,26,1028,6.2,330,0
1978,3,17,15,497,635,152,18.2,-0.5,28,1028,5,330,0
1978,3,17,16,230,321,117,17.4,-0.7,29,1027,3.8,340,0
1978,3,17,17,66,103,52,16.7,-0.6,31,1027,2.6,340,0
1978,3,17,18,2,1,2,14.8,1,39,1028,1.7,330,0
1978,3,17,19,0,0,0,13,2,47,1028,0.9,310,0
1978,3,17,20,0,0,0,11.1,2.2,55,1029,0,0,0
1978,3,17,21,0,0,0,10.9,2.5,56,1029,0.3,290,0
1978,3,17,22,0,0,0,10.8,2.9,58,1029,0.7,270,0
1978,3,17,23,0,0,0,10.6,2.8,59,1029,1,260,0
1978,3,18,0,0,0,0,10,3.5,64,1029,0.7,250,0
1978,3,18,1,0,0,0,9.5,4.1,69,1029,0.3,240,0
1978,3,18,2,0,0,0,8.9,4.4,74,1028,0,0,0
1978,3,18,3,0,0,0,8.7,4.9,77,1029,0.3,210,0
1978,3,18,4,0,0,0,8.5,5.3,80,1029,0.7,200,0
1978,3,18,5,0,0,0,8.3,5.6,83,1030,1,190,0
1978,3,18,6,41,70,33,10.7,7.1,78,1031,1.5,210,0
1978,3,18,7,169,259,95,13.2,8.3,72,1031,2.1,220,0
1978,3,18,8,372,368,193,15.6,9.4,67,1032,2.6,240,0
1978,3,18,9,515,421,240,17.3,8.7,57,1031,2.8,220,0
1978,3,18,10,737,688,204,18.9,7.7,48,1031,2.9,190,0
1978,3,18,11,694,493,279,20.6,5.6,38,1031,3.1,170,0
1978,3,18,12,696,522,251,21.1,6.3,38,1030,3.3,170,0
1978,3,18,13,713,627,209,21.7,6.8,38,1029,3.4,180,0
1978,3,18,14,602,575,200,22.2,7.2,38,1029,3.6,180,0
1978,3,18,15,495,685,121,21.1,7,40,1029,5,180,0
1978,3,18,16,290,618,71,20,7.1,43,1029,6.3,180,0
1978,3,18,17,82,323,37,18.9,6.7,45,1029,7.7,180,0
1978,3,18,18,4,11,2,17,7.4,53,1029,6.2,190,0
1978,3,18,19,0,0,0,15.2,7.8,61,1029,4.6,190,0
1978,3,18,20,0,0,0,13.3,7.8,69,1030,3.1,200,0
1978,3,18,21,0,0,0,12.4,7.5,72,1030,2.8,210,0
1978,3,18,22,0,0,0,11.5,7.1,74,1029,2.4,210,0
1978,3,18,23,0,0,0,10.6,6.7,77,1029,2.1,220,0
1978,3,19,0,0,0,0,11,7.3,78,1029,2.1,210,0
1978,3,19,1,0,0,0,11.3,7.8,79,1028,2.1,210,0
1978,3,19,2,0,0,0,11.7,8.3,80,1028,2.1,200,0
1978,3,19,3,0,0,0,10.9,8.2,83,1028,2.1,180,0
1978,3,19,4,0,0,0,10.2,8,86,1028,2.1,160,0
1978,3,19,5,0,0,0,9.4,7.8,89,1028,2.1,140,0
1978,3,19,6,40,121,27,12.6,9.3,80,1028,2.9,140,0
1978,3,19,7,225,589,53,15.7,10.3,70,1028,3.8,150,0
1978,3,19,8,450,764,75,18.9,11.1,61,1029,4.6,150,0
1978,3,19,9,659,863,91,20,10.7,55,1028,5.3,160,0
1978,3,19,10,813,906,107,21.1,10,49,1028,6,170,0
1978,3,19,11,897,926,114,22.2,8.9,43,1028,6.7,180,0
1978,3,19,12,906,926,114,22.4,8.5,41,1027,6.5,170,0
1978,3,19,13,840,906,110,22.6,8.4,40,1027,6.4,170,0
1978,3,19,14,715,877,100,22.8,7.8,38,1026,6.2,160,0
1978,3,19,15,530,814,84,21.5,8.1,42,1026,6,160,0
1978,3,19,16,307,685,62,20.2,8.6,47,1025,5.9,160,0
1978,3,19,17,88,373,35,18.9,8.3,51,1025,5.7,160,0
1978,3,19,18,5,8,3,17.8,9.2,57,1025,4.7,170,0
1978,3,19,19,0,0,0,16.7,9.9,64,1025,3.6,170,0
1978,3,19,20,0,0,0,15.6,10,70,1026,2.6,180,0
1978,3,19,21,0,0,0,15,10,72,1025,2.9,160,0
1978,3,19,22,0,0,0,14.5,9.8,73,1024,3.3,150,0
1978,3,19,23,0,0,0,13.9,9.4,75,1024,3.6,130,0
1978,3,20,0,0,0,0,13.2,9.5,78,1023,3.4,130,0
1978,3,20,1,0,0,0,12.4,9.1,80,1023,3.3,120,0
1978,3,20,2,0,0,0,11.7,8.9,83,1022,3.1,120,0
1978,3,20,3,0,0,0,12.2,9.4,83,1023,2.8,120,0
1978,3,20,4,0,0,0,12.8,10,83,1023,2.4,110,0
1978,3,20,5,0,0,0,13.3,10.6,83,1023,2.1,110,0
1978,3,20,6,29,11,28,15.3,11.9,80,1023,2.8,130,0
1978,3,20,7,142,66,123,17.4,13.2,76,1024,3.4,140,0
1978,3,20,8,357,367,175,19.4,14.4,73,1024,4.1,160,0
1978,3,20,9,484,365,242,20,14.2,69,1024,4.5,160,0
1978,3,20,10,437,141,327,20.5,13.7,65,1023,4.8,160,0
1978,3,20,11,387,8,380,21.1,13.3,61,1023,5.2,160,0
1978,3,20,12,425,96,343,21.7,13.6,60,1022,5.7,170,0
1978,3,20,13,330,85,261,22.2,13.6,58,1021,6.2,170,0
1978,3,20,14,454,206,309,22.8,13.9,57,1020,6.7,180,0
1978,3,20,15,250,116,186,21.7,13.9,61,1020,6.4,160,0
1978,3,20,16,184,96,149,20.5,14,66,1020,6,140,0
1978,3,20,17,60,77,48,19.4,13.9,70,1020,5.7,120,0
1978,3,20,18,1,1,1,19.2,14.1,72,1020,4.8,130,0
1978,3,20,19,0,0,0,19.1,14.4,74,1020,4,130,0
1978,3,20,20,0,0,0,18.9,14.4,76,1020,3.1,140,0
1978,3,20,21,0,0,0,18.5,14.6,78,1020,3.4,140,0
1978,3,20,22,0,0,0,18.2,14.5,79,1019,3.8,150,0
1978,3,20,23,0,0,0,17.8,14.4,81,1018,4.1,150,0
1978,3,21,0,0,0,0,17.6,14.5,82,1018,3.8,160,0
1978,3,21,1,0,0,0,17.4,14.5,83,1017,3.4,160,0
1978,3,21,2,0,0,0,17.2,14.4,84,1017,3.1,170,0
1978,3,21,3,0,0,0,17.4,14.9,85,1017,3.1,180,0
1978,3,21,4,0,0,0,17.6,15.3,86,1018,3.1,180,0
1978,3,21,5,0,0,0,17.8,15.6,87,1018,3.1,190,0
1978,3,21,6,23,2,23,18.7,16.3,86,1018,3.1,190,0
1978,3,21,7,93,10,90,19.7,17.1,85,1019,3.1,190,0
1978,3,21,8,182,11,177,20.6,17.8,84,1019,3.1,190,0
1978,3,21,9,333,0,333,21.9,17.3,75,1019,3.4,200,0
1978,3,21,10,296,9,288,23.1,16.7,67,1018,3.8,220,0
1978,3,21,11,367,4,364,24.4,15.6,58,1018,4.1,230,0
1978,3,21,12,379,16,366,23.1,15.7,63,1018,4.1,260,0
1978,3,21,13,365,9,358,21.9,15.8,68,1017,4.1,290,0
1978,3,21,14,413,204,268,20.6,15.6,73,1017,4.1,320,0
1978,3,21,15,375,263,229,20.8,15.8,73,1017,3.4,300,0
1978,3,21,16,242,294,136,20.9,15.9,73,1016,2.8,280,0
1978,3,21,17,71,190,43,21.1,16.1,73,1016,2.1,260,0
1978,3,21,18,4,7,3,19.3,15.2,77,1017,1.4,270,0
1978,3,21,19,0,0,0,17.4,13.9,80,1017,0.7,280,0
1978,3,21,20,0,0,0,15.6,12.8,84,1017,0,0,0
1978,3,21,21,0,0,0,15.6,13.1,85,1017,0,0,0
1978,3,21,22,0,0,0,15.6,13.3,86,1017,0,0,0
1978,3,21,23,0,0,0,15.6,13.3,87,1017,0,0,0
1978,3,22,0,0,0,0,14.3,12.4,88,1017,0,0,0
1978,3,22,1,0,0,0,13,11.3,89,1017,0,0,0
1978,3,22,2,0,0,0,11.7,10,90,1016,0,0,0
1978,3,22,3,0,0,0,12.2,10.6,90,1017,0,0,0
1978,3,22,4,0,0,0,12.8,11.2,90,1017,0,0,0
1978,3,22,5,0,0,0,13.3,11.7,90,1018,0,0,0
1978,3,22,6,34,27,31,15.3,13,86,1018,1.4,20,0
1978,3,22,7,155,221,88,17.4,14.3,82,1019,2.7,30,0
1978,3,22,8,402,450,175,19.4,15.6,78,1019,4.1,40,0
1978,3,22,9,582,537,222,20.5,15.5,73,1019,4.1,90,0
1978,3,22,10,580,275,363,21.7,15.3,67,1019,4.1,130,0
1978,3,22,11,693,461,298,22.8,15,62,1019,4.1,180,0
1978,3,22,12,554,210,373,23.5,15.3,60,1018,3.6,200,0
1978,3,22,13,739,566,278,24.3,15.5,58,1018,3.1,230,0
1978,3,22,14,514,395,234,25,15.6,56,1017,2.6,250,0
1978,3,22,15,418,402,195,24.1,14.8,56,1017,3.3,220,0
1978,3,22,16,251,345,125,23.1,14.2,57,1016,3.9,200,0
1978,3,22,17,78,111,61,22.2,13.3,57,1016,4.6,170,0
1978,3,22,18,3,2,3,21.1,14.1,64,1016,3.9,180,0
1978,3,22,19,0,0,0,20,14.6,71,1016,3.3,180,0
1978,3,22,20,0,0,0,18.9,15,78,1017,2.6,190,0
1978,3,22,21,0,0,0,18.5,15,80,1016,3.5,200,0
1978,3,22,22,0,0,0,18.2,15.1,82,1016,4.3,200,0
1978,3,22,23,0,0,0,17.8,15,84,1016,5.2,210,0
1978,3,23,0,0,0,0,17.8,14.9,83,1016,4.3,220,0
1978,3,23,1,0,0,0,17.8,14.7,82,1015,3.5,240,0
1978,3,23,2,0,0,0,17.8,14.4,81,1015,2.6,250,0
1978,3,23,3,0,0,0,17.8,14.5,81,1015,1.7,240,0
1978,3,23,4,0,0,0,17.8,14.5,81,1015,0.9,230,0
1978,3,23,5,0,0,0,17.8,14.4,81,1015,0,0,0
1978,3,23,6,35,14,33,18.2,14.5,79,1015,0.9,220,0
1978,3,23,7,83,10,80,18.5,14.6,78,1016,1.7,210,0
1978,3,23,8,181,5,179,18.9,14.4,76,1016,2.6,200,0
1978,3,23,9,272,6,268,20,14.8,72,1016,2.9,210,0
1978,3,23,10,453,138,344,21.1,15,68,1016,3.3,210,0
1978,3,23,11,445,147,319,22.2,15,64,1016,3.6,220,0
1978,3,23,12,635,273,398,23.1,15.5,62,1015,3.6,190,0
1978,3,23,13,444,152,319,24.1,15.9,60,1015,3.6,170,0
1978,3,23,14,485,330,250,25,16.1,58,1014,3.6,140,0
1978,3,23,15,373,386,157,24.3,16.1,60,1014,3.9,150,0
1978,3,23,16,269,493,88,23.5,15.8,62,1013,4.3,150,0
1978,3,23,17,88,277,46,22.8,15.6,64,1013,4.6,160,0
1978,3,23,18,8,20,5,21.5,15.6,69,1013,3.9,150,0
1978,3,23,19,0,0,0,20.2,15.2,73,1014,3.3,130,0
1978,3,23,20,0,0,0,18.9,15,78,1014,2.6,120,0
1978,3,23,21,0,0,0,18.7,14.4,76,1014,2.8,130,0
1978,3,23,22,0,0,0,18.5,14,75,1014,2.9,130,0
1978,3,23,23,0,0,0,18.3,13.3,73,1014,3.1,140,0
1978,3,24,0,0,0,0,18.3,13.4,73,1013,2.9,140,0
1978,3,24,1,0,0,0,18.3,13.4,73,1013,2.8,140,0
1978,3,24,2,0,0,0,18.3,13.3,73,1012,2.6,140,0
1978,3,24,3,0,0,0,18.3,14,76,1012,2.8,140,0
1978,3,24,4,0,0,0,18.3,14.4,78,1012,2.9,140,0
1978,3,24,5,0,0,0,18.3,15,81,1013,3.1,140,0
1978,3,24,6,26,0,26,18.7,15.6,82,1013,2.8,170,0
1978,3,24,7,103,4,102,19,16.1,83,1014,2.4,210,0
1978,3,24,8,123,6,120,19.4,16.7,84,1015,2.1,240,0
1978,3,24,9,224,4,222,19.4,16.1,81,1014,2.9,210,0
1978,3,24,10,359,89,287,19.4,15.7,79,1013,3.8,180,0
1978,3,24,11,453,118,351,19.4,15,76,1012,4.6,150,0
1978,3,24,12,547,94,465,20.9,15.9,73,1012,4.8,160,0
1978,3,24,13,657,387,340,22.4,16.5,69,1011,5,170,0
1978,3,24,14,484,249,306,23.9,17.2,66,1011,5.2,180,0
1978,3,24,15,492,596,158,23.3,15.9,63,1011,5,170,0
1978,3,24,16,255,305,142,22.8,14.7,60,1011,4.8,170,0
1978,3,24,17,87,267,46,22.2,13.3,57,1011,4.6,160,0
1978,3,24,18,4,5,3,21.1,13.8,63,1012,3.8,170,0
1978,3,24,19,0,0,0,20,14.4,70,1012,2.9,190,0
1978,3,24,20,0,0,0,18.9,14.4,76,1013,2.1,200,0
1978,3,24,21,0,0,0,18.2,14.7,80,1013,1.7,220,0
1978,3,24,22,0,0,0,17.4,14.5,83,1013,1.4,230,0
1978,3,24,23,0,0,0,16.7,14.4,87,1013,1,250,0
1978,3,25,0,0,0,0,16.9,14.2,84,1013,2.4,280,0
1978,3,25,1,0,0,0,17,13.7,81,1013,3.8,300,0
1978,3,25,2,0,0,0,17.2,13.3,78,1014,5.2,330,0
1978,3,25,3,0,0,0,16.5,12.7,78,1014,4.3,330,0
1978,3,25,4,0,0,0,15.7,11.9,78,1014,3.5,340,0
1978,3,25,5,0,0,0,15,11.1,78,1015,2.6,340,0
1978,3,25,6,17,2,17,15,11,77,1015,3.3,340,0
1978,3,25,7,110,11,106,15,10.8,76,1016,3.9,330,0
1978,3,25,8,237,1,236,15,10.6,75,1017,4.6,330,0
1978,3,25,9,253,12,245,15.4,10.4,72,1017,4.8,340,0
1978,3,25,10,312,7,306,15.7,10.3,70,1017,5,340,0
1978,3,25,11,341,6,336,16.1,10,67,1017,5.2,350,0
1978,3,25,12,618,403,265,16.8,10,64,1016,5.2,350,0
1978,3,25,13,726,567,259,17.6,10.3,62,1015,5.2,350,0
1978,3,25,14,731,885,96,18.3,10,59,1015,5.2,350,0
1978,3,25,15,550,832,81,17.9,9.8,59,1014,4.8,350,0
1978,3,25,16,320,700,60,17.6,9.3,58,1014,4.5,350,0
1978,3,25,17,101,421,36,17.2,8.9,58,1014,4.1,350,0
1978,3,25,18,5,9,3,16.5,8.7,60,1015,4.5,340,0
1978,3,25,19,0,0,0,15.7,8.7,63,1015,4.8,330,0
1978,3,25,20,0,0,0,15,8.3,65,1016,5.2,320,0
1978,3,25,21,0,0,0,15,7.8,62,1016,5,330,0
1978,3,25,22,0,0,0,15,7.1,59,1017,4.8,340,0
1978,3,25,23,0,0,0,15,6.1,56,1017,4.6,350,0
1978,3,26,0,0,0,0,14.4,5.2,54,1017,4.8,350,0
1978,3,26,1,0,0,0,13.9,4.5,53,1017,5,340,0
1978,3,26,2,0,0,0,13.3,3.3,51,1017,5.2,340,0
1978,3,26,3,0,0,0,11.6,2.6,54,1017,4.2,340,0
1978,3,26,4,0,0,0,10,2.1,58,1017,3.1,340,0
1978,3,26,5,0,0,0,8.3,1.1,61,1017,2.1,340,0
1978,3,26,6,62,266,32,9.4,2,60,1017,3.1,340,0
1978,3,26,7,170,199,106,10.6,2.7,58,1018,4.2,340,0
1978,3,26,8,317,229,197,11.7,3.3,57,1018,5.2,340,0
1978,3,26,9,544,500,201,13,4.7,57,1018,5.2,340,0
1978,3,26,10,728,706,160,14.3,5.7,56,1017,5.2,340,0
1978,3,26,11,853,851,111,15.6,6.7,56,1017,5.2,340,0
1978,3,26,12,854,837,119,16.5,7.2,54,1016,4.8,330,0
1978,3,26,13,811,851,107,17.4,7.2,51,1015,4.5,330,0
1978,3,26,14,689,791,120,18.3,7.2,49,1015,4.1,320,0
1978,3,26,15,486,596,149,17.8,6.7,48,1015,4.1,320,0
1978,3,26,16,298,623,65,17.2,5.8,47,1015,4.1,320,0
1978,3,26,17,101,435,32,16.7,5,46,1015,4.1,320,0
1978,3,26,18,9,22,6,15.4,5.1,50,1016,4.1,330,0
1978,3,26,19,0,0,0,14.1,5.2,55,1017,4.1,350,0
1978,3,26,20,0,0,0,12.8,5,59,1018,4.1,0,0
1978,3,26,21,0,0,0,12.1,4.8,61,1018,4.6,0,0
1978,3,26,22,0,0,0,11.3,4.8,64,1018,5.2,10,0
1978,3,26,23,0,0,0,10.6,4.4,66,1019,5.7,10,0
1978,3,27,0,0,0,0,9.8,3.8,66,1019,5.3,10,0
1978,3,27,1,0,0,0,9.1,3.1,66,1018,5,0,0
1978,3,27,2,0,0,0,8.3,2.2,66,1018,4.6,0,0
1978,3,27,3,0,0,0,7.2,1.9,69,1019,3.1,0,0
1978,3,27,4,0,0,0,6.1,1.6,73,1019,1.5,10,0
1978,3,27,5,0,0,0,5,1.1,76,1019,0,0,0
1978,3,27,6,64,280,31,7.6,2.3,69,1020,1.9,10,0
1978,3,27,7,269,637,60,10.2,3.3,62,1020,3.8,20,0
1978,3,27,8,503,796,85,12.8,3.9,55,1021,5.7,20,0
1978,3,27,9,707,875,103,13.7,4.6,54,1020,5,10,0
1978,3,27,10,852,911,114,14.7,5.2,53,1020,4.3,10,0
1978,3,27,11,928,925,120,15.6,5.6,52,1019,3.6,0,0
1978,3,27,12,936,925,120,16.7,6,49,1019,3.6,340,0
1978,3,27,13,876,917,116,17.8,6.1,46,1018,3.6,330,0
1978,3,27,14,744,883,106,18.9,6.1,43,1017,3.6,310,0
1978,3,27,15,556,820,89,18.5,6.1,44,1017,3.3,300,0
1978,3,27,16,328,697,66,18.2,5.8,44,1017,2.9,300,0
1978,3,27,17,103,400,39,17.8,5.6,45,1017,2.6,290,0
1978,3,27,18,7,14,5,15.8,6,52,1018,2.2,290,0
1978,3,27,19,0,0,0,13.7,5.9,59,1019,1.9,300,0
1978,3,27,20,0,0,0,11.7,5.6,66,1019,1.5,300,0
1978,3,27,21,0,0,0,12.2,5.8,65,1020,2.4,330,0
1978,3,27,22,0,0,0,12.8,6.4,65,1020,3.2,350,0
1978,3,27,23,0,0,0,13.3,6.7,64,1020,4.1,20,0
1978,3,28,0,0,0,0,12.9,6.7,66,1020,4.1,30,0
1978,3,28,1,0,0,0,12.6,6.7,67,1020,4.1,40,0
1978,3,28,2,0,0,0,12.2,6.7,69,1019,4.1,50,0
1978,3,28,3,0,0,0,11.3,6.1,70,1020,2.7,50,0
1978,3,28,4,0,0,0,10.3,5.1,70,1020,1.4,50,0
1978,3,28,5,0,0,0,9.4,4.4,71,1020,0,0,0
1978,3,28,6,70,390,25,11.6,5.5,66,1021,0.5,40,0
1978,3,28,7,288,727,47,13.9,6.5,61,1021,1,40,0
1978,3,28,8,520,855,66,16.1,7.2,56,1021,1.5,40,0
1978,3,28,9,717,917,80,17,7.7,54,1021,2.4,40,0
1978,3,28,10,860,948,89,18,8.3,53,1021,3.2,30,0
1978,3,28,11,939,964,93,18.9,8.3,51,1021,4.1,30,0
1978,3,28,12,947,965,94,19.6,8,47,1021,3.8,10,0
1978,3,28,13,885,955,90,20.4,7.4,43,1020,3.4,360,0
1978,3,28,14,756,929,82,21.1,6.7,39,1020,3.1,340,0
1978,3,28,15,568,874,69,20.7,6.3,39,1020,2.1,320,0
1978,3,28,16,341,766,51,20.4,6,39,1019,1,300,0
1978,3,28,17,113,501,31,20,5.6,39,1019,0,0,0
1978,3,28,18,11,35,6,18.5,7.6,49,1019,1.5,250,0
1978,3,28,19,0,0,0,17.1,9.3,60,1020,3.1,230,0
1978,3,28,20,0,0,0,15.6,10,70,1020,4.6,210,0
1978,3,28,21,0,0,0,14.8,9.8,72,1020,4.3,220,0
1978,3,28,22,0,0,0,14.1,9.4,73,1020,3.9,240,0
1978,3,28,23,0,0,0,13.3,8.9,75,1020,3.6,250,0
1978,3,29,0,0,0,0,12.8,8.7,76,1020,3.4,260,0
1978,3,29,1,0,0,0,12.2,8.1,76,1020,3.3,260,0
1978,3,29,2,0,0,0,11.7,7.8,77,1020,3.1,270,0
1978,3,29,3,0,0,0,11.5,8.4,81,1021,2.1,280,0
1978,3,29,4,0,0,0,11.3,9.1,86,1021,1,290,0
1978,3,29,5,2,2,1,11.1,9.4,90,1021,0,0,0
1978,3,29,6,70,352,29,13.7,10,78,1022,1.4,310,0
1978,3,29,7,285,690,53,16.3,10,66,1022,2.7,320,0
1978,3,29,8,515,816,79,18.9,9.4,54,1022,4.1,330,0
1978,3,29,9,626,702,136,20.2,9.5,50,1022,3.8,330,0
1978,3,29,10,767,709,188,21.5,9.1,45,1022,3.4,340,0
1978,3,29,11,818,655,241,22.8,8.9,41,1022,3.1,340,0
1978,3,29,12,638,415,269,23.3,8.2,38,1021,3.3,340,0
1978,3,29,13,722,517,290,23.9,7.6,35,1021,3.4,330,0
1978,3,29,14,515,260,326,24.4,6.7,32,1020,3.6,330,0
1978,3,29,15,276,115,210,23.7,7.4,35,1020,3.1,310,0
1978,3,29,16,197,104,157,22.9,7.9,38,1020,2.6,280,0
1978,3,29,17,71,21,67,22.2,8.3,41,1020,2.1,260,0
1978,3,29,18,2,1,2,20.9,8.6,45,1020,2.4,270,0
1978,3,29,19,0,0,0,19.6,8.3,48,1021,2.8,270,0
1978,3,29,20,0,0,0,18.3,8.3,52,1021,3.1,280,0
1978,3,29,21,0,0,0,17.6,8.2,54,1021,3.1,280,0
1978,3,29,22,0,0,0,16.8,8,56,1021,3.1,290,0
1978,3,29,23,0,0,0,16.1,7.8,58,1021,3.1,290,0
1978,3,30,0,0,0,0,15.9,8.4,61,1021,2.9,290,0
1978,3,30,1,0,0,0,15.8,9,64,1021,2.8,300,0
1978,3,30,2,0,0,0,15.6,9.4,67,1021,2.6,300,0
1978,3,30,3,0,0,0,14.7,9.5,71,1021,2.6,320,0
1978,3,30,4,0,0,0,13.7,9.6,76,1022,2.6,340,0
1978,3,30,5,0,0,0,12.8,9.4,80,1022,2.6,0,0
1978,3,30,6,44,9,43,15,10,72,1022,2.4,20,0
1978,3,30,7,138,39,124,17.2,10.1,63,1023,2.3,30,0
1978,3,30,8,320,78,278,19.4,10,55,1023,2.1,50,0
1978,3,30,9,391,83,333,21.1,10.6,51,1023,2.1,20,0
1978,3,30,10,458,91,383,22.7,10.5,46,1023,2.1,350,0
1978,3,30,11,602,265,368,24.4,10.6,42,1023,2.1,320,0
1978,3,30,12,698,364,374,25.3,10,38,1022,2.6,340,0
1978,3,30,13,574,271,347,26.3,9.2,34,1021,3.1,350,0
1978,3,30,14,656,571,240,27.2,8.3,30,1021,3.6,10,0
1978,3,30,15,423,291,256,26.7,8.2,31,1021,2.9,10,0
1978,3,30,16,259,270,156,26.1,7.7,31,1021,2.2,10,0
1978,3,30,17,79,73,67,25.6,7.8,32,1020,1.5,10,0
1978,3,30,18,5,1,4,22.3,8.5,41,1021,1.5,330,0
1978,3,30,19,0,0,0,18.9,8.6,51,1021,1.5,300,0
1978,3,30,20,0,0,0,15.6,7.8,60,1021,1.5,260,0
1978,3,30,21,0,0,0,16.1,8.4,60,1021,1.9,260,0
1978,3,30,22,0,0,0,16.7,8.9,60,1021,2.2,260,0
1978,3,30,23,0,0,0,17.2,9.4,60,1021,2.6,260,0
1978,3,31,0,0,0,0,16.5,9.7,64,1021,1.7,260,0
1978,3,31,1,0,0,0,15.7,9.8,68,1021,0.9,260,0
1978,3,31,2,0,0,0,15,10,72,1020,0,0,0
1978,3,31,3,0,0,0,13.9,9.8,76,1020,0.5,260,0
1978,3,31,4,0,0,0,12.8,9.3,79,1020,1,260,0
1978,3,31,5,2,3,1,11.7,8.9,83,1020,1.5,260,0
1978,3,31,6,72,311,33,15.6,10.8,73,1021,1.3,290,0
1978,3,31,7,285,649,61,19.4,12,62,1021,1.2,330,0
1978,3,31,8,513,790,85,23.3,12.8,52,1021,1,360,0
1978,3,31,9,711,863,102,25,12.6,46,1021,1.4,310,0
1978,3,31,10,860,907,113,26.6,11.6,39,1021,1.7,250,0
1978,3,31,11,935,920,119,28.3,10.6,33,1021,2.1,200,0
1978,3,31,12,878,878,94,28.5,10.7,33,1020,3.1,200,0
1978,3,31,13,829,864,103,28.7,10.4,32,1019,4.2,200,0
1978,3,31,14,736,853,112,28.9,10.6,32,1019,5.2,200,0
1978,3,31,15,506,679,115,27.6,9.5,32,1018,4.7,200,0
1978,3,31,16,313,626,73,26.3,8.3,32,1018,4.1,210,0
1978,3,31,17,101,355,41,25,7.2,32,1018,3.6,210,0
1978,3,31,18,10,17,8,21.7,8.7,43,1017,3.2,189,0
1978,3,31,19,0,0,0,19.1,9.3,52,1018,3,161,0
1978,3,31,20,0,0,0,17.2,9.9,62,1017,2.8,142,0
1978,3,31,21,0,0,0,16.5,10.9,69,1016,2.2,114,0
1978,3,31,22,0,0,0,16.1,11.7,74,1015,1.9,95,0
1978,3,31,23,0,0,0,16.1,12.2,78,1015,2,56,0
1988,4,1,0,0,0,0,16.6,13.4,81,1013,2.6,74,0
1988,4,1,1,0,0,0,16.9,14.1,83,1013,3,78,0
1988,4,1,2,0,0,0,17,14.7,86,1012,2.9,89,0
1988,4,1,3,0,0,0,16.6,15,90,1012,1.8,51,0
1988,4,1,4,0,0,0,15.4,14.4,93,1012,1.7,240,0
1988,4,1,5,2,6,1,15.7,15.2,96,1011,1.6,266,0
1988,4,1,6,59,74,49,18.3,18.3,100,1012,3.6,140,0
1988,4,1,7,266,493,92,21.1,19.4,90,1013,4.1,150,0
1988,4,1,8,284,194,178,23.3,20,82,1013,4.6,160,0
1988,4,1,9,450,224,290,25,20.6,76,1014,5.7,130,0
1988,4,1,10,633,351,342,25.6,20.6,74,1014,6.7,150,0
1988,4,1,11,864,681,255,25.6,21.1,77,1013,5.7,150,0
1988,4,1,12,662,425,280,26.7,21.7,74,1013,5.7,150,0
1988,4,1,13,588,256,372,26.7,21.7,74,1012,5.2,140,0
1988,4,1,14,299,3,297,25.6,21.1,77,1012,4.6,140,0
1988,4,1,15,276,32,257,25,21.1,79,1011,4.1,140,0
1988,4,1,16,124,1,124,25,20.6,76,1011,6.2,120,0
1988,4,1,17,29,5,28,23.3,22.2,94,1011,4.6,110,0
1988,4,1,18,3,0,3,22.8,21.7,94,1011,7.2,130,0
1988,4,1,19,0,0,0,18.9,18.9,100,1014,5.2,330,0
1988,4,1,20,0,0,0,20,20,100,1014,4.1,90,0
1988,4,1,21,0,0,0,19.4,17.8,90,1013,7.2,120,0
1988,4,1,22,0,0,0,19.4,18.3,93,1011,6.2,110,0
1988,4,1,23,0,0,0,20,20,100,1012,4.1,100,0
1988,4,2,0,0,0,0,20,20,100,1013,4.6,280,0
1988,4,2,1,0,0,0,20.6,20.6,100,1011,8.2,130,0
1988,4,2,2,0,0,0,21.1,19.4,90,1011,5.2,130,0
1988,4,2,3,0,0,0,21.7,21.1,97,1011,5.7,150,0
1988,4,2,4,0,0,0,22.2,22.2,100,1011,5.7,160,0
1988,4,2,5,0,0,0,18.9,18.9,100,1012,3.6,180,0
1988,4,2,6,28,6,27,18.3,18.3,100,1012,2.6,40,0
1988,4,2,7,54,4,52,18.9,18.9,100,1013,3.6,100,0
1988,4,2,8,197,28,181,18.9,18.9,100,1014,4.6,120,0
1988,4,2,9,509,187,375,20,19.4,97,1013,4.6,100,0
1988,4,2,10,455,154,327,21.1,19.4,90,1013,4.6,100,0
1988,4,2,11,443,89,363,21.1,19.4,90,1013,3.6,120,0
1988,4,2,12,316,4,313,21.7,19.4,87,1013,3.1,60,0
1988,4,2,13,327,9,320,21.1,20,93,1013,5.7,130,0
1988,4,2,14,157,12,148,20,19.4,97,1014,6.2,270,0
1988,4,2,15,161,7,157,19.4,18.9,97,1011,6.7,130,0
1988,4,2,16,92,2,91,20,19.4,97,1012,5.2,120,0
1988,4,2,17,50,2,50,20,19.4,97,1012,4.6,120,0
1988,4,2,18,6,0,6,20,19.4,97,1012,5.2,120,0
1988,4,2,19,0,0,0,20,18.9,93,1013,7.2,130,0
1988,4,2,20,0,0,0,20,18.3,90,1014,5.2,130,0
1988,4,2,21,0,0,0,19.4,18.3,93,1014,7.2,130,0
1988,4,2,22,0,0,0,19.4,17.8,90,1014,5.7,140,0
1988,4,2,23,0,0,0,19.4,17.8,90,1013,4.1,140,0
1988,4,3,0,0,0,0,18.3,17.2,93,1013,3.1,140,0
1988,4,3,1,0,0,0,18.9,17.2,90,1012,3.6,150,0
1988,4,3,2,0,0,0,19.4,17.8,90,1011,5.2,160,0
1988,4,3,3,0,0,0,19.4,18.9,97,1013,4.6,150,0
1988,4,3,4,0,0,0,20,18.3,90,1012,5.2,140,0
1988,4,3,5,2,0,2,19.4,18.9,97,1012,3.1,230,0
1988,4,3,6,28,1,28,20,18.9,93,1013,5.7,160,0
1988,4,3,7,97,35,84,19.4,18.3,93,1013,5.7,170,0
1988,4,3,8,129,69,90,19.4,17.8,90,1013,8.8,160,0
1988,4,3,9,249,106,172,19.4,17.2,87,1013,4.1,180,0
1988,4,3,10,520,90,445,20,17.2,84,1013,4.6,180,0
1988,4,3,11,402,23,381,20.6,18.3,87,1013,4.1,180,0
1988,4,3,12,385,5,380,21.1,17.8,81,1013,3.6,200,0
1988,4,3,13,349,11,339,21.1,18.3,84,1013,2.1,230,0
1988,4,3,14,285,11,277,21.7,18.9,84,1013,2.1,290,0
1988,4,3,15,262,10,257,21.7,18.9,84,1012,2.1,310,0
1988,4,3,16,139,73,111,22.2,18.9,82,1012,2.1,320,0
1988,4,3,17,92,144,66,21.7,18.3,81,1012,2.1,200,0
1988,4,3,18,11,6,11,20.6,18.9,90,1013,4.6,170,0
1988,4,3,19,0,0,0,19.4,18.3,93,1013,1.5,180,0
1988,4,3,20,0,0,0,19.4,18.3,93,1014,3.1,170,0
1988,4,3,21,0,0,0,17.2,16.7,97,1014,0,0,0
1988,4,3,22,0,0,0,16.7,16.7,100,1014,0,0,0
1988,4,3,23,0,0,0,15.6,15.6,100,1014,0,0,0
1988,4,4,0,0,0,0,15.6,15.6,100,1014,0,0,0
1988,4,4,1,0,0,0,15,15,100,1013,0,0,0
1988,4,4,2,0,0,0,13.9,13.9,100,1014,0,0,0
1988,4,4,3,0,0,0,13.3,13.3,100,1014,0,0,0
1988,4,4,4,0,0,0,13.3,13.3,100,1014,0,0,0
1988,4,4,5,1,3,1,13.3,13.3,100,1014,1.5,210,0
1988,4,4,6,81,270,41,15.6,15.6,100,1015,0,0,0
1988,4,4,7,280,557,76,20.6,12.8,61,1016,3.1,200,0
1988,4,4,8,455,550,145,21.7,18.3,81,1016,3.1,160,0
1988,4,4,9,659,740,123,23.3,18.9,76,1016,2.1,150,0
1988,4,4,10,851,842,143,24.4,18.3,69,1016,3.6,150,0
1988,4,4,11,890,823,147,25,20,74,1016,4.6,190,0
1988,4,4,12,895,827,146,26.1,20.6,72,1015,3.6,100,0
1988,4,4,13,719,578,226,26.7,18.3,60,1014,3.1,180,0
1988,4,4,14,702,767,132,26.7,18.9,63,1013,4.1,220,0
1988,4,4,15,455,475,177,26.7,17.8,58,1013,4.1,210,0
1988,4,4,16,300,499,103,26.1,17.8,60,1013,4.6,190,0
1988,4,4,17,109,359,44,25,17.8,64,1013,3.6,160,0
1988,4,4,18,11,18,8,22.8,17.2,71,1014,5.2,150,0
1988,4,4,19,0,0,0,21.1,17.8,81,1014,3.6,170,0
1988,4,4,20,0,0,0,20.6,18.3,87,1015,3.6,150,0
1988,4,4,21,0,0,0,20,18.9,93,1015,3.6,150,0
1988,4,4,22,0,0,0,18.9,18.3,97,1015,3.1,120,0
1988,4,4,23,0,0,0,18.9,17.8,93,1015,2.6,100,0
1988,4,5,0,0,0,0,18.3,17.8,97,1015,2.6,130,0
1988,4,5,1,0,0,0,18.3,18.3,100,1015,3.1,130,0
1988,4,5,2,0,0,0,17.8,17.8,100,1015,2.6,130,0
1988,4,5,3,0,0,0,17.8,17.8,100,1014,0,0,0
1988,4,5,4,0,0,0,17.8,17.8,100,1014,0,0,0
1988,4,5,5,5,5,4,17.8,17.8,100,1015,2.1,140,0
1988,4,5,6,89,310,42,20.6,20,97,1015,3.6,150,0
1988,4,5,7,301,611,75,22.8,21.1,90,1016,3.6,170,0
1988,4,5,8,496,702,98,25,22.2,85,1016,4.6,200,0
1988,4,5,9,673,703,162,24.4,22.2,88,1017,6.7,190,0
1988,4,5,10,628,425,269,26.7,22.2,77,1016,6.7,200,0
1988,4,5,11,765,483,328,27.8,22.2,72,1016,6.7,200,0
1988,4,5,12,569,212,377,27.2,22.2,74,1016,6.7,160,0
1988,4,5,13,334,38,302,26.7,21.7,74,1015,5.7,190,0
1988,4,5,14,285,47,251,26.1,21.7,77,1015,4.6,200,0
1988,4,5,15,401,328,208,26.7,21.7,74,1014,6.7,180,0
1988,4,5,16,155,23,146,26.7,21.7,74,1014,5.7,200,0
1988,4,5,17,77,97,59,25,21.1,79,1015,6.2,200,0
1988,4,5,18,6,4,6,24.4,21.7,85,1015,5.2,210,0
1988,4,5,19,0,0,0,23.9,21.7,87,1015,5.2,220,0
1988,4,5,20,0,0,0,23.3,22.2,94,1015,4.6,190,0
1988,4,5,21,0,0,0,23.3,22.2,94,1014,5.2,190,0
1988,4,5,22,0,0,0,22.8,21.7,94,1014,5.2,210,0
1988,4,5,23,0,0,0,22.8,21.7,94,1014,4.6,220,0
1988,4,6,0,0,0,0,22.8,21.7,94,1015,3.6,220,0
1988,4,6,1,0,0,0,22.8,21.7,94,1015,4.1,240,0
1988,4,6,2,0,0,0,22.2,21.7,97,1014,4.6,230,0
1988,4,6,3,0,0,0,22.8,21.7,94,1014,4.1,240,0
1988,4,6,4,0,0,0,22.8,21.7,94,1014,6.2,290,0
1988,4,6,5,3,0,3,20,16.7,81,1016,8.8,320,0
1988,4,6,6,55,25,51,19.4,15,76,1017,9.3,320,0
1988,4,6,7,267,362,131,18.9,10,57,1018,9.3,340,0
1988,4,6,8,482,510,191,18.3,10,59,1018,8.2,340,0
1988,4,6,9,627,483,274,20,8.9,49,1018,8.2,350,0
1988,4,6,10,801,683,222,20.6,7.2,42,1019,7.7,340,0
1988,4,6,11,870,743,195,20.6,6.7,41,1018,6.2,330,0
1988,4,6,12,892,671,279,21.7,6.7,38,1017,6.2,340,0
1988,4,6,13,786,622,254,22.2,6.1,35,1017,7.2,330,0
1988,4,6,14,626,521,237,22.8,4.4,30,1016,7.7,340,0
1988,4,6,15,490,419,242,22.8,3.3,28,1016,4.6,330,0
1988,4,6,16,196,109,153,22.2,3.9,30,1015,5.7,340,0
1988,4,6,17,87,61,76,20,4.4,36,1016,3.6,310,0
1988,4,6,18,8,1,8,19.4,4.4,37,1016,5.7,330,0
1988,4,6,19,0,0,0,18.9,5,40,1017,5.7,330,0
1988,4,6,20,0,0,0,17.8,4.4,42,1017,4.6,340,0
1988,4,6,21,0,0,0,16.7,5,46,1017,5.2,360,0
1988,4,6,22,0,0,0,16.1,4.4,46,1017,3.6,350,0
1988,4,6,23,0,0,0,15.6,5.6,52,1017,3.1,320,0
1988,4,7,0,0,0,0,13.3,8.9,75,1016,3.1,290,0
1988,4,7,1,0,0,0,12.2,9.4,83,1017,3.1,260,0
1988,4,7,2,0,0,0,12.2,7.8,75,1016,3.6,290,0
1988,4,7,3,0,0,0,13.3,9.4,78,1016,4.1,300,0
1988,4,7,4,0,0,0,12.2,9.4,83,1016,3.6,320,0
1988,4,7,5,5,1,4,13.9,5.6,58,1017,3.6,350,0
1988,4,7,6,86,205,53,16.1,6.1,52,1017,5.2,350,0
1988,4,7,7,296,514,101,17.8,6.1,47,1018,5.2,360,0
1988,4,7,8,527,671,142,18.9,5.6,42,1018,4.1,340,0
1988,4,7,9,726,756,170,19.4,5,39,1017,4.1,340,0
1988,4,7,10,872,804,188,20,4.4,36,1017,6.2,330,0
1988,4,7,11,941,813,201,20.6,6.7,41,1016,5.2,330,0
1988,4,7,12,951,821,201,21.1,5.6,36,1015,6.2,310,0
1988,4,7,13,881,800,193,22.2,6.7,37,1014,6.2,320,0
1988,4,7,14,745,759,176,22.8,6.1,34,1013,5.2,340,0
1988,4,7,15,551,679,148,23.9,7.2,34,1012,6.2,320,0
1988,4,7,16,323,526,112,22.8,7.2,37,1012,5.2,330,0
1988,4,7,17,105,243,60,22.2,9.4,44,1011,4.1,310,0
1988,4,7,18,11,4,11,20.6,7.8,44,1012,4.6,300,0
1988,4,7,19,0,0,0,18.3,10,59,1013,4.1,330,0
1988,4,7,20,0,0,0,17.8,10,61,1013,4.6,320,0
1988,4,7,21,0,0,0,17.2,10.6,65,1014,3.6,340,0
1988,4,7,22,0,0,0,17.8,10,61,1013,4.1,340,0
1988,4,7,23,0,0,0,16.7,9.4,63,1013,5.2,350,0
1988,4,8,0,0,0,0,17.8,8.3,54,1014,5.7,360,0
1988,4,8,1,0,0,0,17.2,7.2,52,1013,5.7,10,0
1988,4,8,2,0,0,0,16.7,7.8,56,1013,5.2,10,0
1988,4,8,3,0,0,0,16.7,8.3,58,1013,4.6,20,0
1988,4,8,4,0,0,0,15.6,8.3,62,1014,3.1,20,0
1988,4,8,5,7,3,7,15,7.8,62,1014,4.1,20,0
1988,4,8,6,94,246,53,17.2,7.2,52,1015,5.2,40,0
1988,4,8,7,309,560,95,18.3,6.7,47,1015,5.2,40,0
1988,4,8,8,539,705,131,18.9,7.2,47,1015,5.2,40,0
1988,4,8,9,737,786,156,19.4,7.2,45,1015,4.1,30,0
1988,4,8,10,878,827,172,20,7.8,45,1015,3.1,30,0
1988,4,8,11,956,840,188,21.7,6.1,37,1014,3.6,310,0
1988,4,8,12,958,840,188,22.8,7.8,38,1014,2.1,360,0
1988,4,8,13,870,748,225,23.3,7.2,36,1013,3.6,310,0
1988,4,8,14,695,654,203,25,7.2,32,1012,3.6,340,0
1988,4,8,15,426,400,187,25.6,6.1,29,1011,3.1,310,0
1988,4,8,16,242,267,134,25.6,6.7,30,1011,2.1,320,0
1988,4,8,17,101,96,83,22.2,9.4,44,1012,2.1,310,0
1988,4,8,18,9,2,9,17.2,9.4,61,1012,1.5,310,0
1988,4,8,19,0,0,0,16.1,8.3,60,1012,0,0,0
1988,4,8,20,0,0,0,16.1,8.9,63,1013,0,0,0
1988,4,8,21,0,0,0,16.1,11.1,72,1013,2.1,250,0
1988,4,8,22,0,0,0,15.6,11.7,78,1013,0,0,0
1988,4,8,23,0,0,0,15,13.9,93,1013,0,0,0
1988,4,9,0,0,0,0,14.4,13.9,97,1013,0,0,0
1988,4,9,1,0,0,0,14.4,14.4,100,1013,0,0,0
1988,4,9,2,0,0,0,13.9,13.9,100,1012,2.6,20,0
1988,4,9,3,0,0,0,14.4,13.3,93,1013,1.5,310,0
1988,4,9,4,0,0,0,15,13.3,90,1013,1.5,20,0
1988,4,9,5,7,0,7,14.4,13.3,93,1014,1.5,30,0
1988,4,9,6,60,19,57,17.8,15.6,87,1014,2.6,40,0
1988,4,9,7,160,54,139,20.6,15.6,73,1015,3.6,60,0
1988,4,9,8,325,120,255,21.1,15,68,1015,3.1,50,0
1988,4,9,9,329,59,285,21.7,15,66,1015,3.1,50,0
1988,4,9,10,367,4,363,21.7,16.1,71,1015,2.6,50,0
1988,4,9,11,814,449,403,23.3,16.1,64,1015,3.1,50,0
1988,4,9,12,426,58,373,23.9,15,58,1014,3.6,60,0
1988,4,9,13,395,115,297,25,14.4,52,1014,3.6,50,0
1988,4,9,14,348,30,326,24.4,13.3,50,1013,3.6,10,0
1988,4,9,15,213,28,197,23.3,12.2,50,1013,2.6,30,0
1988,4,9,16,185,67,158,22.2,12.2,53,1013,2.6,30,0
1988,4,9,17,47,9,45,21.1,13.9,64,1013,2.6,360,0
1988,4,9,18,8,0,8,18.9,13.9,73,1013,0,0,0
1988,4,9,19,0,0,0,17.2,12.2,73,1014,0,0,0
1988,4,9,20,0,0,0,16.7,12.8,78,1014,0,0,0
1988,4,9,21,0,0,0,16.7,13.3,81,1014,2.1,210,0
1988,4,9,22,0,0,0,16.7,15,90,1014,0,0,0
1988,4,9,23,0,0,0,16.1,16.1,100,1013,1.5,240,0
1988,4,10,0,0,0,0,16.7,16.7,100,1013,4.1,320,0
1988,4,10,1,0,0,0,16.1,15.6,97,1012,2.6,290,0
1988,4,10,2,0,0,0,15.6,15.6,100,1012,1.5,320,0
1988,4,10,3,0,0,0,16.1,15.6,97,1012,0,0,0
1988,4,10,4,0,0,0,15,15,100,1012,0,0,0
1988,4,10,5,10,8,9,15,15,100,1012,0,0,0
1988,4,10,6,94,137,70,18.9,17.8,93,1013,0,0,0
1988,4,10,7,161,71,133,21.1,16.7,76,1013,1.5,110,0
1988,4,10,8,441,391,212,22.2,16.1,69,1013,1.5,260,0
1988,4,10,9,617,604,167,23.9,13.3,52,1013,1.5,260,0
1988,4,10,10,768,620,235,25,13.9,50,1012,4.1,260,0
1988,4,10,11,745,549,240,25,14.4,52,1012,3.6,280,0
1988,4,10,12,645,421,257,23.9,13.9,54,1012,3.1,300,0
1988,4,10,13,770,610,242,25,13.9,50,1010,4.6,290,0
1988,4,10,14,687,723,141,25.6,12.8,45,1009,3.6,290,0
1988,4,10,15,593,870,72,25.6,8.3,34,1009,4.6,290,0
1988,4,10,16,366,773,52,24.4,7.8,35,1009,5.2,300,0
1988,4,10,17,124,360,55,22.2,8.9,43,1009,4.1,280,0
1988,4,10,18,17,22,14,20,10,53,1008,2.1,270,0
1988,4,10,19,0,0,0,18.3,14.4,78,1009,7.7,310,0
1988,4,10,20,0,0,0,17.8,13.9,78,1010,6.7,310,0
1988,4,10,21,0,0,0,15.6,13.9,90,1010,7.7,330,0
1988,4,10,22,0,0,0,15.6,13.3,87,1010,7.7,330,0
1988,4,10,23,0,0,0,15,12.8,87,1010,7.2,320,0
1988,4,11,0,0,0,0,14.4,12.2,87,1009,6.2,300,0
1988,4,11,1,0,0,0,11.7,10.6,93,1009,7.2,300,0
1988,4,11,2,0,0,0,10.6,8.3,86,1009,8.8,310,0
1988,4,11,3,0,0,0,9.4,8.3,93,1009,7.2,320,0
1988,4,11,4,0,0,0,8.9,6.7,86,1010,7.7,310,0
1988,4,11,5,4,0,4,8.9,6.1,83,1010,7.2,310,0
1988,4,11,6,85,62,74,8.3,4.4,77,1011,8.8,310,0
1988,4,11,7,304,477,116,10,3.9,66,1012,6.2,300,0
1988,4,11,8,480,487,193,11.1,3.9,61,1011,7.7,300,0
1988,4,11,9,717,750,155,12.8,2.8,51,1011,8.8,290,0
1988,4,11,10,811,623,274,13.9,0.6,40,1010,8.8,290,0
1988,4,11,11,675,370,335,13.9,0,39,1010,8.8,280,0
1988,4,11,12,699,387,342,12.2,1.1,47,1009,8.8,290,0
1988,4,11,13,494,168,348,13.9,2.2,46,1008,10.3,300,0
1988,4,11,14,329,203,176,12.8,1.1,45,1008,9.8,280,0
1988,4,11,15,477,435,216,13.3,2.2,47,1008,9.3,290,0
1988,4,11,16,163,32,150,12.2,1.1,47,1008,7.2,300,0
1988,4,11,17,60,37,53,11.1,1.7,53,1008,6.7,300,0
1988,4,11,18,8,1,8,10.6,2.2,57,1009,5.7,290,0
1988,4,11,19,0,0,0,10.6,2.8,59,1009,5.7,300,0
1988,4,11,20,0,0,0,9.4,3.3,66,1010,7.7,290,0
1988,4,11,21,0,0,0,9.4,3.9,69,1010,6.7,210,0
1988,4,11,22,0,0,0,9.4,4.4,71,1009,6.7,270,0
1988,4,11,23,0,0,0,9.4,5.6,77,1009,8.2,290,0
1988,4,12,0,0,0,0,9.4,5.6,77,1008,8.8,270,0
1988,4,12,1,0,0,0,10,6.1,77,1007,8.8,260,0
1988,4,12,2,0,0,0,10.6,6.1,74,1006,7.7,270,0
1988,4,12,3,0,0,0,10.6,6.1,74,1006,8.8,260,0
1988,4,12,4,0,0,0,11.7,5.6,66,1006,10.3,270,0
1988,4,12,5,6,5,5,11.7,5.6,66,1007,7.7,290,0
1988,4,12,6,104,212,65,12.2,5.6,64,1008,7.7,290,0
1988,4,12,7,315,538,101,14.4,6.1,58,1009,7.7,280,0
1988,4,12,8,555,807,77,16.1,7.2,56,1009,7.7,300,0
1988,4,12,9,735,860,88,17.2,7.8,54,1010,8.8,280,0
1988,4,12,10,905,934,97,18.9,7.2,47,1009,7.2,290,0
1988,4,12,11,983,954,102,20,6.7,42,1009,8.2,320,0
1988,4,12,12,990,959,102,21.1,6.7,39,1009,7.7,310,0
1988,4,12,13,921,947,98,22.2,7.2,38,1008,6.7,300,0
1988,4,12,14,750,855,101,22.2,7.2,38,1008,7.2,320,0
1988,4,12,15,590,848,79,22.2,7.2,38,1008,5.7,310,0
1988,4,12,16,368,756,58,22.2,8.3,41,1008,4.6,300,0
1988,4,12,17,138,521,36,20.6,8.9,47,1009,4.6,310,0
1988,4,12,18,19,60,11,16.7,9.4,63,1010,2.1,280,0
1988,4,12,19,0,0,0,16.1,10,67,1011,2.6,300,0
1988,4,12,20,0,0,0,14.4,8.3,67,1012,3.1,290,0
1988,4,12,21,0,0,0,12.8,10,83,1013,2.1,300,0
1988,4,12,22,0,0,0,11.7,10,90,1013,2.6,280,0
1988,4,12,23,0,0,0,11.7,10,90,1013,2.1,270,0
1988,4,13,0,0,0,0,10.6,10,96,1013,0,0,0
1988,4,13,1,0,0,0,10.6,9.4,93,1013,2.6,260,0
1988,4,13,2,0,0,0,10,8.9,93,1013,2.1,270,0
1988,4,13,3,0,0,0,10,8.9,93,1013,0,0,0
1988,4,13,4,0,0,0,9.4,8.3,93,1014,2.6,320,0
1988,4,13,5,15,39,10,8.9,8.3,96,1014,3.1,310,0
1988,4,13,6,127,469,39,14.4,12.2,87,1015,3.1,340,0
1988,4,13,7,353,723,63,17.8,10,61,1015,4.1,360,0
1988,4,13,8,578,830,84,19.4,10.6,57,1015,4.1,350,0
1988,4,13,9,773,893,99,21.1,10,49,1016,3.6,10,0
1988,4,13,10,911,926,108,22.2,9.4,44,1016,2.6,360,0
1988,4,13,11,986,942,113,23.3,8.3,38,1015,3.1,350,0
1988,4,13,12,988,943,113,24.4,8.3,36,1015,3.6,360,0
1988,4,13,13,916,927,109,24.4,9.4,39,1014,2.6,300,0
1988,4,13,14,783,898,99,26.1,8.9,34,1013,4.1,320,0
1988,4,13,15,592,840,85,25.6,10,38,1013,3.6,310,0
1988,4,13,16,367,734,64,25,10,39,1013,3.1,240,0
1988,4,13,17,138,493,40,23.3,10.6,45,1013,2.6,210,0
1988,4,13,18,19,52,12,21.7,10.6,49,1013,2.6,200,0
1988,4,13,19,0,0,0,19.4,12.2,63,1014,4.1,210,0
1988,4,13,20,0,0,0,18.9,11.7,63,1015,4.6,230,0
1988,4,13,21,0,0,0,17.2,11.1,68,1015,4.1,240,0
1988,4,13,22,0,0,0,16.7,10.6,67,1015,4.1,240,0
1988,4,13,23,0,0,0,15.6,11.1,75,1015,3.6,240,0
1988,4,14,0,0,0,0,15.6,11.1,75,1015,2.6,240,0
1988,4,14,1,0,0,0,11.7,11.1,96,1015,0,0,0
1988,4,14,2,0,0,0,11.7,11.1,96,1015,2.1,80,0
1988,4,14,3,0,0,0,11.1,11.1,100,1015,0,0,0
1988,4,14,4,0,0,0,11.7,11.7,100,1015,0,0,0
1988,4,14,5,17,51,11,11.1,11.1,100,1016,0,0,0
1988,4,14,6,132,479,41,15,14.4,97,1016,0,0,0
1988,4,14,7,359,735,60,20,14.4,71,1017,0,0,0
1988,4,14,8,585,852,76,22.2,11.7,51,1017,2.1,330,0
1988,4,14,9,778,909,89,24.4,9.4,39,1018,1.5,310,0
1988,4,14,10,907,930,98,25.6,12.8,45,1018,2.6,240,0
1988,4,14,11,915,811,161,26.1,11.7,41,1017,3.6,220,0
1988,4,14,12,876,714,211,26.7,10.6,37,1017,5.2,200,0
1988,4,14,13,766,630,216,26.1,11.7,41,1017,5.2,190,0
1988,4,14,14,700,681,180,26.7,11.1,38,1016,4.1,200,0
1988,4,14,15,554,643,164,25.6,10,38,1016,7.2,190,0
1988,4,14,16,298,467,105,24.4,11.1,43,1016,6.2,180,0
1988,4,14,17,115,292,57,22.8,9.4,43,1016,5.7,190,0
1988,4,14,18,22,70,13,20.6,9.4,49,1016,4.6,180,0
1988,4,14,19,0,0,0,18.9,12.2,65,1017,5.2,190,0
1988,4,14,20,0,0,0,18.3,14.4,78,1017,4.6,170,0
1988,4,14,21,0,0,0,17.2,15,87,1017,3.6,180,0
1988,4,14,22,0,0,0,16.1,15,93,1017,3.6,210,0
1988,4,14,23,0,0,0,15.6,15,97,1017,0,0,0
1988,4,15,0,0,0,0,13.9,13.9,100,1017,0,0,0
1988,4,15,1,0,0,0,13.9,13.9,100,1017,0,0,0
1988,4,15,2,0,0,0,11.1,11.1,100,1017,0,0,0
1988,4,15,3,0,0,0,11.1,11.1,100,1017,0,0,0
1988,4,15,4,0,0,0,10.6,10.6,100,1017,0,0,0
1988,4,15,5,10,7,9,10.6,10.6,100,1018,0,0,0
1988,4,15,6,91,152,61,14.4,14.4,100,1018,0,0,0
1988,4,15,7,318,555,91,19.4,16.7,84,1019,2.1,190,0
1988,4,15,8,388,340,183,21.1,16.7,76,1019,2.6,220,0
1988,4,15,9,682,557,258,22.2,16.1,69,1019,4.1,200,0
1988,4,15,10,755,594,237,23.3,16.1,64,1019,4.6,220,0
1988,4,15,11,730,485,279,24.4,15,56,1019,5.7,220,0
1988,4,15,12,841,594,286,25.6,15,52,1018,5.2,190,0
1988,4,15,13,636,433,257,26.1,15,51,1017,5.7,200,0
1988,4,15,14,523,381,232,25,14.4,52,1016,3.6,180,0
1988,4,15,15,473,380,242,24.4,15,56,1016,3.6,200,0
1988,4,15,16,357,575,118,25,13.9,50,1016,4.6,230,0
1988,4,15,17,115,291,56,22.8,13.9,57,1016,3.6,220,0
1988,4,15,18,12,13,10,21.1,14.4,66,1016,3.6,220,0
1988,4,15,19,0,0,0,19.4,13.9,70,1016,2.6,210,0
1988,4,15,20,0,0,0,18.3,13.9,76,1017,3.6,220,0
1988,4,15,21,0,0,0,17.8,14.4,81,1018,3.1,210,0
1988,4,15,22,0,0,0,16.1,15,93,1018,2.1,220,0
1988,4,15,23,0,0,0,16.7,15,90,1018,3.6,200,0
1988,4,16,0,0,0,0,16.1,15,93,1017,2.1,230,0
1988,4,16,1,0,0,0,13.3,13.3,100,1017,0,0,0
1988,4,16,2,0,0,0,12.8,12.8,100,1016,0,0,0
1988,4,16,3,0,0,0,11.7,11.7,100,1017,0,0,0
1988,4,16,4,0,0,0,12.2,12.2,100,1017,0,0,0
1988,4,16,5,7,7,6,11.1,11.1,100,1018,0,0,0
1988,4,16,6,115,313,53,15.6,15.6,100,1018,0,0,0
1988,4,16,7,128,2,127,18.9,17.8,93,1019,3.6,10,0
1988,4,16,8,236,25,221,20,17.2,84,1020,2.6,10,0
1988,4,16,9,527,239,344,21.1,17.2,79,1020,3.6,10,0
1988,4,16,10,499,132,384,22.8,17.2,71,1020,2.6,360,0
1988,4,16,11,594,93,507,22.8,17.2,71,1019,3.1,110,0
1988,4,16,12,338,43,298,23.3,16.7,66,1018,2.1,20,0
1988,4,16,13,474,95,390,24.4,16.7,62,1018,2.6,50,0
1988,4,16,14,404,88,336,24.4,16.1,60,1018,2.6,40,0
1988,4,16,15,330,80,281,22.8,16.7,69,1017,3.6,10,0
1988,4,16,16,212,172,140,22.2,16.7,71,1017,2.1,50,0
1988,4,16,17,91,89,73,22.2,16.7,71,1017,2.1,50,0
1988,4,16,18,15,8,14,20,15.6,76,1017,2.6,100,0
1988,4,16,19,0,0,0,20.6,17.2,81,1017,3.1,110,0
1988,4,16,20,0,0,0,19.4,17.2,87,1018,2.6,120,0
1988,4,16,21,0,0,0,19.4,17.8,90,1018,3.1,140,0
1988,4,16,22,0,0,0,19.4,17.8,90,1017,3.6,160,0
1988,4,16,23,0,0,0,19.4,18.9,97,1017,3.1,160,0
1988,4,17,0,0,0,0,19.4,18.9,97,1016,3.1,170,0
1988,4,17,1,0,0,0,19.4,18.9,97,1016,3.1,140,0
1988,4,17,2,0,0,0,19.4,19.4,100,1016,3.6,150,0
1988,4,17,3,0,0,0,19.4,18.9,97,1015,4.1,130,0
1988,4,17,4,0,0,0,19.4,18.9,97,1016,3.1,130,0
1988,4,17,5,5,0,5,20,19.4,97,1016,3.1,140,0
1988,4,17,6,77,9,75,20,20,100,1016,3.6,130,0
1988,4,17,7,204,165,136,21.1,20,93,1016,3.1,120,0
1988,4,17,8,343,151,251,22.8,18.3,76,1016,5.7,130,0
1988,4,17,9,425,204,269,25,19.4,71,1016,6.2,150,0
1988,4,17,10,592,377,261,25,20,74,1016,6.2,160,0
1988,4,17,11,662,352,332,26.1,20,69,1016,6.2,160,0
1988,4,17,12,692,351,363,26.1,20.6,72,1015,6.7,160,0
1988,4,17,13,692,475,274,26.7,20,67,1014,7.7,170,0
1988,4,17,14,642,488,267,25,19.4,71,1013,8.2,160,0
1988,4,17,15,558,720,117,25,20,74,1012,8.8,160,0
1988,4,17,16,320,518,102,24.4,19.4,74,1011,8.2,160,0
1988,4,17,17,133,327,65,23.3,19.4,79,1011,7.2,160,0
1988,4,17,18,17,24,14,22.2,20,87,1010,6.2,160,0
1988,4,17,19,0,0,0,21.7,20,90,1010,5.2,160,0
1988,4,17,20,0,0,0,21.7,20,90,1010,5.2,160,0
1988,4,17,21,0,0,0,21.7,19.4,87,1009,6.2,150,0
1988,4,17,22,0,0,0,22.2,20,87,1009,7.2,170,0
1988,4,17,23,0,0,0,22.2,20.6,90,1008,7.2,170,0
1988,4,18,0,0,0,0,22.2,20.6,90,1008,6.7,170,0
1988,4,18,1,0,0,0,22.8,21.1,90,1007,6.7,180,0
1988,4,18,2,0,0,0,22.8,20.6,87,1007,6.2,190,0
1988,4,18,3,0,0,0,20.6,19.4,93,1007,6.2,210,0
1988,4,18,4,0,0,0,21.1,20.6,97,1007,4.1,180,0
1988,4,18,5,13,11,12,21.1,20,93,1007,3.6,210,0
1988,4,18,6,69,38,62,21.7,20.6,93,1007,5.7,210,0
1988,4,18,7,128,7,125,22.2,21.1,94,1008,5.7,220,0
1988,4,18,8,238,6,234,22.8,20.6,87,1009,5.7,240,0
1988,4,18,9,311,15,299,25,21.7,82,1009,5.7,240,0
1988,4,18,10,607,346,303,26.1,21.7,77,1008,6.7,210,0
1988,4,18,11,622,288,352,27.2,21.1,69,1006,6.2,180,0
1988,4,18,12,430,37,396,25,20.6,76,1006,5.7,210,0
1988,4,18,13,873,672,281,26.1,21.7,77,1004,4.1,170,0
1988,4,18,14,383,89,314,26.1,21.7,77,1004,5.7,170,0
1988,4,18,15,477,435,210,25.6,21.7,79,1003,7.2,180,0
1988,4,18,16,210,68,181,25,21.1,79,1003,6.7,200,0
1988,4,18,17,86,34,79,23.9,21.7,87,1003,6.2,210,0
1988,4,18,18,14,8,13,22.8,21.1,90,1003,5.2,220,0
1988,4,18,19,0,0,0,22.8,21.1,90,1004,4.1,230,0
1988,4,18,20,0,0,0,21.7,20.6,93,1004,4.6,230,0
1988,4,18,21,0,0,0,21.1,20.6,97,1005,5.2,240,0
1988,4,18,22,0,0,0,21.1,20.6,97,1005,5.2,240,0
1988,4,18,23,0,0,0,21.1,19.4,90,1005,5.2,290,0
1988,4,19,0,0,0,0,20,18.3,90,1006,4.6,320,0
1988,4,19,1,0,0,0,18.3,15,81,1006,5.7,310,0
1988,4,19,2,0,0,0,17.2,13.3,78,1007,7.7,320,0
1988,4,19,3,0,0,0,16.1,13.9,87,1007,5.7,320,0
1988,4,19,4,0,0,0,15.6,13.3,87,1008,5.2,320,0
1988,4,19,5,14,14,13,15,12.8,87,1009,5.7,310,0
1988,4,19,6,133,220,86,15.6,12.8,84,1010,7.2,340,0
1988,4,19,7,178,53,155,16.1,12.2,78,1011,6.2,360,0
1988,4,19,8,412,245,262,16.7,11.7,73,1011,6.7,340,0
1988,4,19,9,468,355,195,18.3,11.7,65,1012,6.2,330,0
1988,4,19,10,618,378,284,20,12.2,61,1012,4.6,340,0
1988,4,19,11,846,594,288,20.6,12.8,61,1012,5.7,320,0
1988,4,19,12,921,840,132,20.6,12.8,61,1011,4.6,320,0
1988,4,19,13,872,869,105,21.7,12.8,57,1011,4.6,310,0
1988,4,19,14,752,854,93,22.8,13.9,57,1011,5.2,330,0
1988,4,19,15,565,791,78,22.8,13.3,55,1009,4.1,340,0
1988,4,19,16,371,737,59,22.8,13.9,57,1011,2.1,20,0
1988,4,19,17,149,515,41,20.6,12.2,59,1011,5.7,10,0
1988,4,19,18,22,65,14,18.9,12.2,65,1012,3.6,10,0
1988,4,19,19,0,0,0,17.8,12.2,70,1012,3.1,10,0
1988,4,19,20,0,0,0,17.8,12.2,70,1013,4.1,50,0
1988,4,19,21,0,0,0,17.2,11.1,68,1013,4.1,50,0
1988,4,19,22,0,0,0,16.7,10,65,1013,4.1,60,0
1988,4,19,23,0,0,0,15.6,9.4,67,1013,4.1,60,0
1988,4,20,0,0,0,0,14.4,8.3,67,1013,3.1,60,0
1988,4,20,1,0,0,0,13.3,8.9,75,1013,1.5,90,0
1988,4,20,2,0,0,0,11.1,10,93,1013,1.5,50,0
1988,4,20,3,0,0,0,10.6,10,96,1014,0,0,0
1988,4,20,4,0,0,0,10,10,100,1015,0,0,0
1988,4,20,5,21,55,14,10.6,10.6,100,1015,0,0,0
1988,4,20,6,148,486,45,16.1,12.8,81,1015,2.6,90,0
1988,4,20,7,376,715,71,18.3,12.2,68,1015,4.6,110,0
1988,4,20,8,596,815,93,20.6,12.8,61,1015,2.6,130,0
1988,4,20,9,787,877,108,21.7,11.7,53,1016,2.1,10,0
1988,4,20,10,919,906,118,22.8,13.3,55,1016,3.6,110,0
1988,4,20,11,923,864,109,23.3,13.9,56,1015,2.6,240,0
1988,4,20,12,944,879,116,24.4,13.9,52,1014,5.7,200,0
1988,4,20,13,842,796,139,24.4,13.3,50,1014,2.6,220,0
1988,4,20,14,688,713,137,24.4,14.4,54,1013,3.1,30,0
1988,4,20,15,588,800,95,24.4,14.4,54,1012,3.6,70,0
1988,4,20,16,366,690,72,23.9,15,58,1012,3.6,40,0
1988,4,20,17,144,459,47,21.7,15.6,68,1012,3.6,160,0
1988,4,20,18,22,53,15,21.7,15.6,68,1012,3.6,160,0
1988,4,20,19,0,0,0,20.6,16.7,79,1012,4.1,150,0
1988,4,20,20,0,0,0,20,16.7,81,1013,4.6,200,0
1988,4,20,21,0,0,0,18.9,17.2,90,1013,4.6,200,0
1988,4,20,22,0,0,0,18.3,17.2,93,1013,4.6,190,0
1988,4,20,23,0,0,0,18.3,17.2,93,1012,4.1,180,0
1988,4,21,0,0,0,0,17.8,17.2,97,1012,3.1,190,0
1988,4,21,1,0,0,0,16.7,16.7,100,1011,2.6,220,0
1988,4,21,2,0,0,0,17.2,16.7,97,1011,3.6,190,0
1988,4,21,3,0,0,0,16.7,16.7,100,1011,3.1,210,0
1988,4,21,4,0,0,0,16.7,16.1,97,1011,2.6,210,0
1988,4,21,5,23,13,22,16.7,16.7,100,1012,2.6,220,0
1988,4,21,6,135,374,54,18.3,17.8,97,1012,3.6,230,0
1988,4,21,7,354,585,102,20.6,18.9,90,1012,3.6,210,0
1988,4,21,8,516,601,143,22.2,18.3,79,1013,4.1,220,0
1988,4,21,9,701,728,135,24.4,18.3,69,1012,2.6,230,0
1988,4,21,10,724,599,193,26.1,16.7,56,1012,3.6,170,0
1988,4,21,11,668,415,276,27.2,19.4,63,1011,4.6,200,0
1988,4,21,12,754,393,384,28.3,18.9,57,1012,4.1,220,0
1988,4,21,13,500,171,349,27.8,16.7,51,1010,4.6,170,0
1988,4,21,14,612,436,274,28.3,13.9,41,1009,6.2,190,0
1988,4,21,15,419,304,231,27.8,14.4,44,1009,6.7,170,0
1988,4,21,16,265,124,212,25.6,16.7,58,1009,6.7,180,0
1988,4,21,17,75,20,71,23.9,18.9,74,1009,5.2,170,0
1988,4,21,18,20,12,18,22.2,18.9,82,1009,5.7,180,0
1988,4,21,19,0,0,0,21.1,18.9,87,1009,4.1,180,0
1988,4,21,20,0,0,0,20.6,18.9,90,1010,3.6,180,0
1988,4,21,21,0,0,0,20.6,18.9,90,1009,4.1,170,0
1988,4,21,22,0,0,0,20,18.9,93,1009,3.6,150,0
1988,4,21,23,0,0,0,21.7,20,90,1009,4.1,160,0
1988,4,22,0,0,0,0,21.7,20.6,93,1008,2.6,170,0
1988,4,22,1,0,0,0,22.2,21.1,94,1007,6.2,170,0
1988,4,22,2,0,0,0,22.2,21.1,94,1006,6.2,180,0
1988,4,22,3,0,0,0,22.8,21.7,94,1007,4.6,190,0
1988,4,22,4,0,0,0,22.2,22.2,100,1007,3.6,160,0
1988,4,22,5,15,1,15,22.8,22.8,100,1007,4.6,180,0
1988,4,22,6,86,6,85,23.3,22.8,97,1009,3.6,190,0
1988,4,22,7,158,5,156,23.9,22.8,94,1009,4.1,180,0
1988,4,22,8,219,1,218,25.6,23.3,88,1009,5.2,190,0
1988,4,22,9,390,6,385,25.6,23.3,88,1009,5.7,190,0
1988,4,22,10,510,140,385,27.8,23.9,79,1008,6.7,180,0
1988,4,22,11,722,435,311,27.8,23.9,79,1008,7.7,190,0
1988,4,22,12,400,12,388,27.2,23.9,82,1007,6.2,180,0
1988,4,22,13,330,4,326,27.2,23.9,82,1007,4.1,190,0
1988,4,22,14,317,6,313,27.2,23.9,82,1007,5.2,160,0
1988,4,22,15,215,10,209,27.2,23.9,82,1007,6.2,180,0
1988,4,22,16,204,99,162,26.1,23.9,88,1007,7.2,180,0
1988,4,22,17,52,1,52,25,23.9,94,1007,5.2,190,0
1988,4,22,18,10,0,10,24.4,23.3,94,1007,4.6,180,0
1988,4,22,19,0,0,0,24.4,23.3,94,1007,4.6,190,0
1988,4,22,20,0,0,0,23.9,23.3,97,1007,4.6,180,0
1988,4,22,21,0,0,0,23.9,22.8,94,1008,5.2,170,0
1988,4,22,22,0,0,0,23.9,23.3,97,1008,5.2,170,0
1988,4,22,23,0,0,0,23.9,22.8,94,1008,5.7,190,0
1988,4,23,0,0,0,0,23.9,22.8,94,1008,4.6,210,0
1988,4,23,1,0,0,0,23.9,22.8,94,1008,2.6,230,0
1988,4,23,2,0,0,0,23.3,22.8,97,1007,4.1,190,0
1988,4,23,3,0,0,0,23.3,22.8,97,1008,2.6,200,0
1988,4,23,4,0,0,0,22.8,22.8,100,1008,2.6,180,0
1988,4,23,5,11,0,11,22.8,22.8,100,1009,4.1,170,0
1988,4,23,6,57,3,56,22.8,22.8,100,1010,4.1,170,0
1988,4,23,7,159,8,156,23.9,22.8,94,1011,3.6,180,0
1988,4,23,8,228,0,228,24.4,22.8,91,1011,3.1,210,0
1988,4,23,9,383,70,328,26.1,22.8,82,1010,6.7,180,0
1988,4,23,10,248,6,242,25.6,22.8,85,1010,7.2,190,0
1988,4,23,11,349,12,337,27.2,23.3,79,1010,4.6,210,0
1988,4,23,12,400,90,314,28.9,23.3,72,1010,4.1,190,0
1988,4,23,13,431,5,426,28.3,23.9,77,1009,6.2,180,0
1988,4,23,14,355,5,351,27.2,23.9,82,1008,6.7,170,0
1988,4,23,15,298,82,247,27.8,23.9,79,1008,6.7,180,0
1988,4,23,16,208,99,165,26.7,23.3,82,1009,5.7,190,0
1988,4,23,17,119,228,70,25.6,22.8,85,1008,6.2,180,0
1988,4,23,18,16,2,15,25,22.8,88,1009,4.1,210,0
1988,4,23,19,0,0,0,25,22.8,88,1009,4.1,190,0
1988,4,23,20,0,0,0,24.4,22.2,88,1010,3.6,200,0
1988,4,23,21,0,0,0,23.9,22.8,94,1010,4.6,200,0
1988,4,23,22,0,0,0,23.3,22.8,97,1010,3.6,210,0
1988,4,23,23,0,0,0,23.3,22.8,97,1010,2.6,200,0
1988,4,24,0,0,0,0,23.3,22.8,97,1010,3.6,230,0
1988,4,24,1,0,0,0,23.3,22.8,97,1010,4.1,270,0
1988,4,24,2,0,0,0,22.8,22.2,97,1010,2.6,270,0
1988,4,24,3,0,0,0,22.8,22.8,100,1010,3.1,280,0
1988,4,24,4,0,0,0,22.2,22.2,100,1010,2.1,300,0
1988,4,24,5,16,11,15,21.7,21.7,100,1011,2.6,320,0
1988,4,24,6,135,280,72,22.8,22.2,97,1012,4.6,340,0
1988,4,24,7,338,548,97,24.4,21.7,85,1012,5.2,330,0
1988,4,24,8,565,696,127,25.6,19.4,69,1012,3.6,340,0
1988,4,24,9,771,793,149,27.2,20,65,1012,3.1,20,0
1988,4,24,10,902,828,162,28.3,17.2,51,1012,3.1,60,0
1988,4,24,11,825,648,210,30.6,12.8,34,1011,3.6,40,0
1988,4,24,12,915,703,248,31.1,10,27,1011,1.5,270,0
1988,4,24,13,817,703,191,31.1,10.6,28,1010,2.6,60,0
1988,4,24,14,600,483,224,30.6,8.3,25,1010,3.6,350,0
1988,4,24,15,485,388,243,31.1,8.3,24,1010,1.5,30,0
1988,4,24,16,339,448,145,29.4,7.2,25,1008,3.1,40,0
1988,4,24,17,101,184,61,27.8,11.7,37,1008,2.6,50,0
1988,4,24,18,16,19,13,26.1,22.2,79,1009,4.1,190,0
1988,4,24,19,0,0,0,25.6,22.2,82,1010,5.2,160,0
1988,4,24,20,0,0,0,24.4,22.8,91,1010,4.1,180,0
1988,4,24,21,0,0,0,24.4,23.3,94,1010,4.6,180,0
1988,4,24,22,0,0,0,23.3,22.8,97,1009,4.6,170,0
1988,4,24,23,0,0,0,23.9,22.8,94,1008,5.2,200,0
1988,4,25,0,0,0,0,23.3,22.8,97,1008,3.6,210,0
1988,4,25,1,0,0,0,23.9,22.8,94,1008,2.1,300,0
1988,4,25,2,0,0,0,23.9,22.8,94,1008,2.1,240,0
1988,4,25,3,0,0,0,23.3,22.2,94,1007,3.1,200,0
1988,4,25,4,0,0,0,23.3,22.2,94,1008,2.1,160,0
1988,4,25,5,18,6,17,23.3,22.2,94,1008,3.1,220,0
1988,4,25,6,128,201,81,23.9,22.2,90,1009,4.6,210,0
1988,4,25,7,178,58,153,24.4,22.2,88,1009,5.7,200,0
1988,4,25,8,315,74,268,25,21.1,79,1009,5.7,200,0
1988,4,25,9,728,761,130,27.2,21.1,69,1008,7.2,180,0
1988,4,25,10,797,645,220,27.8,21.7,69,1008,4.6,200,0
1988,4,25,11,651,269,396,27.8,21.7,69,1007,5.7,190,0
1988,4,25,12,621,235,398,28.3,21.7,67,1006,5.2,220,0
1988,4,25,13,772,572,261,28.9,21.7,65,1006,6.7,210,0
1988,4,25,14,486,252,290,28.3,21.7,67,1005,7.2,220,0
1988,4,25,15,429,334,220,27.8,22.2,72,1005,6.7,200,0
1988,4,25,16,305,367,146,27.2,21.7,72,1005,7.2,210,0
1988,4,25,17,134,261,76,26.7,21.1,72,1005,6.2,240,0
1988,4,25,18,20,37,16,24.4,21.1,82,1006,4.1,220,0
1988,4,25,19,0,0,0,23.9,21.7,87,1006,3.6,220,0
1988,4,25,20,0,0,0,22.8,21.7,94,1007,4.6,220,0
1988,4,25,21,0,0,0,22.2,21.7,97,1007,4.1,230,0
1988,4,25,22,0,0,0,22.2,21.7,97,1007,4.1,240,0
1988,4,25,23,0,0,0,21.7,21.1,97,1007,4.1,270,0
1988,4,26,0,0,0,0,21.7,20.6,93,1007,4.1,300,0
1988,4,26,1,0,0,0,20.6,16.7,79,1007,4.1,320,0
1988,4,26,2,0,0,0,19.4,16.1,81,1007,3.1,330,0
1988,4,26,3,0,0,0,18.3,16.7,90,1007,3.6,340,0
1988,4,26,4,0,0,0,17.2,16.1,93,1008,3.1,340,0
1988,4,26,5,21,27,18,17.8,17.2,97,1009,3.1,340,0
1988,4,26,6,129,187,85,20.6,18.9,90,1010,3.6,10,0
1988,4,26,7,298,318,156,22.2,18.9,82,1010,4.1,350,0
1988,4,26,8,557,671,131,23.9,18.3,71,1010,2.1,20,0
1988,4,26,9,785,832,129,24.4,15,56,1010,4.6,50,0
1988,4,26,10,918,863,144,26.1,15,51,1010,3.6,80,0
1988,4,26,11,991,887,146,27.2,15,47,1010,2.6,10,0
1988,4,26,12,978,870,150,27.2,13.9,44,1009,4.6,360,0
1988,4,26,13,918,871,140,28.3,12.8,38,1009,0,0,0
1988,4,26,14,780,833,129,28.9,15,43,1008,3.1,20,0
1988,4,26,15,598,780,110,29.4,13.9,39,1008,1.5,70,0
1988,4,26,16,374,665,84,29.4,15,42,1009,0,0,0
1988,4,26,17,134,338,59,27.2,18.3,58,1009,0,0,0
1988,4,26,18,23,44,18,22.2,16.7,71,1009,0,0,0
1988,4,26,19,0,0,0,21.1,15.6,71,1010,0,0,0
1988,4,26,20,0,0,0,19.4,15.6,78,1011,0,0,0
1988,4,26,21,0,0,0,19.4,17.2,87,1011,1.5,100,0
1988,4,26,22,0,0,0,18.3,17.2,93,1012,2.1,240,0
1988,4,26,23,0,0,0,17.8,17.2,97,1012,1.5,280,0
1988,4,27,0,0,0,0,17.2,17.2,100,1012,2.1,270,0
1988,4,27,1,0,0,0,16.1,16.1,100,1011,0,0,0
1988,4,27,2,0,0,0,15.6,15.6,100,1011,0,0,0
1988,4,27,3,0,0,0,16.7,16.7,100,1012,1.5,260,0
1988,4,27,4,0,0,0,14.4,14.4,100,1013,0,0,0
1988,4,27,5,23,19,21,16.1,16.1,100,1013,2.1,250,0
1988,4,27,6,144,313,70,20.6,20,97,1014,0,0,0
1988,4,27,7,363,553,116,25,20,74,1014,3.1,40,0
1988,4,27,8,588,683,153,27.8,17.2,53,1015,3.1,350,0
1988,4,27,9,771,748,179,25.6,17.2,60,1016,6.2,20,0
1988,4,27,10,905,789,195,25,17.2,62,1016,7.2,360,0
1988,4,27,11,974,808,203,26.1,16.7,56,1016,7.7,350,0
1988,4,27,12,975,811,202,26.7,15.6,51,1016,6.2,20,0
1988,4,27,13,904,793,195,27.2,15,47,1015,3.6,10,0
1988,4,27,14,767,752,178,27.2,15.6,49,1014,3.6,40,0
1988,4,27,15,580,683,151,27.2,15,47,1014,5.2,340,0
1988,4,27,16,356,555,114,26.7,13.3,44,1014,3.1,10,0
1988,4,27,17,136,304,68,25.6,15.6,54,1014,4.1,350,0
1988,4,27,18,21,15,19,23.9,15,58,1015,4.6,350,0
1988,4,27,19,0,0,0,23.9,13.3,52,1016,5.2,10,0
1988,4,27,20,0,0,0,23.3,7.2,36,1017,5.7,10,0
1988,4,27,21,0,0,0,22.8,7.2,37,1017,5.7,20,0
1988,4,27,22,0,0,0,21.1,7.2,41,1017,4.6,20,0
1988,4,27,23,0,0,0,20,9.4,51,1018,4.1,20,0
1988,4,28,0,0,0,0,20,9.4,51,1017,5.7,30,0
1988,4,28,1,0,0,0,19.4,8.3,49,1017,4.6,40,0
1988,4,28,2,0,0,0,18.9,7.8,49,1017,6.2,40,0
1988,4,28,3,0,0,0,18.3,7.2,49,1018,5.7,40,0
1988,4,28,4,0,0,0,17.8,5,43,1019,6.2,40,0
1988,4,28,5,19,11,18,17.8,4.4,42,1020,6.2,40,0
1988,4,28,6,136,287,67,18.3,3.9,39,1020,6.2,40,0
1988,4,28,7,402,717,79,19.4,5,39,1021,8.2,50,0
1988,4,28,8,600,745,124,20.6,5,36,1021,7.2,70,0
1988,4,28,9,767,801,131,22.2,5.6,34,1021,5.7,80,0
1988,4,28,10,929,876,139,23.3,6.1,33,1021,5.2,60,0
1988,4,28,11,994,896,138,23.9,3.9,27,1021,6.2,50,0
1988,4,28,12,948,798,186,24.4,5,29,1020,7.2,40,0
1988,4,28,13,932,812,204,25.6,5,27,1019,4.1,80,0
1988,4,28,14,750,721,184,25.6,3.9,25,1018,4.6,70,0
1988,4,28,15,539,573,178,26.1,3.9,24,1017,3.6,40,0
1988,4,28,16,223,54,199,25,4.4,27,1018,3.1,20,0
1988,4,28,17,113,105,89,23.3,8.9,40,1017,3.6,200,0
1988,4,28,18,20,5,20,22.2,9.4,44,1018,2.6,200,0
1988,4,28,19,0,0,0,20.6,11.1,55,1018,4.1,160,0
1988,4,28,20,0,0,0,20,11.7,59,1018,3.6,140,0
1988,4,28,21,0,0,0,19.4,11.1,59,1019,4.1,160,0
1988,4,28,22,0,0,0,17.8,11.7,68,1018,2.6,90,0
1988,4,28,23,0,0,0,16.1,11.7,75,1018,2.6,110,0
1988,4,29,0,0,0,0,14.4,12.2,87,1018,2.1,70,0
1988,4,29,1,0,0,0,15,12.2,84,1018,0,0,0
1988,4,29,2,0,0,0,14.4,12.2,87,1017,2.1,50,0
1988,4,29,3,0,0,0,15,12.2,84,1017,0,0,0
1988,4,29,4,0,0,0,17.2,14.4,84,1017,2.6,80,0
1988,4,29,5,22,4,21,17.8,14.4,81,1018,3.6,90,0
1988,4,29,6,73,3,72,20,14.4,71,1019,4.1,80,0
1988,4,29,7,250,134,189,21.7,15,66,1019,4.1,70,0
1988,4,29,8,523,512,194,23.3,13.9,56,1019,7.2,80,0
1988,4,29,9,289,21,273,23.3,11.7,48,1018,8.2,110,0
1988,4,29,10,358,8,351,23.3,11.7,48,1018,8.2,110,0
1988,4,29,11,387,3,385,23.9,12.2,48,1017,8.2,130,0
1988,4,29,12,374,7,367,22.8,11.7,50,1017,8.8,130,0
1988,4,29,13,415,3,412,21.7,12.2,55,1016,7.7,120,0
1988,4,29,14,294,4,291,21.1,12.2,57,1014,7.2,120,0
1988,4,29,15,242,3,241,20.6,12.8,61,1014,6.2,110,0
1988,4,29,16,116,1,115,19.4,13.9,70,1014,5.2,120,0
1988,4,29,17,50,0,50,17.2,16.1,93,1014,3.6,110,0
1988,4,29,18,11,0,11,17.2,15.6,90,1015,3.1,130,0
1988,4,29,19,0,0,0,16.7,16.1,97,1016,4.1,130,0
1988,4,29,20,0,0,0,16.7,15,90,1016,3.1,100,0
1988,4,29,21,0,0,0,15.6,14.4,93,1016,6.7,80,0
1988,4,29,22,0,0,0,15,13.3,90,1014,5.2,100,0
1988,4,29,23,0,0,0,15,13.3,90,1012,6.2,130,0
1988,4,30,0,0,0,0,15.6,14.4,93,1013,4.1,120,0
1988,4,30,1,0,0,0,15.6,14.4,93,1011,6.2,130,0
1988,4,30,2,0,0,0,15.6,14.4,93,1009,7.2,90,0
1988,4,30,3,0,0,0,16.1,14.4,90,1008,8.8,100,0
1988,4,30,4,0,0,0,16.7,13.9,84,1010,7.2,80,0
1988,4,30,5,21,0,21,17.2,14.4,84,1011,6.2,80,0
1988,4,30,6,60,0,60,16.7,15.6,93,1012,8.2,80,0
1988,4,30,7,127,1,127,16.1,15.6,97,1013,4.1,70,0
1988,4,30,8,188,0,188,15.6,15.6,100,1013,6.2,60,0
1988,4,30,9,218,1,217,15.6,15,97,1013,8.2,60,0
1988,4,30,10,255,1,254,15.6,14.4,93,1014,8.8,70,0
1988,4,30,11,269,1,268,16.1,15,93,1013,9.3,60,0
1988,4,30,12,261,1,260,16.7,15,90,1013,8.8,60,0
1988,4,30,13,252,0,252,16.7,15,90,1013,8.2,50,0
1988,4,30,14,398,1,398,17.8,14.4,81,1012,6.7,80,0
1988,4,30,15,166,0,165,17.2,12.8,75,1012,8.8,80,0
1988,4,30,16,126,1,125,16.7,13.9,84,1012,6.2,80,0
1988,4,30,17,58,0,58,16.7,13.9,84,1013,5.7,80,0
1988,4,30,18,15,3,15,17.2,14.7,85,1013,4,85,0
1988,4,30,19,0,0,0,18,14.6,80,1013,4.2,69,0
1988,4,30,20,0,0,0,18.4,15,80,1014,3.5,78,0
1988,4,30,21,0,0,0,18.8,15,78,1013,3.7,83,0
1988,4,30,22,0,0,0,19.1,15.5,79,1013,3.6,91,0
1988,4,30,23,0,0,0,19.4,15.9,80,1013,3.4,103,0
1985,5,1,0,0,0,0,20.6,16.8,78,1013,3.3,127,0
1985,5,1,1,0,0,0,20.8,17.1,79,1013,3.3,145,0
1985,5,1,2,0,0,0,21.2,17.2,77,1013,3.2,164,0
1985,5,1,3,0,0,0,21,17.5,80,1013,2.6,181,0
1985,5,1,4,0,0,0,21.2,17.7,80,1012,3.5,169,0
1985,5,1,5,28,49,22,21.5,18.5,83,1013,2.3,196,0
1985,5,1,6,161,406,61,23.9,20.6,82,1014,2.1,230,0
1985,5,1,7,334,286,204,25,18.9,69,1014,3.6,230,0
1985,5,1,8,317,103,251,26.1,17.2,58,1014,6.2,230,0
1985,5,1,9,711,593,239,27.8,17.8,55,1014,6.7,220,0
1985,5,1,10,618,259,384,27.8,17.2,53,1013,6.7,250,0
1985,5,1,11,727,362,380,28.3,17.2,51,1012,6.2,230,0
1985,5,1,12,671,274,409,29.4,16.1,45,1012,7.7,230,0
1985,5,1,13,549,256,320,28.9,15.6,44,1011,8.8,210,0
1985,5,1,14,611,335,347,28.9,15.6,44,1011,7.7,230,0
1985,5,1,15,282,78,232,28.9,21.1,63,1010,7.7,220,0
1985,5,1,16,328,506,105,28.3,17.2,51,1010,6.2,220,0
1985,5,1,17,151,418,55,26.7,18.3,60,1010,6.2,210,0
1985,5,1,18,22,37,17,25.6,19.4,69,1010,4.1,210,0
1985,5,1,19,0,0,0,25,19.4,71,1011,4.1,200,0
1985,5,1,20,0,0,0,22.8,19.4,82,1011,3.1,200,0
1985,5,1,21,0,0,0,22.8,19.4,82,1011,4.1,190,0
1985,5,1,22,0,0,0,22.2,20,87,1011,3.6,200,0
1985,5,1,23,0,0,0,22.2,20,87,1011,3.1,200,0
1985,5,2,0,0,0,0,22.2,20,87,1010,3.6,210,0
1985,5,2,1,0,0,0,22.2,20.6,90,1010,3.1,210,0
1985,5,2,2,0,0,0,21.7,20.6,93,1010,3.1,190,0
1985,5,2,3,0,0,0,22.2,20.6,90,1009,4.1,210,0
1985,5,2,4,0,0,0,21.1,20,93,1010,4.1,260,0
1985,5,2,5,21,8,20,21.1,20,93,1010,3.1,290,0
1985,5,2,6,143,149,106,22.2,18.9,82,1011,3.6,320,0
1985,5,2,7,361,508,128,23.3,18.3,74,1011,5.7,320,0
1985,5,2,8,607,739,130,24.4,17.8,67,1011,3.1,310,0
1985,5,2,9,673,538,244,25.6,18.3,64,1010,2.6,310,0
1985,5,2,10,610,372,273,26.1,16.1,54,1011,5.7,270,0
1985,5,2,11,876,562,335,26.7,14.4,47,1010,7.2,260,0
1985,5,2,12,817,516,322,27.8,16.1,49,1011,5.2,280,0
1985,5,2,13,645,352,328,27.2,15,47,1010,6.2,300,0
1985,5,2,14,445,143,332,26.7,16.7,54,1009,5.7,320,0
1985,5,2,15,255,8,250,25.6,15.6,54,1009,4.1,310,0
1985,5,2,16,189,15,182,25,16.1,58,1010,5.7,310,0
1985,5,2,17,66,6,65,23.9,16.1,62,1010,6.2,310,0
1985,5,2,18,12,0,12,22.8,15,62,1011,5.2,330,0
1985,5,2,19,0,0,0,22.2,15,64,1011,6.7,330,0
1985,5,2,20,0,0,0,21.1,14.4,66,1012,6.7,350,0
1985,5,2,21,0,0,0,20.6,15,71,1012,6.7,340,0
1985,5,2,22,0,0,0,20,14.4,71,1012,6.7,340,0
1985,5,2,23,0,0,0,19.4,14.4,73,1012,5.7,350,0
1985,5,3,0,0,0,0,18.9,14.4,76,1011,5.7,350,0
1985,5,3,1,0,0,0,18.3,14.4,78,1011,5.2,350,0
1985,5,3,2,0,0,0,17.8,13.9,78,1011,3.6,360,0
1985,5,3,3,0,0,0,18.3,14.4,78,1011,3.6,360,0
1985,5,3,4,0,0,0,18.3,14.4,78,1012,4.1,10,0
1985,5,3,5,17,2,16,18.3,13.3,73,1012,4.6,350,0
1985,5,3,6,74,3,74,18.3,13.3,73,1013,4.6,350,0
1985,5,3,7,170,5,168,18.3,13.3,73,1013,4.6,360,0
1985,5,3,8,261,2,260,18.3,13.9,76,1014,4.6,360,0
1985,5,3,9,394,2,392,19.4,13.3,68,1014,4.6,10,0
1985,5,3,10,413,86,335,20.6,13.9,66,1014,5.2,350,0
1985,5,3,11,675,342,346,21.1,13.9,64,1014,5.7,340,0
1985,5,3,12,509,140,374,21.7,13.9,61,1013,5.2,10,0
1985,5,3,13,448,121,339,22.2,13.9,59,1013,4.6,340,0
1985,5,3,14,480,79,418,21.1,13.3,61,1013,6.2,350,0
1985,5,3,15,208,26,192,20,13.3,66,1013,6.2,350,0
1985,5,3,16,145,10,141,20,13.3,66,1013,6.2,340,0
1985,5,3,17,70,10,68,20,12.8,63,1013,7.2,30,0
1985,5,3,18,24,33,20,19.4,13.3,68,1014,4.1,10,0
1985,5,3,19,0,0,0,18.9,13.3,70,1014,4.1,10,0
1985,5,3,20,0,0,0,18.9,13.9,73,1015,3.1,10,0
1985,5,3,21,0,0,0,16.7,13.9,84,1015,2.1,340,0
1985,5,3,22,0,0,0,15.6,14.4,93,1015,2.1,320,0
1985,5,3,23,0,0,0,15,13.9,93,1014,2.6,270,0
1985,5,4,0,0,0,0,14.4,12.8,90,1014,3.1,290,0
1985,5,4,1,0,0,0,14.4,13.3,93,1013,3.6,290,0
1985,5,4,2,0,0,0,14.4,13.3,93,1013,1.5,290,0
1985,5,4,3,0,0,0,13.9,13.3,97,1014,1.5,270,0
1985,5,4,4,0,0,0,15.6,13.9,90,1014,2.6,10,0
1985,5,4,5,26,15,25,17.2,14.4,84,1015,2.6,30,0
1985,5,4,6,151,275,81,18.9,15.6,81,1015,3.6,30,0
1985,5,4,7,369,504,136,20.6,16.1,76,1016,5.7,50,0
1985,5,4,8,554,584,174,21.7,15.6,68,1016,4.6,20,0
1985,5,4,9,734,657,207,22.8,14.4,60,1016,4.1,10,0
1985,5,4,10,860,705,219,23.3,13.9,56,1016,4.6,30,0
1985,5,4,11,926,717,235,24.4,13.3,50,1016,5.7,10,0
1985,5,4,12,886,596,314,25.6,13.9,49,1016,5.7,30,0
1985,5,4,13,867,640,290,25.6,13.3,47,1015,3.6,40,0
1985,5,4,14,740,649,226,25.6,15,52,1015,3.6,30,0
1985,5,4,15,515,449,229,25.6,16.1,56,1014,4.6,40,0
1985,5,4,16,327,391,152,25,15.6,56,1014,4.6,30,0
1985,5,4,17,128,169,88,24.4,15,56,1015,4.1,60,0
1985,5,4,18,18,4,18,23.3,15.6,62,1015,4.1,140,0
1985,5,4,19,0,0,0,22.2,17.2,73,1015,3.6,100,0
1985,5,4,20,0,0,0,22.2,18.3,79,1016,3.6,110,0
1985,5,4,21,0,0,0,21.7,18.3,81,1016,3.6,110,0
1985,5,4,22,0,0,0,20.6,17.8,84,1016,2.6,100,0
1985,5,4,23,0,0,0,20,17.2,84,1016,3.1,110,0
1985,5,5,0,0,0,0,20.6,18.3,87,1015,3.6,120,0
1985,5,5,1,0,0,0,20.6,17.8,84,1015,3.1,110,0
1985,5,5,2,0,0,0,20.6,17.8,84,1015,3.6,120,0
1985,5,5,3,0,0,0,20,17.8,87,1015,3.1,110,0
1985,5,5,4,0,0,0,19.4,17.2,87,1016,2.1,90,0
1985,5,5,5,14,4,14,20.6,17.8,84,1016,2.1,90,0
1985,5,5,6,153,306,75,22.8,18.3,76,1017,3.6,110,0
1985,5,5,7,252,244,138,24.4,17.8,67,1017,7.2,110,0
1985,5,5,8,486,337,266,25.6,17.8,62,1017,7.2,110,0
1985,5,5,9,369,47,330,26.1,17.8,60,1018,5.7,100,0
1985,5,5,10,415,87,336,26.7,17.8,58,1018,5.7,110,0
1985,5,5,11,295,8,288,27.2,18.3,58,1017,5.7,100,0
1985,5,5,12,319,0,319,27.2,17.8,56,1017,9.8,130,0
1985,5,5,13,228,8,220,26.1,17.8,60,1017,6.7,140,0
1985,5,5,14,364,3,362,25.6,17.8,62,1016,7.2,130,0
1985,5,5,15,304,81,252,23.3,18.9,76,1016,4.1,210,0
1985,5,5,16,102,4,100,22.8,18.9,79,1016,4.6,240,0
1985,5,5,17,50,0,50,21.7,18.3,81,1016,3.6,250,0
1985,5,5,18,15,0,15,21.7,18.9,84,1016,0,0,0
1985,5,5,19,0,0,0,22.2,19.4,84,1016,2.1,220,0
1985,5,5,20,0,0,0,22.2,18.9,82,1016,3.1,110,0
1985,5,5,21,0,0,0,21.7,19.4,87,1017,3.6,110,0
1985,5,5,22,0,0,0,21.7,19.4,87,1016,3.6,120,0
1985,5,5,23,0,0,0,21.7,20,90,1016,3.6,120,0
1985,5,6,0,0,0,0,21.7,19.4,87,1016,3.1,120,0
1985,5,6,1,0,0,0,21.7,20,90,1016,3.6,130,0
1985,5,6,2,0,0,0,22.2,20,87,1016,4.1,120,0
1985,5,6,3,0,0,0,22.2,20,87,1016,3.6,130,0
1985,5,6,4,0,0,0,22.2,20,87,1016,3.6,130,0
1985,5,6,5,28,33,25,21.7,19.4,87,1017,2.6,190,0
1985,5,6,6,137,146,99,23.3,20,82,1018,3.1,130,0
1985,5,6,7,392,654,85,25.6,19.4,69,1018,4.1,150,0
1985,5,6,8,519,497,194,26.7,18.9,63,1018,5.7,150,0
1985,5,6,9,711,604,225,27.2,20,65,1018,4.1,140,0
1985,5,6,10,758,552,255,28.3,18.9,57,1018,5.2,190,0
1985,5,6,11,899,704,219,28.9,18.9,55,1017,5.2,180,0
1985,5,6,12,887,672,239,28.9,19.4,57,1017,6.2,170,0
1985,5,6,13,780,605,233,28.9,19.4,57,1016,4.6,150,0
1985,5,6,14,709,586,244,28.9,19.4,57,1016,5.7,150,0
1985,5,6,15,560,583,187,28.3,20,61,1015,6.2,150,0
1985,5,6,16,348,493,126,27.8,19.4,61,1015,7.2,160,0
1985,5,6,17,154,393,60,26.7,19.4,65,1015,4.1,160,0
1985,5,6,18,24,53,18,25,20,74,1016,4.6,170,0
1985,5,6,19,0,0,0,24.4,20.6,79,1016,4.1,150,0
1985,5,6,20,0,0,0,23.9,20.6,82,1016,3.6,150,0
1985,5,6,21,0,0,0,23.9,20.6,82,1017,3.6,150,0
1985,5,6,22,0,0,0,23.3,20.6,85,1016,3.1,170,0
1985,5,6,23,0,0,0,23.3,20.6,85,1016,3.1,150,0
1985,5,7,0,0,0,0,23.3,20.6,85,1016,3.1,140,0
1985,5,7,1,0,0,0,22.8,20.6,87,1016,3.6,130,0
1985,5,7,2,0,0,0,22.2,20.6,90,1015,3.6,120,0
1985,5,7,3,0,0,0,22.8,20.6,87,1015,3.1,130,0
1985,5,7,4,0,0,0,21.1,19.4,90,1015,2.6,130,0
1985,5,7,5,12,1,12,21.7,20,90,1016,3.6,170,0
1985,5,7,6,125,72,106,21.7,20,90,1016,3.1,180,0
1985,5,7,7,226,92,183,22.8,20.6,87,1016,3.1,150,0
1985,5,7,8,290,9,284,24.4,20.6,79,1017,3.6,150,0
1985,5,7,9,398,97,319,23.9,20.6,82,1017,3.1,140,0
1985,5,7,10,770,472,339,25,21.1,79,1016,3.6,180,0
1985,5,7,11,578,225,361,27.8,21.1,67,1016,4.1,160,0
1985,5,7,12,539,47,493,27.2,21.1,69,1016,5.2,190,0
1985,5,7,13,590,153,451,26.7,20.6,69,1015,5.2,180,0
1985,5,7,14,200,1,199,26.1,21.1,74,1014,4.1,170,0
1985,5,7,15,232,27,214,23.9,20.6,82,1013,4.1,140,0
1985,5,7,16,203,71,171,26.1,21.7,77,1013,4.1,150,0
1985,5,7,17,110,59,96,25.6,20.6,74,1012,4.6,170,0
1985,5,7,18,24,28,21,25,20.6,76,1012,4.1,160,0
1985,5,7,19,0,0,0,24.4,20.6,79,1013,5.2,200,0
1985,5,7,20,0,0,0,22.8,20.6,87,1014,4.1,210,0
1985,5,7,21,0,0,0,22.8,21.1,90,1014,3.6,210,0
1985,5,7,22,0,0,0,22.2,20.6,90,1015,4.1,200,0
1985,5,7,23,0,0,0,22.2,20.6,90,1015,3.6,200,0
1985,5,8,0,0,0,0,22.2,20.6,90,1015,3.1,210,0
1985,5,8,1,0,0,0,21.7,20.6,93,1015,3.1,240,0
1985,5,8,2,0,0,0,21.7,20.6,93,1014,2.6,210,0
1985,5,8,3,0,0,0,21.1,20,93,1015,3.1,210,0
1985,5,8,4,0,0,0,21.7,20.6,93,1014,2.1,220,0
1985,5,8,5,31,86,22,21.7,20.6,93,1014,3.6,230,0
1985,5,8,6,176,453,57,23.3,21.1,87,1015,4.6,240,0
1985,5,8,7,146,62,117,24.4,21.1,82,1015,5.2,250,0
1985,5,8,8,444,276,262,26.7,20.6,69,1015,5.2,260,0
1985,5,8,9,412,71,355,27.2,20.6,67,1015,5.2,250,0
1985,5,8,10,230,9,221,27.2,20,65,1015,5.7,300,0
1985,5,8,11,402,0,402,28.3,20,61,1014,3.6,260,0
1985,5,8,12,484,247,246,27.2,19.4,63,1013,3.6,260,0
1985,5,8,13,531,147,398,25.6,20.6,74,1013,5.2,270,0
1985,5,8,14,525,264,315,26.1,17.8,60,1012,3.6,220,0
1985,5,8,15,246,66,203,25.6,20,72,1012,3.6,230,0
1985,5,8,16,221,70,190,25,21.1,79,1012,3.1,240,0
1985,5,8,17,72,4,71,24.4,20.6,79,1013,4.1,270,0
1985,5,8,18,19,1,19,23.3,17.2,69,1013,5.7,270,0
1985,5,8,19,0,0,0,22.2,17.2,73,1014,3.6,300,0
1985,5,8,20,0,0,0,21.1,17.2,79,1014,3.6,340,0
1985,5,8,21,0,0,0,20.6,17.2,81,1014,2.6,220,0
1985,5,8,22,0,0,0,18.3,17.2,93,1013,1.5,350,0
1985,5,8,23,0,0,0,19.4,17.8,90,1013,2.6,230,0
1985,5,9,0,0,0,0,19.4,17.2,87,1014,3.6,290,0
1985,5,9,1,0,0,0,18.9,17.2,90,1014,3.1,240,0
1985,5,9,2,0,0,0,18.3,16.7,90,1014,3.1,250,0
1985,5,9,3,0,0,0,18.3,16.7,90,1014,3.1,310,0
1985,5,9,4,0,0,0,18.3,17.2,93,1014,3.1,260,0
1985,5,9,5,34,31,30,18.3,17.2,93,1014,3.1,270,0
1985,5,9,6,199,488,69,21.1,18.9,87,1015,2.1,300,0
1985,5,9,7,276,278,144,22.8,18.3,76,1015,2.1,50,0
1985,5,9,8,560,562,190,23.9,18.3,71,1015,2.1,30,0
1985,5,9,9,720,667,180,24.4,17.8,67,1015,3.1,250,0
1985,5,9,10,889,813,144,25,18.3,67,1015,4.1,20,0
1985,5,9,11,919,839,106,26.1,18.3,62,1015,4.6,350,0
1985,5,9,12,901,711,214,27.2,17.8,56,1014,4.6,300,0
1985,5,9,13,875,785,163,27.8,17.8,55,1014,4.1,340,0
1985,5,9,14,765,732,181,26.7,16.1,52,1013,3.1,360,0
1985,5,9,15,560,614,165,27.8,15.6,47,1013,4.1,350,0
1985,5,9,16,359,559,104,27.8,16.1,49,1013,3.6,360,0
1985,5,9,17,162,421,59,26.1,15.6,52,1013,2.1,10,0
1985,5,9,18,22,43,17,23.9,16.1,62,1013,1.5,20,0
1985,5,9,19,0,0,0,24.4,16.7,62,1014,4.1,10,0
1985,5,9,20,0,0,0,23.3,16.7,66,1015,4.6,10,0
1985,5,9,21,0,0,0,22.2,16.7,71,1015,4.1,30,0
1985,5,9,22,0,0,0,21.7,17.2,76,1015,3.1,50,0
1985,5,9,23,0,0,0,21.1,17.2,79,1015,4.6,40,0
1985,5,10,0,0,0,0,20.6,16.7,79,1014,3.6,40,0
1985,5,10,1,0,0,0,20,16.7,81,1014,3.1,40,0
1985,5,10,2,0,0,0,19.4,17.2,87,1014,3.1,40,0
1985,5,10,3,0,0,0,18.9,17.2,90,1014,2.6,70,0
1985,5,10,4,0,0,0,18.3,16.7,90,1014,2.1,80,0
1985,5,10,5,23,26,20,19.4,16.7,84,1015,3.1,60,0
1985,5,10,6,161,240,96,21.7,17.8,79,1015,0,0,0
1985,5,10,7,349,408,155,23.9,18.3,71,1015,1.5,60,0
1985,5,10,8,592,575,212,25.6,17.8,62,1016,1.5,40,0
1985,5,10,9,612,384,301,26.7,17.8,58,1016,3.1,50,0
1985,5,10,10,728,379,380,26.7,17.8,58,1015,4.1,360,0
1985,5,10,11,939,713,247,27.8,16.7,51,1015,2.1,340,0
1985,5,10,12,699,401,311,28.3,17.2,51,1014,4.1,10,0
1985,5,10,13,837,659,237,28.3,16.7,49,1014,5.2,20,0
1985,5,10,14,736,662,206,28.3,16.1,48,1013,4.1,70,0
1985,5,10,15,568,561,206,26.7,17.8,58,1013,4.6,160,0
1985,5,10,16,293,268,171,27.8,18.3,57,1012,2.6,160,0
1985,5,10,17,90,34,82,26.7,17.8,58,1012,2.1,130,0
1985,5,10,18,17,2,17,23.9,19.4,76,1013,2.1,150,0
1985,5,10,19,0,0,0,22.8,19.4,82,1013,3.1,130,0
1985,5,10,20,0,0,0,22.8,19.4,82,1013,3.6,140,0
1985,5,10,21,0,0,0,22.8,19.4,82,1013,3.1,140,0
1985,5,10,22,0,0,0,22.2,19.4,84,1013,2.6,220,0
1985,5,10,23,0,0,0,21.7,19.4,87,1013,2.1,220,0
1985,5,11,0,0,0,0,21.7,19.4,87,1012,2.6,180,0
1985,5,11,1,0,0,0,20,18.3,90,1012,0,0,0
1985,5,11,2,0,0,0,20.6,18.9,90,1012,0,0,0
1985,5,11,3,0,0,0,20,18.3,90,1012,2.1,140,0
1985,5,11,4,0,0,0,20,18.3,90,1012,0,0,0
1985,5,11,5,38,118,25,19.4,16.7,84,1013,0,0,0
1985,5,11,6,189,497,55,23.9,21.1,85,1013,2.1,130,0
1985,5,11,7,399,541,141,25.6,21.1,77,1013,3.6,160,0
1985,5,11,8,588,577,206,26.1,21.1,74,1013,5.2,170,0
1985,5,11,9,620,404,291,27.8,19.4,61,1014,6.2,170,0
1985,5,11,10,564,169,409,28.3,20,61,1013,4.1,160,0
1985,5,11,11,828,580,264,29.4,20,57,1013,5.2,190,0
1985,5,11,12,804,546,276,28.9,19.4,57,1012,7.2,170,0
1985,5,11,13,750,552,248,30,18.3,50,1012,7.2,180,0
1985,5,11,14,616,482,229,29.4,18.9,53,1011,6.7,170,0
1985,5,11,15,435,319,228,28.9,16.7,48,1011,6.7,170,0
1985,5,11,16,360,492,134,28.3,17.8,53,1011,6.7,170,0
1985,5,11,17,142,284,71,27.2,18.9,60,1011,5.7,190,0
1985,5,11,18,31,54,24,25.6,19.4,69,1011,4.1,190,0
1985,5,11,19,0,0,0,25,20,74,1012,4.6,200,0
1985,5,11,20,0,0,0,24.4,20.6,79,1012,4.1,190,0
1985,5,11,21,0,0,0,23.9,20.6,82,1012,2.6,190,0
1985,5,11,22,0,0,0,23.3,20.6,85,1012,3.1,180,0
1985,5,11,23,0,0,0,23.3,20.6,85,1011,3.6,160,0
1985,5,12,0,0,0,0,23.3,20.6,85,1011,2.6,140,0
1985,5,12,1,0,0,0,22.8,20.6,87,1011,3.6,150,0
1985,5,12,2,0,0,0,21.7,20,90,1011,2.1,120,0
1985,5,12,3,0,0,0,20.6,19.4,93,1011,1.5,170,0
1985,5,12,4,0,0,0,22.8,20.6,87,1012,3.1,150,0
1985,5,12,5,15,0,15,23.9,22.2,90,1012,3.1,140,0
1985,5,12,6,69,10,67,24.4,22.2,88,1013,3.1,150,0
1985,5,12,7,288,157,213,25.6,22.2,82,1013,3.6,170,0
1985,5,12,8,491,218,346,26.7,20.6,69,1013,5.7,180,0
1985,5,12,9,661,352,375,28.3,20.6,63,1014,6.2,180,0
1985,5,12,10,697,289,431,28.3,20.6,63,1014,4.1,190,0
1985,5,12,11,873,460,426,29.4,18.9,53,1013,5.2,160,0
1985,5,12,12,881,455,440,30,18.9,51,1013,6.7,190,0
1985,5,12,13,784,455,369,30.6,18.3,48,1012,7.2,170,0
1985,5,12,14,629,362,339,30,18.9,51,1012,6.2,190,0
1985,5,12,15,517,350,290,29.4,17.2,48,1011,5.7,180,0
1985,5,12,16,310,236,202,28.9,17.8,51,1012,4.6,190,0
1985,5,12,17,114,77,94,27.8,18.3,57,1011,4.6,170,0
1985,5,12,18,20,2,20,25.6,18.9,67,1012,4.1,180,0
1985,5,12,19,0,0,0,25,20,74,1012,3.6,190,0
1985,5,12,20,0,0,0,24.4,20.6,79,1012,4.1,160,0
1985,5,12,21,0,0,0,23.9,20.6,82,1012,2.6,140,0
1985,5,12,22,0,0,0,23.3,20,82,1012,3.1,190,0
1985,5,12,23,0,0,0,22.8,20,84,1012,3.1,210,0
1985,5,13,0,0,0,0,22.2,20,87,1013,3.1,220,0
1985,5,13,1,0,0,0,23.3,19.4,79,1011,7.2,140,0
1985,5,13,2,0,0,0,23.3,20.6,85,1012,2.6,220,0
1985,5,13,3,0,0,0,22.8,20.6,87,1011,5.2,110,0
1985,5,13,4,0,0,0,22.8,20.6,87,1013,3.1,270,0
1985,5,13,5,19,2,18,22.2,20.6,90,1013,0,0,0
1985,5,13,6,42,2,41,22.8,21.1,90,1014,1.5,260,0
1985,5,13,7,157,0,157,23.9,21.7,87,1014,0,0,0
1985,5,13,8,261,11,254,25,21.7,82,1014,2.6,100,0
1985,5,13,9,461,34,433,26.1,21.7,77,1014,4.1,150,0
1985,5,13,10,561,204,373,27.2,19.4,63,1011,6.7,140,0
1985,5,13,11,443,5,439,26.7,18.9,63,1011,6.7,150,0
1985,5,13,12,318,122,199,27.2,19.4,63,1010,7.7,170,0
1985,5,13,13,424,117,318,27.8,20,63,1010,6.2,180,0
1985,5,13,14,460,187,310,27.8,20.6,65,1010,4.1,170,0
1985,5,13,15,525,448,235,27.8,20.6,65,1010,4.1,130,0
1985,5,13,16,213,114,160,27.8,20,63,1011,4.1,140,0
1985,5,13,17,112,79,92,27.2,19.4,63,1011,3.6,140,0
1985,5,13,18,25,13,24,26.1,20,69,1012,3.1,130,0
1985,5,13,19,0,0,0,26.1,20,69,1012,4.6,140,0
1985,5,13,20,0,0,0,25.6,20.6,74,1013,3.1,150,0
1985,5,13,21,0,0,0,25.6,20.6,74,1013,3.6,130,0
1985,5,13,22,0,0,0,25,21.1,79,1013,2.6,120,0
1985,5,13,23,0,0,0,23.9,20.6,82,1012,3.1,120,0
1985,5,14,0,0,0,0,23.3,20.6,85,1011,3.6,150,0
1985,5,14,1,0,0,0,23.3,21.1,87,1010,3.6,150,0
1985,5,14,2,0,0,0,23.3,21.1,87,1010,5.2,160,0
1985,5,14,3,0,0,0,23.9,21.7,87,1011,3.6,140,0
1985,5,14,4,0,0,0,23.9,21.7,87,1012,2.1,220,0
1985,5,14,5,19,3,18,23.9,21.7,87,1012,3.1,170,0
1985,5,14,6,127,35,117,25,21.7,82,1012,4.1,170,0
1985,5,14,7,242,118,185,26.7,21.7,74,1012,5.2,180,0
1985,5,14,8,482,411,208,27.8,21.1,67,1013,4.6,170,0
1985,5,14,9,692,563,232,28.9,21.1,63,1013,5.2,200,0
1985,5,14,10,908,703,260,29.4,20.6,59,1013,6.7,200,0
1985,5,14,11,863,584,294,30,20.6,57,1013,6.2,210,0
1985,5,14,12,763,387,387,30.6,20,53,1013,7.2,170,0
1985,5,14,13,681,365,348,30.6,19.4,52,1012,6.2,170,0
1985,5,14,14,344,69,288,28.9,20.6,61,1012,5.7,170,0
1985,5,14,15,506,330,291,29.4,19.4,55,1013,5.2,200,0
1985,5,14,16,138,3,136,27.8,21.1,67,1014,4.1,220,0
1985,5,14,17,95,54,81,27.8,21.1,67,1014,3.6,190,0
1985,5,14,18,23,2,22,25,20,74,1014,5.2,360,0
1985,5,14,19,0,0,0,23.3,20,82,1014,3.6,70,0
1985,5,14,20,0,0,0,24.4,18.3,69,1015,3.1,110,0
1985,5,14,21,0,0,0,23.9,18.9,74,1015,3.6,110,0
1985,5,14,22,0,0,0,23.3,19.4,79,1015,1.5,210,0
1985,5,14,23,0,0,0,22.8,20,84,1015,0,0,0
1985,5,15,0,0,0,0,22.8,20.6,87,1014,0,0,0
1985,5,15,1,0,0,0,22.2,20.6,90,1014,2.1,270,0
1985,5,15,2,0,0,0,21.7,20.6,93,1015,0,0,0
1985,5,15,3,0,0,0,20.6,20,97,1015,1.5,290,0
1985,5,15,4,0,0,0,22.2,21.1,94,1015,2.1,250,0
1985,5,15,5,23,12,22,23.3,21.1,87,1017,4.6,360,0
1985,5,15,6,61,4,60,23.3,19.4,79,1017,7.2,360,0
1985,5,15,7,224,50,200,22.8,17.8,74,1018,6.2,30,0
1985,5,15,8,353,55,316,23.9,16.1,62,1018,5.2,30,0
1985,5,15,9,508,193,350,25,16.1,58,1018,5.2,360,0
1985,5,15,10,884,747,195,26.1,15.6,52,1018,7.2,360,0
1985,5,15,11,993,840,175,26.7,15,49,1018,6.7,10,0
1985,5,15,12,923,756,187,27.2,15.6,49,1018,4.1,340,0
1985,5,15,13,706,431,311,27.8,15.6,47,1017,3.1,20,0
1985,5,15,14,717,564,263,26.7,15,49,1017,2.6,320,0
1985,5,15,15,562,595,175,28.3,16.1,48,1016,3.1,290,0
1985,5,15,16,370,513,131,28.3,15.6,46,1016,3.1,340,0
1985,5,15,17,163,353,72,26.7,15.6,51,1016,3.1,340,0
1985,5,15,18,26,24,24,24.4,14.4,54,1016,2.6,330,0
1985,5,15,19,0,0,0,23.9,13.9,54,1016,2.6,340,0
1985,5,15,20,0,0,0,22.8,13.9,57,1017,2.1,350,0
1985,5,15,21,0,0,0,21.1,13.9,64,1017,2.6,340,0
1985,5,15,22,0,0,0,22.2,13.9,59,1016,2.6,350,0
1985,5,15,23,0,0,0,22.2,13.3,57,1016,2.6,10,0
1985,5,16,0,0,0,0,21.1,13.3,61,1016,3.1,360,0
1985,5,16,1,0,0,0,21.1,12.8,59,1016,3.1,360,0
1985,5,16,2,0,0,0,18.3,12.8,70,1016,2.1,360,0
1985,5,16,3,0,0,0,15.6,12.2,81,1016,1.5,350,0
1985,5,16,4,0,0,0,15,13.3,90,1016,0,0,0
1985,5,16,5,29,29,25,16.1,13.3,84,1017,0,0,0
1985,5,16,6,180,335,87,23.9,14.4,56,1017,3.6,40,0
1985,5,16,7,403,549,136,25,11.7,43,1018,2.6,360,0
1985,5,16,8,619,644,188,26.1,10.6,38,1018,3.1,350,0
1985,5,16,9,804,715,219,27.2,8.9,32,1018,3.1,40,0
1985,5,16,10,933,771,221,27.8,9.4,32,1017,3.6,40,0
1985,5,16,11,995,776,237,28.9,8.9,29,1016,4.6,360,0
1985,5,16,12,992,784,229,28.9,10,31,1015,4.1,40,0
1985,5,16,13,919,772,212,30,11.1,31,1014,0,0,0
1985,5,16,14,778,721,196,30.6,10.6,29,1013,2.1,350,0
1985,5,16,15,556,597,166,30.6,11.1,30,1012,1.5,340,0
1985,5,16,16,299,325,147,29.4,13.9,39,1012,4.6,160,0
1985,5,16,17,151,265,82,28.3,15,44,1011,5.2,180,0
1985,5,16,18,27,11,26,25.6,16.1,56,1011,3.6,180,0
1985,5,16,19,0,0,0,23.9,16.1,62,1011,3.1,210,0
1985,5,16,20,0,0,0,23.3,16.1,64,1011,3.6,230,0
1985,5,16,21,0,0,0,22.8,17.2,71,1011,4.1,230,0
1985,5,16,22,0,0,0,22.2,17.8,76,1011,4.6,230,0
1985,5,16,23,0,0,0,22.2,18.3,79,1010,4.1,250,0
1985,5,17,0,0,0,0,22.8,19.4,82,1010,6.2,240,0
1985,5,17,1,0,0,0,22.8,20,84,1009,6.7,250,0
1985,5,17,2,0,0,0,22.2,20,87,1009,5.7,250,0
1985,5,17,3,0,0,0,22.2,20,87,1010,4.6,290,0
1985,5,17,4,0,0,0,21.7,19.4,87,1010,3.6,300,0
1985,5,17,5,38,4,38,22.2,14.4,62,1010,5.2,340,0
1985,5,17,6,150,150,108,23.3,13.3,54,1011,5.7,20,0
1985,5,17,7,371,357,197,23.9,11.7,46,1011,3.6,350,0
1985,5,17,8,588,487,261,24.4,11.7,45,1011,5.2,320,0
1985,5,17,9,549,282,318,25,12.8,47,1011,4.6,360,0
1985,5,17,10,836,531,345,25.6,12.8,45,1010,5.7,310,0
1985,5,17,11,884,512,384,26.1,13.3,45,1010,6.2,320,0
1985,5,17,12,913,608,321,27.2,13.3,42,1009,5.2,320,0
1985,5,17,13,875,626,302,28.3,12.8,38,1008,5.7,330,0
1985,5,17,14,711,507,301,28.3,12.8,38,1007,5.2,300,0
1985,5,17,15,359,81,306,27.8,12.2,38,1007,6.2,330,0
1985,5,17,16,242,153,170,27.2,12.8,41,1007,5.7,330,0
1985,5,17,17,127,117,97,26.7,13.3,44,1007,4.1,300,0
1985,5,17,18,19,2,19,25,11.7,43,1008,5.7,320,0
1985,5,17,19,0,0,0,23.3,12.8,52,1009,3.6,330,0
1985,5,17,20,0,0,0,22.8,12.8,53,1009,3.1,310,0
1985,5,17,21,0,0,0,22.2,12.8,55,1009,2.6,320,0
1985,5,17,22,0,0,0,21.1,12.8,59,1010,2.6,340,0
1985,5,17,23,0,0,0,21.7,12.8,57,1009,3.1,10,0
1985,5,18,0,0,0,0,22.2,12.8,55,1009,4.6,30,0
1985,5,18,1,0,0,0,20.6,12.2,59,1010,6.2,30,0
1985,5,18,2,0,0,0,20,12.8,63,1010,5.7,40,0
1985,5,18,3,0,0,0,19.4,11.7,61,1010,4.6,50,0
1985,5,18,4,0,0,0,18.9,11.7,63,1010,4.6,50,0
1985,5,18,5,39,107,27,18.9,12.2,65,1010,4.1,40,0
1985,5,18,6,202,500,61,20.6,12.8,61,1011,5.2,60,0
1985,5,18,7,407,597,116,21.1,12.8,59,1011,5.2,40,0
1985,5,18,8,597,671,146,21.7,11.7,53,1012,5.2,50,0
1985,5,18,9,733,618,226,22.2,12.2,53,1012,4.6,40,0
1985,5,18,10,778,558,262,22.8,11.7,50,1011,4.1,40,0
1985,5,18,11,821,533,299,23.3,12.2,50,1011,3.1,10,0
1985,5,18,12,337,25,313,23.9,11.1,45,1011,3.1,360,0
1985,5,18,13,570,120,460,23.9,12.8,50,1011,3.6,280,0
1985,5,18,14,384,74,324,23.3,12.2,50,1010,2.6,280,0
1985,5,18,15,344,15,334,25,12.2,45,1010,3.6,290,0
1985,5,18,16,197,53,172,23.3,12.8,52,1010,1.5,260,0
1985,5,18,17,127,208,72,22.8,12.2,52,1010,2.1,270,0
1985,5,18,18,16,20,14,20.6,16.1,76,1010,1.5,280,0
1985,5,18,19,0,0,0,19.4,16.7,84,1010,0,0,0
1985,5,18,20,0,0,0,19.4,16.7,84,1010,1.5,210,0
1985,5,18,21,0,0,0,20.6,16.1,76,1010,2.1,220,0
1985,5,18,22,0,0,0,18.9,16.7,87,1010,0,0,0
1985,5,18,23,0,0,0,18.9,16.1,84,1010,0,0,0
1985,5,19,0,0,0,0,19.4,14.4,73,1009,3.1,80,0
1985,5,19,1,0,0,0,17.8,12.8,73,1009,0,0,0
1985,5,19,2,0,0,0,17.2,12.8,75,1010,0,0,0
1985,5,19,3,0,0,0,16.1,13.3,84,1010,0,0,0
1985,5,19,4,0,0,0,15,13.9,93,1010,0,0,0
1985,5,19,5,45,102,34,15,13.3,90,1011,0,0,0
1985,5,19,6,184,403,70,21.1,15.6,71,1012,4.1,60,0
1985,5,19,7,440,755,71,23.3,16.1,64,1012,4.1,80,0
1985,5,19,8,549,579,159,25,16.1,58,1012,4.1,90,0
1985,5,19,9,705,593,218,26.1,15.6,52,1012,3.6,160,0
1985,5,19,10,869,729,194,27.2,15,47,1012,3.1,140,0
1985,5,19,11,994,843,171,27.8,13.9,43,1012,3.1,140,0
1985,5,19,12,769,527,255,28.3,13.9,41,1011,3.1,130,0
1985,5,19,13,765,546,264,28.9,16.1,46,1011,4.6,150,0
1985,5,19,14,814,812,157,27.8,15.6,47,1010,2.6,200,0
1985,5,19,15,390,99,325,28.3,16.1,48,1010,3.6,120,0
1985,5,19,16,256,160,180,26.7,15.6,51,1010,5.2,150,0
1985,5,19,17,89,42,78,25.6,16.7,58,1010,5.7,80,0
1985,5,19,18,30,46,25,24.4,16.7,62,1010,4.1,110,0
1985,5,19,19,0,0,0,23.3,17.2,69,1010,4.6,110,0
1985,5,19,20,0,0,0,22.8,18.3,76,1011,4.1,110,0
1985,5,19,21,0,0,0,22.2,18.3,79,1011,3.6,100,0
1985,5,19,22,0,0,0,21.7,18.3,81,1011,2.1,110,0
1985,5,19,23,0,0,0,20.6,18.3,87,1012,2.1,90,0
1985,5,20,0,0,0,0,19.4,17.8,90,1012,1.5,340,0
1985,5,20,1,0,0,0,19.4,17.8,90,1011,0,0,0
1985,5,20,2,0,0,0,18.9,17.8,93,1011,2.1,350,0
1985,5,20,3,0,0,0,18.3,17.8,97,1011,0,0,0
1985,5,20,4,0,0,0,18.3,17.8,97,1011,0,0,0
1985,5,20,5,31,43,27,18.9,17.8,93,1012,0,0,0
1985,5,20,6,161,225,96,23.9,20.6,82,1013,2.1,340,0
1985,5,20,7,378,480,142,25,20,74,1013,1.5,140,0
1985,5,20,8,537,406,263,26.1,20.6,72,1013,4.1,340,0
1985,5,20,9,652,398,324,25.6,20.6,74,1013,3.6,360,0
1985,5,20,10,865,677,238,27.2,20.6,67,1014,5.2,320,0
1985,5,20,11,934,723,226,28.9,20,59,1014,4.1,10,0
1985,5,20,12,934,762,191,29.4,18.9,53,1013,5.2,360,0
1985,5,20,13,872,740,192,29.4,17.8,50,1013,2.1,300,0
1985,5,20,14,789,753,180,30,17.2,46,1012,3.6,30,0
1985,5,20,15,603,675,158,30,16.1,43,1012,3.6,10,0
1985,5,20,16,387,566,120,30,16.7,45,1012,2.1,210,0
1985,5,20,17,166,341,75,29.4,17.2,48,1012,2.6,130,0
1985,5,20,18,27,36,23,27.8,17.8,55,1012,3.1,150,0
1985,5,20,19,0,0,0,26.1,20.6,72,1013,4.6,190,0
1985,5,20,20,0,0,0,25.6,21.1,77,1013,4.1,180,0
1985,5,20,21,0,0,0,24.4,21.7,85,1013,3.1,200,0
1985,5,20,22,0,0,0,23.9,20.6,82,1014,3.6,220,0
1985,5,20,23,0,0,0,21.7,19.4,87,1014,1.5,30,0
1985,5,21,0,0,0,0,20.6,19.4,93,1014,0,0,0
1985,5,21,1,0,0,0,20.6,19.4,93,1013,1.5,50,0
1985,5,21,2,0,0,0,20.6,19.4,93,1013,2.1,100,0
1985,5,21,3,0,0,0,21.7,20.6,93,1013,3.1,150,0
1985,5,21,4,0,0,0,20.6,19.4,93,1013,0,0,0
1985,5,21,5,40,88,30,21.7,20.6,93,1013,2.6,160,0
1985,5,21,6,172,245,101,25,21.7,82,1014,2.6,180,0
1985,5,21,7,329,256,203,26.7,21.1,72,1014,4.6,130,0
1985,5,21,8,475,281,286,27.2,21.7,72,1014,4.6,180,0
1985,5,21,9,550,231,360,28.3,21.7,67,1014,5.7,170,0
1985,5,21,10,810,512,335,28.3,21.7,67,1013,5.7,180,0
1985,5,21,11,842,473,379,27.2,21.1,69,1013,6.7,190,0
1985,5,21,12,233,6,227,20,17.2,84,1014,7.2,270,0
1985,5,21,13,246,25,223,19.4,17.8,90,1014,1.5,110,0
1985,5,21,14,429,136,319,20.6,18.3,87,1013,2.6,120,0
1985,5,21,15,413,182,294,21.1,18.9,87,1012,4.6,140,0
1985,5,21,16,335,369,160,23.3,19.4,79,1011,4.6,150,0
1985,5,21,17,182,455,60,22.8,18.3,76,1011,5.2,170,0
1985,5,21,18,32,86,23,22.2,19.4,84,1011,3.6,190,0
1985,5,21,19,0,0,0,21.1,18.9,87,1011,4.1,220,0
1985,5,21,20,0,0,0,21.7,19.4,87,1012,4.1,180,0
1985,5,21,21,0,0,0,22.2,20,87,1013,3.6,190,0
1985,5,21,22,0,0,0,21.7,20,90,1012,3.1,220,0
1985,5,21,23,0,0,0,21.7,20.6,93,1013,3.1,210,0
1985,5,22,0,0,0,0,21.7,20.6,93,1012,2.6,220,0
1985,5,22,1,0,0,0,21.1,20,93,1012,1.5,290,0
1985,5,22,2,0,0,0,20.6,20,97,1012,1.5,300,0
1985,5,22,3,0,0,0,20,18.9,93,1012,0,0,0
1985,5,22,4,0,0,0,20.6,20,97,1012,0,0,0
1985,5,22,5,23,4,22,20.6,19.4,93,1012,1.5,270,0
1985,5,22,6,92,57,75,22.8,21.7,94,1012,1.5,260,0
1985,5,22,7,339,261,211,23.3,22.2,94,1013,2.6,290,0
1985,5,22,8,414,207,274,25,21.1,79,1013,3.6,200,0
1985,5,22,9,626,353,335,27.8,20.6,65,1013,4.1,190,0
1985,5,22,10,775,434,372,29.4,20,57,1013,5.2,200,0
1985,5,22,11,659,209,454,29.4,20.6,59,1013,6.2,210,0
1985,5,22,12,708,273,441,30.6,20.6,55,1012,5.2,200,0
1985,5,22,13,818,518,342,31.1,20,52,1012,6.7,200,0
1985,5,22,14,650,425,305,30.6,19.4,52,1012,6.7,230,0
1985,5,22,15,500,315,292,30.6,20,53,1011,5.7,240,0
1985,5,22,16,349,349,183,30,20.6,57,1011,4.1,230,0
1985,5,22,17,130,154,88,28.3,20,61,1011,4.6,240,0
1985,5,22,18,24,8,24,27.2,20.6,67,1012,3.1,230,0
1985,5,22,19,0,0,0,26.1,20.6,72,1012,3.6,220,0
1985,5,22,20,0,0,0,25,21.1,79,1012,3.6,200,0
1985,5,22,21,0,0,0,24.4,21.1,82,1013,3.6,230,0
1985,5,22,22,0,0,0,23.9,21.1,85,1013,3.1,230,0
1985,5,22,23,0,0,0,23.9,21.7,87,1014,3.6,210,0
1985,5,23,0,0,0,0,23.3,21.7,90,1014,3.1,210,0
1985,5,23,1,0,0,0,23.3,21.7,90,1013,3.6,220,0
1985,5,23,2,0,0,0,23.3,21.7,90,1014,3.6,210,0
1985,5,23,3,0,0,0,22.8,21.1,90,1014,2.6,250,0
1985,5,23,4,0,0,0,22.2,21.1,94,1014,0,0,0
1985,5,23,5,41,19,39,22.8,21.7,94,1014,1.5,290,0
1985,5,23,6,139,86,114,23.9,22.2,90,1015,2.6,270,0
1985,5,23,7,266,77,228,25,20.6,76,1015,5.2,350,0
1985,5,23,8,396,143,299,23.9,18.9,74,1016,4.1,10,0
1985,5,23,9,148,4,145,21.7,17.8,79,1017,8.2,340,0
1985,5,23,10,293,11,282,20,17.8,87,1016,4.6,30,0
1985,5,23,11,372,144,231,21.1,18.3,84,1015,5.2,40,0
1985,5,23,12,217,12,205,22.2,17.8,76,1016,2.1,150,0
1985,5,23,13,247,6,241,21.1,18.9,87,1015,1.5,100,0
1985,5,23,14,418,149,297,21.1,18.9,87,1015,2.6,180,0
1985,5,23,15,320,116,243,22.2,18.3,79,1014,3.1,190,0
1985,5,23,16,371,517,124,23.3,18.3,74,1014,3.6,200,0
1985,5,23,17,154,304,72,22.8,18.3,76,1014,2.6,200,0
1985,5,23,18,33,16,31,20.6,18.3,87,1013,2.1,270,0
1985,5,23,19,0,0,0,20,17.8,87,1013,1.5,250,0
1985,5,23,20,0,0,0,18.9,17.2,90,1014,1.5,290,0
1985,5,23,21,0,0,0,19.4,18.3,93,1014,2.6,270,0
1985,5,23,22,0,0,0,19.4,17.8,90,1014,2.6,260,0
1985,5,23,23,0,0,0,19.4,18.3,93,1014,1.5,220,0
1985,5,24,0,0,0,0,20,18.9,93,1014,2.1,220,0
1985,5,24,1,0,0,0,20,18.9,93,1014,2.6,240,0
1985,5,24,2,0,0,0,19.4,18.3,93,1014,2.1,250,0
1985,5,24,3,0,0,0,19.4,18.3,93,1013,2.1,260,0
1985,5,24,4,0,0,0,18.9,17.8,93,1014,2.1,280,0
1985,5,24,5,40,119,27,20,18.9,93,1014,2.1,290,0
1985,5,24,6,200,483,59,22.8,20,84,1014,3.6,330,0
1985,5,24,7,420,655,96,24.4,12.2,47,1015,4.6,340,0
1985,5,24,8,540,634,111,25,17.8,64,1015,5.2,340,0
1985,5,24,9,694,644,162,25.6,16.7,58,1015,3.6,330,0
1985,5,24,10,904,783,176,25.6,16.1,56,1015,4.6,360,0
1985,5,24,11,945,845,117,26.7,15.6,51,1014,5.7,360,0
1985,5,24,12,970,869,120,27.2,14.4,46,1014,4.1,350,0
1985,5,24,13,874,820,118,27.8,14.4,44,1013,5.2,360,0
1985,5,24,14,765,807,108,28.3,12.8,38,1012,6.7,350,0
1985,5,24,15,636,794,109,27.8,12.2,38,1012,5.2,330,0
1985,5,24,16,422,703,86,27.8,10.6,34,1012,5.2,320,0
1985,5,24,17,191,475,60,26.7,11.1,38,1012,3.1,350,0
1985,5,24,18,34,75,26,24.4,11.7,45,1012,3.1,350,0
1985,5,24,19,0,0,0,22.8,10.6,46,1012,3.1,360,0
1985,5,24,20,0,0,0,23.3,10,43,1013,3.6,350,0
1985,5,24,21,0,0,0,22.8,11.7,50,1013,3.6,360,0
1985,5,24,22,0,0,0,22.8,11.7,50,1013,2.6,20,0
1985,5,24,23,0,0,0,21.7,12.2,55,1012,2.6,10,0
1985,5,25,0,0,0,0,21.1,12.2,57,1012,2.1,10,0
1985,5,25,1,0,0,0,20,12.2,61,1011,2.6,20,0
1985,5,25,2,0,0,0,16.7,12.8,78,1012,2.1,250,0
1985,5,25,3,0,0,0,15.6,12.8,84,1012,1.5,240,0
1985,5,25,4,0,0,0,15,12.8,87,1012,1.5,290,0
1985,5,25,5,48,218,25,16.1,13.9,87,1013,1.5,290,0
1985,5,25,6,224,594,50,22.8,15.6,64,1014,0,0,0
1985,5,25,7,451,763,73,24.4,13.3,50,1014,3.6,20,0
1985,5,25,8,663,844,91,25.6,11.7,42,1014,3.1,40,0
1985,5,25,9,841,892,104,26.1,9.4,35,1014,2.6,10,0
1985,5,25,10,963,916,112,26.7,10,35,1014,5.2,330,0
1985,5,25,11,1022,923,116,26.7,10,35,1013,3.6,360,0
1985,5,25,12,1018,921,116,27.2,11.7,38,1013,3.1,10,0
1985,5,25,13,955,914,111,27.8,11.7,37,1012,4.6,20,0
1985,5,25,14,826,887,103,27.8,11.7,37,1012,0,0,0
1985,5,25,15,648,841,90,27.8,11.7,37,1011,3.6,20,0
1985,5,25,16,434,755,71,28.3,12.2,37,1011,3.1,310,0
1985,5,25,17,210,587,48,26.7,11.7,39,1011,2.1,340,0
1985,5,25,18,44,187,23,23.9,12.2,48,1011,1.5,330,0
1985,5,25,19,0,0,0,21.1,12.2,57,1011,0,0,0
1985,5,25,20,0,0,0,20,13.3,66,1012,1.5,260,0
1985,5,25,21,0,0,0,19.4,12.8,66,1012,0,0,0
1985,5,25,22,0,0,0,18.3,15,81,1012,2.1,270,0
1985,5,25,23,0,0,0,17.2,14.4,84,1012,1.5,270,0
1985,5,26,0,0,0,0,17.8,13.3,75,1012,1.5,270,0
1985,5,26,1,0,0,0,16.1,12.8,81,1011,0,0,0
1985,5,26,2,0,0,0,15.6,13.3,87,1012,0,0,0
1985,5,26,3,0,0,0,15.6,13.9,90,1012,1.5,270,0
1985,5,26,4,0,0,0,16.1,15,93,1012,0,0,0
1985,5,26,5,34,37,30,17.2,15.6,90,1013,1.5,250,0
1985,5,26,6,170,239,100,23.3,18.9,76,1013,2.1,260,0
1985,5,26,7,426,646,105,25.6,16.7,58,1014,2.1,260,0
1985,5,26,8,604,706,125,26.7,17.2,56,1014,3.6,320,0
1985,5,26,9,818,818,143,27.8,13.3,41,1013,2.1,20,0
1985,5,26,10,886,782,160,28.3,12.8,38,1013,4.1,30,0
1985,5,26,11,1012,862,166,28.9,10.6,32,1013,5.2,340,0
1985,5,26,12,1005,857,165,29.4,11.1,32,1012,3.6,10,0
1985,5,26,13,933,838,159,30,12.2,34,1012,4.1,10,0
1985,5,26,14,810,812,147,29.4,11.1,32,1012,4.1,340,0
1985,5,26,15,631,757,128,29.4,11.7,33,1011,2.1,40,0
1985,5,26,16,418,659,101,29.4,10.6,31,1011,2.6,350,0
1985,5,26,17,194,459,67,28.3,12.8,38,1011,2.6,120,0
1985,5,26,18,39,95,28,26.7,14.4,47,1011,4.1,160,0
1985,5,26,19,0,0,0,24.4,15.6,58,1012,4.1,170,0
1985,5,26,20,0,0,0,23.3,16.1,64,1012,3.6,180,0
1985,5,26,21,0,0,0,22.2,16.7,71,1013,3.1,190,0
1985,5,26,22,0,0,0,21.7,16.7,73,1012,2.1,180,0
1985,5,26,23,0,0,0,20.6,15.6,73,1012,3.1,200,0
1985,5,27,0,0,0,0,20.6,15.6,73,1012,3.1,210,0
1985,5,27,1,0,0,0,17.8,15,84,1012,1.5,260,0
1985,5,27,2,0,0,0,17.8,15.6,87,1013,0,0,0
1985,5,27,3,0,0,0,16.7,13.9,84,1013,0,0,0
1985,5,27,4,0,0,0,17.2,15,87,1013,0,0,0
1985,5,27,5,44,113,32,18.3,15.6,84,1014,0,0,0
1985,5,27,6,212,489,68,22.8,17.8,74,1014,4.1,120,0
1985,5,27,7,421,653,97,25.6,16.1,56,1014,1.5,90,0
1985,5,27,8,606,651,164,26.7,14.4,47,1014,2.6,140,0
1985,5,27,9,787,756,163,27.8,12.2,38,1014,3.6,120,0
1985,5,27,10,873,674,247,28.3,12.2,37,1014,4.6,130,0
1985,5,27,11,932,715,230,28.3,13.9,41,1014,4.6,180,0
1985,5,27,12,925,664,275,28.9,13.9,40,1014,4.1,170,0
1985,5,27,13,876,746,188,28.3,13.3,40,1013,5.2,200,0
1985,5,27,14,762,738,159,28.3,12.8,38,1013,4.1,190,0
1985,5,27,15,550,581,163,28.3,12.8,38,1013,4.1,180,0
1985,5,27,16,399,587,115,27.8,14.4,44,1012,4.1,180,0
1985,5,27,17,180,384,73,26.7,15,49,1011,5.2,170,0
1985,5,27,18,31,58,24,25,15,54,1011,4.6,160,0
1985,5,27,19,0,0,0,23.9,14.4,56,1011,4.6,170,0
1985,5,27,20,0,0,0,22.8,15.6,64,1012,4.1,190,0
1985,5,27,21,0,0,0,21.7,16.1,71,1013,3.1,210,0
1985,5,27,22,0,0,0,21.7,16.1,71,1013,3.1,230,0
1985,5,27,23,0,0,0,19.4,15.6,78,1013,2.1,280,0
1985,5,28,0,0,0,0,18.3,15.6,84,1013,0,0,0
1985,5,28,1,0,0,0,17.8,15.6,87,1013,0,0,0
1985,5,28,2,0,0,0,18.3,16.1,87,1013,0,0,0
1985,5,28,3,0,0,0,18.3,16.1,87,1013,2.1,70,0
1985,5,28,4,0,0,0,17.8,16.1,90,1014,0,0,0
1985,5,28,5,44,91,34,17.8,16.7,93,1014,0,0,0
1985,5,28,6,171,214,107,23.9,18.3,71,1014,1.5,150,0
1985,5,28,7,229,80,189,25.6,16.7,58,1014,2.1,200,0
1985,5,28,8,467,259,291,26.1,16.7,56,1015,3.1,190,0
1985,5,28,9,551,245,348,27.2,17.2,54,1015,4.1,190,0
1985,5,28,10,798,594,246,27.8,16.1,49,1015,3.1,220,0
1985,5,28,11,867,567,309,28.3,15.6,46,1014,1.5,230,0
1985,5,28,12,942,828,130,28.9,17.2,49,1013,2.1,150,0
1985,5,28,13,873,746,183,29.4,18.3,51,1013,3.6,150,0
1985,5,28,14,773,772,142,29.4,18.3,51,1012,3.6,200,0
1985,5,28,15,628,798,95,29.4,16.7,46,1011,5.7,160,0
1985,5,28,16,400,636,92,28.9,17.2,49,1011,5.7,170,0
1985,5,28,17,163,322,72,27.8,16.7,51,1012,5.2,200,0
1985,5,28,18,41,140,26,25.6,16.7,58,1012,4.6,210,0
1985,5,28,19,0,0,0,24.4,16.7,62,1012,4.1,210,0
1985,5,28,20,0,0,0,22.8,17.2,71,1013,3.6,210,0
1985,5,28,21,0,0,0,21.7,17.2,76,1013,1.5,210,0
1985,5,28,22,0,0,0,21.7,17.2,76,1012,3.1,210,0
1985,5,28,23,0,0,0,21.1,17.2,79,1012,3.1,200,0
1985,5,29,0,0,0,0,20.6,17.2,81,1012,1.5,220,0
1985,5,29,1,0,0,0,18.9,16.7,87,1012,1.5,270,0
1985,5,29,2,0,0,0,18.3,16.1,87,1012,3.1,250,0
1985,5,29,3,0,0,0,18.9,16.7,87,1012,1.5,250,0
1985,5,29,4,0,0,0,18.9,16.7,87,1012,1.5,240,0
1985,5,29,5,24,10,23,19.4,17.2,87,1013,1.5,220,0
1985,5,29,6,160,214,97,23.9,18.3,71,1014,3.1,200,0
1985,5,29,7,362,328,199,25.6,18.9,67,1014,4.1,200,0
1985,5,29,8,378,178,257,27.2,18.9,60,1014,5.2,210,0
1985,5,29,9,383,58,335,28.3,19.4,59,1014,5.2,200,0
1985,5,29,10,610,122,496,29.4,18.3,51,1014,6.2,230,0
1985,5,29,11,728,333,401,30.6,17.8,46,1013,4.6,230,0
1985,5,29,12,778,345,439,30.6,17.8,46,1012,4.6,190,0
1985,5,29,13,796,469,362,30.6,18.3,48,1012,6.7,230,0
1985,5,29,14,718,470,333,30,18.3,50,1011,6.7,180,0
1985,5,29,15,457,239,297,30,18.3,50,1011,5.7,200,0
1985,5,29,16,326,272,194,28.9,18.3,53,1011,6.2,210,0
1985,5,29,17,136,96,109,28.3,18.3,55,1011,5.7,220,0
1985,5,29,18,27,13,25,26.7,18.9,63,1011,4.6,220,0
1985,5,29,19,0,0,0,24.4,18.9,71,1012,3.6,200,0
1985,5,29,20,0,0,0,24.4,18.9,71,1012,4.6,190,0
1985,5,29,21,0,0,0,23.9,18.9,74,1013,4.6,190,0
1985,5,29,22,0,0,0,22.8,18.9,79,1012,3.6,210,0
1985,5,29,23,0,0,0,22.2,18.9,82,1012,3.1,230,0
1985,5,30,0,0,0,0,21.7,18.9,84,1012,2.1,190,0
1985,5,30,1,0,0,0,22.2,18.9,82,1012,2.6,200,0
1985,5,30,2,0,0,0,21.7,18.9,84,1012,3.1,210,0
1985,5,30,3,0,0,0,21.7,18.9,84,1012,3.1,200,0
1985,5,30,4,0,0,0,22.2,18.9,82,1012,2.6,180,0
1985,5,30,5,29,4,28,22.8,19.4,82,1012,2.6,190,0
1985,5,30,6,147,129,109,25,20,74,1013,3.6,190,0
1985,5,30,7,345,283,204,26.7,19.4,65,1013,5.2,190,0
1985,5,30,8,553,424,265,27.2,19.4,63,1013,6.2,220,0
1985,5,30,9,540,247,336,28.3,18.9,57,1013,5.2,210,0
1985,5,30,10,627,233,409,30,18.9,51,1013,5.7,230,0
1985,5,30,11,902,536,375,30.6,18.3,48,1013,6.2,220,0
1985,5,30,12,899,567,342,31.7,17.8,44,1012,6.7,190,0
1985,5,30,13,792,424,399,31.1,18.9,48,1011,6.2,200,0
1985,5,30,14,733,480,339,31.1,18.3,47,1011,5.7,220,0
1985,5,30,15,527,390,266,31.1,20,52,1011,4.6,210,0
1985,5,30,16,315,248,194,30,20,55,1010,5.2,210,0
1985,5,30,17,141,153,98,28.9,19.4,57,1011,5.2,210,0
1985,5,30,18,34,9,33,27.2,19.4,63,1011,4.6,200,0
1985,5,30,19,0,0,0,25.6,19.4,69,1011,5.2,200,0
1985,5,30,20,0,0,0,24.4,20,76,1012,4.1,210,0
1985,5,30,21,0,0,0,23.9,20,79,1013,4.1,200,0
1985,5,30,22,0,0,0,23.3,20,82,1013,3.6,210,0
1985,5,30,23,0,0,0,22.8,20,84,1013,3.6,200,0
1985,5,31,0,0,0,0,23.3,19.4,79,1012,5.2,200,0
1985,5,31,1,0,0,0,23.3,19.4,79,1011,4.6,190,0
1985,5,31,2,0,0,0,22.8,20.6,87,1012,4.6,200,0
1985,5,31,3,0,0,0,23.3,20.6,85,1012,4.1,200,0
1985,5,31,4,0,0,0,22.8,20,84,1013,3.6,220,0
1985,5,31,5,49,219,26,23.3,20.6,85,1013,3.6,200,0
1985,5,31,6,226,585,52,25,20.6,76,1013,5.2,220,0
1985,5,31,7,321,188,227,26.7,20.6,69,1014,6.2,220,0
1985,5,31,8,299,176,179,27.8,21.1,67,1014,5.7,230,0
1985,5,31,9,460,250,254,29.4,20.6,59,1015,6.2,230,0
1985,5,31,10,825,677,194,30.6,20.6,55,1014,7.2,250,0
1985,5,31,11,1006,902,119,31.1,20.6,53,1014,6.7,230,0
1985,5,31,12,994,891,119,31.7,20.6,52,1013,7.7,250,0
1985,5,31,13,937,887,115,32.8,20.6,49,1012,7.7,240,0
1985,5,31,14,814,862,106,32.8,21.1,50,1012,6.2,250,0
1985,5,31,15,639,815,93,32.2,21.1,52,1011,5.7,250,0
1985,5,31,16,433,736,74,31.1,21.1,55,1011,5.7,220,0
1985,5,31,17,214,574,51,30,21.7,61,1011,4.6,220,0
1985,5,31,18,45,196,24,27.1,21,69,1012,5,214,0
1985,5,31,19,0,0,0,25.1,20.9,77,1012,4.4,200,0
1985,5,31,20,0,0,0,24,20.7,81,1012,4.3,195,0
1985,5,31,21,0,0,0,23.5,20.6,84,1013,4.2,181,0
1985,5,31,22,0,0,0,23.1,20.5,85,1013,4.4,179,0
1985,5,31,23,0,0,0,22.8,20.4,86,1013,4.1,179,0
1968,6,1,0,0,0,0,22.7,20.1,85,1013,3.7,171,0
1968,6,1,1,0,0,0,22.5,20,86,1013,3.4,162,0
1968,6,1,2,0,0,0,20.8,18.9,88,1013,2.7,121,0
1968,6,1,3,0,0,0,20.8,19.1,90,1014,1.7,75,0
1968,6,1,4,0,0,0,19.2,17.7,91,1014,1.8,107,0
1968,6,1,5,41,78,32,19.4,18.2,92,1015,1.4,119,0
1968,6,1,6,195,384,81,25,21.1,79,1015,2.6,170,0
1968,6,1,7,409,577,120,26.7,21.7,74,1016,1.5,190,0
1968,6,1,8,626,687,158,27.8,21.7,69,1016,4.1,170,0
1968,6,1,9,746,703,165,28.3,20.6,62,1016,4.6,200,0
1968,6,1,10,885,694,238,29.4,21.1,61,1015,3.6,130,0
1968,6,1,11,921,654,277,30,21.7,61,1015,2.1,50,0
1968,6,1,12,912,715,209,30.6,22.2,61,1014,4.1,50,0
1968,6,1,13,820,576,285,28.9,20.6,61,1014,4.1,200,0
1968,6,1,14,501,225,316,28.9,20.6,61,1014,2.1,300,0
1968,6,1,15,231,5,227,27.2,20,64,1015,2.6,300,0
1968,6,1,16,230,129,166,24.4,20,76,1014,2.6,150,0
1968,6,1,17,97,69,78,26.1,21.7,76,1014,2.1,190,0
1968,6,1,18,37,40,33,25.6,21.1,76,1014,3.6,150,0
1968,6,1,19,0,0,0,24.4,21.1,81,1014,2.1,120,0
1968,6,1,20,0,0,0,24.4,21.1,81,1015,3.1,120,0
1968,6,1,21,0,0,0,23.9,20,79,1015,3.1,140,0
1968,6,1,22,0,0,0,22.8,19.4,81,1015,2.1,120,0
1968,6,1,23,0,0,0,22.8,19.4,81,1015,3.1,140,0
1968,6,2,0,0,0,0,22.8,20,84,1014,2.6,160,0
1968,6,2,1,0,0,0,21.1,18.9,87,1014,1.5,110,0
1968,6,2,2,0,0,0,17.8,17.2,97,1014,0,0,0
1968,6,2,3,0,0,0,17.8,17.2,97,1014,0,0,0
1968,6,2,4,0,0,0,17.2,16.1,93,1014,0,0,0
1968,6,2,5,43,118,31,17.8,17.2,97,1015,1,320,0
1968,6,2,6,210,459,73,23.9,21.1,84,1015,2.1,280,0
1968,6,2,7,426,628,112,26.1,21.1,74,1016,1.5,220,0
1968,6,2,8,588,607,175,26.7,21.1,71,1015,1,190,0
1968,6,2,9,751,653,211,28.3,20.6,62,1015,1.5,180,0
1968,6,2,10,873,734,190,29.4,22.2,65,1014,3.1,10,0
1968,6,2,11,902,645,267,29.4,22.2,65,1014,3.6,10,0
1968,6,2,12,871,561,319,29.4,22.2,65,1014,3.1,360,0
1968,6,2,13,820,661,208,30.6,22.2,61,1013,3.6,40,0
1968,6,2,14,710,592,223,30.6,22.2,61,1013,4.1,30,0
1968,6,2,15,394,348,160,30.6,22.2,61,1012,3.6,20,0
1968,6,2,16,286,269,154,28.9,20.6,61,1012,3.6,130,0
1968,6,2,17,127,113,95,28.3,20.6,62,1012,4.1,170,0
1968,6,2,18,31,15,29,27.2,20.6,67,1012,4.1,160,0
1968,6,2,19,0,0,0,25,21.1,79,1013,2.1,240,0
1968,6,2,20,0,0,0,23.9,20.6,81,1013,2.6,120,0
1968,6,2,21,0,0,0,22.2,20,87,1013,1,100,0
1968,6,2,22,0,0,0,21.1,19.4,90,1013,1.5,290,0
1968,6,2,23,0,0,0,21.1,19.4,90,1013,0,0,0
1968,6,3,0,0,0,0,20,19.4,97,1012,2.1,280,0
1968,6,3,1,0,0,0,20,19.4,97,1012,0,0,0
1968,6,3,2,0,0,0,19.4,18.3,93,1012,0,0,0
1968,6,3,3,0,0,0,19.4,18.3,93,1012,2.6,280,0
1968,6,3,4,0,0,0,20,19.4,97,1012,0,0,0
1968,6,3,5,38,36,34,19.4,18.3,93,1012,0,0,0
1968,6,3,6,186,301,96,26.1,22.8,81,1013,2.1,360,0
1968,6,3,7,398,496,150,27.8,22.2,71,1013,3.1,10,0
1968,6,3,8,610,611,194,28.3,21.7,67,1013,3.6,10,0
1968,6,3,9,788,681,224,29.4,21.7,63,1012,4.1,50,0
1968,6,3,10,913,720,242,30.6,21.1,57,1012,3.1,40,0
1968,6,3,11,977,737,252,31.1,18.3,47,1012,3.1,40,0
1968,6,3,12,870,633,247,31.7,20.6,52,1011,4.1,340,0
1968,6,3,13,864,675,236,32.8,21.7,52,1011,4.1,350,0
1968,6,3,14,779,676,222,32.2,20,48,1010,2.6,50,0
1968,6,3,15,604,610,192,32.2,19.4,47,1010,1.5,250,0
1968,6,3,16,391,492,148,30.6,21.1,57,1009,2.6,240,0
1968,6,3,17,180,296,94,29.4,20,57,1009,2.6,250,0
1968,6,3,18,36,31,33,26.7,20.6,69,1010,2.6,290,0
1968,6,3,19,0,0,0,25,20.6,76,1010,1.5,270,0
1968,6,3,20,0,0,0,23.9,20.6,81,1010,2.1,270,0
1968,6,3,21,0,0,0,23.3,20,81,1010,2.1,290,0
1968,6,3,22,0,0,0,22.8,20,84,1010,3.1,290,0
1968,6,3,23,0,0,0,23.9,20,79,1010,2.6,350,0
1968,6,4,0,0,0,0,23.3,20,81,1010,2.6,320,0
1968,6,4,1,0,0,0,21.7,19.4,87,1009,1.5,320,0
1968,6,4,2,0,0,0,23.9,20.6,81,1009,3.1,20,0
1968,6,4,3,0,0,0,22.8,20,84,1009,2.6,10,0
1968,6,4,4,0,0,0,23.9,20.6,81,1009,3.1,30,0
1968,6,4,5,46,145,30,25,21.1,79,1010,2.6,30,0
1968,6,4,6,215,497,66,27.2,22.2,74,1010,3.6,360,0
1968,6,4,7,434,678,95,28.3,22.2,69,1010,3.6,30,0
1968,6,4,8,641,766,119,29.4,22.8,67,1010,3.6,20,0
1968,6,4,9,812,816,136,30.6,23.3,65,1010,3.1,350,0
1968,6,4,10,935,848,146,31.1,22.2,59,1010,4.1,350,0
1968,6,4,11,1003,866,151,31.7,20,50,1010,2.6,10,0
1968,6,4,12,996,859,151,33.9,22.2,50,1009,2.1,360,0
1968,6,4,13,796,702,144,33.9,22.2,50,1009,2.6,360,0
1968,6,4,14,761,772,125,34.4,21.7,47,1008,4.1,360,0
1968,6,4,15,611,671,158,33.9,21.7,49,1008,2.6,330,0
1968,6,4,16,364,439,147,31.7,22.2,57,1007,1.5,330,0
1968,6,4,17,117,134,78,28.3,21.7,67,1007,2.6,320,0
1968,6,4,18,39,99,29,26.1,21.7,76,1008,2.6,280,0
1968,6,4,19,0,0,0,23.9,21.1,84,1008,0,0,0
1968,6,4,20,0,0,0,23.3,21.1,87,1009,2.6,250,0
1968,6,4,21,0,0,0,23.9,20.6,81,1009,2.1,250,0
1968,6,4,22,0,0,0,23.9,21.1,84,1009,1.5,280,0
1968,6,4,23,0,0,0,24.4,20.6,79,1009,2.1,240,0
1968,6,5,0,0,0,0,24.4,21.1,81,1009,1,140,0
1968,6,5,1,0,0,0,23.9,21.7,87,1009,1,120,0
1968,6,5,2,0,0,0,23.9,22.2,91,1009,3.1,20,0
1968,6,5,3,0,0,0,23.3,21.1,87,1009,1,50,0
1968,6,5,4,0,0,0,23.9,21.7,87,1010,2.6,360,0
1968,6,5,5,11,1,11,23.9,22.8,94,1010,3.6,70,0
1968,6,5,6,72,1,72,27.2,22.8,76,1011,4.1,40,0
1968,6,5,7,289,129,225,28.9,22.2,67,1011,4.1,40,0
1968,6,5,8,589,650,146,29.4,23.3,69,1011,3.1,50,0
1968,6,5,9,761,719,166,30.6,23.3,65,1011,3.6,60,0
1968,6,5,10,760,618,184,31.1,24.4,67,1011,4.6,30,0
1968,6,5,11,736,371,370,30.6,23.3,65,1011,4.1,70,0
1968,6,5,12,190,2,188,24.4,20,76,1010,3.1,110,0
1968,6,5,13,277,2,275,24.4,20.6,79,1010,3.6,240,0
1968,6,5,14,309,5,305,25,21.1,79,1010,4.1,230,0
1968,6,5,15,309,9,303,25.6,21.7,79,1010,1,190,0
1968,6,5,16,178,39,159,26.7,22.2,76,1010,1,340,0
1968,6,5,17,151,97,123,25.6,22.2,81,1010,2.6,330,0
1968,6,5,18,38,63,31,23.9,20.6,81,1010,1,260,0
1968,6,5,19,0,0,0,23.3,20.6,84,1010,0,0,0
1968,6,5,20,0,0,0,21.7,20,90,1011,0,0,0
1968,6,5,21,0,0,0,21.1,20,94,1011,1,250,0
1968,6,5,22,0,0,0,22.2,20.6,90,1011,0,0,0
1968,6,5,23,0,0,0,21.1,19.4,90,1011,1,70,0
1968,6,6,0,0,0,0,21.1,19.4,90,1010,1,210,0
1968,6,6,1,0,0,0,21.7,19.4,87,1010,1.5,100,0
1968,6,6,2,0,0,0,21.1,19.4,90,1010,2.1,80,0
1968,6,6,3,0,0,0,21.7,20,90,1010,0,0,0
1968,6,6,4,0,0,0,21.1,19.4,90,1011,1,150,0
1968,6,6,5,45,162,28,22.2,20,87,1011,1,60,0
1968,6,6,6,202,473,60,26.7,22.8,79,1012,2.6,100,0
1968,6,6,7,419,653,92,27.8,23.3,77,1012,3.1,140,0
1968,6,6,8,589,636,156,28.9,22.2,67,1012,3.1,110,0
1968,6,6,9,771,749,151,29.4,21.1,61,1012,4.1,160,0
1968,6,6,10,902,796,160,30.6,22.2,61,1012,2.6,160,0
1968,6,6,11,945,764,192,30.6,21.7,59,1012,1.5,290,0
1968,6,6,12,421,6,414,31.1,22.8,61,1011,4.6,40,0
1968,6,6,13,444,12,433,27.8,21.1,67,1011,6.2,160,0
1968,6,6,14,567,316,306,29.4,22.2,65,1010,5.2,130,0
1968,6,6,15,605,743,102,29.4,22.2,65,1010,5.2,160,0
1968,6,6,16,402,592,108,28.9,22.8,69,1010,4.1,190,0
1968,6,6,17,206,490,61,27.8,20.6,64,1009,2.6,190,0
1968,6,6,18,29,31,26,26.7,21.7,74,1010,2.6,210,0
1968,6,6,19,0,0,0,25.6,22.2,81,1010,2.6,220,0
1968,6,6,20,0,0,0,25.6,21.1,76,1010,3.1,190,0
1968,6,6,21,0,0,0,25,20.6,76,1010,1.5,210,0
1968,6,6,22,0,0,0,25,20.6,76,1010,2.6,210,0
1968,6,6,23,0,0,0,23.9,20.6,81,1010,1,360,0
1968,6,7,0,0,0,0,23.3,20.6,84,1010,1,230,0
1968,6,7,1,0,0,0,23.9,21.7,87,1010,1.5,270,0
1968,6,7,2,0,0,0,23.3,21.1,87,1010,1,220,0
1968,6,7,3,0,0,0,22.8,21.1,90,1011,1,310,0
1968,6,7,4,0,0,0,22.2,21.1,94,1011,0,0,0
1968,6,7,5,38,3,37,23.3,21.7,90,1011,1,250,0
1968,6,7,6,185,263,106,26.1,22.8,81,1012,1.5,200,0
1968,6,7,7,410,564,128,27.8,23.3,77,1012,2.6,190,0
1968,6,7,8,615,624,190,30,23.3,67,1012,2.6,290,0
1968,6,7,9,698,528,261,30,22.8,65,1012,2.6,240,0
1968,6,7,10,828,579,288,31.1,23.3,63,1012,3.1,300,0
1968,6,7,11,898,616,291,30.6,23.3,65,1011,2.6,320,0
1968,6,7,12,736,340,402,28.9,21.7,65,1011,5.7,300,0
1968,6,7,13,831,564,306,30.6,22.8,63,1011,2.6,340,0
1968,6,7,14,670,496,260,31.7,20.6,52,1011,3.1,220,0
1968,6,7,15,459,267,277,28.3,21.1,65,1010,4.1,260,0
1968,6,7,16,283,189,189,29.4,22.2,65,1011,3.1,230,0
1968,6,7,17,130,126,93,28.9,21.1,63,1011,2.1,310,0
1968,6,7,18,35,49,29,26.7,22.8,79,1011,1,20,0
1968,6,7,19,0,0,0,25,21.7,81,1011,1,250,0
1968,6,7,20,0,0,0,23.9,21.1,84,1012,1.5,280,0
1968,6,7,21,0,0,0,24.4,22.2,87,1012,1.5,340,0
1968,6,7,22,0,0,0,23.9,21.7,87,1012,1,290,0
1968,6,7,23,0,0,0,22.8,21.1,90,1012,1.5,280,0
1968,6,8,0,0,0,0,22.8,21.1,90,1011,0,0,0
1968,6,8,1,0,0,0,22.8,21.1,90,1011,2.1,200,0
1968,6,8,2,0,0,0,22.8,20.6,87,1011,1,160,0
1968,6,8,3,0,0,0,21.7,20,90,1011,0,0,0
1968,6,8,4,0,0,0,21.1,20,94,1011,0,0,0
1968,6,8,5,46,178,28,21.7,20.6,94,1012,0,0,0
1968,6,8,6,220,531,60,26.1,22.8,81,1013,3.1,230,0
1968,6,8,7,436,697,87,27.8,22.8,74,1014,3.6,240,0
1968,6,8,8,595,639,160,29.4,23.3,69,1014,3.6,210,0
1968,6,8,9,638,501,224,30,21.7,61,1014,3.6,240,0
1968,6,8,10,824,576,287,30.6,21.1,57,1014,3.1,220,0
1968,6,8,11,921,702,229,30.6,22.2,61,1014,3.6,210,0
1968,6,8,12,893,678,225,32.2,22.8,57,1013,3.6,270,0
1968,6,8,13,878,712,216,31.1,21.7,57,1012,3.1,200,0
1968,6,8,14,605,360,307,30.6,21.7,59,1012,3.1,200,0
1968,6,8,15,588,612,172,27.8,22.2,71,1012,4.1,120,0
1968,6,8,16,388,453,161,25.6,20,71,1012,8.2,160,0
1968,6,8,17,131,53,116,25.6,20.6,74,1012,5.2,180,0
1968,6,8,18,17,7,16,22.8,21.1,90,1013,4.1,200,0
1968,6,8,19,0,0,0,23.3,21.7,90,1013,4.1,280,0
1968,6,8,20,0,0,0,23.3,21.1,87,1013,3.6,200,0
1968,6,8,21,0,0,0,23.3,21.1,87,1014,3.1,180,0
1968,6,8,22,0,0,0,22.2,20.6,90,1014,2.1,240,0
1968,6,8,23,0,0,0,22.8,20,84,1013,1,220,0
1968,6,9,0,0,0,0,22.8,20.6,87,1013,2.1,220,0
1968,6,9,1,0,0,0,22.8,21.1,90,1013,2.1,210,0
1968,6,9,2,0,0,0,22.2,21.1,94,1013,0,0,0
1968,6,9,3,0,0,0,21.7,20.6,94,1013,0,0,0
1968,6,9,4,0,0,0,21.7,20.6,94,1014,0,0,0
1968,6,9,5,36,13,34,22.8,21.1,90,1014,0,0,0
1968,6,9,6,174,219,108,26.7,23.3,82,1015,0,0,0
1968,6,9,7,379,404,177,28.3,23.3,74,1016,0,0,0
1968,6,9,8,538,330,313,28.9,22.8,69,1016,2.1,250,0
1968,6,9,9,625,333,349,30,22.8,65,1016,2.6,190,0
1968,6,9,10,711,400,338,30.6,23.3,65,1015,3.1,160,0
1968,6,9,11,924,572,360,31.1,22.8,61,1015,4.1,170,0
1968,6,9,12,923,615,316,31.7,21.7,55,1015,2.1,130,0
1968,6,9,13,898,619,322,31.1,22.8,61,1014,4.6,220,0
1968,6,9,14,630,338,350,31.1,22.2,59,1013,3.6,220,0
1968,6,9,15,553,422,266,31.7,22.8,59,1013,4.1,250,0
1968,6,9,16,356,360,176,30.6,22.2,61,1013,2.1,210,0
1968,6,9,17,155,163,106,29.4,23.3,69,1013,1.5,230,0
1968,6,9,18,30,12,29,27.8,22.8,74,1013,3.6,230,0
1968,6,9,19,0,0,0,26.7,22.8,79,1013,2.6,160,0
1968,6,9,20,0,0,0,26.7,23.3,82,1013,2.1,200,0
1968,6,9,21,0,0,0,26.1,23.3,85,1014,1.5,210,0
1968,6,9,22,0,0,0,25.6,23.3,88,1014,2.6,220,0
1968,6,9,23,0,0,0,25.6,22.8,84,1014,2.6,210,0
1968,6,10,0,0,0,0,25,22.8,87,1013,2.1,200,0
1968,6,10,1,0,0,0,25,22.8,87,1013,2.6,200,0
1968,6,10,2,0,0,0,25,22.8,87,1013,2.1,220,0
1968,6,10,3,0,0,0,23.3,21.7,90,1014,0,0,0
1968,6,10,4,0,0,0,22.8,21.7,94,1014,0,0,0
1968,6,10,5,41,92,31,23.9,22.8,94,1014,0,0,0
1968,6,10,6,202,417,77,27.8,24.4,82,1014,1,190,0
1968,6,10,7,399,555,121,28.9,23.3,72,1015,1.5,240,0
1968,6,10,8,550,529,190,30.6,23.9,67,1015,2.1,200,0
1968,6,10,9,574,393,249,30,23.3,67,1015,2.1,200,0
1968,6,10,10,860,606,296,31.1,23.3,63,1015,0,0,0
1968,6,10,11,968,739,240,31.7,24.4,66,1014,2.6,70,0
1968,6,10,12,977,780,209,33.3,24.4,59,1014,1.5,360,0
1968,6,10,13,822,622,242,31.7,22.8,59,1013,1,180,0
1968,6,10,14,739,567,269,32.2,24.4,64,1013,5.2,200,0
1968,6,10,15,582,582,186,31.7,24.4,66,1013,5.2,200,0
1968,6,10,16,401,565,117,31.1,24.4,67,1012,4.6,240,0
1968,6,10,17,207,406,84,29.4,23.3,69,1012,3.1,230,0
1968,6,10,18,48,71,40,27.8,23.3,77,1012,2.6,220,0
1968,6,10,19,0,0,0,27.2,23.3,79,1012,2.6,210,0
1968,6,10,20,0,0,0,27.2,23.9,82,1013,3.6,210,0
1968,6,10,21,0,0,0,26.7,23.3,82,1013,3.1,230,0
1968,6,10,22,0,0,0,25.6,23.3,88,1014,1.5,230,0
1968,6,10,23,0,0,0,25,23.3,91,1014,3.1,250,0
1968,6,11,0,0,0,0,25,23.3,91,1013,0,0,0
1968,6,11,1,0,0,0,24.4,22.8,91,1013,2.6,280,0
1968,6,11,2,0,0,0,24.4,22.8,91,1013,0,0,0
1968,6,11,3,0,0,0,23.9,22.2,91,1013,0,0,0
1968,6,11,4,0,0,0,23.9,22.2,91,1013,1.5,220,0
1968,6,11,5,35,6,34,25,23.3,91,1014,1.5,260,0
1968,6,11,6,164,162,116,27.2,25,88,1014,3.1,280,0
1968,6,11,7,334,264,202,28.9,24.4,77,1014,4.1,250,0
1968,6,11,8,481,298,278,30,23.9,69,1014,2.6,280,0
1968,6,11,9,730,497,318,31.7,23.9,64,1014,2.6,300,0
1968,6,11,10,671,201,483,32.2,25,66,1014,2.6,350,0
1968,6,11,11,919,540,387,31.7,25,68,1014,2.1,360,0
1968,6,11,12,831,417,420,32.8,23.9,59,1013,2.6,270,0
1968,6,11,13,742,355,411,31.7,23.3,61,1012,4.6,250,0
1968,6,11,14,575,220,393,33.3,23.3,56,1012,3.6,250,0
1968,6,11,15,467,291,269,32.8,23.9,59,1011,4.6,260,0
1968,6,11,16,332,235,214,32.8,23.3,57,1011,3.1,280,0
1968,6,11,17,143,78,119,31.1,22.8,61,1012,3.6,260,0
1968,6,11,18,31,1,30,29.4,24.4,74,1012,3.1,250,0
1968,6,11,19,0,0,0,28.3,24.4,79,1013,2.6,30,0
1968,6,11,20,0,0,0,27.8,23.9,79,1013,1.5,70,0
1968,6,11,21,0,0,0,26.1,23.3,85,1014,1,30,0
1968,6,11,22,0,0,0,24.4,22.8,91,1014,0,0,0
1968,6,11,23,0,0,0,26.1,23.3,85,1014,2.1,80,0
1968,6,12,0,0,0,0,25.6,22.2,81,1013,1,110,0
1968,6,12,1,0,0,0,23.3,21.7,90,1013,0,0,0
1968,6,12,2,0,0,0,23.9,22.2,91,1013,0,0,0
1968,6,12,3,0,0,0,23.3,21.7,90,1013,1.5,240,0
1968,6,12,4,0,0,0,24.4,22.8,91,1014,1,250,0
1968,6,12,5,31,21,29,26.1,24.4,91,1014,3.1,280,0
1968,6,12,6,153,156,107,27.8,25,85,1015,3.6,290,0
1968,6,12,7,407,560,127,30,25.6,77,1015,3.1,300,0
1968,6,12,8,591,617,172,31.7,26.1,72,1015,4.1,280,0
1968,6,12,9,718,637,191,31.7,25,68,1015,4.1,290,0
1968,6,12,10,879,722,206,31.7,25,68,1014,7.2,270,0
1968,6,12,11,943,801,153,32.2,22.8,57,1014,4.6,260,0
1968,6,12,12,516,104,413,32.2,23.9,61,1013,5.2,270,0
1968,6,12,13,827,606,262,32.2,24.4,64,1013,5.7,210,0
1968,6,12,14,344,29,320,30.6,23.9,67,1012,6.7,240,0
1968,6,12,15,236,3,234,28.9,22.2,67,1011,6.7,250,0
1968,6,12,16,166,29,151,28.3,22.2,69,1014,3.1,300,0
1968,6,12,17,55,6,54,22.2,19.4,84,1016,5.7,360,0
1968,6,12,18,11,2,11,22.2,20,87,1015,4.6,330,0
1968,6,12,19,0,0,0,22.8,20.6,87,1014,1.5,280,0
1968,6,12,20,0,0,0,21.7,19.4,87,1014,3.1,280,0
1968,6,12,21,0,0,0,21.7,19.4,87,1014,3.1,280,0
1968,6,12,22,0,0,0,22.2,20,87,1014,3.1,250,0
1968,6,12,23,0,0,0,21.7,20,90,1014,2.1,270,0
1968,6,13,0,0,0,0,21.1,19.4,90,1014,2.6,300,0
1968,6,13,1,0,0,0,21.1,19.4,90,1014,3.1,250,0
1968,6,13,2,0,0,0,21.1,19.4,90,1014,3.6,290,0
1968,6,13,3,0,0,0,21.7,19.4,87,1014,3.6,290,0
1968,6,13,4,0,0,0,21.1,19.4,90,1014,3.1,250,0
1968,6,13,5,32,53,27,22.2,19.4,84,1015,3.6,300,0
1968,6,13,6,195,361,87,23.9,21.1,84,1015,3.1,300,0
1968,6,13,7,408,552,133,27.2,21.7,71,1015,4.6,350,0
1968,6,13,8,619,661,169,27.8,21.7,69,1015,3.1,20,0
1968,6,13,9,787,716,195,28.9,23.3,72,1015,4.1,360,0
1968,6,13,10,910,752,210,29.4,23.3,69,1015,2.1,40,0
1968,6,13,11,980,773,218,31.1,23.3,63,1015,3.6,30,0
1968,6,13,12,981,773,218,31.1,22.8,61,1014,4.1,20,0
1968,6,13,13,923,763,211,32.8,19.4,45,1014,3.1,70,0
1968,6,13,14,801,730,195,32.8,20,47,1013,2.6,50,0
1968,6,13,15,629,670,170,33.3,17.8,39,1013,1.5,20,0
1968,6,13,16,418,564,134,32.8,17.8,41,1012,2.6,360,0
1968,6,13,17,201,370,88,31.1,22.2,59,1012,1.5,320,0
1968,6,13,18,35,58,28,27.2,22.2,74,1012,1,350,0
1968,6,13,19,0,0,0,24.4,21.1,81,1013,1,300,0
1968,6,13,20,0,0,0,23.9,20.6,81,1013,0,0,0
1968,6,13,21,0,0,0,23.9,20.6,81,1013,0,0,0
1968,6,13,22,0,0,0,24.4,20.6,79,1013,1,150,0
1968,6,13,23,0,0,0,22.8,20.6,87,1013,0,0,0
1968,6,14,0,0,0,0,22.2,20.6,90,1013,0,0,0
1968,6,14,1,0,0,0,21.1,20,94,1013,0,0,0
1968,6,14,2,0,0,0,21.1,19.4,90,1013,1,20,0
1968,6,14,3,0,0,0,19.4,18.3,93,1013,1.5,260,0
1968,6,14,4,0,0,0,20,18.3,90,1014,0,0,0
1968,6,14,5,37,11,36,22.8,20.6,87,1014,0,0,0
1968,6,14,6,168,193,110,27.8,23.3,77,1015,2.1,290,0
1968,6,14,7,374,382,183,29.4,22.2,65,1015,3.6,50,0
1968,6,14,8,586,507,242,30.6,21.1,57,1016,3.1,30,0
1968,6,14,9,762,579,283,31.1,20.6,53,1016,3.6,30,0
1968,6,14,10,892,625,309,32.2,20,48,1016,5.2,60,0
1968,6,14,11,962,650,322,32.8,17.8,41,1015,4.6,50,0
1968,6,14,12,967,654,322,33.3,17.2,38,1015,4.1,40,0
1968,6,14,13,900,632,310,33.3,17.2,38,1015,3.1,20,0
1968,6,14,14,774,589,284,33.3,18.9,42,1014,4.6,40,0
1968,6,14,15,594,507,247,33.3,19.4,44,1014,5.2,20,0
1968,6,14,16,385,390,188,32.2,17.8,42,1014,4.1,140,0
1968,6,14,17,177,208,113,31.1,18.9,48,1014,4.1,170,0
1968,6,14,18,31,11,30,29.4,20,57,1014,4.1,140,0
1968,6,14,19,0,0,0,27.8,20,62,1014,3.6,150,0
1968,6,14,20,0,0,0,27.2,20.6,67,1015,4.1,140,0
1968,6,14,21,0,0,0,26.7,21.7,74,1016,3.6,140,0
1968,6,14,22,0,0,0,26.7,22.2,76,1016,4.1,160,0
1968,6,14,23,0,0,0,25.6,21.7,79,1015,3.1,140,0
1968,6,15,0,0,0,0,25,21.7,81,1015,3.1,160,0
1968,6,15,1,0,0,0,23.3,21.1,87,1016,2.1,220,0
1968,6,15,2,0,0,0,21.7,20,90,1016,0,0,0
1968,6,15,3,0,0,0,21.7,20,90,1017,0,0,0
1968,6,15,4,0,0,0,21.7,20.6,94,1017,0,0,0
1968,6,15,5,40,69,33,23.3,21.7,90,1018,0,0,0
1968,6,15,6,185,346,82,27.8,24.4,82,1018,2.6,100,0
1968,6,15,7,364,437,146,30,23.9,69,1019,1.5,50,0
1968,6,15,8,590,560,210,30,22.8,65,1019,1.5,140,0
1968,6,15,9,748,628,230,30,23.3,67,1018,2.1,90,0
1968,6,15,10,865,691,222,31.1,23.9,65,1018,3.6,70,0
1968,6,15,11,895,642,262,31.7,23.9,64,1017,5.2,30,0
1968,6,15,12,400,13,388,30,21.7,61,1017,10.3,80,0
1968,6,15,13,420,92,333,27.2,21.7,71,1017,1.5,170,0
1968,6,15,14,531,304,277,28.9,22.8,69,1017,1.5,220,0
1968,6,15,15,330,157,223,30.6,22.8,63,1016,5.2,160,0
1968,6,15,16,305,244,181,30,22.8,65,1016,4.6,160,0
1968,6,15,17,134,78,110,29.4,22.8,67,1016,4.1,170,0
1968,6,15,18,34,18,32,27.8,21.7,69,1017,4.1,170,0
1968,6,15,19,0,0,0,26.7,21.7,74,1017,2.1,110,0
1968,6,15,20,0,0,0,26.1,21.1,74,1017,2.1,120,0
1968,6,15,21,0,0,0,25.6,21.7,79,1018,2.1,120,0
1968,6,15,22,0,0,0,25.6,22.2,81,1018,2.6,140,0
1968,6,15,23,0,0,0,23.9,21.7,87,1018,0,0,0
1968,6,16,0,0,0,0,22.2,21.1,94,1017,0,0,0
1968,6,16,1,0,0,0,22.2,21.1,94,1017,1,310,0
1968,6,16,2,0,0,0,22.2,21.1,94,1017,0,0,0
1968,6,16,3,0,0,0,21.7,20.6,94,1017,0,0,0
1968,6,16,4,0,0,0,21.7,21.1,97,1017,0,0,0
1968,6,16,5,43,160,26,23.3,21.7,90,1017,0,0,0
1968,6,16,6,191,428,63,27.8,23.9,79,1018,1.5,80,0
1968,6,16,7,407,646,85,29.4,23.3,69,1018,2.1,160,0
1968,6,16,8,605,684,140,28.9,23.3,72,1018,3.1,140,0
1968,6,16,9,619,465,234,30,22.8,65,1018,2.6,120,0
1968,6,16,10,678,470,240,31.1,23.3,63,1018,2.6,100,0
1968,6,16,11,864,525,346,30.6,22.8,63,1017,2.6,30,0
1968,6,16,12,1033,808,235,26.7,21.1,71,1017,2.1,280,0
1968,6,16,13,330,134,205,24.4,21.1,81,1017,5.2,190,0
1968,6,16,14,601,417,254,24.4,20.6,79,1016,3.6,230,0
1968,6,16,15,372,85,314,26.1,22.2,79,1016,3.6,230,0
1968,6,16,16,184,5,182,27.2,22.2,74,1016,2.6,190,0
1968,6,16,17,83,20,77,26.7,22.8,79,1016,2.1,200,0
1968,6,16,18,20,1,20,25.6,22.8,84,1016,0,0,0
1968,6,16,19,0,0,0,25,22.8,87,1016,1.5,270,0
1968,6,16,20,0,0,0,25,22.8,87,1017,0,0,0
1968,6,16,21,0,0,0,24.4,22.2,87,1016,2.1,90,0
1968,6,16,22,0,0,0,24.4,22.2,87,1016,0,0,0
1968,6,16,23,0,0,0,23.9,22.2,91,1016,1,290,0
1968,6,17,0,0,0,0,23.3,21.7,90,1015,0,0,0
1968,6,17,1,0,0,0,22.2,21.1,94,1015,0,0,0
1968,6,17,2,0,0,0,21.7,20,90,1015,1,350,0
1968,6,17,3,0,0,0,21.1,20,94,1015,0,0,0
1968,6,17,4,0,0,0,21.7,20.6,94,1015,0,0,0
1968,6,17,5,39,121,26,22.8,21.7,94,1015,0,0,0
1968,6,17,6,209,472,69,27.8,23.3,77,1016,0,0,0
1968,6,17,7,402,579,113,28.9,22.8,69,1016,1,40,0
1968,6,17,8,603,616,186,30,23.3,67,1015,2.1,30,0
1968,6,17,9,664,493,257,27.8,23.3,77,1015,2.6,30,0
1968,6,17,10,742,538,242,30.6,22.8,63,1015,2.6,20,0
1968,6,17,11,828,542,293,30.6,22.8,63,1014,2.1,90,0
1968,6,17,12,824,566,265,31.1,22.8,61,1014,0,0,0
1968,6,17,13,161,2,160,21.7,19.4,87,1015,5.2,260,0
1968,6,17,14,177,11,168,22.2,20.6,90,1015,1.5,70,0
1968,6,17,15,126,0,126,22.8,21.1,90,1014,0,0,0
1968,6,17,16,98,8,94,23.9,22.2,91,1013,1,50,0
1968,6,17,17,49,0,49,24.4,22.2,87,1013,2.1,220,0
1968,6,17,18,36,1,36,23.9,22.2,91,1013,1.5,300,0
1968,6,17,19,0,0,0,22.8,21.7,94,1014,0,0,0
1968,6,17,20,0,0,0,22.8,21.7,94,1014,0,0,0
1968,6,17,21,0,0,0,23.3,21.7,90,1014,0,0,0
1968,6,17,22,0,0,0,22.8,21.1,90,1014,0,0,0
1968,6,17,23,0,0,0,23.3,21.7,90,1014,0,0,0
1968,6,18,0,0,0,0,22.8,21.1,90,1013,0,0,0
1968,6,18,1,0,0,0,22.2,21.1,94,1013,0,0,0
1968,6,18,2,0,0,0,21.7,20.6,94,1013,0,0,0
1968,6,18,3,0,0,0,21.1,20,94,1014,1.5,310,0
1968,6,18,4,0,0,0,22.2,20.6,90,1014,0,0,0
1968,6,18,5,26,0,26,23.3,21.7,90,1014,0,0,0
1968,6,18,6,130,94,102,27.2,24.4,85,1014,3.1,50,0
1968,6,18,7,234,57,206,27.2,22.8,76,1014,1.5,110,0
1968,6,18,8,444,230,288,29.4,23.3,69,1015,2.1,80,0
1968,6,18,9,635,237,439,29.4,22.2,65,1015,2.1,180,0
1968,6,18,10,496,143,363,29.4,23.3,69,1015,3.1,150,0
1968,6,18,11,502,47,455,30.6,23.3,65,1015,1.5,330,0
1968,6,18,12,581,136,446,29.4,22.8,67,1014,5.2,40,0
1968,6,18,13,742,405,363,26.1,22.2,79,1014,4.1,100,0
1968,6,18,14,624,346,336,27.8,22.8,74,1014,3.1,100,0
1968,6,18,15,272,1,271,26.7,22.2,76,1014,1.5,260,0
1968,6,18,16,141,4,139,27.2,22.8,76,1013,2.6,200,0
1968,6,18,17,79,2,78,27.8,22.8,74,1014,3.6,250,0
1968,6,18,18,30,0,30,25.6,22.2,81,1014,2.6,270,0
1968,6,18,19,0,0,0,24.4,22.2,87,1015,1.5,40,0
1968,6,18,20,0,0,0,23.3,21.7,90,1015,1.5,250,0
1968,6,18,21,0,0,0,23.3,21.7,90,1015,0,0,0
1968,6,18,22,0,0,0,22.8,21.1,90,1015,1,350,0
1968,6,18,23,0,0,0,22.8,21.1,90,1015,1,40,0
1968,6,19,0,0,0,0,22.2,20.6,90,1014,1,60,0
1968,6,19,1,0,0,0,22.2,21.1,94,1014,1,60,0
1968,6,19,2,0,0,0,21.7,20,90,1014,1,330,0
1968,6,19,3,0,0,0,21.7,20.6,94,1014,0,0,0
1968,6,19,4,0,0,0,22.2,20.6,90,1014,0,0,0
1968,6,19,5,46,65,39,22.8,21.1,90,1015,1,60,0
1968,6,19,6,194,266,115,27.2,23.3,79,1015,2.1,80,0
1968,6,19,7,392,474,156,28.9,23.3,72,1015,2.6,80,0
1968,6,19,8,456,225,304,28.9,23.9,74,1015,2.6,50,0
1968,6,19,9,709,574,236,30,23.3,67,1016,3.1,30,0
1968,6,19,10,835,606,271,28.3,23.3,74,1016,2.1,90,0
1968,6,19,11,381,112,271,23.3,20.6,84,1016,4.6,60,0
1968,6,19,12,752,405,352,30,23.9,69,1015,3.1,330,0
1968,6,19,13,622,260,379,30.6,22.8,63,1014,2.1,310,0
1968,6,19,14,383,77,318,30.6,22.8,63,1013,2.1,320,0
1968,6,19,15,297,5,293,30.6,22.2,61,1013,2.1,300,0
1968,6,19,16,178,3,177,30,22.8,65,1013,2.1,310,0
1968,6,19,17,85,11,82,28.9,23.3,72,1014,2.1,290,0
1968,6,19,18,21,2,21,26.7,23.9,85,1014,2.1,310,0
1968,6,19,19,0,0,0,25.6,22.2,81,1015,2.1,290,0
1968,6,19,20,0,0,0,25,22.2,84,1015,2.6,290,0
1968,6,19,21,0,0,0,26.7,21.7,74,1016,4.6,20,0
1968,6,19,22,0,0,0,26.1,21.1,74,1016,4.1,50,0
1968,6,19,23,0,0,0,25,21.1,79,1015,3.1,60,0
1968,6,20,0,0,0,0,23.9,20.6,81,1014,1.5,90,0
1968,6,20,1,0,0,0,23.3,20.6,84,1014,2.6,240,0
1968,6,20,2,0,0,0,22.8,20.6,87,1014,2.1,230,0
1968,6,20,3,0,0,0,22.8,21.1,90,1014,1.5,330,0
1968,6,20,4,0,0,0,22.8,21.1,90,1014,1.5,330,0
1968,6,20,5,28,0,28,23.3,21.7,90,1015,1.5,340,0
1968,6,20,6,81,2,80,26.1,23.3,85,1016,2.6,20,0
1968,6,20,7,168,3,167,26.1,23.3,85,1016,4.1,50,0
1968,6,20,8,269,3,267,26.1,22.8,81,1016,4.1,20,0
1968,6,20,9,342,1,341,27.2,22.8,76,1016,3.6,40,0
1968,6,20,10,431,0,431,28.9,23.3,72,1016,3.6,40,0
1968,6,20,11,456,0,455,28.9,23.3,72,1016,3.6,20,0
1968,6,20,12,453,0,453,28.3,22.8,72,1015,3.1,10,0
1968,6,20,13,463,0,463,28.9,23.3,72,1015,2.6,330,0
1968,6,20,14,395,1,394,29.4,23.3,69,1015,1.5,60,0
1968,6,20,15,309,0,308,28.3,22.8,72,1014,2.1,190,0
1968,6,20,16,214,0,214,27.8,22.8,74,1014,3.6,230,0
1968,6,20,17,111,0,110,27.2,23.3,79,1014,2.6,270,0
1968,6,20,18,36,0,36,26.1,22.8,81,1014,0,0,0
1968,6,20,19,0,0,0,25.6,22.8,84,1014,2.1,240,0
1968,6,20,20,0,0,0,25,22.2,84,1015,1.5,260,0
1968,6,20,21,0,0,0,25,22.2,84,1015,1.5,240,0
1968,6,20,22,0,0,0,24.4,22.2,87,1015,0,0,0
1968,6,20,23,0,0,0,24.4,22.2,87,1014,2.1,260,0
1968,6,21,0,0,0,0,24.4,21.7,84,1014,2.6,280,0
1968,6,21,1,0,0,0,24.4,21.7,84,1013,1,50,0
1968,6,21,2,0,0,0,23.9,21.7,87,1013,1,240,0
1968,6,21,3,0,0,0,23.3,21.7,90,1013,1,50,0
1968,6,21,4,0,0,0,23.9,21.1,84,1013,2.1,280,0
1968,6,21,5,28,0,28,23.9,21.7,87,1013,0,0,0
1968,6,21,6,149,146,106,27.2,22.8,76,1014,1,40,0
1968,6,21,7,199,73,163,28.3,23.3,74,1014,2.1,50,0
1968,6,21,8,267,7,262,27.8,22.8,74,1014,3.1,80,0
1968,6,21,9,390,9,382,27.8,23.3,77,1014,3.1,70,0
1968,6,21,10,531,164,379,28.9,23.3,72,1014,3.1,100,0
1968,6,21,11,315,12,303,29.4,22.8,67,1014,2.6,70,0
1968,6,21,12,446,99,349,29.4,22.8,67,1014,2.6,110,0
1968,6,21,13,257,13,245,25.6,18.9,67,1014,4.6,170,0
1968,6,21,14,192,10,183,24.4,21.7,84,1013,4.1,200,0
1968,6,21,15,147,2,145,25,22.2,84,1013,5.7,180,0
1968,6,21,16,194,4,191,25.6,21.7,79,1013,5.2,190,0
1968,6,21,17,109,2,108,25.6,21.7,79,1014,2.6,210,0
1968,6,21,18,24,1,24,24.4,21.7,84,1014,1.5,230,0
1968,6,21,19,0,0,0,24.4,21.7,84,1015,0,0,0
1968,6,21,20,0,0,0,23.3,21.7,90,1016,1,360,0
1968,6,21,21,0,0,0,23.3,21.7,90,1015,1.5,90,0
1968,6,21,22,0,0,0,22.8,21.1,90,1015,2.6,50,0
1968,6,21,23,0,0,0,23.3,21.1,87,1014,1,50,0
1968,6,22,0,0,0,0,23.9,21.7,87,1014,2.1,120,0
1968,6,22,1,0,0,0,23.9,21.7,87,1014,2.1,100,0
1968,6,22,2,0,0,0,24.4,21.7,84,1014,1.5,110,0
1968,6,22,3,0,0,0,24.4,21.7,84,1014,2.1,90,0
1968,6,22,4,0,0,0,22.8,21.1,90,1014,2.1,60,0
1968,6,22,5,29,1,29,23.9,22.2,91,1015,0,0,0
1968,6,22,6,52,9,49,26.1,22.8,81,1016,2.1,80,0
1968,6,22,7,186,16,178,26.7,23.3,82,1016,2.6,100,0
1968,6,22,8,208,0,208,28.3,23.3,74,1016,3.1,120,0
1968,6,22,9,393,8,387,28.9,22.8,69,1016,3.6,130,0
1968,6,22,10,374,8,367,26.7,21.1,71,1017,7.7,190,0
1968,6,22,11,378,2,376,26.1,22.2,79,1016,1.5,50,0
1968,6,22,12,374,1,374,28.3,22.2,69,1016,3.1,180,0
1968,6,22,13,406,2,403,29.4,22.2,65,1016,2.1,120,0
1968,6,22,14,429,85,358,30.6,23.3,65,1016,3.1,10,0
1968,6,22,15,223,10,216,28.9,23.3,72,1016,4.6,10,0
1968,6,22,16,155,6,152,28.9,23.3,72,1015,6.2,60,0
1968,6,22,17,56,2,56,25.6,21.7,79,1015,3.1,80,0
1968,6,22,18,22,0,22,25,22.2,84,1016,0,0,0
1968,6,22,19,1,0,1,24.4,22.2,87,1016,1.5,60,0
1968,6,22,20,0,0,0,25,22.2,84,1017,2.1,120,0
1968,6,22,21,0,0,0,24.4,22.2,87,1017,1.5,120,0
1968,6,22,22,0,0,0,24.4,22.2,87,1016,0,0,0
1968,6,22,23,0,0,0,23.3,21.7,90,1016,1,20,0
1968,6,23,0,0,0,0,23.3,21.7,90,1016,0,0,0
1968,6,23,1,0,0,0,22.8,21.1,90,1016,0,0,0
1968,6,23,2,0,0,0,23.3,21.7,90,1015,2.6,90,0
1968,6,23,3,0,0,0,23.9,21.7,87,1015,2.1,100,0
1968,6,23,4,0,0,0,22.8,21.1,90,1015,2.6,70,0
1968,6,23,5,43,27,40,24.4,22.8,91,1016,1,150,0
1968,6,23,6,192,284,108,27.8,24.4,82,1016,2.6,110,0
1968,6,23,7,377,432,163,29.4,24.4,74,1017,4.6,110,0
1968,6,23,8,585,597,182,30,23.3,67,1017,4.6,160,0
1968,6,23,9,681,512,259,31.1,24.4,67,1017,4.6,160,0
1968,6,23,10,633,228,421,30,23.9,69,1017,2.6,110,0
1968,6,23,11,580,229,355,32.2,23.3,59,1016,5.2,160,0
1968,6,23,12,363,2,361,32.8,22.8,55,1016,5.7,160,0
1968,6,23,13,313,2,311,32.2,23.9,61,1015,6.7,180,0
1968,6,23,14,288,4,285,31.1,23.3,63,1015,3.6,120,0
1968,6,23,15,312,2,310,31.7,23.9,64,1015,3.6,120,0
1968,6,23,16,180,6,177,30.6,23.3,65,1015,4.6,150,0
1968,6,23,17,87,1,87,30,23.3,67,1015,4.1,150,0
1968,6,23,18,28,0,28,28.9,23.3,72,1015,3.1,140,0
1968,6,23,19,1,0,1,27.8,23.3,77,1015,3.6,130,0
1968,6,23,20,0,0,0,27.2,23.3,79,1016,3.1,110,0
1968,6,23,21,0,0,0,27.2,23.3,79,1016,3.6,110,0
1968,6,23,22,0,0,0,27.2,23.3,79,1015,4.6,130,0
1968,6,23,23,0,0,0,27.2,23.3,79,1015,4.6,140,0
1968,6,24,0,0,0,0,26.7,23.3,82,1014,4.1,140,0
1968,6,24,1,0,0,0,26.7,23.3,82,1014,4.1,140,0
1968,6,24,2,0,0,0,26.7,23.3,82,1014,2.6,130,0
1968,6,24,3,0,0,0,26.1,23.3,85,1015,2.6,130,0
1968,6,24,4,0,0,0,26.1,23.3,85,1015,3.1,160,0
1968,6,24,5,27,8,26,26.1,23.3,85,1015,2.6,110,0
1968,6,24,6,112,87,87,27.8,23.9,79,1016,3.6,140,0
1968,6,24,7,316,290,173,30,24.4,72,1016,4.6,140,0
1968,6,24,8,538,462,227,30,24.4,72,1016,5.2,130,0
1968,6,24,9,661,534,222,31.1,24.4,67,1016,6.7,160,0
1968,6,24,10,801,632,213,32.2,24.4,64,1016,6.2,160,0
1968,6,24,11,1016,817,212,32.8,24.4,61,1016,7.2,160,0
1968,6,24,12,910,665,253,32.2,23.9,61,1016,7.7,180,0
1968,6,24,13,872,685,230,32.2,23.9,61,1015,7.2,160,0
1968,6,24,14,733,617,217,32.2,23.9,61,1015,6.7,160,0
1968,6,24,15,602,616,176,31.1,23.9,65,1014,6.2,180,0
1968,6,24,16,426,609,113,31.1,23.3,63,1014,4.1,190,0
1968,6,24,17,206,281,118,30.6,22.8,63,1014,5.2,180,0
1968,6,24,18,32,16,30,28.9,22.8,69,1014,5.2,180,0
1968,6,24,19,1,0,1,27.8,23.3,77,1015,2.6,190,0
1968,6,24,20,0,0,0,27.2,23.3,79,1015,3.1,190,0
1968,6,24,21,0,0,0,27.2,23.9,82,1015,3.1,150,0
1968,6,24,22,0,0,0,27.8,23.3,77,1015,4.1,190,0
1968,6,24,23,0,0,0,27.2,23.3,79,1015,4.1,180,0
1968,6,25,0,0,0,0,27.2,23.9,82,1014,4.1,180,0
1968,6,25,1,0,0,0,27.2,23.9,82,1014,4.6,200,0
1968,6,25,2,0,0,0,27.2,23.9,82,1014,3.6,190,0
1968,6,25,3,0,0,0,27.2,23.3,79,1014,3.1,180,0
1968,6,25,4,0,0,0,27.2,23.9,82,1015,3.1,180,0
1968,6,25,5,33,11,32,27.8,23.9,79,1015,2.6,150,0
1968,6,25,6,152,171,102,28.9,24.4,77,1015,3.1,180,0
1968,6,25,7,351,360,174,30,25,74,1015,5.7,170,0
1968,6,25,8,544,438,249,30.6,24.4,69,1015,6.2,170,0
1968,6,25,9,670,401,341,31.7,23.3,61,1016,6.7,190,0
1968,6,25,10,809,515,332,31.7,23.9,64,1015,5.7,180,0
1968,6,25,11,903,563,349,32.8,23.9,59,1015,6.7,180,0
1968,6,25,12,888,599,296,32.8,24.4,61,1014,5.7,200,0
1968,6,25,13,679,295,403,32.2,23.3,59,1014,5.2,200,0
1968,6,25,14,743,504,321,32.2,23.9,61,1014,5.2,210,0
1968,6,25,15,562,460,244,32.8,23.9,59,1013,5.7,220,0
1968,6,25,16,368,342,193,31.7,23.9,64,1013,4.6,210,0
1968,6,25,17,187,177,132,30.6,24.4,69,1013,6.2,210,0
1968,6,25,18,48,4,47,28.9,23.9,74,1013,4.1,210,0
1968,6,25,19,0,0,0,28.3,24.4,79,1013,4.1,210,0
1968,6,25,20,0,0,0,27.8,24.4,82,1013,5.7,190,0
1968,6,25,21,0,0,0,27.2,23.9,82,1014,4.1,210,0
1968,6,25,22,0,0,0,27.2,23.9,82,1013,5.2,200,0
1968,6,25,23,0,0,0,27.2,23.9,82,1013,2.6,200,0
1968,6,26,0,0,0,0,26.1,23.3,85,1013,2.6,210,0
1968,6,26,1,0,0,0,26.1,23.3,85,1013,3.1,230,0
1968,6,26,2,0,0,0,26.1,23.3,85,1013,2.6,240,0
1968,6,26,3,0,0,0,25.6,22.8,84,1013,2.6,220,0
1968,6,26,4,0,0,0,25.6,23.3,88,1013,2.6,190,0
1968,6,26,5,35,27,32,26.1,23.3,85,1013,2.1,230,0
1968,6,26,6,181,267,103,27.8,24.4,82,1014,4.1,220,0
1968,6,26,7,279,64,247,29.4,25,77,1014,5.2,260,0
1968,6,26,8,569,574,183,30,24.4,72,1014,5.2,270,0
1968,6,26,9,676,494,270,31.1,23.9,65,1014,5.7,300,0
1968,6,26,10,126,4,122,26.1,22.2,79,1015,5.2,250,0
1968,6,26,11,860,628,242,29.4,24.4,74,1014,2.1,290,0
1968,6,26,12,912,769,152,30.6,23.3,65,1013,4.1,200,0
1968,6,26,13,875,769,154,31.7,23.9,64,1012,5.2,220,0
1968,6,26,14,747,604,242,31.1,23.9,65,1011,5.2,200,0
1968,6,26,15,568,581,166,32.2,22.8,57,1011,6.7,230,0
1968,6,26,16,369,405,161,31.7,22.2,57,1011,5.2,240,0
1968,6,26,17,221,448,80,30.6,22.2,61,1011,4.6,240,0
1968,6,26,18,44,117,31,28.3,22.2,69,1012,4.1,240,0
1968,6,26,19,0,0,0,27.8,21.7,69,1012,4.1,230,0
1968,6,26,20,0,0,0,26.7,22.2,76,1013,3.1,250,0
1968,6,26,21,0,0,0,25,22.2,84,1014,1.5,250,0
1968,6,26,22,0,0,0,24.4,21.7,84,1014,2.6,280,0
1968,6,26,23,0,0,0,24.4,21.7,84,1014,2.6,290,0
1968,6,27,0,0,0,0,24.4,21.7,84,1014,3.1,280,0
1968,6,27,1,0,0,0,24.4,21.7,84,1013,3.1,300,0
1968,6,27,2,0,0,0,24.4,21.7,84,1014,3.6,290,0
1968,6,27,3,0,0,0,23.9,20,79,1014,3.6,350,0
1968,6,27,4,0,0,0,23.3,18.9,76,1015,5.2,360,0
1968,6,27,5,30,1,30,23.3,18.3,73,1015,3.1,360,0
1968,6,27,6,83,36,73,23.9,17.2,66,1015,4.1,10,0
1968,6,27,7,202,40,183,25,17.2,62,1016,4.1,30,0
1968,6,27,8,504,297,304,26.1,17.2,58,1016,4.1,50,0
1968,6,27,9,540,243,340,27.2,17.8,56,1016,4.1,20,0
1968,6,27,10,614,184,443,27.8,17.8,54,1016,4.6,360,0
1968,6,27,11,681,271,415,28.9,18.3,53,1015,4.1,360,0
1968,6,27,12,943,634,316,30,17.8,48,1015,2.6,340,0
1968,6,27,13,857,643,254,30.6,18.3,48,1014,3.1,290,0
1968,6,27,14,754,601,252,30.6,17.8,46,1014,2.6,360,0
1968,6,27,15,608,582,205,30.6,17.8,46,1013,2.6,20,0
1968,6,27,16,408,480,160,30,17.2,46,1013,3.1,340,0
1968,6,27,17,199,302,104,29.4,17.8,49,1013,1,320,0
1968,6,27,18,43,41,39,26.7,16.7,54,1013,1.5,270,0
1968,6,27,19,1,0,1,22.8,16.7,69,1013,2.6,280,0
1968,6,27,20,0,0,0,21.7,16.1,71,1014,3.1,280,0
1968,6,27,21,0,0,0,20,16.1,78,1015,1.5,320,0
1968,6,27,22,0,0,0,18.9,16.1,83,1015,0,0,0
1968,6,27,23,0,0,0,18.3,16.1,87,1015,1,290,0
1968,6,28,0,0,0,0,17.8,15.6,87,1014,2.1,350,0
1968,6,28,1,0,0,0,18.3,16.1,87,1014,1,310,0
1968,6,28,2,0,0,0,17.8,15.6,87,1015,1,320,0
1968,6,28,3,0,0,0,17.8,15.6,87,1015,0,0,0
1968,6,28,4,0,0,0,17.2,14.4,83,1015,1,360,0
1968,6,28,5,39,83,30,19.4,15.6,78,1016,1,270,0
1968,6,28,6,195,421,74,25,18.3,66,1016,2.1,90,0
1968,6,28,7,413,616,112,27.2,15.6,49,1016,2.6,90,0
1968,6,28,8,622,716,142,28.9,16.7,48,1017,1,70,0
1968,6,28,9,795,771,163,28.9,17.8,51,1016,3.6,210,0
1968,6,28,10,921,803,176,31.1,20,52,1016,3.1,10,0
1968,6,28,11,992,822,183,30.6,18.3,48,1016,2.1,110,0
1968,6,28,12,1003,830,183,31.1,16.1,40,1016,1.5,200,0
1968,6,28,13,941,814,178,31.7,16.7,40,1015,3.1,180,0
1968,6,28,14,820,782,165,32.2,17.2,41,1015,5.2,250,0
1968,6,28,15,647,724,145,32.2,19.4,47,1014,3.1,240,0
1968,6,28,16,440,628,116,31.7,20,50,1014,3.1,180,0
1968,6,28,17,223,455,79,31.1,21.1,55,1014,3.1,130,0
1968,6,28,18,49,126,35,28.3,20,60,1014,0,0,0
1968,6,28,19,1,0,1,27.2,22.2,74,1015,1.5,200,0
1968,6,28,20,0,0,0,27.2,22.2,74,1015,3.1,210,0
1968,6,28,21,0,0,0,26.7,22.2,76,1016,2.6,200,0
1968,6,28,22,0,0,0,26.1,22.2,79,1016,2.6,210,0
1968,6,28,23,0,0,0,26.1,22.8,81,1016,2.6,210,0
1968,6,29,0,0,0,0,24.4,21.7,84,1016,0,0,0
1968,6,29,1,0,0,0,23.3,21.1,87,1016,0,0,0
1968,6,29,2,0,0,0,23.9,22.2,91,1016,0,0,0
1968,6,29,3,0,0,0,22.8,21.1,90,1016,0,0,0
1968,6,29,4,0,0,0,22.2,21.1,94,1017,0,0,0
1968,6,29,5,37,66,30,23.9,22.2,91,1017,0,0,0
1968,6,29,6,190,389,78,27.8,24.4,82,1017,2.6,170,0
1968,6,29,7,378,470,148,29.4,24.4,74,1018,4.1,180,0
1968,6,29,8,567,585,175,30.6,24.4,69,1018,4.1,170,0
1968,6,29,9,719,670,170,32.2,24.4,64,1018,3.6,190,0
1968,6,29,10,943,768,231,32.2,23.9,61,1018,4.1,190,0
1968,6,29,11,918,653,274,32.8,23.9,59,1017,3.1,200,0
1968,6,29,12,786,516,275,32.8,25,64,1017,4.1,170,0
1968,6,29,13,520,117,410,32.2,24.4,64,1017,4.1,150,0
1968,6,29,14,709,459,324,32.8,23.9,59,1016,6.2,170,0
1968,6,29,15,357,88,296,26.7,21.7,74,1018,3.1,260,0
1968,6,29,16,257,111,200,26.1,22.2,79,1017,1,220,0
1968,6,29,17,181,126,141,26.7,22.2,76,1017,2.1,200,0
1968,6,29,18,27,20,25,26.7,22.2,76,1017,4.1,140,0
1968,6,29,19,0,0,0,27.2,22.2,74,1017,3.6,180,0
1968,6,29,20,0,0,0,27.2,22.8,76,1018,3.6,190,0
1968,6,29,21,0,0,0,27.2,23.3,79,1018,2.1,200,0
1968,6,29,22,0,0,0,26.1,22.8,81,1019,1.5,230,0
1968,6,29,23,0,0,0,26.1,23.3,85,1018,2.6,180,0
1968,6,30,0,0,0,0,25,22.2,84,1018,0,0,0
1968,6,30,1,0,0,0,23.3,21.1,87,1018,0,0,0
1968,6,30,2,0,0,0,23.3,21.7,90,1018,0,0,0
1968,6,30,3,0,0,0,23.3,21.7,90,1018,0,0,0
1968,6,30,4,0,0,0,22.8,21.1,90,1019,0,0,0
1968,6,30,5,36,44,32,23.9,22.2,91,1019,0,0,0
1968,6,30,6,184,341,87,28.3,23.9,77,1020,0,0,0
1968,6,30,7,355,398,161,29.4,23.9,72,1020,1,270,0
1968,6,30,8,570,560,196,30,23.9,69,1020,2.1,160,0
1968,6,30,9,772,727,177,31.7,20.6,52,1020,1,160,0
1968,6,30,10,866,681,234,31.7,23.9,64,1020,1.5,70,0
1968,6,30,11,924,666,269,31.7,24.4,66,1020,2.1,350,0
1968,6,30,12,1009,711,306,31.1,23.9,65,1019,4.6,190,0
1968,6,30,13,799,508,322,30.6,25,72,1019,2.1,350,0
1968,6,30,14,542,326,269,33.3,22.8,54,1018,4.1,160,0
1968,6,30,15,334,82,277,27.2,21.7,71,1019,7.2,140,0
1968,6,30,16,351,296,198,27.2,23.3,79,1019,2.1,260,0
1968,6,30,17,140,128,100,28.3,23.9,77,1018,3.1,140,0
1968,6,30,18,38,44,33,27.6,23.6,78,1018,2.7,155,0
1968,6,30,19,1,0,1,25.8,23.2,85,1018,0.1,36,0
1968,6,30,20,0,0,0,25.6,22.3,81,1017,1,174,0
1968,6,30,21,0,0,0,24.4,22.3,88,1016,0.1,71,0
1968,6,30,22,0,0,0,23.9,21.9,88,1016,0.2,89,0
1968,6,30,23,0,0,0,23.7,21.7,88,1015,0.2,107,0
1966,7,1,0,0,0,0,23.3,21.4,89,1014,0.3,143,0
1966,7,1,1,0,0,0,23,21.2,89,1013,0.5,164,0
1966,7,1,2,0,0,0,22.7,20.9,89,1012,0.8,187,0
1966,7,1,3,0,0,0,22.4,20.6,89,1011,1,214,0
1966,7,1,4,0,0,0,21.9,20.2,89,1011,1.1,236,0
1966,7,1,5,31,33,28,21.4,19.7,89,1011,1.3,266,0
1966,7,1,6,173,324,81,23.7,20.5,82,1010,2.2,320,0
1966,7,1,7,374,480,140,26.3,21.5,75,1011,2.9,350,0
1966,7,1,8,572,615,161,28.9,22.2,67,1011,3.6,20,0
1966,7,1,9,779,724,187,29.5,22.5,66,1011,3.9,20,0
1966,7,1,10,903,756,203,30,23,66,1011,4.3,30,0
1966,7,1,11,977,779,211,30.6,23.3,65,1011,4.6,30,0
1966,7,1,12,904,615,297,30.8,23.2,64,1011,4.6,30,0
1966,7,1,13,901,685,258,30.9,23.3,64,1010,4.6,40,0
1966,7,1,14,679,503,257,31.1,23.3,63,1010,4.6,40,0
1966,7,1,15,490,380,226,30.5,22.9,64,1010,4.4,90,0
1966,7,1,16,352,360,166,30,23,66,1010,4.3,140,0
1966,7,1,17,186,118,148,29.4,22.8,67,1010,4.1,190,0
1966,7,1,18,38,25,36,27.9,22.2,71,1010,3.4,210,0
1966,7,1,19,0,0,0,26.5,21.7,75,1010,2.8,240,0
1966,7,1,20,0,0,0,25,21.1,79,1011,2.1,260,0
1966,7,1,21,0,0,0,23.9,20.8,83,1011,2.1,300,0
1966,7,1,22,0,0,0,22.8,20.3,86,1011,2.1,350,0
1966,7,1,23,0,0,0,21.7,20,90,1011,2.1,30,0
1966,7,2,0,0,0,0,21.9,20,89,1011,2.1,340,0
1966,7,2,1,0,0,0,22,19.9,88,1011,2.1,290,0
1966,7,2,2,0,0,0,22.2,20,87,1011,2.1,240,0
1966,7,2,3,0,0,0,21.8,19.6,87,1011,1.4,250,0
1966,7,2,4,0,0,0,21.5,19.3,87,1011,0.7,250,0
1966,7,2,5,31,19,29,21.1,18.9,87,1012,0,0,0
1966,7,2,6,165,231,99,23.7,20.1,80,1012,0.9,270,0
1966,7,2,7,402,553,133,26.3,21.3,74,1012,1.7,270,0
1966,7,2,8,566,582,177,28.9,22.2,67,1013,2.6,280,0
1966,7,2,9,750,676,197,29.8,22.3,64,1013,2.4,270,0
1966,7,2,10,851,677,224,30.8,22.7,62,1013,2.3,260,0
1966,7,2,11,897,672,236,31.7,22.8,59,1013,2.1,250,0
1966,7,2,12,795,423,376,29.5,22.2,65,1013,2.4,280,0
1966,7,2,13,664,320,363,27.2,21.3,70,1012,2.8,320,0
1966,7,2,14,347,8,341,25,20.6,76,1012,3.1,350,0
1966,7,2,15,299,80,243,25.6,20.9,75,1012,2.9,320,0
1966,7,2,16,253,120,191,26.1,21.3,75,1012,2.8,300,0
1966,7,2,17,141,21,134,26.7,21.7,74,1012,2.6,270,0
1966,7,2,18,43,28,40,25,21.1,79,1012,1.7,260,0
1966,7,2,19,0,0,0,23.4,20.7,85,1013,0.9,240,0
1966,7,2,20,0,0,0,21.7,20,90,1013,0,0,0
1966,7,2,21,0,0,0,21.9,20.2,90,1013,0.3,210,0
1966,7,2,22,0,0,0,22,20.3,90,1013,0.7,200,0
1966,7,2,23,0,0,0,22.2,20.6,90,1014,1,180,0
1966,7,3,0,0,0,0,21.8,19.9,89,1014,0.7,160,0
1966,7,3,1,0,0,0,21.5,19.4,88,1014,0.3,140,0
1966,7,3,2,0,0,0,21.1,18.9,87,1014,0,0,0
1966,7,3,3,0,0,0,21.1,18.9,87,1014,0.5,100,0
1966,7,3,4,0,0,0,21.1,18.9,87,1014,1,80,0
1966,7,3,5,37,35,33,21.1,18.9,87,1015,1.5,60,0
1966,7,3,6,169,257,96,23.7,20.5,82,1015,2.4,100,0
1966,7,3,7,330,376,148,26.3,22,77,1015,3.2,140,0
1966,7,3,8,361,109,288,28.9,23.3,72,1016,4.1,180,0
1966,7,3,9,480,161,348,28.9,22.9,70,1016,4.1,190,0
1966,7,3,10,687,316,395,28.9,22.6,69,1015,4.1,200,0
1966,7,3,11,602,191,414,28.9,22.2,67,1015,4.1,210,0
1966,7,3,12,532,81,452,29.5,22.2,65,1015,3.8,190,0
1966,7,3,13,546,160,396,30,22.2,63,1015,3.4,180,0
1966,7,3,14,375,68,319,30.6,22.2,61,1014,3.1,160,0
1966,7,3,15,299,96,232,28.9,22.2,67,1014,3.1,190,0
1966,7,3,16,233,104,179,27.3,22,73,1014,3.1,210,0
1966,7,3,17,158,156,109,25.6,21.7,79,1014,3.1,240,0
1966,7,3,18,25,3,25,25.2,21.9,82,1014,2.9,200,0
1966,7,3,19,0,0,0,24.8,21.9,84,1014,2.8,150,0
1966,7,3,20,0,0,0,24.4,22.2,87,1015,2.6,110,0
1966,7,3,21,0,0,0,23.9,21.8,88,1015,1.7,100,0
1966,7,3,22,0,0,0,23.3,21.4,89,1015,0.9,90,0
1966,7,3,23,0,0,0,22.8,21.1,90,1015,0,0,0
1966,7,4,0,0,0,0,22.6,20.7,89,1015,0.3,80,0
1966,7,4,1,0,0,0,22.4,20.3,88,1015,0.7,70,0
1966,7,4,2,0,0,0,22.2,20,87,1015,1,60,0
1966,7,4,3,0,0,0,22.2,19.9,87,1015,1,70,0
1966,7,4,4,0,0,0,22.2,19.9,87,1015,1,70,0
1966,7,4,5,29,8,28,22.2,20,87,1015,1,80,0
1966,7,4,6,127,96,100,24.8,21.5,82,1015,1.5,110,0
1966,7,4,7,277,187,186,27.4,23,77,1016,2.1,130,0
1966,7,4,8,516,481,195,30,24.4,72,1016,2.6,160,0
1966,7,4,9,634,419,293,30.4,24.1,69,1016,3.5,170,0
1966,7,4,10,581,211,385,30.7,23.6,66,1015,4.3,180,0
1966,7,4,11,378,93,287,31.1,23.3,63,1015,5.2,190,0
1966,7,4,12,545,105,441,28.9,22.9,70,1015,4.2,150,0
1966,7,4,13,367,6,362,26.6,22.5,78,1015,3.1,100,0
1966,7,4,14,212,35,183,24.4,21.7,85,1015,2.1,60,0
1966,7,4,15,204,6,200,24.8,22.1,85,1015,2.1,60,0
1966,7,4,16,243,37,224,25.2,22.5,85,1014,2.1,70,0
1966,7,4,17,101,24,93,25.6,22.8,85,1014,2.1,70,0
1966,7,4,18,35,12,34,24.7,22.4,87,1014,1.9,70,0
1966,7,4,19,0,0,0,23.7,21.6,88,1015,1.7,70,0
1966,7,4,20,0,0,0,22.8,21.1,90,1015,1.5,70,0
1966,7,4,21,0,0,0,22.6,20.9,90,1015,1.3,80,0
1966,7,4,22,0,0,0,22.4,20.7,90,1015,1.2,90,0
1966,7,4,23,0,0,0,22.2,20.6,90,1015,1,100,0
1966,7,5,0,0,0,0,22.4,20.5,89,1014,0.7,110,0
1966,7,5,1,0,0,0,22.6,20.5,88,1014,0.3,120,0
1966,7,5,2,0,0,0,22.8,20.6,87,1014,0,0,0
1966,7,5,3,0,0,0,22.8,20.5,87,1014,0,0,0
1966,7,5,4,0,0,0,22.8,20.5,87,1014,0,0,0
1966,7,5,5,25,3,25,22.8,20.6,87,1015,0,0,0
1966,7,5,6,129,55,114,25,21.7,82,1015,0.7,170,0
1966,7,5,7,241,125,181,27.2,22.8,77,1015,1.4,180,0
1966,7,5,8,375,106,305,29.4,23.9,72,1015,2.1,190,0
1966,7,5,9,392,70,335,27,22.6,77,1015,1.9,220,0
1966,7,5,10,422,7,416,24.6,21.3,82,1016,1.7,260,0
1966,7,5,11,216,10,206,22.2,20,87,1016,1.5,290,0
1966,7,5,12,703,237,469,24.1,21.2,84,1016,2,250,0
1966,7,5,13,725,322,423,25.9,22.2,80,1015,2.6,210,0
1966,7,5,14,678,383,357,27.8,23.3,77,1015,3.1,170,0
1966,7,5,15,453,157,343,27.4,23.4,79,1015,3.4,170,0
1966,7,5,16,288,151,210,27.1,23.4,80,1015,3.8,180,0
1966,7,5,17,97,20,91,26.7,23.3,82,1015,4.1,180,0
1966,7,5,18,43,1,43,26.3,23.4,84,1014,3.8,180,0
1966,7,5,19,1,0,1,26,23.5,86,1014,3.4,170,0
1966,7,5,20,0,0,0,25.6,23.3,88,1014,3.1,170,0
1966,7,5,21,0,0,0,25.2,23.3,89,1014,2.8,170,0
1966,7,5,22,0,0,0,24.8,22.9,89,1014,2.4,170,0
1966,7,5,23,0,0,0,24.4,22.8,90,1014,2.1,170,0
1966,7,6,0,0,0,0,24.4,22.7,90,1014,2.1,200,0
1966,7,6,1,0,0,0,24.4,22.7,90,1014,2.1,240,0
1966,7,6,2,0,0,0,24.4,22.8,90,1015,2.1,270,0
1966,7,6,3,0,0,0,24.2,22.3,89,1015,1.7,240,0
1966,7,6,4,0,0,0,24.1,22,88,1015,1.4,220,0
1966,7,6,5,13,1,13,23.9,21.7,87,1015,1,190,0
1966,7,6,6,114,2,113,25.2,22.5,85,1016,1.5,210,0
1966,7,6,7,155,0,155,26.5,23.6,84,1016,2.1,230,0
1966,7,6,8,244,6,240,27.8,24.4,82,1017,2.6,250,0
1966,7,6,9,278,73,219,28.5,24.1,77,1016,2.8,250,0
1966,7,6,10,485,151,346,29.3,24,73,1016,2.9,240,0
1966,7,6,11,514,184,333,30,23.3,68,1016,3.1,240,0
1966,7,6,12,468,117,352,30.4,23.6,67,1016,2.9,230,0
1966,7,6,13,508,73,439,30.7,23.9,67,1015,2.8,210,0
1966,7,6,14,316,9,308,31.1,23.9,66,1015,2.6,200,0
1966,7,6,15,244,8,238,30.5,23.4,66,1014,2.4,210,0
1966,7,6,16,269,60,237,30,23.2,67,1014,2.3,210,0
1966,7,6,17,122,26,113,29.4,22.8,67,1013,2.1,220,0
1966,7,6,18,37,7,37,27.9,22.8,74,1013,1.4,220,0
1966,7,6,19,0,0,0,26.5,22.8,80,1014,0.7,230,0
1966,7,6,20,0,0,0,25,22.8,87,1014,0,0,0
1966,7,6,21,0,0,0,25.4,22.7,85,1014,1,230,0
1966,7,6,22,0,0,0,25.7,22.8,84,1014,2.1,240,0
1966,7,6,23,0,0,0,26.1,22.8,82,1015,3.1,240,0
1966,7,7,0,0,0,0,25.7,22.8,84,1015,3.1,240,0
1966,7,7,1,0,0,0,25.4,22.7,85,1014,3.1,240,0
1966,7,7,2,0,0,0,25,22.8,87,1014,3.1,240,0
1966,7,7,3,0,0,0,25,22.7,87,1015,2.6,240,0
1966,7,7,4,0,0,0,25,22.7,87,1015,2,250,0
1966,7,7,5,15,13,14,25,22.8,87,1015,1.5,250,0
1966,7,7,6,126,107,97,26.7,23.2,81,1015,2.9,250,0
1966,7,7,7,300,227,191,28.3,23.7,76,1016,4.3,250,0
1966,7,7,8,569,557,199,30,23.9,70,1016,5.7,250,0
1966,7,7,9,558,360,264,30.6,23.5,66,1016,5.3,260,0
1966,7,7,10,410,123,297,31.1,23.2,63,1016,5,270,0
1966,7,7,11,662,261,406,31.7,22.8,59,1016,4.6,280,0
1966,7,7,12,807,488,325,32.1,23.1,59,1015,4.1,300,0
1966,7,7,13,858,715,187,32.4,23.6,60,1015,3.6,320,0
1966,7,7,14,776,731,162,32.8,23.9,60,1014,3.1,340,0
1966,7,7,15,611,667,148,32.6,23.3,58,1014,2.8,310,0
1966,7,7,16,437,617,117,32.4,22.5,56,1013,2.4,270,0
1966,7,7,17,222,448,80,32.2,21.7,54,1013,2.1,240,0
1966,7,7,18,49,122,36,30.4,22.3,62,1013,1.9,240,0
1966,7,7,19,1,0,1,28.5,22.3,69,1013,1.7,250,0
1966,7,7,20,0,0,0,26.7,22.2,77,1014,1.5,250,0
1966,7,7,21,0,0,0,25.8,22.1,80,1014,1.5,230,0
1966,7,7,22,0,0,0,24.8,21.9,84,1014,1.5,210,0
1966,7,7,23,0,0,0,23.9,21.7,87,1014,1.5,190,0
1966,7,8,0,0,0,0,24.1,21.6,86,1014,1.3,210,0
1966,7,8,1,0,0,0,24.2,21.7,86,1014,1.2,240,0
1966,7,8,2,0,0,0,24.4,21.7,85,1014,1,260,0
1966,7,8,3,0,0,0,24.4,21.9,86,1014,1.4,270,0
1966,7,8,4,0,0,0,24.4,21.9,86,1015,1.7,280,0
1966,7,8,5,21,0,21,24.4,22.2,87,1015,2.1,290,0
1966,7,8,6,103,26,95,26.3,23.2,83,1015,2.6,290,0
1966,7,8,7,276,199,181,28.1,24.1,79,1016,3.1,300,0
1966,7,8,8,450,266,274,30,25,75,1016,3.6,300,0
1966,7,8,9,713,448,348,30.9,25,71,1016,3.4,310,0
1966,7,8,10,822,518,344,31.9,25.3,68,1016,3.3,320,0
1966,7,8,11,816,457,367,32.8,25,64,1016,3.1,330,0
1966,7,8,12,894,568,332,33.2,24.9,62,1015,3.3,340,0
1966,7,8,13,761,439,349,33.5,24.7,60,1015,3.4,360,0
1966,7,8,14,744,577,260,33.9,24.4,58,1014,3.6,10,0
1966,7,8,15,550,422,257,33.7,24.3,58,1014,3.3,330,0
1966,7,8,16,380,399,174,33.5,24.1,58,1014,2.9,280,0
1966,7,8,17,178,203,113,33.3,23.9,58,1013,2.6,240,0
1966,7,8,18,37,18,35,31.3,23.9,65,1014,2.2,240,0
1966,7,8,19,0,0,0,29.2,23.6,72,1014,1.9,240,0
1966,7,8,20,0,0,0,27.2,23.3,79,1015,1.5,240,0
1966,7,8,21,0,0,0,26.8,23.3,81,1015,1.7,250,0
1966,7,8,22,0,0,0,26.5,23.4,83,1015,1.9,250,0
1966,7,8,23,0,0,0,26.1,23.3,85,1015,2.1,260,0
1966,7,9,0,0,0,0,25.7,23.2,86,1015,2.3,270,0
1966,7,9,1,0,0,0,25.4,22.9,86,1015,2.4,270,0
1966,7,9,2,0,0,0,25,22.8,87,1015,2.6,280,0
1966,7,9,3,0,0,0,25,22.7,87,1015,2.2,290,0
1966,7,9,4,0,0,0,25,22.7,87,1015,1.9,290,0
1966,7,9,5,40,146,25,25,22.8,87,1016,1.5,300,0
1966,7,9,6,196,515,54,27.2,23.7,81,1016,2.4,310,0
1966,7,9,7,409,688,80,29.5,24.4,74,1016,3.2,310,0
1966,7,9,8,617,780,101,31.7,25,68,1017,4.1,320,0
1966,7,9,9,742,776,111,32.2,25,66,1016,4.1,340,0
1966,7,9,10,853,803,112,32.8,25.1,64,1016,4.1,350,0
1966,7,9,11,890,698,205,33.3,25,62,1016,4.1,10,0
1966,7,9,12,903,715,197,32.6,24.4,62,1016,4.1,60,0
1966,7,9,13,769,540,263,31.8,23.9,63,1015,4.1,100,0
1966,7,9,14,719,663,163,31.1,23.3,63,1015,4.1,150,0
1966,7,9,15,442,345,203,31.3,23.2,62,1015,3.6,170,0
1966,7,9,16,364,381,167,31.5,23.3,62,1015,3.1,180,0
1966,7,9,17,98,5,96,31.7,23.3,61,1015,2.6,200,0
1966,7,9,18,15,1,15,30.4,23.3,66,1015,2.4,250,0
1966,7,9,19,0,0,0,29.1,23.5,72,1015,2.3,310,0
1966,7,9,20,0,0,0,27.8,23.3,77,1015,2.1,0,0
1966,7,9,21,0,0,0,27.4,23.4,79,1015,1.9,20,0
1966,7,9,22,0,0,0,27.1,23.4,80,1016,1.7,40,0
1966,7,9,23,0,0,0,26.7,23.3,82,1016,1.5,60,0
1966,7,10,0,0,0,0,25.9,23,84,1016,1,50,0
1966,7,10,1,0,0,0,25.2,22.5,85,1016,0.5,50,0
1966,7,10,2,0,0,0,24.4,22.2,87,1016,0,0,0
1966,7,10,3,0,0,0,24.2,21.7,86,1016,0,0,0
1966,7,10,4,0,0,0,24.1,21.4,85,1016,0,0,0
1966,7,10,5,28,9,27,23.9,21.1,84,1016,0,0,0
1966,7,10,6,140,183,89,26.3,22.4,79,1017,0.9,20,0
1966,7,10,7,334,357,164,28.7,23.8,75,1017,1.7,20,0
1966,7,10,8,560,497,232,31.1,25,70,1017,2.6,10,0
1966,7,10,9,496,270,277,31.8,25.4,69,1017,3.6,10,0
1966,7,10,10,841,573,312,32.6,25.7,67,1017,4.7,20,0
1966,7,10,11,910,612,310,33.3,26.1,66,1017,5.7,20,0
1966,7,10,12,827,529,305,33.7,25.1,61,1017,5.2,50,0
1966,7,10,13,732,405,353,34,24,56,1017,4.6,90,0
1966,7,10,14,732,484,326,34.4,22.8,51,1016,4.1,120,0
1966,7,10,15,558,444,249,33.5,22.9,54,1016,4.1,120,0
1966,7,10,16,279,105,224,32.6,22.7,56,1016,4.1,120,0
1966,7,10,17,123,56,105,31.7,22.8,59,1016,4.1,120,0
1966,7,10,18,30,7,29,30.2,22.6,64,1016,3.2,110,0
1966,7,10,19,0,0,0,28.7,22.5,69,1016,2.4,100,0
1966,7,10,20,0,0,0,27.2,22.2,74,1017,1.5,90,0
1966,7,10,21,0,0,0,26.7,22.3,77,1016,1.7,100,0
1966,7,10,22,0,0,0,26.1,22.2,79,1016,1.9,100,0
1966,7,10,23,0,0,0,25.6,22.2,82,1015,2.1,110,0
1966,7,11,0,0,0,0,24.8,21.7,83,1015,1.9,80,0
1966,7,11,1,0,0,0,24.1,21,83,1016,1.7,60,0
1966,7,11,2,0,0,0,23.3,20.6,84,1016,1.5,30,0
1966,7,11,3,0,0,0,23.3,20.6,85,1016,1.3,20,0
1966,7,11,4,0,0,0,23.3,20.8,86,1017,1.2,10,0
1966,7,11,5,27,27,25,23.3,21.1,87,1017,1,0,0
1966,7,11,6,150,206,94,25.5,22.2,82,1017,2,10,0
1966,7,11,7,336,377,157,27.8,23.4,77,1017,3.1,20,0
1966,7,11,8,474,392,216,30,24.4,72,1017,4.1,30,0
1966,7,11,9,675,466,297,31.1,24.7,69,1017,4.5,20,0
1966,7,11,10,814,568,291,32.2,24.8,65,1017,4.8,20,0
1966,7,11,11,862,580,293,33.3,25,62,1017,5.2,10,0
1966,7,11,12,898,611,295,33.7,24,57,1016,5.2,30,0
1966,7,11,13,831,596,272,34,22.4,51,1016,5.2,50,0
1966,7,11,14,686,515,254,34.4,21.1,46,1015,5.2,70,0
1966,7,11,15,612,556,226,33.5,21.3,49,1015,5.5,100,0
1966,7,11,16,401,462,163,32.6,21.2,51,1015,5.9,120,0
1966,7,11,17,160,163,109,31.7,21.1,54,1015,6.2,150,0
1966,7,11,18,32,35,28,30,21.4,60,1016,4.8,140,0
1966,7,11,19,0,0,0,28.4,21.4,66,1016,3.5,120,0
1966,7,11,20,0,0,0,26.7,21.1,72,1016,2.1,110,0
1966,7,11,21,0,0,0,24.8,20.7,78,1016,1.7,60,0
1966,7,11,22,0,0,0,23,20.2,84,1016,1.4,0,0
1966,7,11,23,0,0,0,21.1,19.4,90,1016,1,310,0
1966,7,12,0,0,0,0,21.1,19.2,89,1016,1,310,0
1966,7,12,1,0,0,0,21.1,19.1,88,1015,1,320,0
1966,7,12,2,0,0,0,21.1,18.9,87,1015,1,320,0
1966,7,12,3,0,0,0,21.3,18.9,86,1015,1.2,310,0
1966,7,12,4,0,0,0,21.5,18.9,85,1016,1.3,310,0
1966,7,12,5,27,62,21,21.7,18.9,84,1016,1.5,300,0
1966,7,12,6,174,384,70,24.7,20.8,79,1016,2.7,340,0
1966,7,12,7,375,593,93,27.6,22.3,73,1016,4,10,0
1966,7,12,8,582,707,116,30.6,23.9,68,1016,5.2,50,0
1966,7,12,9,741,706,169,31.3,23.7,64,1016,5,60,0
1966,7,12,10,817,638,230,32.1,23.4,60,1016,4.8,70,0
1966,7,12,11,663,371,299,32.8,22.8,56,1016,4.6,80,0
1966,7,12,12,925,737,198,33,22.8,55,1015,5.5,80,0
1966,7,12,13,868,739,175,33.1,22.2,53,1015,6.3,70,0
1966,7,12,14,692,632,162,33.3,22.2,52,1014,7.2,70,0
1966,7,12,15,628,697,144,32.8,22.3,54,1014,6.9,90,0
1966,7,12,16,423,611,108,32.2,22,55,1014,6.5,110,0
1966,7,12,17,201,355,89,31.7,22.2,57,1014,6.2,130,0
1966,7,12,18,46,101,35,30.4,22,61,1014,5.2,120,0
1966,7,12,19,0,0,0,29.1,21.9,65,1014,4.1,120,0
1966,7,12,20,0,0,0,27.8,21.7,69,1015,3.1,110,0
1966,7,12,21,0,0,0,27.2,21.7,72,1015,2.9,110,0
1966,7,12,22,0,0,0,26.7,22.1,76,1015,2.8,120,0
1966,7,12,23,0,0,0,26.1,22.2,79,1015,2.6,120,0
1966,7,13,0,0,0,0,25.7,22,80,1014,2.2,120,0
1966,7,13,1,0,0,0,25.4,21.9,81,1014,1.9,110,0
1966,7,13,2,0,0,0,25,21.7,82,1014,1.5,110,0
1966,7,13,3,0,0,0,24.3,21.2,83,1014,1.3,90,0
1966,7,13,4,0,0,0,23.5,20.5,83,1015,1.2,70,0
1966,7,13,5,36,64,29,22.8,20,84,1015,1,50,0
1966,7,13,6,170,357,74,25.4,21.3,78,1016,1.9,80,0
1966,7,13,7,384,532,132,28,22.3,71,1016,2.7,110,0
1966,7,13,8,506,463,202,30.6,23.3,65,1016,3.6,140,0
1966,7,13,9,633,444,273,31.3,23.4,63,1016,3.6,150,0
1966,7,13,10,792,560,277,32.1,23.4,60,1016,3.6,160,0
1966,7,13,11,853,578,287,32.8,23.3,58,1016,3.6,170,0
1966,7,13,12,721,401,325,31.5,23.3,62,1016,5.3,140,0
1966,7,13,13,779,542,271,30.2,23.1,66,1015,7.1,110,0
1966,7,13,14,478,176,331,28.9,22.8,70,1015,8.8,80,0
1966,7,13,15,490,293,287,28.9,23.1,71,1015,5.9,100,0
1966,7,13,16,325,217,213,28.9,23.1,71,1014,2.9,120,0
1966,7,13,17,160,196,98,28.9,23.3,72,1014,0,0,0
1966,7,13,18,38,45,33,28.5,23.2,73,1014,0.7,170,0
1966,7,13,19,0,0,0,28.2,22.9,73,1015,1.4,190,0
1966,7,13,20,0,0,0,27.8,22.8,74,1015,2.1,210,0
1966,7,13,21,0,0,0,26.9,22.5,77,1015,1.4,220,0
1966,7,13,22,0,0,0,25.9,22,79,1015,0.7,220,0
1966,7,13,23,0,0,0,25,21.7,82,1015,0,0,0
1966,7,14,0,0,0,0,24.1,21.4,85,1015,0.5,240,0
1966,7,14,1,0,0,0,23.1,20.8,87,1014,1,240,0
1966,7,14,2,0,0,0,22.2,20.6,90,1014,1.5,250,0
1966,7,14,3,0,0,0,22.4,20.1,87,1014,1.5,250,0
1966,7,14,4,0,0,0,22.6,19.8,84,1015,1.5,250,0
1966,7,14,5,32,18,30,22.8,19.4,81,1015,1.5,250,0
1966,7,14,6,168,248,101,25.2,20.9,77,1016,2.5,270,0
1966,7,14,7,354,429,152,27.6,22.6,74,1016,3.6,290,0
1966,7,14,8,479,358,244,30,23.9,70,1017,4.6,310,0
1966,7,14,9,694,560,241,30.9,24.1,67,1016,4.4,310,0
1966,7,14,10,773,544,273,31.9,24,63,1016,4.3,300,0
1966,7,14,11,841,574,278,32.8,23.9,60,1016,4.1,300,0
1966,7,14,12,775,434,347,33.2,23.5,57,1015,3.8,320,0
1966,7,14,13,855,588,304,33.5,23.2,55,1014,3.4,340,0
1966,7,14,14,745,609,235,33.9,22.8,52,1014,3.1,360,0
1966,7,14,15,575,481,242,33.7,22.5,52,1013,2.4,360,0
1966,7,14,16,250,101,198,33.5,22.3,52,1013,1.7,350,0
1966,7,14,17,129,12,125,33.3,22.2,52,1013,1,350,0
1966,7,14,18,26,9,25,30.9,22.8,62,1013,1.2,320,0
1966,7,14,19,0,0,0,28.5,23,72,1013,1.3,300,0
1966,7,14,20,0,0,0,26.1,22.8,82,1013,1.5,270,0
1966,7,14,21,0,0,0,26.3,23,82,1013,1.9,270,0
1966,7,14,22,0,0,0,26.5,23.2,82,1013,2.2,260,0
1966,7,14,23,0,0,0,26.7,23.3,82,1013,2.6,260,0
1966,7,15,0,0,0,0,26.5,23.4,83,1013,2.8,270,0
1966,7,15,1,0,0,0,26.3,23.4,84,1013,2.9,270,0
1966,7,15,2,0,0,0,26.1,23.3,85,1013,3.1,280,0
1966,7,15,3,0,0,0,26.1,23.4,85,1013,3.1,280,0
1966,7,15,4,0,0,0,26.1,23.4,85,1014,3.1,280,0
1966,7,15,5,22,0,22,26.1,23.3,85,1014,3.1,280,0
1966,7,15,6,81,24,75,25,22.3,85,1015,3.6,230,0
1966,7,15,7,252,149,181,23.9,21,84,1015,4.1,180,0
1966,7,15,8,141,22,126,22.8,20,84,1016,4.6,130,0
1966,7,15,9,300,6,295,23.2,20.6,85,1016,4.8,170,0
1966,7,15,10,283,4,280,23.5,21,86,1016,5,210,0
1966,7,15,11,445,1,444,23.9,21.7,87,1016,5.2,250,0
1966,7,15,12,571,201,372,26.3,22.6,80,1015,4.7,260,0
1966,7,15,13,668,336,354,28.7,23.4,73,1014,4.1,280,0
1966,7,15,14,697,483,293,31.1,23.9,66,1013,3.6,290,0
1966,7,15,15,438,204,296,30.9,24.1,67,1012,2.7,310,0
1966,7,15,16,256,76,217,30.8,24.5,69,1012,1.9,320,0
1966,7,15,17,135,57,117,30.6,24.4,70,1012,1,340,0
1966,7,15,18,39,3,38,29.3,24.2,74,1013,1,340,0
1966,7,15,19,0,0,0,28,23.8,78,1014,1,330,0
1966,7,15,20,0,0,0,26.7,23.3,82,1014,1,330,0
1966,7,15,21,0,0,0,26.7,23.2,81,1014,1.2,280,0
1966,7,15,22,0,0,0,26.7,23,80,1014,1.3,230,0
1966,7,15,23,0,0,0,26.7,22.8,79,1014,1.5,180,0
1966,7,16,0,0,0,0,26.1,22.8,82,1014,1.5,200,0
1966,7,16,1,0,0,0,25.6,22.7,84,1014,1.5,220,0
1966,7,16,2,0,0,0,25,22.8,87,1014,1.5,240,0
1966,7,16,3,0,0,0,24.6,22.3,87,1014,1.3,220,0
1966,7,16,4,0,0,0,24.3,22,87,1014,1.2,210,0
1966,7,16,5,26,2,26,23.9,21.7,87,1015,1,190,0
1966,7,16,6,144,147,105,25.9,22.4,81,1015,1.9,200,0
1966,7,16,7,297,193,206,28,23.4,76,1015,2.7,200,0
1966,7,16,8,536,419,262,30,23.9,70,1016,3.6,210,0
1966,7,16,9,560,292,324,30.2,24.1,70,1016,3.4,260,0
1966,7,16,10,829,560,315,30.4,24.3,70,1016,3.3,320,0
1966,7,16,11,797,392,413,30.6,24.4,70,1016,3.1,10,0
1966,7,16,12,819,391,433,31.3,24.4,67,1015,3.1,70,0
1966,7,16,13,840,507,365,32.1,24.2,63,1015,3.1,130,0
1966,7,16,14,617,317,351,32.8,23.9,60,1014,3.1,190,0
1966,7,16,15,562,402,283,31.5,24.1,65,1014,3.1,190,0
1966,7,16,16,290,161,207,30.2,23.9,69,1014,3.1,200,0
1966,7,16,17,115,58,96,28.9,23.9,74,1015,3.1,200,0
1966,7,16,18,33,6,32,28.5,23.6,75,1015,3.8,200,0
1966,7,16,19,0,0,0,28.2,23.6,76,1016,4.5,200,0
1966,7,16,20,0,0,0,27.8,23.3,77,1016,5.2,200,0
1966,7,16,21,0,0,0,27.4,23.2,78,1016,4.3,210,0
1966,7,16,22,0,0,0,27.1,22.9,78,1017,3.5,210,0
1966,7,16,23,0,0,0,26.7,22.8,79,1017,2.6,220,0
1966,7,17,0,0,0,0,25.9,22.4,81,1017,2.2,250,0
1966,7,17,1,0,0,0,25.2,22.1,83,1017,1.9,280,0
1966,7,17,2,0,0,0,24.4,21.7,85,1017,1.5,310,0
1966,7,17,3,0,0,0,24.4,21.5,84,1017,1.7,280,0
1966,7,17,4,0,0,0,24.4,21.3,83,1017,1.9,240,0
1966,7,17,5,21,7,20,24.4,21.1,82,1017,2.1,210,0
1966,7,17,6,140,191,90,26.5,21.9,76,1017,2.8,210,0
1966,7,17,7,331,357,164,28.5,22.7,71,1017,3.4,220,0
1966,7,17,8,502,352,272,30.6,23.3,65,1018,4.1,220,0
1966,7,17,9,717,533,287,31.3,23.2,62,1018,4.3,240,0
1966,7,17,10,836,538,342,32.1,23.1,59,1018,4.4,270,0
1966,7,17,11,845,435,420,32.8,22.8,56,1018,4.6,290,0
1966,7,17,12,825,468,364,33,22.8,55,1017,3.6,250,0
1966,7,17,13,722,336,407,33.1,22.2,53,1017,2.5,220,0
1966,7,17,14,624,366,318,33.3,22.2,52,1016,1.5,180,0
1966,7,17,15,521,308,308,32,22.4,57,1016,1.5,130,0
1966,7,17,16,285,66,251,30.7,22.6,62,1016,1.5,70,0
1966,7,17,17,156,114,121,29.4,22.8,67,1016,1.5,20,0
1966,7,17,18,36,5,35,27.9,22.6,73,1016,1.3,350,0
1966,7,17,19,0,0,0,26.5,22.6,79,1016,1.2,320,0
1966,7,17,20,0,0,0,25,22.2,85,1017,1,290,0
1966,7,17,21,0,0,0,24.8,22.3,86,1017,1.2,270,0
1966,7,17,22,0,0,0,24.6,22.1,86,1016,1.3,240,0
1966,7,17,23,0,0,0,24.4,22.2,87,1016,1.5,220,0
1966,7,18,0,0,0,0,24.4,21.9,86,1016,1.3,220,0
1966,7,18,1,0,0,0,24.4,21.9,86,1016,1.2,220,0
1966,7,18,2,0,0,0,24.4,21.7,85,1016,1,220,0
1966,7,18,3,0,0,0,24.4,21.7,85,1016,1.5,230,0
1966,7,18,4,0,0,0,24.4,21.7,85,1016,2.1,250,0
1966,7,18,5,25,24,23,24.4,21.7,85,1016,2.6,260,0
1966,7,18,6,135,203,82,26.3,23,82,1016,3.3,280,0
1966,7,18,7,206,65,176,28.1,23.9,78,1016,3.9,310,0
1966,7,18,8,212,62,172,30,25,75,1017,4.6,330,0
1966,7,18,9,451,157,325,30.4,24.8,72,1016,4.4,0,0
1966,7,18,10,789,533,300,30.7,24.4,69,1016,4.3,30,0
1966,7,18,11,623,235,393,31.1,23.9,66,1016,4.1,60,0
1966,7,18,12,878,530,355,31.1,24.2,67,1015,3.9,120,0
1966,7,18,13,688,388,325,31.1,24.2,67,1015,3.8,180,0
1966,7,18,14,635,393,306,31.1,24.4,68,1014,3.6,240,0
1966,7,18,15,555,413,269,29.6,24.2,73,1014,3.6,230,0
1966,7,18,16,372,376,179,28.2,23.8,77,1014,3.6,230,0
1966,7,18,17,142,79,118,26.7,23.3,82,1014,3.6,220,0
1966,7,18,18,39,54,33,26.3,23.2,83,1014,2.7,230,0
1966,7,18,19,0,0,0,26,23.1,84,1014,1.9,250,0
1966,7,18,20,0,0,0,25.6,22.8,85,1014,1,260,0
1966,7,18,21,0,0,0,25,22.5,86,1013,1,250,0
1966,7,18,22,0,0,0,24.5,22,86,1013,1,240,0
1966,7,18,23,0,0,0,23.9,21.7,87,1013,1,230,0
1966,7,19,0,0,0,0,23.9,21.4,86,1013,1.2,230,0
1966,7,19,1,0,0,0,23.9,21.2,85,1013,1.3,230,0
1966,7,19,2,0,0,0,23.9,21.1,84,1013,1.5,230,0
1966,7,19,3,0,0,0,23.7,21,85,1013,1,240,0
1966,7,19,4,0,0,0,23.5,21,86,1013,0.5,260,0
1966,7,19,5,29,53,23,23.3,21.1,87,1013,0,0,0
1966,7,19,6,172,379,74,25.5,22.2,82,1013,0.7,280,0
1966,7,19,7,342,450,133,27.8,23.4,77,1013,1.4,300,0
1966,7,19,8,564,660,134,30,24.4,72,1013,2.1,310,0
1966,7,19,9,750,766,133,30.9,24.3,68,1013,2.1,320,0
1966,7,19,10,838,746,154,31.9,24.2,64,1012,2.1,340,0
1966,7,19,11,956,798,177,32.8,23.9,60,1012,2.1,350,0
1966,7,19,12,899,656,254,33.2,23.2,56,1012,2.1,350,0
1966,7,19,13,867,784,134,33.5,22.6,53,1011,2.1,340,0
1966,7,19,14,812,808,136,33.9,21.7,49,1011,2.1,340,0
1966,7,19,15,632,741,119,33.5,22,51,1010,1.9,300,0
1966,7,19,16,445,689,92,33.2,22,52,1010,1.7,250,0
1966,7,19,17,229,532,64,32.8,22.2,54,1010,1.5,210,0
1966,7,19,18,51,187,31,31.1,23,62,1010,2,210,0
1966,7,19,19,0,0,0,29.5,23.7,71,1010,2.6,200,0
1966,7,19,20,0,0,0,27.8,23.9,79,1011,3.1,200,0
1966,7,19,21,0,0,0,27.4,23.6,80,1010,2.9,210,0
1966,7,19,22,0,0,0,27.1,23.6,81,1010,2.8,230,0
1966,7,19,23,0,0,0,26.7,23.3,82,1010,2.6,240,0
1966,7,20,0,0,0,0,26.3,23,82,1011,2.8,230,0
1966,7,20,1,0,0,0,26,22.7,82,1011,2.9,230,0
1966,7,20,2,0,0,0,25.6,22.2,82,1012,3.1,220,0
1966,7,20,3,0,0,0,25.4,22.3,83,1011,2.9,220,0
1966,7,20,4,0,0,0,25.2,22.3,84,1011,2.8,230,0
1966,7,20,5,32,56,26,25,22.2,85,1011,2.6,230,0
1966,7,20,6,158,357,65,26.9,23.2,80,1011,3.3,240,0
1966,7,20,7,374,548,119,28.7,23.8,75,1012,3.9,250,0
1966,7,20,8,559,649,137,30.6,24.4,70,1012,4.6,260,0
1966,7,20,9,764,782,135,31.5,24.6,67,1012,4.1,250,0
1966,7,20,10,829,617,265,32.4,24.4,63,1012,3.6,230,0
1966,7,20,11,869,642,242,33.3,24.4,60,1012,3.1,220,0
1966,7,20,12,890,666,235,33.9,24.5,58,1011,3.6,230,0
1966,7,20,13,709,390,344,34.4,24.4,56,1011,4.1,230,0
1966,7,20,14,423,106,335,35,24.4,54,1011,4.6,240,0
1966,7,20,15,283,15,273,32.4,24.2,62,1011,4.8,220,0
1966,7,20,16,196,27,182,29.8,23.5,69,1011,5,200,0
1966,7,20,17,88,45,75,27.2,22.8,77,1011,5.2,180,0
1966,7,20,18,28,3,28,27.2,22.6,76,1011,4.8,180,0
1966,7,20,19,0,0,0,27.2,22.4,75,1012,4.5,170,0
1966,7,20,20,0,0,0,27.2,22.2,74,1012,4.1,170,0
1966,7,20,21,0,0,0,26.8,22.2,76,1012,3.6,190,0
1966,7,20,22,0,0,0,26.5,22.1,77,1012,3.1,200,0
1966,7,20,23,0,0,0,26.1,22.2,79,1011,2.6,220,0
1966,7,21,0,0,0,0,25.5,22,81,1012,2.2,240,0
1966,7,21,1,0,0,0,25,21.9,83,1012,1.9,250,0
1966,7,21,2,0,0,0,24.4,21.7,85,1012,1.5,270,0
1966,7,21,3,0,0,0,24.6,21.9,85,1012,1.9,270,0
1966,7,21,4,0,0,0,24.8,22.1,85,1013,2.2,270,0
1966,7,21,5,24,7,23,25,22.2,85,1013,2.6,270,0
1966,7,21,6,95,60,80,26.9,23.2,80,1013,2.9,280,0
1966,7,21,7,139,5,136,28.7,23.8,75,1014,3.3,280,0
1966,7,21,8,322,86,266,30.6,24.4,70,1014,3.6,290,0
1966,7,21,9,427,114,335,31,24.6,69,1014,3.4,300,0
1966,7,21,10,330,7,324,31.3,24.4,67,1013,3.3,300,0
1966,7,21,11,505,14,492,31.7,24.4,66,1013,3.1,310,0
1966,7,21,12,335,1,335,30.2,23.6,68,1013,3.4,340,0
1966,7,21,13,427,12,416,28.7,22.7,70,1013,3.8,20,0
1966,7,21,14,226,3,223,27.2,21.7,72,1013,4.1,50,0
1966,7,21,15,299,6,295,27,22,74,1013,3.9,100,0
1966,7,21,16,229,5,226,26.9,22.1,75,1013,3.8,150,0
1966,7,21,17,97,3,97,26.7,22.2,77,1013,3.6,200,0
1966,7,21,18,28,1,28,26.1,22.4,80,1013,2.7,230,0
1966,7,21,19,0,0,0,25.6,22.3,82,1013,1.9,270,0
1966,7,21,20,0,0,0,25,22.2,85,1013,1,300,0
1966,7,21,21,0,0,0,24.4,21.7,85,1013,1.2,340,0
1966,7,21,22,0,0,0,23.9,21,84,1013,1.3,20,0
1966,7,21,23,0,0,0,23.3,20.6,84,1013,1.5,60,0
1966,7,22,0,0,0,0,23.3,20.5,84,1013,1.5,20,0
1966,7,22,1,0,0,0,23.3,20.5,84,1013,1.5,350,0
1966,7,22,2,0,0,0,23.3,20.6,84,1013,1.5,310,0
1966,7,22,3,0,0,0,23.9,20.7,82,1013,1.3,300,0
1966,7,22,4,0,0,0,24.4,20.9,81,1013,1.2,290,0
1966,7,22,5,15,2,15,25,21.1,79,1014,1,280,0
1966,7,22,6,96,25,90,26.3,22,77,1014,1.7,300,0
1966,7,22,7,156,41,138,27.6,23,76,1014,2.4,320,0
1966,7,22,8,198,0,197,28.9,23.9,74,1014,3.1,340,0
1966,7,22,9,635,373,336,29.6,23.5,70,1014,3.1,350,0
1966,7,22,10,786,491,338,30.4,23.6,67,1014,3.1,350,0
1966,7,22,11,877,564,326,31.1,23.3,63,1014,3.1,360,0
1966,7,22,12,730,360,376,31.1,23.2,63,1014,3.3,320,0
1966,7,22,13,721,387,360,31.1,23.2,63,1013,3.4,270,0
1966,7,22,14,294,6,289,31.1,23.3,63,1013,3.6,230,0
1966,7,22,15,201,4,198,30.9,23.6,65,1013,3.1,220,0
1966,7,22,16,183,6,180,30.8,23.7,66,1013,2.6,210,0
1966,7,22,17,99,26,91,30.6,23.9,68,1013,2.1,200,0
1966,7,22,18,20,2,20,29.5,23.9,72,1013,2.1,200,0
1966,7,22,19,0,0,0,28.3,23.4,75,1014,2.1,200,0
1966,7,22,20,0,0,0,27.2,23.3,79,1014,2.1,200,0
1966,7,22,21,0,0,0,26.7,23,80,1014,1.9,170,0
1966,7,22,22,0,0,0,26.1,22.6,81,1014,1.7,140,0
1966,7,22,23,0,0,0,25.6,22.2,82,1014,1.5,110,0
1966,7,23,0,0,0,0,24.8,21.9,84,1014,1.5,90,0
1966,7,23,1,0,0,0,24.1,21.4,85,1013,1.5,80,0
1966,7,23,2,0,0,0,23.3,21.1,87,1013,1.5,60,0
1966,7,23,3,0,0,0,23.5,21,86,1014,1.3,30,0
1966,7,23,4,0,0,0,23.7,21,85,1014,1.2,10,0
1966,7,23,5,18,5,17,23.9,21.1,84,1015,1,340,0
1966,7,23,6,113,44,102,26.1,22,78,1015,2.6,30,0
1966,7,23,7,247,135,184,28.4,22.6,71,1015,4.1,70,0
1966,7,23,8,331,117,256,30.6,23.3,65,1016,5.7,120,0
1966,7,23,9,525,210,356,29.7,23.2,68,1016,4.3,130,0
1966,7,23,10,680,311,396,28.7,22.9,71,1016,2.9,140,0
1966,7,23,11,473,270,210,27.8,22.8,74,1016,1.5,150,0
1966,7,23,12,626,215,414,27.8,23.2,76,1015,2.2,110,0
1966,7,23,13,591,199,405,27.8,23.4,77,1015,2.9,70,0
1966,7,23,14,526,190,367,27.8,23.9,79,1015,3.6,30,0
1966,7,23,15,380,172,261,28,23.6,77,1015,3.6,60,0
1966,7,23,16,239,78,200,28.1,23,74,1015,3.6,80,0
1966,7,23,17,136,109,102,28.3,22.8,72,1015,3.6,110,0
1966,7,23,18,31,7,30,27.8,22.7,74,1015,3.4,110,0
1966,7,23,19,0,0,0,27.2,22.8,77,1016,3.3,120,0
1966,7,23,20,0,0,0,26.7,22.8,79,1016,3.1,120,0
1966,7,23,21,0,0,0,26.3,22.6,80,1016,2.8,120,0
1966,7,23,22,0,0,0,26,22.5,81,1016,2.4,110,0
1966,7,23,23,0,0,0,25.6,22.2,82,1016,2.1,110,0
1966,7,24,0,0,0,0,24.5,21.6,84,1016,1.7,50,0
1966,7,24,1,0,0,0,23.3,20.6,85,1016,1.4,360,0
1966,7,24,2,0,0,0,22.2,20,87,1016,1,300,0
1966,7,24,3,0,0,0,22,19.4,85,1016,1,320,0
1966,7,24,4,0,0,0,21.9,18.9,83,1016,1,340,0
1966,7,24,5,26,21,24,21.7,18.3,81,1016,1,0,0
1966,7,24,6,141,243,80,24.3,19.8,76,1016,2.4,20,0
1966,7,24,7,366,503,136,26.8,21.3,72,1017,3.8,40,0
1966,7,24,8,505,428,229,29.4,22.8,67,1017,5.2,60,0
1966,7,24,9,728,646,211,30.2,22.6,64,1017,5.5,50,0
1966,7,24,10,845,680,225,30.9,22.8,62,1017,5.9,50,0
1966,7,24,11,914,731,203,31.7,22.8,59,1017,6.2,40,0
1966,7,24,12,882,639,255,31.7,21.9,56,1017,5.9,40,0
1966,7,24,13,909,744,215,31.7,21,53,1016,5.5,50,0
1966,7,24,14,799,720,200,31.7,20,50,1016,5.2,50,0
1966,7,24,15,628,635,192,31.3,20,51,1015,4.3,40,0
1966,7,24,16,402,480,158,31,20,52,1015,3.5,40,0
1966,7,24,17,195,279,110,30.6,20,53,1015,2.6,30,0
1966,7,24,18,39,40,35,28.4,20.4,62,1015,2.1,20,0
1966,7,24,19,0,0,0,26.1,20.2,70,1015,1.5,20,0
1966,7,24,20,0,0,0,23.9,20,79,1016,1,10,0
1966,7,24,21,0,0,0,23.3,19.7,80,1016,0.7,10,0
1966,7,24,22,0,0,0,22.8,19.2,80,1015,0.3,10,0
1966,7,24,23,0,0,0,22.2,18.9,81,1015,0,0,0
1966,7,25,0,0,0,0,23.3,19.3,78,1015,0.9,20,0
1966,7,25,1,0,0,0,24.5,19.6,74,1015,1.7,20,0
1966,7,25,2,0,0,0,25.6,20,71,1014,2.6,20,0
1966,7,25,3,0,0,0,25.6,20.2,72,1014,2.6,30,0
1966,7,25,4,0,0,0,25.6,20.4,73,1015,2.6,30,0
1966,7,25,5,26,44,21,25.6,20.6,74,1015,2.6,40,0
1966,7,25,6,154,347,67,27.1,21.4,71,1015,3.5,40,0
1966,7,25,7,380,625,94,28.5,22,68,1016,4.3,40,0
1966,7,25,8,592,734,119,30,22.8,65,1016,5.2,40,0
1966,7,25,9,773,795,138,30.4,22.8,64,1016,4.8,20,0
1966,7,25,10,902,825,150,30.7,22.6,62,1016,4.5,10,0
1966,7,25,11,979,845,156,31.1,22.8,61,1015,4.1,350,0
1966,7,25,12,984,844,157,31.8,22.5,58,1015,4.1,360,0
1966,7,25,13,888,798,144,32.6,22.4,55,1014,4.1,0,0
1966,7,25,14,783,778,136,33.3,22.2,52,1013,4.1,10,0
1966,7,25,15,583,607,166,32.8,22.6,55,1013,3.9,20,0
1966,7,25,16,399,536,128,32.2,22.9,58,1013,3.8,20,0
1966,7,25,17,208,380,93,31.7,23.3,61,1012,3.6,30,0
1966,7,25,18,37,65,30,30.2,23.1,66,1012,3.3,40,0
1966,7,25,19,0,0,0,28.7,23.2,72,1013,2.9,40,0
1966,7,25,20,0,0,0,27.2,22.8,77,1013,2.6,50,0
1966,7,25,21,0,0,0,27.2,22.8,77,1013,3.3,40,0
1966,7,25,22,0,0,0,27.2,22.8,77,1012,3.9,20,0
1966,7,25,23,0,0,0,27.2,22.8,77,1012,4.6,10,0
1966,7,26,0,0,0,0,27,23.1,79,1012,5,10,0
1966,7,26,1,0,0,0,26.9,23.2,80,1011,5.3,20,0
1966,7,26,2,0,0,0,26.7,23.3,82,1011,5.7,20,0
1966,7,26,3,0,0,0,26.9,23.8,83,1010,6.5,20,0
1966,7,26,4,0,0,0,27,24.1,84,1010,7.4,20,0
1966,7,26,5,10,0,10,27.2,24.4,85,1010,8.2,20,0
1966,7,26,6,102,36,93,28.1,24.7,82,1010,7.7,20,0
1966,7,26,7,279,237,171,29.1,24.9,78,1010,7.2,20,0
1966,7,26,8,460,410,196,30,25,75,1010,6.7,20,0
1966,7,26,9,680,470,305,29.3,24.6,76,1010,6.5,40,0
1966,7,26,10,502,152,364,28.5,24.3,78,1010,6.4,50,0
1966,7,26,11,406,7,399,27.8,23.9,79,1011,6.2,70,0
1966,7,26,12,390,2,387,28.7,23.8,75,1011,5.9,90,0
1966,7,26,13,461,12,450,29.7,24.1,72,1011,5.5,100,0
1966,7,26,14,371,7,364,30.6,23.9,68,1011,5.2,120,0
1966,7,26,15,262,6,258,29.7,24.1,72,1010,4.3,100,0
1966,7,26,16,210,1,209,28.7,23.8,75,1010,3.5,90,0
1966,7,26,17,94,0,94,27.8,23.9,79,1010,2.6,70,0
1966,7,26,18,17,2,17,27.6,23.6,79,1011,3.3,90,0
1966,7,26,19,0,0,0,27.4,23.4,79,1011,3.9,110,0
1966,7,26,20,0,0,0,27.2,23.3,79,1011,4.6,130,0
1966,7,26,21,0,0,0,26.8,23.1,80,1011,3.9,120,0
1966,7,26,22,0,0,0,26.5,23,81,1011,3.3,120,0
1966,7,26,23,0,0,0,26.1,22.8,82,1012,2.6,110,0
1966,7,27,0,0,0,0,26.1,22.8,82,1011,2.6,110,0
1966,7,27,1,0,0,0,26.1,22.8,82,1011,2.6,100,0
1966,7,27,2,0,0,0,26.1,22.8,82,1011,2.6,100,0
1966,7,27,3,0,0,0,25.9,22,79,1011,3.3,130,0
1966,7,27,4,0,0,0,25.8,21.5,77,1011,3.9,160,0
1966,7,27,5,17,4,16,25.6,20.6,74,1012,4.6,190,0
1966,7,27,6,130,157,92,26.3,21.5,75,1012,4.4,200,0
1966,7,27,7,181,96,137,27.1,22.5,76,1013,4.3,200,0
1966,7,27,8,342,118,266,27.8,23.3,77,1013,4.1,210,0
1966,7,27,9,613,341,341,28.2,23.1,74,1013,3.4,210,0
1966,7,27,10,580,234,367,28.5,22.5,70,1013,2.8,220,0
1966,7,27,11,705,343,372,28.9,22.2,67,1013,2.1,220,0
1966,7,27,12,807,405,410,29.8,22.5,65,1013,2.4,230,0
1966,7,27,13,786,484,335,30.8,22.9,63,1012,2.8,230,0
1966,7,27,14,763,603,262,31.7,23.3,61,1012,3.1,240,0
1966,7,27,15,541,428,247,31.3,22.9,61,1011,3.1,220,0
1966,7,27,16,374,380,183,31,22.6,61,1011,3.1,210,0
1966,7,27,17,166,220,99,30.6,22.2,61,1011,3.1,190,0
1966,7,27,18,32,23,30,29.5,22.5,66,1011,3.1,190,0
1966,7,27,19,0,0,0,28.3,22.8,72,1012,3.1,180,0
1966,7,27,20,0,0,0,27.2,22.8,77,1013,3.1,180,0
1966,7,27,21,0,0,0,26.8,22.6,78,1013,2.8,200,0
1966,7,27,22,0,0,0,26.5,22.4,78,1013,2.4,220,0
1966,7,27,23,0,0,0,26.1,22.2,79,1013,2.1,240,0
1966,7,28,0,0,0,0,25.4,21.7,80,1013,1.7,230,0
1966,7,28,1,0,0,0,24.6,21.1,81,1013,1.4,220,0
1966,7,28,2,0,0,0,23.9,20.6,82,1013,1,210,0
1966,7,28,3,0,0,0,23.7,20.7,83,1013,0.7,230,0
1966,7,28,4,0,0,0,23.5,20.5,83,1013,0.3,250,0
1966,7,28,5,25,33,22,23.3,20.6,84,1014,0,0,0
1966,7,28,6,146,312,70,25.7,21.8,79,1014,0.9,300,0
1966,7,28,7,354,495,131,28.2,22.9,73,1015,1.7,320,0
1966,7,28,8,364,220,223,30.6,23.9,68,1015,2.6,340,0
1966,7,28,9,507,314,257,31,24.2,67,1015,2.8,340,0
1966,7,28,10,796,560,287,31.3,24.4,67,1014,2.9,350,0
1966,7,28,11,627,268,366,31.7,24.4,66,1014,3.1,350,0
1966,7,28,12,672,325,355,31.7,24.1,64,1014,3.6,290,0
1966,7,28,13,715,435,311,31.7,23.8,63,1014,4.1,240,0
1966,7,28,14,758,659,212,31.7,23.3,61,1014,4.6,180,0
1966,7,28,15,654,674,193,31.1,23.5,64,1013,4.6,180,0
1966,7,28,16,391,508,136,30.6,23.8,67,1013,4.6,190,0
1966,7,28,17,191,384,76,30,23.9,70,1012,4.6,190,0
1966,7,28,18,35,80,27,29.3,23.7,72,1013,4.3,190,0
1966,7,28,19,0,0,0,28.5,23.6,75,1013,3.9,200,0
1966,7,28,20,0,0,0,27.8,23.3,77,1013,3.6,200,0
1966,7,28,21,0,0,0,27.2,23,78,1013,3.3,210,0
1966,7,28,22,0,0,0,26.7,22.6,78,1013,2.9,210,0
1966,7,28,23,0,0,0,26.1,22.2,79,1014,2.6,220,0
1966,7,29,0,0,0,0,25.5,21.8,80,1014,2.2,230,0
1966,7,29,1,0,0,0,25,21.5,81,1014,1.9,230,0
1966,7,29,2,0,0,0,24.4,21.1,82,1014,1.5,240,0
1966,7,29,3,0,0,0,24.4,21.1,82,1014,1.3,240,0
1966,7,29,4,0,0,0,24.4,21.1,82,1014,1.2,240,0
1966,7,29,5,20,7,19,24.4,21.1,82,1015,1,240,0
1966,7,29,6,131,215,79,26.5,22.1,77,1015,2,240,0
1966,7,29,7,282,259,166,28.5,23.2,73,1015,3.1,250,0
1966,7,29,8,553,503,231,30.6,23.9,68,1016,4.1,250,0
1966,7,29,9,663,452,303,31.7,23.8,63,1015,3.9,230,0
1966,7,29,10,825,537,337,32.8,23.2,57,1015,3.8,220,0
1966,7,29,11,857,549,324,33.9,22.8,52,1015,3.6,200,0
1966,7,29,12,927,641,301,34.1,22.8,52,1014,3.8,210,0
1966,7,29,13,755,511,281,34.2,22.6,51,1014,3.9,230,0
1966,7,29,14,735,568,264,34.4,22.8,51,1013,4.1,240,0
1966,7,29,15,544,455,234,33.7,23.4,55,1013,4.8,240,0
1966,7,29,16,342,295,195,32.9,23.5,58,1012,5.5,240,0
1966,7,29,17,175,253,100,32.2,23.9,62,1012,6.2,240,0
1966,7,29,18,32,28,29,30.9,23.8,66,1012,5.3,240,0
1966,7,29,19,0,0,0,29.6,23.5,70,1013,4.5,230,0
1966,7,29,20,0,0,0,28.3,23.3,74,1013,3.6,230,0
1966,7,29,21,0,0,0,27.8,23,75,1013,3.3,230,0
1966,7,29,22,0,0,0,27.2,22.6,76,1014,2.9,230,0
1966,7,29,23,0,0,0,26.7,22.2,77,1014,2.6,230,0
1966,7,30,0,0,0,0,26.5,22.1,77,1014,2.8,230,0
1966,7,30,1,0,0,0,26.3,22,77,1014,2.9,220,0
1966,7,30,2,0,0,0,26.1,21.7,77,1014,3.1,220,0
1966,7,30,3,0,0,0,26.1,21.8,77,1014,2.9,220,0
1966,7,30,4,0,0,0,26.1,21.8,77,1014,2.8,230,0
1966,7,30,5,26,8,25,26.1,21.7,77,1015,2.6,230,0
1966,7,30,6,121,162,82,28,22.5,72,1015,3.6,240,0
1966,7,30,7,285,172,208,29.8,22.8,66,1015,4.7,260,0
1966,7,30,8,385,216,247,31.7,23.3,61,1016,5.7,270,0
1966,7,30,9,596,330,333,32.4,23.1,58,1015,5.3,260,0
1966,7,30,10,528,267,286,33.2,22.9,55,1015,5,260,0
1966,7,30,11,831,559,289,33.9,22.8,52,1015,4.6,250,0
1966,7,30,12,858,600,272,33.7,22.5,52,1015,4.4,260,0
1966,7,30,13,813,555,297,33.5,22.3,52,1014,4.3,280,0
1966,7,30,14,396,85,325,33.3,22.2,52,1014,4.1,290,0
1966,7,30,15,378,103,308,31.3,22.3,59,1014,3.6,270,0
1966,7,30,16,166,58,137,29.2,22,65,1014,3.1,260,0
1966,7,30,17,106,5,105,27.2,21.7,72,1014,2.6,240,0
1966,7,30,18,24,8,23,26.7,21.9,75,1014,2.2,260,0
1966,7,30,19,0,0,0,26.1,22.2,79,1014,1.9,270,0
1966,7,30,20,0,0,0,25.6,22.2,82,1014,1.5,290,0
1966,7,30,21,0,0,0,25.4,22.1,82,1014,1.3,260,0
1966,7,30,22,0,0,0,25.2,21.9,82,1015,1.2,240,0
1966,7,30,23,0,0,0,25,21.7,82,1015,1,210,0
1966,7,31,0,0,0,0,24.6,21.5,83,1015,1,250,0
1966,7,31,1,0,0,0,24.3,21.2,83,1015,1,300,0
1966,7,31,2,0,0,0,23.9,21.1,84,1015,1,340,0
1966,7,31,3,0,0,0,24.6,21.3,82,1015,1,20,0
1966,7,31,4,0,0,0,25.4,21.9,81,1015,1,60,0
1966,7,31,5,8,1,8,26.1,22.2,79,1015,1,100,0
1966,7,31,6,42,3,41,25.2,21.5,80,1016,2,110,0
1966,7,31,7,154,2,152,24.2,20.7,81,1017,3.1,130,0
1966,7,31,8,128,6,124,23.3,20,82,1018,4.1,140,0
1966,7,31,9,330,85,263,23.9,20.3,80,1018,4.5,160,0
1966,7,31,10,647,316,361,24.4,20.3,78,1017,4.8,180,0
1966,7,31,11,733,302,440,25,20.6,76,1017,5.2,200,0
1966,7,31,12,874,571,316,26.5,21.1,72,1017,4.5,200,0
1966,7,31,13,867,639,274,27.9,21.2,67,1016,3.8,210,0
1966,7,31,14,757,625,240,29.4,21.7,63,1015,3.1,210,0
1966,7,31,15,587,554,211,29.2,21.4,63,1015,2.9,220,0
1966,7,31,16,367,368,184,29.1,21.3,63,1014,2.8,240,0
1966,7,31,17,171,250,98,28.9,21.1,63,1014,2.6,250,0
1966,7,31,18,24,18,22,27,21.3,71,1014,1.8,233,0
1966,7,31,19,0,0,0,25.7,21.4,77,1014,1.3,219,0
1966,7,31,20,0,0,0,24.7,21.3,81,1015,1,81,0
1966,7,31,21,0,0,0,25.3,21.4,79,1015,1.7,194,0
1966,7,31,22,0,0,0,25.7,21.5,77,1015,2.2,190,0
1966,7,31,23,0,0,0,25.8,21.6,77,1015,2.4,189,0
1966,8,1,0,0,0,0,25.8,21.5,77,1015,2.3,191,0
1966,8,1,1,0,0,0,25.6,21.4,77,1015,2.1,196,0
1966,8,1,2,0,0,0,25.2,21.1,78,1015,1.8,207,0
1966,8,1,3,0,0,0,24.7,20.7,78,1015,1.4,224,0
1966,8,1,4,0,0,0,24,20.1,78,1016,0.9,247,0
1966,8,1,5,27,3,27,23.2,19.3,78,1016,0.3,27,0
1966,8,1,6,118,124,88,24.8,20.5,77,1016,1,320,0
1966,8,1,7,335,424,146,26.9,21.9,74,1016,2.1,340,0
1966,8,1,8,495,460,203,28.9,23.3,72,1017,3.1,0,0
1966,8,1,9,578,414,249,29.5,23.5,70,1017,3.1,0,0
1966,8,1,10,605,318,317,30,23.2,67,1016,3.1,10,0
1966,8,1,11,858,601,276,30.6,23.3,65,1016,3.1,10,0
1966,8,1,12,826,541,298,31.3,23.2,62,1016,3.1,20,0
1966,8,1,13,734,477,292,32.1,23.1,59,1015,3.1,40,0
1966,8,1,14,745,608,244,32.8,22.8,56,1015,3.1,50,0
1966,8,1,15,544,461,232,31.5,23.3,62,1015,3.6,90,0
1966,8,1,16,380,397,183,30.2,23.6,68,1015,4.1,120,0
1966,8,1,17,159,185,106,28.9,23.9,74,1015,4.6,160,0
1966,8,1,18,22,19,20,28.7,24.3,77,1015,4.1,160,0
1966,8,1,19,0,0,0,28.5,24.5,79,1015,3.6,170,0
1966,8,1,20,0,0,0,28.3,25,82,1015,3.1,170,0
1966,8,1,21,0,0,0,26.8,24.3,86,1015,2.8,150,0
1966,8,1,22,0,0,0,25.4,23.6,90,1015,2.4,130,0
1966,8,1,23,0,0,0,23.9,22.8,94,1015,2.1,110,0
1966,8,2,0,0,0,0,23.3,22.1,93,1015,1.4,110,0
1966,8,2,1,0,0,0,22.8,21.3,91,1014,0.7,110,0
1966,8,2,2,0,0,0,22.2,20.6,90,1014,0,0,0
1966,8,2,3,0,0,0,22.6,20.7,89,1014,0.7,120,0
1966,8,2,4,0,0,0,22.9,20.8,88,1014,1.4,120,0
1966,8,2,5,20,16,18,23.3,21.1,87,1014,2.1,120,0
1966,8,2,6,114,171,74,25,22.1,84,1015,2.1,160,0
1966,8,2,7,276,251,164,26.6,22.9,80,1015,2.1,200,0
1966,8,2,8,384,204,255,28.3,23.9,77,1015,2.1,240,0
1966,8,2,9,663,563,217,29.2,24.1,74,1015,2.3,220,0
1966,8,2,10,741,494,294,30.2,24.4,71,1015,2.4,210,0
1966,8,2,11,827,542,303,31.1,24.4,68,1015,2.6,190,0
1966,8,2,12,850,596,269,31.3,24.4,67,1014,2.6,200,0
1966,8,2,13,858,612,291,31.5,24.1,65,1014,2.6,210,0
1966,8,2,14,681,481,285,31.7,23.9,64,1013,2.6,220,0
1966,8,2,15,528,449,224,31.3,23.4,63,1012,2.6,210,0
1966,8,2,16,294,224,183,31,22.9,62,1012,2.6,200,0
1966,8,2,17,117,91,90,30.6,22.2,61,1012,2.6,190,0
1966,8,2,18,33,9,32,29.7,23.2,68,1012,2.6,190,0
1966,8,2,19,0,0,0,28.7,23.8,75,1012,2.6,200,0
1966,8,2,20,0,0,0,27.8,24.4,82,1012,2.6,200,0
1966,8,2,21,0,0,0,27.6,24.5,83,1012,3.3,200,0
1966,8,2,22,0,0,0,27.4,24.5,84,1012,3.9,210,0
1966,8,2,23,0,0,0,27.2,24.4,85,1013,4.6,210,0
1966,8,3,0,0,0,0,27,24.5,86,1012,3.9,210,0
1966,8,3,1,0,0,0,26.9,24.6,87,1012,3.3,200,0
1966,8,3,2,0,0,0,26.7,24.4,88,1012,2.6,200,0
1966,8,3,3,0,0,0,26.7,24.5,88,1012,2.9,200,0
1966,8,3,4,0,0,0,26.7,24.5,88,1012,3.3,210,0
1966,8,3,5,16,2,16,26.7,24.4,88,1012,3.6,210,0
1966,8,3,6,100,40,91,27.8,24.8,84,1012,4.1,210,0
1966,8,3,7,263,234,160,28.9,25.3,81,1012,4.7,200,0
1966,8,3,8,536,615,147,30,25.6,77,1012,5.2,200,0
1966,8,3,9,696,586,234,30.4,25.2,74,1011,5,210,0
1966,8,3,10,617,272,371,30.7,24.8,71,1011,4.8,230,0
1966,8,3,11,568,195,379,31.1,24.4,68,1011,4.6,240,0
1966,8,3,12,545,198,352,30.4,24.3,70,1010,4.6,260,0
1966,8,3,13,458,76,387,29.6,24,72,1010,4.6,270,0
1966,8,3,14,332,10,323,28.9,23.9,74,1010,4.6,290,0
1966,8,3,15,392,141,297,28.7,23.8,75,1010,3.9,270,0
1966,8,3,16,268,183,177,28.5,23.9,76,1010,3.3,260,0
1966,8,3,17,116,51,101,28.3,23.9,77,1010,2.6,240,0
1966,8,3,18,30,6,30,27.6,24,81,1010,2.4,230,0
1966,8,3,19,0,0,0,26.8,23.9,84,1011,2.3,210,0
1966,8,3,20,0,0,0,26.1,23.9,88,1011,2.1,200,0
1966,8,3,21,0,0,0,25.9,23.9,89,1011,2.3,200,0
1966,8,3,22,0,0,0,25.8,24,90,1011,2.4,210,0
1966,8,3,23,0,0,0,25.6,23.9,91,1012,2.6,210,0
1966,8,4,0,0,0,0,25.2,23.6,91,1011,2.4,220,0
1966,8,4,1,0,0,0,24.8,23.1,90,1011,2.3,220,0
1966,8,4,2,0,0,0,24.4,22.8,90,1011,2.1,230,0
1966,8,4,3,0,0,0,24.6,23,91,1011,2.8,230,0
1966,8,4,4,0,0,0,24.8,23.6,93,1011,3.4,220,0
1966,8,4,5,7,0,7,25,23.9,94,1011,4.1,220,0
1966,8,4,6,47,2,47,25.2,24,93,1012,4.3,230,0
1966,8,4,7,149,8,145,25.4,24,92,1012,4.4,230,0
1966,8,4,8,131,1,130,25.6,23.9,91,1012,4.6,240,0
1966,8,4,9,316,7,310,26.1,24.1,89,1012,5.6,240,0
1966,8,4,10,414,5,409,26.7,24.4,87,1012,6.7,240,0
1966,8,4,11,288,3,285,27.2,24.4,85,1012,7.7,240,0
1966,8,4,12,411,0,411,27.2,24.5,85,1012,6.9,240,0
1966,8,4,13,382,0,382,27.2,24.5,85,1012,6,240,0
1966,8,4,14,362,0,362,27.2,24.4,85,1012,5.2,240,0
1966,8,4,15,282,0,282,26.1,23.4,85,1012,5,250,0
1966,8,4,16,193,1,192,25,22.1,84,1012,4.8,260,0
1966,8,4,17,66,1,66,23.9,21.1,84,1012,4.6,270,0
1966,8,4,18,19,0,19,23.9,21.6,87,1012,3.9,250,0
1966,8,4,19,0,0,0,23.9,22.3,91,1012,3.3,240,0
1966,8,4,20,0,0,0,23.9,22.8,94,1012,2.6,220,0
1966,8,4,21,0,0,0,24.1,23.1,94,1012,2.6,220,0
1966,8,4,22,0,0,0,24.2,23.2,94,1012,2.6,220,0
1966,8,4,23,0,0,0,24.4,23.3,94,1013,2.6,220,0
1966,8,5,0,0,0,0,24.4,23.4,94,1013,2.4,240,0
1966,8,5,1,0,0,0,24.4,23.4,94,1013,2.3,250,0
1966,8,5,2,0,0,0,24.4,23.3,94,1013,2.1,270,0
1966,8,5,3,0,0,0,24.2,23.4,95,1013,2.1,260,0
1966,8,5,4,0,0,0,24.1,23.4,96,1013,2.1,240,0
1966,8,5,5,15,2,15,23.9,23.3,97,1014,2.1,230,0
1966,8,5,6,48,4,47,25.2,23.8,92,1014,2.3,260,0
1966,8,5,7,124,2,123,26.5,24.2,87,1014,2.4,290,0
1966,8,5,8,255,4,253,27.8,24.4,82,1014,2.6,320,0
1966,8,5,9,303,5,299,26.7,23.6,83,1014,2.6,310,0
1966,8,5,10,392,5,388,25.5,22.6,84,1015,2.6,290,0
1966,8,5,11,233,4,229,24.4,21.7,85,1015,2.6,280,0
1966,8,5,12,420,1,419,25.3,22.6,85,1014,2.8,270,0
1966,8,5,13,386,1,385,26.3,23.6,85,1014,2.9,260,0
1966,8,5,14,351,0,351,27.2,24.4,85,1013,3.1,250,0
1966,8,5,15,289,0,289,27.4,24.5,84,1013,2.8,250,0
1966,8,5,16,214,0,214,27.6,24.5,83,1013,2.4,240,0
1966,8,5,17,107,0,107,27.8,24.4,82,1013,2.1,240,0
1966,8,5,18,34,0,34,26.5,24,86,1013,2.1,230,0
1966,8,5,19,0,0,0,25.2,23.4,90,1013,2.1,210,0
1966,8,5,20,0,0,0,23.9,22.8,94,1013,2.1,200,0
1966,8,5,21,0,0,0,23.7,22.9,95,1013,1.9,200,0
1966,8,5,22,0,0,0,23.5,22.8,96,1013,1.7,190,0
1966,8,5,23,0,0,0,23.3,22.8,97,1013,1.5,190,0
1966,8,6,0,0,0,0,23.3,22.6,96,1013,1.5,240,0
1966,8,6,1,0,0,0,23.3,22.3,94,1013,1.5,290,0
1966,8,6,2,0,0,0,23.3,22.2,93,1013,1.5,340,0
1966,8,6,3,0,0,0,23.3,22.3,94,1013,1,330,0
1966,8,6,4,0,0,0,23.3,22.6,96,1013,0.5,320,0
1966,8,6,5,11,0,11,23.3,22.8,97,1013,0,0,0
1966,8,6,6,87,1,87,24.1,23.3,95,1013,0.7,310,0
1966,8,6,7,184,0,184,24.8,23.6,93,1013,1.4,300,0
1966,8,6,8,156,1,155,25.6,23.9,91,1013,2.1,290,0
1966,8,6,9,363,0,363,26.5,23.8,85,1013,2.1,270,0
1966,8,6,10,400,0,400,27.4,23.2,78,1013,2.1,260,0
1966,8,6,11,459,1,459,28.3,22.8,72,1013,2.1,240,0
1966,8,6,12,549,131,421,28.1,23.3,75,1012,1.9,180,0
1966,8,6,13,772,516,298,28,24,79,1012,1.7,130,0
1966,8,6,14,621,398,295,27.8,24.4,82,1011,1.5,70,0
1966,8,6,15,498,387,239,28,24.2,80,1011,2,110,0
1966,8,6,16,323,299,178,28.1,24.1,79,1010,2.6,160,0
1966,8,6,17,160,150,118,28.3,23.9,77,1010,3.1,200,0
1966,8,6,18,29,13,27,27.4,23.9,81,1010,2.9,200,0
1966,8,6,19,0,0,0,26.5,23.6,84,1010,2.8,200,0
1966,8,6,20,0,0,0,25.6,23.3,88,1011,2.6,200,0
1966,8,6,21,0,0,0,25,23.4,91,1010,2.6,210,0
1966,8,6,22,0,0,0,24.5,23.5,94,1010,2.6,220,0
1966,8,6,23,0,0,0,23.9,23.3,97,1010,2.6,230,0
1966,8,7,0,0,0,0,23.7,23,96,1010,2.6,230,0
1966,8,7,1,0,0,0,23.5,22.5,94,1010,2.6,230,0
1966,8,7,2,0,0,0,23.3,22.2,93,1010,2.6,230,0
1966,8,7,3,0,0,0,22.9,21.7,93,1010,1.7,230,0
1966,8,7,4,0,0,0,22.6,21.4,93,1010,0.9,220,0
1966,8,7,5,19,5,18,22.2,21.1,93,1010,0,0,0
1966,8,7,6,117,211,69,24.2,22.3,89,1010,0.7,220,0
1966,8,7,7,294,255,183,26.3,23.4,84,1010,1.4,210,0
1966,8,7,8,534,514,211,28.3,24.4,80,1011,2.1,210,0
1966,8,7,9,678,536,257,28.9,24.5,77,1010,2.4,260,0
1966,8,7,10,822,569,310,29.4,24.1,73,1010,2.8,300,0
1966,8,7,11,719,318,414,30,23.9,70,1010,3.1,350,0
1966,8,7,12,779,424,368,30.7,23.4,65,1010,2.8,340,0
1966,8,7,13,758,423,370,31.5,22.5,59,1009,2.4,320,0
1966,8,7,14,686,489,287,32.2,21.7,54,1009,2.1,310,0
1966,8,7,15,457,320,243,31.1,23,62,1009,2.4,270,0
1966,8,7,16,312,264,184,30,23.7,69,1009,2.8,220,0
1966,8,7,17,146,138,108,28.9,24.4,77,1009,3.1,180,0
1966,8,7,18,24,8,23,28,24.6,82,1009,2.9,180,0
1966,8,7,19,0,0,0,27,24.5,86,1009,2.8,190,0
1966,8,7,20,0,0,0,26.1,24.4,91,1010,2.6,190,0
1966,8,7,21,0,0,0,25.9,24.1,90,1010,2.2,200,0
1966,8,7,22,0,0,0,25.8,23.9,89,1010,1.9,200,0
1966,8,7,23,0,0,0,25.6,23.3,88,1010,1.5,210,0
1966,8,8,0,0,0,0,25.2,23.4,90,1010,1,180,0
1966,8,8,1,0,0,0,24.8,23.4,92,1010,0.5,150,0
1966,8,8,2,0,0,0,24.4,23.3,94,1010,0,0,0
1966,8,8,3,0,0,0,23.5,22.7,95,1010,0.3,90,0
1966,8,8,4,0,0,0,22.6,21.9,96,1010,0.7,60,0
1966,8,8,5,14,3,14,21.7,21.1,97,1011,1,30,0
1966,8,8,6,109,154,75,24.1,22.4,90,1011,0.7,20,0
1966,8,8,7,305,353,151,26.5,23.6,84,1011,0.3,20,0
1966,8,8,8,428,301,240,28.9,24.4,77,1012,0,0,0
1966,8,8,9,702,569,255,29.8,24.4,73,1012,1.2,0,0
1966,8,8,10,801,570,289,30.8,24.7,70,1012,2.4,360,0
1966,8,8,11,856,584,295,31.7,24.4,66,1012,3.6,350,0
1966,8,8,12,915,661,275,32.1,24.2,63,1011,3.4,0,0
1966,8,8,13,854,596,307,32.4,23.9,61,1011,3.3,10,0
1966,8,8,14,734,588,254,32.8,23.3,58,1011,3.1,20,0
1966,8,8,15,523,437,232,31.7,24.1,64,1011,4.1,60,0
1966,8,8,16,302,153,229,30.5,24.2,69,1011,5.2,100,0
1966,8,8,17,135,38,125,29.4,24.4,75,1011,6.2,140,0
1966,8,8,18,25,2,24,28.3,24.1,78,1011,5,150,0
1966,8,8,19,0,0,0,27.2,23.9,82,1012,3.8,170,0
1966,8,8,20,0,0,0,26.1,23.3,85,1013,2.6,180,0
1966,8,8,21,0,0,0,25.7,23.2,86,1012,2.4,180,0
1966,8,8,22,0,0,0,25.4,22.9,86,1012,2.3,180,0
1966,8,8,23,0,0,0,25,22.8,87,1012,2.1,180,0
1966,8,9,0,0,0,0,25,22.7,87,1012,2.4,180,0
1966,8,9,1,0,0,0,25,22.7,87,1012,2.8,170,0
1966,8,9,2,0,0,0,25,22.8,87,1013,3.1,170,0
1966,8,9,3,0,0,0,25,23.1,89,1013,2.9,180,0
1966,8,9,4,0,0,0,25,23.6,92,1013,2.8,180,0
1966,8,9,5,18,12,17,25,23.9,94,1014,2.6,190,0
1966,8,9,6,128,254,72,26.3,24.3,89,1014,2.6,190,0
1966,8,9,7,304,420,121,27.6,24.8,85,1014,2.6,200,0
1966,8,9,8,399,325,196,28.9,25,80,1015,2.6,200,0
1966,8,9,9,704,649,195,29.3,24.8,77,1015,3.5,190,0
1966,8,9,10,622,455,213,29.6,24.7,75,1014,4.3,180,0
1966,8,9,11,869,627,267,30,24.4,72,1014,5.2,170,0
1966,8,9,12,857,604,273,30,24.4,72,1014,5.9,180,0
1966,8,9,13,784,575,257,30,24.4,72,1014,6.5,200,0
1966,8,9,14,694,504,284,30,24.4,72,1013,7.2,210,0
1966,8,9,15,370,214,227,29.4,24.5,75,1013,6.2,210,0
1966,8,9,16,305,287,167,28.9,24.5,77,1013,5.1,220,0
1966,8,9,17,162,185,112,28.3,24.4,80,1013,4.1,220,0
1966,8,9,18,26,21,24,27.8,24.4,82,1013,3.8,200,0
1966,8,9,19,0,0,0,27.2,24.1,83,1014,3.4,190,0
1966,8,9,20,0,0,0,26.7,23.9,85,1014,3.1,170,0
1966,8,9,21,0,0,0,26.5,24,86,1014,3.3,170,0
1966,8,9,22,0,0,0,26.3,24,87,1013,3.4,180,0
1966,8,9,23,0,0,0,26.1,23.9,88,1013,3.6,180,0
1966,8,10,0,0,0,0,26.1,24.1,89,1013,3.6,180,0
1966,8,10,1,0,0,0,26.1,24.3,90,1013,3.6,180,0
1966,8,10,2,0,0,0,26.1,24.4,91,1013,3.6,180,0
1966,8,10,3,0,0,0,25.5,23.9,91,1013,3.8,180,0
1966,8,10,4,0,0,0,25,23.2,90,1014,3.9,170,0
1966,8,10,5,9,0,9,24.4,22.8,90,1014,4.1,170,0
1966,8,10,6,65,7,64,25.5,23,86,1014,4.5,170,0
1966,8,10,7,164,55,140,26.7,23.2,81,1015,4.8,160,0
1966,8,10,8,264,25,248,27.8,23.3,77,1015,5.2,160,0
1966,8,10,9,373,56,329,28,23.4,76,1015,4.8,190,0
1966,8,10,10,496,128,382,28.1,23.3,75,1015,4.5,220,0
1966,8,10,11,283,0,283,28.3,23.3,74,1015,4.1,250,0
1966,8,10,12,349,7,343,27.9,22.8,74,1015,4.1,240,0
1966,8,10,13,330,7,324,27.6,22.6,74,1014,4.1,240,0
1966,8,10,14,275,8,268,27.2,22.2,74,1014,4.1,230,0
1966,8,10,15,215,2,213,26.7,22.6,78,1014,3.6,220,0
1966,8,10,16,166,3,164,26.1,22.6,81,1014,3.1,200,0
1966,8,10,17,87,0,87,25.6,22.8,85,1014,2.6,190,0
1966,8,10,18,14,1,14,25,22.7,87,1014,2.2,160,0
1966,8,10,19,0,0,0,24.5,22.4,88,1014,1.9,140,0
1966,8,10,20,0,0,0,23.9,22.2,90,1014,1.5,110,0
1966,8,10,21,0,0,0,23.9,22,89,1014,1.3,140,0
1966,8,10,22,0,0,0,23.9,21.8,88,1014,1.2,170,0
1966,8,10,23,0,0,0,23.9,21.7,87,1014,1,200,0
1966,8,11,0,0,0,0,23.9,21.8,88,1014,1,170,0
1966,8,11,1,0,0,0,23.9,22,89,1014,1,130,0
1966,8,11,2,0,0,0,23.9,22.2,90,1014,1,100,0
1966,8,11,3,0,0,0,24.1,22.5,91,1014,1.2,100,0
1966,8,11,4,0,0,0,24.2,23,93,1014,1.3,90,0
1966,8,11,5,10,0,10,24.4,23.3,94,1014,1.5,90,0
1966,8,11,6,79,29,73,26.1,24.1,89,1014,2.2,120,0
1966,8,11,7,160,40,143,27.7,24.9,85,1014,2.9,140,0
1966,8,11,8,336,126,257,29.4,25.6,80,1015,3.6,170,0
1966,8,11,9,534,263,328,30.3,25.1,74,1015,3.8,170,0
1966,8,11,10,583,197,407,31.3,24.7,68,1014,3.9,180,0
1966,8,11,11,525,198,336,32.2,23.9,62,1014,4.1,180,0
1966,8,11,12,543,214,336,31.7,24.3,65,1014,3.9,180,0
1966,8,11,13,452,95,366,31.1,24.7,69,1013,3.8,180,0
1966,8,11,14,545,274,323,30.6,25,72,1013,3.6,180,0
1966,8,11,15,261,45,231,30,24.6,73,1013,3.6,180,0
1966,8,11,16,175,34,159,29.5,24.1,73,1013,3.6,170,0
1966,8,11,17,59,1,59,28.9,23.9,74,1013,3.6,170,0
1966,8,11,18,23,2,22,28.2,24.2,79,1013,3.1,150,0
1966,8,11,19,0,0,0,27.4,24.3,83,1014,2.6,130,0
1966,8,11,20,0,0,0,26.7,24.4,88,1014,2.1,110,0
1966,8,11,21,0,0,0,26.7,24.5,88,1014,2.1,120,0
1966,8,11,22,0,0,0,26.7,24.5,88,1014,2.1,120,0
1966,8,11,23,0,0,0,26.7,24.4,88,1014,2.1,130,0
1966,8,12,0,0,0,0,26.5,24.5,89,1014,2.3,140,0
1966,8,12,1,0,0,0,26.3,24.5,90,1014,2.4,140,0
1966,8,12,2,0,0,0,26.1,24.4,91,1014,2.6,150,0
1966,8,12,3,0,0,0,26.1,24.3,90,1014,2.6,140,0
1966,8,12,4,0,0,0,26.1,24.1,89,1014,2.6,130,0
1966,8,12,5,11,2,11,26.1,23.9,88,1014,2.6,120,0
1966,8,12,6,93,78,77,27.8,24.4,82,1015,3.5,140,0
1966,8,12,7,301,375,140,29.4,24.7,76,1015,4.3,160,0
1966,8,12,8,517,490,212,31.1,25,70,1016,5.2,180,0
1966,8,12,9,699,570,254,31.8,24.9,67,1015,5.5,170,0
1966,8,12,10,738,480,308,32.6,25.2,65,1015,5.9,150,0
1966,8,12,11,856,584,298,33.3,25,62,1015,6.2,140,0
1966,8,12,12,778,478,318,33.1,24.6,61,1015,6,150,0
1966,8,12,13,684,400,319,33,23.9,59,1014,5.9,160,0
1966,8,12,14,562,221,384,32.8,23.3,58,1014,5.7,170,0
1966,8,12,15,418,243,258,32.1,23.6,61,1014,5,170,0
1966,8,12,16,270,152,198,31.3,23.9,65,1014,4.3,170,0
1966,8,12,17,122,80,100,30.6,23.9,68,1014,3.6,170,0
1966,8,12,18,25,9,24,29.7,24.3,73,1014,3.8,160,0
1966,8,12,19,0,0,0,28.7,24.3,77,1015,3.9,160,0
1966,8,12,20,0,0,0,27.8,24.4,82,1015,4.1,150,0
1966,8,12,21,0,0,0,27.4,24.3,83,1015,3.6,140,0
1966,8,12,22,0,0,0,27.1,24.2,84,1015,3.1,130,0
1966,8,12,23,0,0,0,26.7,23.9,85,1015,2.6,120,0
1966,8,13,0,0,0,0,26.1,23.8,87,1015,2.2,110,0
1966,8,13,1,0,0,0,25.6,23.5,88,1015,1.9,110,0
1966,8,13,2,0,0,0,25,23.3,90,1015,1.5,100,0
1966,8,13,3,0,0,0,24.3,22.6,90,1016,1.3,90,0
1966,8,13,4,0,0,0,23.5,21.8,90,1016,1.2,70,0
1966,8,13,5,13,4,12,22.8,21.1,90,1016,1,60,0
1966,8,13,6,110,200,66,25.4,22.3,83,1017,2,90,0
1966,8,13,7,314,397,144,28,23.6,77,1017,3.1,110,0
1966,8,13,8,513,537,180,30.6,24.4,70,1017,4.1,140,0
1966,8,13,9,688,565,248,31.1,24.2,67,1017,4.1,140,0
1966,8,13,10,837,617,287,31.7,24.3,65,1017,4.1,150,0
1966,8,13,11,883,641,270,32.2,23.9,62,1017,4.1,150,0
1966,8,13,12,885,657,254,32.6,24.1,61,1016,4.5,160,0
1966,8,13,13,786,481,348,32.9,24.4,61,1016,4.8,160,0
1966,8,13,14,669,470,290,33.3,24.4,60,1015,5.2,170,0
1966,8,13,15,357,123,277,31.8,23.9,63,1015,4.5,150,0
1966,8,13,16,195,79,158,30.4,23.6,67,1015,3.8,120,0
1966,8,13,17,47,0,47,28.9,22.8,70,1015,3.1,100,0
1966,8,13,18,16,3,15,27.6,23,76,1015,2.1,100,0
1966,8,13,19,0,0,0,26.3,22.8,81,1016,1,110,0
1966,8,13,20,0,0,0,25,22.8,87,1016,0,0,0
1966,8,13,21,0,0,0,25.4,22.9,86,1016,0.7,110,0
1966,8,13,22,0,0,0,25.7,23.2,86,1017,1.4,120,0
1966,8,13,23,0,0,0,26.1,23.3,85,1017,2.1,120,0
1966,8,14,0,0,0,0,26.3,23.6,85,1017,2.4,130,0
1966,8,14,1,0,0,0,26.5,23.8,85,1017,2.8,150,0
1966,8,14,2,0,0,0,26.7,23.9,85,1017,3.1,160,0
1966,8,14,3,0,0,0,25.4,23.1,87,1017,2.4,140,0
1966,8,14,4,0,0,0,24.1,22,88,1017,1.7,120,0
1966,8,14,5,11,0,11,22.8,21.1,90,1017,1,100,0
1966,8,14,6,94,93,74,25.4,22.3,83,1017,1.4,130,0
1966,8,14,7,286,293,161,28,23.2,75,1018,1.7,170,0
1966,8,14,8,497,452,217,30.6,23.9,68,1018,2.1,200,0
1966,8,14,9,556,315,311,31.1,24.2,67,1018,2.3,250,0
1966,8,14,10,796,541,314,31.7,24.3,65,1018,2.4,300,0
1966,8,14,11,920,623,325,32.2,24.4,64,1017,2.6,350,0
1966,8,14,12,842,498,363,30.2,24.4,71,1017,2.9,30,0
1966,8,14,13,802,475,370,28.1,23.9,78,1016,3.3,70,0
1966,8,14,14,208,61,159,26.1,23.3,85,1016,3.6,110,0
1966,8,14,15,494,347,267,27.6,24,81,1016,3.6,130,0
1966,8,14,16,318,276,188,29.1,24.4,76,1015,3.6,140,0
1966,8,14,17,127,85,106,30.6,25,72,1015,3.6,160,0
1966,8,14,18,14,2,14,28.9,24.2,76,1016,2.9,170,0
1966,8,14,19,0,0,0,27.3,23.8,81,1017,2.2,170,0
1966,8,14,20,0,0,0,25.6,22.8,85,1017,1.5,180,0
1966,8,14,21,0,0,0,25,22.7,87,1017,1.3,180,0
1966,8,14,22,0,0,0,24.5,22.4,88,1017,1.2,190,0
1966,8,14,23,0,0,0,23.9,22.2,90,1017,1,190,0
1966,8,15,0,0,0,0,23.7,22,90,1016,0.7,210,0
1966,8,15,1,0,0,0,23.5,21.8,90,1016,0.3,220,0
1966,8,15,2,0,0,0,23.3,21.7,90,1016,0,0,0
1966,8,15,3,0,0,0,22.9,21.2,90,1016,0,0,0
1966,8,15,4,0,0,0,22.6,20.9,90,1017,0,0,0
1966,8,15,5,13,11,12,22.2,20.6,90,1017,0,0,0
1966,8,15,6,114,238,64,24.8,21.9,84,1017,1,310,0
1966,8,15,7,307,385,143,27.4,23.2,78,1018,2.1,320,0
1966,8,15,8,452,355,234,30,24.4,72,1018,3.1,340,0
1966,8,15,9,707,633,215,30.6,24.5,70,1018,2.9,330,0
1966,8,15,10,847,717,208,31.1,24.5,68,1018,2.8,330,0
1966,8,15,11,878,646,263,31.7,24.4,66,1017,2.6,320,0
1966,8,15,12,819,465,374,31.5,24.6,67,1017,3.1,280,0
1966,8,15,13,633,334,329,31.3,24.9,69,1017,3.6,250,0
1966,8,15,14,165,26,144,31.1,25,70,1016,4.1,210,0
1966,8,15,15,398,148,301,30.4,24.5,71,1016,3.9,220,0
1966,8,15,16,258,148,189,29.6,24.2,73,1016,3.8,240,0
1966,8,15,17,132,139,96,28.9,23.9,74,1015,3.6,250,0
1966,8,15,18,16,11,15,28.3,24.1,78,1016,3.3,230,0
1966,8,15,19,0,0,0,27.8,24.2,81,1017,2.9,210,0
1966,8,15,20,0,0,0,27.2,24.4,85,1017,2.6,190,0
1966,8,15,21,0,0,0,26.1,23.8,87,1017,2.2,200,0
1966,8,15,22,0,0,0,25,22.9,88,1017,1.9,210,0
1966,8,15,23,0,0,0,23.9,22.2,90,1017,1.5,220,0
1966,8,16,0,0,0,0,24.1,22.4,90,1017,1.9,230,0
1966,8,16,1,0,0,0,24.2,22.5,90,1016,2.2,250,0
1966,8,16,2,0,0,0,24.4,22.8,90,1016,2.6,260,0
1966,8,16,3,0,0,0,24.2,22.5,90,1017,2.4,270,0
1966,8,16,4,0,0,0,24.1,22.4,90,1017,2.3,270,0
1966,8,16,5,12,0,12,23.9,22.2,90,1017,2.1,280,0
1966,8,16,6,86,65,72,25.9,23,84,1018,2.1,290,0
1966,8,16,7,286,274,170,28,23.8,78,1018,2.1,300,0
1966,8,16,8,503,423,243,30,24.4,72,1018,2.1,310,0
1966,8,16,9,690,507,296,30.9,24.3,68,1018,2.6,320,0
1966,8,16,10,796,529,326,31.9,24.2,64,1018,3.1,330,0
1966,8,16,11,878,564,341,32.8,23.9,60,1018,3.6,340,0
1966,8,16,12,870,558,336,33.3,23.9,58,1017,2.9,340,0
1966,8,16,13,774,480,339,33.9,23.6,55,1016,2.2,330,0
1966,8,16,14,689,481,304,34.4,23.3,53,1015,1.5,330,0
1966,8,16,15,495,365,259,33.9,24.2,57,1015,2.2,280,0
1966,8,16,16,272,170,193,33.3,24.5,60,1015,2.9,240,0
1966,8,16,17,102,18,97,32.8,25,64,1015,3.6,190,0
1966,8,16,18,16,0,16,29.8,24.2,72,1016,3.3,210,0
1966,8,16,19,0,0,0,26.9,23,79,1016,2.9,240,0
1966,8,16,20,0,0,0,23.9,21.7,87,1017,2.6,260,0
1966,8,16,21,0,0,0,24.1,22,88,1017,2.2,240,0
1966,8,16,22,0,0,0,24.2,22.3,89,1017,1.9,220,0
1966,8,16,23,0,0,0,24.4,22.8,90,1017,1.5,200,0
1966,8,17,0,0,0,0,24.2,22.5,90,1016,1,210,0
1966,8,17,1,0,0,0,24.1,22.4,90,1016,0.5,220,0
1966,8,17,2,0,0,0,23.9,22.2,90,1015,0,0,0
1966,8,17,3,0,0,0,23.5,21.8,90,1015,0.9,230,0
1966,8,17,4,0,0,0,23.2,21.5,90,1015,1.7,240,0
1966,8,17,5,11,3,11,22.8,21.1,90,1015,2.6,250,0
1966,8,17,6,68,61,56,25,22.5,86,1016,2.8,290,0
1966,8,17,7,251,204,165,27.2,23.7,81,1016,2.9,320,0
1966,8,17,8,482,494,179,29.4,25,77,1016,3.1,0,0
1966,8,17,9,503,217,335,29.6,24.2,73,1016,2.8,30,0
1966,8,17,10,525,226,324,29.8,23.5,69,1016,2.4,60,0
1966,8,17,11,515,106,415,30,22.8,65,1016,2.1,90,0
1966,8,17,12,691,244,459,30.7,22.9,63,1015,2.6,120,0
1966,8,17,13,753,474,325,31.5,23.3,62,1014,3.1,140,0
1966,8,17,14,705,578,243,32.2,23.3,60,1013,3.6,170,0
1966,8,17,15,589,578,216,30.4,23.3,66,1013,2.9,110,0
1966,8,17,16,253,109,203,28.5,23.2,73,1014,2.2,60,0
1966,8,17,17,29,10,27,26.7,22.8,79,1014,1.5,0,0
1966,8,17,18,19,0,19,26.5,23,81,1014,1.5,10,0
1966,8,17,19,0,0,0,26.3,23.2,83,1015,1.5,10,0
1966,8,17,20,0,0,0,26.1,23.3,85,1015,1.5,20,0
1966,8,17,21,0,0,0,25.5,23.2,87,1015,1.3,10,0
1966,8,17,22,0,0,0,25,22.9,88,1014,1.2,10,0
1966,8,17,23,0,0,0,24.4,22.8,90,1014,1,0,0
1966,8,18,0,0,0,0,24,22.3,90,1014,1.2,350,0
1966,8,18,1,0,0,0,23.7,22,90,1014,1.3,350,0
1966,8,18,2,0,0,0,23.3,21.7,90,1014,1.5,340,0
1966,8,18,3,0,0,0,23.3,21.8,91,1014,1,10,0
1966,8,18,4,0,0,0,23.3,21.9,92,1014,0.5,30,0
1966,8,18,5,9,0,9,23.3,22.2,93,1014,0,0,0
1966,8,18,6,66,33,59,24.8,22.7,88,1014,1,80,0
1966,8,18,7,185,116,136,26.3,23.4,84,1015,2.1,110,0
1966,8,18,8,379,173,273,27.8,23.9,79,1015,3.1,130,0
1966,8,18,9,444,141,335,28.5,23.9,76,1015,3.4,130,0
1966,8,18,10,302,26,279,29.3,24,73,1015,3.8,140,0
1966,8,18,11,487,81,410,30,23.9,70,1015,4.1,140,0
1966,8,18,12,523,79,447,30.4,24.1,69,1015,3.9,150,0
1966,8,18,13,359,81,286,30.7,23.9,67,1014,3.8,170,0
1966,8,18,14,442,142,329,31.1,23.9,66,1014,3.6,180,0
1966,8,18,15,289,52,255,30.5,23.7,67,1014,4.1,160,0
1966,8,18,16,189,59,162,30,23.7,69,1013,4.7,150,0
1966,8,18,17,105,53,92,29.4,23.3,70,1013,5.2,130,0
1966,8,18,18,20,0,20,27.9,23.3,76,1014,4.2,100,0
1966,8,18,19,0,0,0,26.5,23,81,1015,3.1,80,0
1966,8,18,20,0,0,0,25,22.8,87,1016,2.1,50,0
1966,8,18,21,0,0,0,24.6,22.5,88,1015,2.1,50,0
1966,8,18,22,0,0,0,24.3,22.4,89,1015,2.1,60,0
1966,8,18,23,0,0,0,23.9,22.2,90,1015,2.1,60,0
1966,8,19,0,0,0,0,24.3,22.4,89,1015,2.3,80,0
1966,8,19,1,0,0,0,24.6,22.5,88,1014,2.4,100,0
1966,8,19,2,0,0,0,25,22.8,87,1014,2.6,120,0
1966,8,19,3,0,0,0,24.8,22.7,88,1015,2.4,110,0
1966,8,19,4,0,0,0,24.6,22.7,89,1015,2.3,110,0
1966,8,19,5,11,9,10,24.4,22.8,90,1016,2.1,100,0
1966,8,19,6,114,262,60,26.5,23.8,85,1016,2.8,120,0
1966,8,19,7,305,458,113,28.5,24.7,80,1017,3.4,150,0
1966,8,19,8,427,410,176,30.6,25.6,75,1017,4.1,170,0
1966,8,19,9,671,638,179,31.1,25.4,72,1017,4.6,170,0
1966,8,19,10,856,708,230,31.7,25.3,69,1016,5.2,170,0
1966,8,19,11,874,679,231,32.2,25,66,1016,5.7,170,0
1966,8,19,12,808,510,323,31.3,24.4,67,1016,5.7,170,0
1966,8,19,13,618,286,361,30.3,24,69,1015,5.7,180,0
1966,8,19,14,321,115,229,29.4,23.3,70,1015,5.7,180,0
1966,8,19,15,266,50,234,29,23.2,71,1015,5.2,200,0
1966,8,19,16,223,36,207,28.7,22.9,71,1016,4.6,210,0
1966,8,19,17,60,24,54,28.3,22.8,72,1016,4.1,230,0
1966,8,19,18,15,5,15,26.8,22.2,76,1016,3.4,170,0
1966,8,19,19,0,0,0,25.4,21.7,80,1017,2.8,120,0
1966,8,19,20,0,0,0,23.9,21.1,84,1017,2.1,60,0
1966,8,19,21,0,0,0,24.1,21.4,85,1017,2.1,10,0
1966,8,19,22,0,0,0,24.2,21.7,86,1018,2.1,330,0
1966,8,19,23,0,0,0,24.4,22.2,87,1018,2.1,280,0
1966,8,20,0,0,0,0,23.9,21.8,88,1017,1.4,250,0
1966,8,20,1,0,0,0,23.3,21.4,89,1017,0.7,230,0
1966,8,20,2,0,0,0,22.8,21.1,90,1017,0,0,0
1966,8,20,3,0,0,0,23.2,21.3,89,1017,1,170,0
1966,8,20,4,0,0,0,23.5,21.4,88,1017,2.1,150,0
1966,8,20,5,12,2,11,23.9,21.7,87,1017,3.1,120,0
1966,8,20,6,97,129,71,25.7,23,85,1018,3.8,120,0
1966,8,20,7,309,458,117,27.6,24.2,82,1018,4.5,130,0
1966,8,20,8,507,559,166,29.4,25.6,80,1018,5.2,130,0
1966,8,20,9,713,669,199,30.7,25.3,73,1018,5.4,140,0
1966,8,20,10,814,656,234,32,25.1,67,1018,5.5,160,0
1966,8,20,11,854,654,236,33.3,24.4,60,1018,5.7,170,0
1966,8,20,12,873,635,270,31.8,24.1,64,1018,6.5,180,0
1966,8,20,13,628,306,354,30.4,23.8,68,1017,7.4,200,0
1966,8,20,14,447,117,355,28.9,23.3,72,1017,8.2,210,0
1966,8,20,15,207,39,182,27.8,23,75,1017,6,170,0
1966,8,20,16,200,6,197,26.7,22.8,79,1016,3.7,130,0
1966,8,20,17,44,0,43,25.6,22.2,82,1016,1.5,90,0
1966,8,20,18,12,3,12,25.6,22.7,84,1016,1.7,100,0
1966,8,20,19,0,0,0,25.6,23.1,86,1017,1.9,100,0
1966,8,20,20,0,0,0,25.6,23.3,88,1017,2.1,110,0
1966,8,20,21,0,0,0,25.4,23.5,89,1017,2.3,110,0
1966,8,20,22,0,0,0,25.2,23.3,89,1016,2.4,120,0
1966,8,20,23,0,0,0,25,23.3,90,1016,2.6,120,0
1966,8,21,0,0,0,0,24.1,22.4,90,1016,1.7,120,0
1966,8,21,1,0,0,0,23.1,21.4,90,1016,0.9,120,0
1966,8,21,2,0,0,0,22.2,20.6,90,1016,0,0,0
1966,8,21,3,0,0,0,22,19.8,87,1017,0,0,0
1966,8,21,4,0,0,0,21.9,19.1,84,1017,0,0,0
1966,8,21,5,11,0,11,21.7,18.3,81,1018,0,0,0
1966,8,21,6,89,57,78,24.5,20.4,78,1018,1,130,0
1966,8,21,7,264,236,166,27.2,22.4,75,1018,2.1,130,0
1966,8,21,8,491,416,238,30,24.4,72,1018,3.1,130,0
1966,8,21,9,677,516,280,30.9,24.5,69,1018,3.6,140,0
1966,8,21,10,815,560,321,31.9,25,67,1018,4.1,140,0
1966,8,21,11,879,614,299,32.8,25,64,1018,4.6,150,0
1966,8,21,12,930,647,317,32.4,25,65,1017,4.8,160,0
1966,8,21,13,751,453,346,32.1,24.7,65,1017,5,160,0
1966,8,21,14,609,372,316,31.7,24.4,66,1016,5.2,170,0
1966,8,21,15,469,340,253,31.1,24.5,68,1016,4.7,170,0
1966,8,21,16,276,224,176,30.6,24.5,70,1016,4.1,180,0
1966,8,21,17,107,78,88,30,24.4,72,1016,3.6,180,0
1966,8,21,18,19,1,19,28.5,24.1,77,1016,2.9,210,0
1966,8,21,19,0,0,0,27.1,24,83,1016,2.2,240,0
1966,8,21,20,0,0,0,25.6,23.3,88,1017,1.5,270,0
1966,8,21,21,0,0,0,25.4,23.5,89,1017,1.5,250,0
1966,8,21,22,0,0,0,25.2,23.3,89,1017,1.5,230,0
1966,8,21,23,0,0,0,25,23.3,90,1017,1.5,210,0
1966,8,22,0,0,0,0,23.9,22,89,1017,1.5,250,0
1966,8,22,1,0,0,0,22.8,20.7,88,1017,1.5,290,0
1966,8,22,2,0,0,0,21.7,19.4,87,1017,1.5,330,0
1966,8,22,3,0,0,0,21.7,18.9,84,1017,1.3,320,0
1966,8,22,4,0,0,0,21.7,18.5,82,1017,1.2,310,0
1966,8,22,5,11,1,11,21.7,17.8,79,1017,1,300,0
1966,8,22,6,86,66,73,24.1,19.8,77,1018,1.5,280,0
1966,8,22,7,272,195,191,26.5,21.9,76,1018,2.1,260,0
1966,8,22,8,497,394,258,28.9,23.9,74,1019,2.6,240,0
1966,8,22,9,632,433,300,29.6,23.8,71,1019,2.8,280,0
1966,8,22,10,799,538,325,30.4,24.1,69,1019,2.9,330,0
1966,8,22,11,843,572,305,31.1,23.9,66,1019,3.1,10,0
1966,8,22,12,841,490,378,31.7,23.8,63,1018,3.1,0,0
1966,8,22,13,806,564,302,32.2,23.2,59,1018,3.1,350,0
1966,8,22,14,653,472,283,32.8,22.8,56,1017,3.1,340,0
1966,8,22,15,462,390,215,32.2,23.5,60,1017,2.6,310,0
1966,8,22,16,318,371,153,31.7,24.1,64,1017,2,290,0
1966,8,22,17,114,149,79,31.1,24.4,68,1017,1.5,260,0
1966,8,22,18,22,2,21,29.6,24.5,74,1017,1.7,250,0
1966,8,22,19,0,0,0,28.2,24.2,79,1018,1.9,250,0
1966,8,22,20,0,0,0,26.7,23.9,85,1018,2.1,240,0
1966,8,22,21,0,0,0,26.1,23.6,86,1018,2.3,250,0
1966,8,22,22,0,0,0,25.6,23.1,86,1018,2.4,250,0
1966,8,22,23,0,0,0,25,22.8,87,1018,2.6,260,0
1966,8,23,0,0,0,0,24.8,22.3,86,1018,2.4,270,0
1966,8,23,1,0,0,0,24.6,22.1,86,1018,2.3,270,0
1966,8,23,2,0,0,0,24.4,21.7,85,1018,2.1,280,0
1966,8,23,3,0,0,0,24.2,21.5,85,1018,2.1,290,0
1966,8,23,4,0,0,0,24.1,21.2,84,1018,2.1,310,0
1966,8,23,5,12,0,12,23.9,21.1,84,1018,2.1,320,0
1966,8,23,6,93,92,75,25.9,22,79,1018,2.4,340,0
1966,8,23,7,284,313,155,28,23.2,75,1019,2.8,350,0
1966,8,23,8,503,463,222,30,23.9,70,1019,3.1,10,0
1966,8,23,9,665,504,279,30.7,24.4,69,1019,3.6,10,0
1966,8,23,10,797,571,295,31.5,24.6,67,1019,4.1,10,0
1966,8,23,11,857,595,297,32.2,25,66,1019,4.6,10,0
1966,8,23,12,868,564,336,32.6,24.6,63,1018,4.6,10,0
1966,8,23,13,826,531,353,32.9,24.4,61,1018,4.6,10,0
1966,8,23,14,560,349,287,33.3,23.9,58,1017,4.6,10,0
1966,8,23,15,519,418,256,32.4,23.4,59,1017,4.4,10,0
1966,8,23,16,299,330,153,31.5,22.8,60,1017,4.3,10,0
1966,8,23,17,100,116,74,30.6,22.2,61,1017,4.1,10,0
1966,8,23,18,14,1,14,29.5,21.2,61,1017,4.3,10,0
1966,8,23,19,0,0,0,28.3,19.8,60,1018,4.4,20,0
1966,8,23,20,0,0,0,27.2,18.9,60,1018,4.6,20,0
1966,8,23,21,0,0,0,26.8,18.7,61,1018,5,20,0
1966,8,23,22,0,0,0,26.5,18.4,61,1018,5.3,10,0
1966,8,23,23,0,0,0,26.1,18.3,62,1018,5.7,10,0
1966,8,24,0,0,0,0,25.4,18.4,65,1018,6,20,0
1966,8,24,1,0,0,0,24.6,18.3,68,1017,6.4,20,0
1966,8,24,2,0,0,0,23.9,18.3,71,1017,6.7,30,0
1966,8,24,3,0,0,0,23.5,18,71,1017,6,30,0
1966,8,24,4,0,0,0,23.2,17.7,71,1018,5.3,30,0
1966,8,24,5,10,2,10,22.8,17.2,71,1018,4.6,30,0
1966,8,24,6,100,186,63,23.7,17.7,69,1018,4.8,20,0
1966,8,24,7,314,460,125,24.7,17.9,66,1018,5,20,0
1966,8,24,8,530,609,162,25.6,18.3,64,1018,5.2,10,0
1966,8,24,9,727,698,194,26.3,18.2,61,1018,4.7,10,0
1966,8,24,10,858,735,213,27.1,18.4,59,1018,4.1,10,0
1966,8,24,11,935,758,223,27.8,18.3,56,1018,3.6,10,0
1966,8,24,12,937,750,231,28.5,18.3,54,1017,3.8,350,0
1966,8,24,13,813,669,219,29.3,18.4,52,1017,3.9,340,0
1966,8,24,14,700,643,198,30,18.3,50,1016,4.1,320,0
1966,8,24,15,532,578,170,29.3,17.8,50,1016,3.8,330,0
1966,8,24,16,321,448,125,28.5,17.4,51,1016,3.4,330,0
1966,8,24,17,119,218,70,27.8,16.7,51,1015,3.1,340,0
1966,8,24,18,15,7,14,27.1,17,54,1016,4,350,0
1966,8,24,19,0,0,0,26.3,17.1,57,1016,4.8,350,0
1966,8,24,20,0,0,0,25.6,17.2,60,1017,5.7,0,0
1966,8,24,21,0,0,0,25,16.7,60,1017,5.7,0,0
1966,8,24,22,0,0,0,24.5,16.3,60,1016,5.7,10,0
1966,8,24,23,0,0,0,23.9,15.6,60,1016,5.7,10,0
1966,8,25,0,0,0,0,23.3,15.9,63,1016,5,10,0
1966,8,25,1,0,0,0,22.8,15.9,65,1016,4.3,20,0
1966,8,25,2,0,0,0,22.2,16.1,68,1015,3.6,20,0
1966,8,25,3,0,0,0,22,16.1,69,1016,3.8,20,0
1966,8,25,4,0,0,0,21.9,16.2,70,1016,3.9,10,0
1966,8,25,5,7,1,7,21.7,16.1,71,1017,4.1,10,0
1966,8,25,6,93,161,61,23,16.6,67,1017,4.1,10,0
1966,8,25,7,303,392,143,24.3,17.1,64,1018,4.1,20,0
1966,8,25,8,526,548,195,25.6,17.2,60,1018,4.1,20,0
1966,8,25,9,593,419,274,26.3,17.7,59,1018,4.5,10,0
1966,8,25,10,744,495,310,27.1,17.9,57,1018,4.8,10,0
1966,8,25,11,685,302,402,27.8,18.3,56,1018,5.2,0,0
1966,8,25,12,742,407,360,27.6,18.1,56,1017,4.8,360,0
1966,8,25,13,714,430,333,27.4,17.9,56,1017,4.5,350,0
1966,8,25,14,632,382,334,27.2,17.8,56,1016,4.1,350,0
1966,8,25,15,519,483,217,26.3,17.7,59,1016,3.9,350,0
1966,8,25,16,268,294,141,25.3,17.3,61,1016,3.8,340,0
1966,8,25,17,84,91,64,24.4,17.2,64,1016,3.6,340,0
1966,8,25,18,18,2,18,22.9,17.4,71,1016,2.7,330,0
1966,8,25,19,0,0,0,21.5,17.3,77,1017,1.9,310,0
1966,8,25,20,0,0,0,20,17.2,84,1017,1,300,0
1966,8,25,21,0,0,0,19.6,17.2,86,1017,1.2,290,0
1966,8,25,22,0,0,0,19.3,17.3,88,1017,1.3,280,0
1966,8,25,23,0,0,0,18.9,17.2,90,1017,1.5,270,0
1966,8,26,0,0,0,0,18.7,16.9,89,1017,1.5,270,0
1966,8,26,1,0,0,0,18.5,16.5,88,1017,1.5,270,0
1966,8,26,2,0,0,0,18.3,16.1,87,1017,1.5,270,0
1966,8,26,3,0,0,0,18.3,16.1,87,1017,1.3,280,0
1966,8,26,4,0,0,0,18.3,16.1,87,1017,1.2,280,0
1966,8,26,5,10,15,8,18.3,16.1,87,1018,1,290,0
1966,8,26,6,113,330,49,21.1,16.9,77,1018,2,320,0
1966,8,26,7,336,621,82,23.9,17.7,68,1019,3.1,350,0
1966,8,26,8,560,754,107,26.7,17.8,58,1019,4.1,20,0
1966,8,26,9,740,807,126,27.6,17.8,55,1019,4.1,10,0
1966,8,26,10,874,838,141,28.5,17.7,52,1019,4.1,10,0
1966,8,26,11,945,853,148,29.4,17.8,49,1019,4.1,0,0
1966,8,26,12,898,753,192,29.6,17.5,48,1019,3.9,10,0
1966,8,26,13,824,778,136,29.8,17,46,1018,3.8,20,0
1966,8,26,14,678,592,219,30,16.7,45,1018,3.6,30,0
1966,8,26,15,531,610,153,28.7,17.9,52,1017,3.1,20,0
1966,8,26,16,272,290,148,27.4,19,60,1017,2.6,20,0
1966,8,26,17,124,156,90,26.1,19.4,67,1017,2.1,10,0
1966,8,26,18,19,8,18,24.8,19.4,72,1017,1.7,30,0
1966,8,26,19,0,0,0,23.5,19,76,1018,1.4,60,0
1966,8,26,20,0,0,0,22.2,18.9,81,1018,1,80,0
1966,8,26,21,0,0,0,21.5,18.7,84,1018,0.7,80,0
1966,8,26,22,0,0,0,20.7,18.5,87,1018,0.3,80,0
1966,8,26,23,0,0,0,20,18.3,90,1018,0,0,0
1966,8,27,0,0,0,0,19.4,17.7,90,1018,0,0,0
1966,8,27,1,0,0,0,18.9,17.2,90,1018,0,0,0
1966,8,27,2,0,0,0,18.3,16.7,90,1017,0,0,0
1966,8,27,3,0,0,0,18.5,16.7,89,1017,0,0,0
1966,8,27,4,0,0,0,18.7,16.7,88,1018,0,0,0
1966,8,27,5,11,6,10,18.9,16.7,87,1018,0,0,0
1966,8,27,6,102,239,56,21.7,18.1,80,1018,1.4,60,0
1966,8,27,7,257,153,195,24.4,19,72,1019,2.7,50,0
1966,8,27,8,192,9,186,27.2,20,65,1019,4.1,50,0
1966,8,27,9,265,36,238,27.4,20.5,66,1019,3.9,60,0
1966,8,27,10,305,4,301,27.6,21.2,68,1019,3.8,70,0
1966,8,27,11,378,0,378,27.8,21.7,69,1019,3.6,80,0
1966,8,27,12,444,8,436,27.8,21.6,69,1018,3.6,80,0
1966,8,27,13,365,1,364,27.8,21.6,69,1018,3.6,80,0
1966,8,27,14,178,4,175,27.8,21.7,69,1017,3.6,80,0
1966,8,27,15,250,0,250,26.9,21.9,74,1017,2.9,70,0
1966,8,27,16,175,0,175,25.9,22.2,80,1016,2.2,50,0
1966,8,27,17,46,0,46,25,22.2,85,1016,1.5,40,0
1966,8,27,18,15,0,15,24.4,22.3,88,1016,1.5,30,0
1966,8,27,19,0,0,0,23.9,22.2,90,1017,1.5,30,0
1966,8,27,20,0,0,0,23.3,22.2,93,1017,1.5,20,0
1966,8,27,21,0,0,0,23.7,22,90,1017,1.9,30,0
1966,8,27,22,0,0,0,24,21.9,88,1017,2.2,40,0
1966,8,27,23,0,0,0,24.4,21.7,85,1016,2.6,50,0
1966,8,28,0,0,0,0,24.6,21.7,84,1016,2.4,50,0
1966,8,28,1,0,0,0,24.8,21.7,83,1015,2.3,50,0
1966,8,28,2,0,0,0,25,21.7,82,1015,2.1,50,0
1966,8,28,3,0,0,0,24.6,21.7,84,1015,2.8,60,0
1966,8,28,4,0,0,0,24.3,21.6,85,1015,3.4,60,0
1966,8,28,5,6,0,6,23.9,21.7,87,1015,4.1,70,0
1966,8,28,6,70,0,70,23.5,21.2,87,1016,5,60,0
1966,8,28,7,172,1,171,23.2,20.9,87,1016,5.8,50,0
1966,8,28,8,150,1,149,22.8,20.6,87,1016,6.7,40,0
1966,8,28,9,339,1,337,22.8,20.3,86,1016,6.7,40,0
1966,8,28,10,384,1,384,22.8,20.2,85,1016,6.7,30,0
1966,8,28,11,248,1,247,22.8,20,84,1016,6.7,30,0
1966,8,28,12,461,1,460,23.5,20.3,82,1016,6.4,30,0
1966,8,28,13,425,0,425,24.3,20.8,81,1015,6,30,0
1966,8,28,14,373,2,372,25,21.1,79,1015,5.7,30,0
1966,8,28,15,264,1,263,25,21.5,81,1014,5,30,0
1966,8,28,16,161,1,161,25,21.9,83,1014,4.3,20,0
1966,8,28,17,70,0,70,25,22.2,85,1014,3.6,20,0
1966,8,28,18,15,0,15,25,22.5,86,1014,3.9,30,0
1966,8,28,19,0,0,0,25,22.5,86,1014,4.3,40,0
1966,8,28,20,0,0,0,25,22.8,87,1014,4.6,50,0
1966,8,28,21,0,0,0,24.8,22.7,88,1014,4.1,50,0
1966,8,28,22,0,0,0,24.6,22.7,89,1014,3.6,60,0
1966,8,28,23,0,0,0,24.4,22.8,90,1014,3.1,60,0
1966,8,29,0,0,0,0,24,22.3,90,1014,2.8,50,0
1966,8,29,1,0,0,0,23.7,22,90,1013,2.4,50,0
1966,8,29,2,0,0,0,23.3,21.7,90,1013,2.1,40,0
1966,8,29,3,0,0,0,23.5,22,91,1013,1.7,60,0
1966,8,29,4,0,0,0,23.7,22.5,93,1014,1.4,70,0
1966,8,29,5,11,0,11,23.9,22.8,94,1014,1,90,0
1966,8,29,6,66,0,66,25.2,23.3,89,1014,1.9,80,0
1966,8,29,7,167,1,167,26.5,23.6,84,1015,2.7,70,0
1966,8,29,8,269,70,227,27.8,23.9,79,1015,3.6,60,0
1966,8,29,9,359,120,269,28.3,24.1,78,1015,3.3,80,0
1966,8,29,10,643,318,367,28.9,24.2,76,1015,2.9,100,0
1966,8,29,11,582,248,351,29.4,24.4,75,1015,2.6,120,0
1966,8,29,12,731,386,371,29.8,24.4,73,1014,2.9,100,0
1966,8,29,13,693,383,357,30.2,24.6,72,1014,3.3,80,0
1966,8,29,14,619,449,275,30.6,24.4,70,1013,3.6,60,0
1966,8,29,15,437,297,256,29.8,24.2,72,1013,3.3,70,0
1966,8,29,16,259,218,168,29.1,24.2,75,1013,2.9,70,0
1966,8,29,17,102,131,75,28.3,23.9,77,1013,2.6,80,0
1966,8,29,18,11,1,10,27.8,23.8,79,1014,2.6,80,0
1966,8,29,19,0,0,0,27.2,23.5,80,1014,2.6,70,0
1966,8,29,20,0,0,0,26.7,23.3,82,1015,2.6,70,0
1966,8,29,21,0,0,0,25.9,23.2,85,1015,2.1,90,0
1966,8,29,22,0,0,0,25.2,22.9,87,1015,1.5,100,0
1966,8,29,23,0,0,0,24.4,22.8,90,1015,1,120,0
1966,8,30,0,0,0,0,23.3,21.6,90,1015,0.7,110,0
1966,8,30,1,0,0,0,22.2,20.5,90,1014,0.3,100,0
1966,8,30,2,0,0,0,21.1,19.4,90,1014,0,0,0
1966,8,30,3,0,0,0,21.1,18.9,87,1014,0.5,70,0
1966,8,30,4,0,0,0,21.1,18.3,84,1015,1,60,0
1966,8,30,5,10,1,10,21.1,17.8,81,1015,1.5,50,0
1966,8,30,6,81,125,58,23.9,20.1,79,1015,1.9,70,0
1966,8,30,7,263,318,136,26.6,22.2,77,1016,2.2,90,0
1966,8,30,8,474,406,232,29.4,24.4,75,1016,2.6,110,0
1966,8,30,9,553,331,303,29.4,24.5,75,1016,4,90,0
1966,8,30,10,640,305,375,29.4,24.5,75,1016,5.3,80,0
1966,8,30,11,771,466,338,29.4,24.4,75,1016,6.7,60,0
1966,8,30,12,519,126,402,28.5,23.9,76,1015,7.4,50,0
1966,8,30,13,704,455,306,27.6,23.4,78,1015,8.1,50,0
1966,8,30,14,411,84,347,26.7,22.8,79,1014,8.8,40,0
1966,8,30,15,479,403,234,27.1,22.9,78,1014,6.7,80,0
1966,8,30,16,300,318,168,27.4,23.2,78,1014,4.7,130,0
1966,8,30,17,98,88,81,27.8,23.3,77,1014,2.6,170,0
1966,8,30,18,10,1,10,26.5,23,81,1014,2.2,140,0
1966,8,30,19,0,0,0,25.2,22.7,86,1014,1.9,100,0
1966,8,30,20,0,0,0,23.9,22.2,90,1015,1.5,70,0
1966,8,30,21,0,0,0,23,21.5,91,1015,1,70,0
1966,8,30,22,0,0,0,22,20.7,92,1015,0.5,60,0
1966,8,30,23,0,0,0,21.1,20,93,1015,0,0,0
1966,8,31,0,0,0,0,20.9,19.4,91,1014,0,0,0
1966,8,31,1,0,0,0,20.8,18.9,89,1014,0,0,0
1966,8,31,2,0,0,0,20.6,18.3,87,1014,0,0,0
1966,8,31,3,0,0,0,20.4,17.8,85,1014,0,0,0
1966,8,31,4,0,0,0,20.2,17.2,83,1014,0,0,0
1966,8,31,5,11,19,9,20,16.7,81,1015,0,0,0
1966,8,31,6,114,380,44,22.8,19,79,1015,1,40,0
1966,8,31,7,331,643,74,25.5,21,76,1015,2.1,30,0
1966,8,31,8,549,758,99,28.3,23.3,74,1015,3.1,30,0
1966,8,31,9,694,788,101,29.2,22.9,69,1015,3.1,30,0
1966,8,31,10,805,786,124,30.2,22.6,64,1015,3.1,20,0
1966,8,31,11,855,736,174,31.1,22.2,59,1015,3.1,20,0
1966,8,31,12,845,703,193,31.1,22.4,60,1014,2.9,20,0
1966,8,31,13,869,793,179,31.1,22.4,60,1013,2.8,30,0
1966,8,31,14,572,420,252,31.1,22.8,61,1013,2.6,30,0
1966,8,31,15,302,110,236,30,22.2,63,1013,2.2,60,0
1966,8,31,16,220,133,166,28.9,21.7,65,1013,1.9,90,0
1966,8,31,17,62,48,53,27.8,21.1,67,1013,1.5,120,0
1966,8,31,18,10,10,9,26.4,21.5,74,1013,1.2,99,0
1966,8,31,19,0,0,0,25.3,21.4,79,1013,1.1,88,0
1966,8,31,20,0,0,0,24.6,21.5,82,1014,1.1,15,0
1966,8,31,21,0,0,0,24.7,21.2,80,1014,1.5,19,0
1966,8,31,22,0,0,0,24.9,21.1,79,1014,1.9,24,0
1966,8,31,23,0,0,0,25.2,21.1,78,1014,2.2,29,0
1963,9,1,0,0,0,0,25.9,21.2,75,1014,3,39,0
1963,9,1,1,0,0,0,26,21.5,75,1014,3,44,0
1963,9,1,2,0,0,0,26,21.6,76,1014,2.8,49,0
1963,9,1,3,0,0,0,25.9,21.5,76,1014,2.9,53,0
1963,9,1,4,0,0,0,25.6,20.8,74,1014,3,42,0
1963,9,1,5,8,2,8,25.6,20.2,71,1015,3,63,0
1963,9,1,6,97,206,59,26.7,20,67,1015,4.6,68,0
1963,9,1,7,301,480,111,27.8,21.1,67,1016,4.1,68,0
1963,9,1,8,524,627,153,29.4,22.2,65,1016,3.6,45,0
1963,9,1,9,711,704,183,30.6,22.2,61,1016,3.1,68,0
1963,9,1,10,844,744,201,32.2,23.3,60,1016,3.1,68,0
1963,9,1,11,867,730,193,32.8,23.3,58,1015,5.7,23,0
1963,9,1,12,881,728,209,32.8,22.8,56,1015,4.1,45,0
1963,9,1,13,819,719,195,32.8,23.3,58,1014,4.6,68,0
1963,9,1,14,584,445,247,33.3,22.8,54,1014,4.6,68,0
1963,9,1,15,444,406,201,30.6,23.3,65,1014,3.1,158,0
1963,9,1,16,288,412,121,30,23.9,70,1014,3.1,203,0
1963,9,1,17,86,127,62,29.4,24.4,75,1013,2.6,203,0
1963,9,1,18,10,3,9,27.8,24.4,82,1014,2.1,203,0
1963,9,1,19,0,0,0,28.3,24.4,80,1015,1.5,203,0
1963,9,1,20,0,0,0,27.2,24.4,85,1015,2.1,135,0
1963,9,1,21,0,0,0,27.8,23.9,79,1015,2.1,135,0
1963,9,1,22,0,0,0,27.2,23.9,82,1015,3.1,135,0
1963,9,1,23,0,0,0,26.7,23.9,85,1015,2.6,135,0
1963,9,2,0,0,0,0,26.7,23.9,85,1015,1.5,135,0
1963,9,2,1,0,0,0,24.4,22.8,90,1015,0,0,0
1963,9,2,2,0,0,0,23.9,22.2,90,1015,0,0,0
1963,9,2,3,0,0,0,23.9,22.2,90,1015,0,0,0
1963,9,2,4,0,0,0,23.3,21.7,90,1015,0,0,0
1963,9,2,5,10,7,9,22.8,21.1,90,1016,0,0,0
1963,9,2,6,104,288,52,26.7,24.4,88,1017,1.5,68,0
1963,9,2,7,314,564,90,30,24.4,72,1017,2.6,68,0
1963,9,2,8,476,507,177,30,25.6,77,1017,4.1,68,0
1963,9,2,9,601,453,262,31.1,25.6,72,1018,4.1,68,0
1963,9,2,10,800,620,266,31.7,25.6,70,1017,4.1,45,0
1963,9,2,11,779,556,266,32.2,25,66,1017,6.2,45,0
1963,9,2,12,854,693,215,28.3,24.4,80,1017,2.6,68,0
1963,9,2,13,686,478,272,31.1,24.4,68,1017,4.1,135,0
1963,9,2,14,641,595,192,32.2,24.4,64,1016,5.2,135,0
1963,9,2,15,500,618,131,32.2,23.9,62,1016,5.2,158,0
1963,9,2,16,123,20,115,28.3,23.3,74,1016,2.1,135,0
1963,9,2,17,70,21,66,26.7,24.4,88,1016,1,45,0
1963,9,2,18,9,1,8,25.6,23.3,88,1016,1,45,0
1963,9,2,19,0,0,0,26.7,23.3,82,1017,2.1,90,0
1963,9,2,20,0,0,0,27.2,23.3,79,1017,2.1,135,0
1963,9,2,21,0,0,0,25,22.8,87,1018,0,0,0
1963,9,2,22,0,0,0,25.6,23.3,88,1017,2.1,90,0
1963,9,2,23,0,0,0,27.2,24.4,85,1018,2.1,135,0
1963,9,3,0,0,0,0,26.7,23.9,85,1017,2.1,135,0
1963,9,3,1,0,0,0,25,23.3,90,1017,0,0,0
1963,9,3,2,0,0,0,23.9,22.2,90,1017,1.5,0,0
1963,9,3,3,0,0,0,23.9,22.2,90,1017,0,0,0
1963,9,3,4,0,0,0,23.3,21.7,90,1017,0,0,0
1963,9,3,5,10,3,9,23.3,21.7,90,1017,1.5,68,0
1963,9,3,6,102,283,51,27.2,25,88,1018,2.1,68,0
1963,9,3,7,295,482,105,30,25.6,77,1019,3.1,68,0
1963,9,3,8,332,204,211,30,26.1,80,1019,4.6,45,0
1963,9,3,9,433,203,281,30.6,25.6,75,1019,2.6,68,0
1963,9,3,10,838,730,210,32.2,25.6,68,1019,5.2,68,0
1963,9,3,11,539,173,380,31.1,25,70,1018,3.6,68,0
1963,9,3,12,298,78,226,27.2,23.9,82,1018,5.2,158,0
1963,9,3,13,570,282,327,28.3,24.4,80,1018,2.6,180,0
1963,9,3,14,618,509,236,30,25.6,77,1017,3.1,225,0
1963,9,3,15,370,243,226,30.6,25,72,1017,5.2,158,0
1963,9,3,16,157,71,129,26.7,24.4,88,1017,2.1,248,0
1963,9,3,17,57,49,48,26.7,24.4,88,1017,0,0,0
1963,9,3,18,12,5,11,26.1,23.9,88,1017,0,0,0
1963,9,3,19,0,0,0,25.6,23.9,91,1018,0,0,0
1963,9,3,20,0,0,0,24.4,23.3,94,1018,1,338,0
1963,9,3,21,0,0,0,24.4,22.8,90,1018,0,0,0
1963,9,3,22,0,0,0,23.3,22.2,93,1018,1,270,0
1963,9,3,23,0,0,0,22.8,21.7,93,1018,1.5,338,0
1963,9,4,0,0,0,0,22.8,21.1,90,1018,0,0,0
1963,9,4,1,0,0,0,22.2,21.1,93,1017,0,0,0
1963,9,4,2,0,0,0,22.2,20.6,90,1017,0,0,0
1963,9,4,3,0,0,0,22.2,20,87,1017,0,0,0
1963,9,4,4,0,0,0,21.1,18.9,87,1017,0,0,0
1963,9,4,5,7,1,7,21.1,18.9,87,1017,1,248,0
1963,9,4,6,91,179,59,23.9,21.7,87,1017,0,0,0
1963,9,4,7,292,455,113,28.9,25,80,1018,2.6,0,0
1963,9,4,8,490,490,202,30,24.4,72,1018,1,0,0
1963,9,4,9,645,501,272,31.1,24.4,68,1018,2.1,45,0
1963,9,4,10,689,487,271,30,25,75,1018,2.6,23,0
1963,9,4,11,909,690,276,31.7,24.4,66,1018,2.6,0,0
1963,9,4,12,803,527,320,32.2,23.9,62,1017,3.6,23,0
1963,9,4,13,748,518,304,32.8,23.9,60,1016,4.1,338,0
1963,9,4,14,473,214,313,30.6,23.3,65,1016,2.6,113,0
1963,9,4,15,323,128,248,29.4,24.4,75,1015,3.1,203,0
1963,9,4,16,212,191,137,27.8,24.4,82,1016,2.1,225,0
1963,9,4,17,65,36,59,27.2,24.4,85,1015,1.5,248,0
1963,9,4,18,7,1,7,25.6,23.9,91,1015,2.1,225,0
1963,9,4,19,0,0,0,24.4,23.3,94,1016,1,0,0
1963,9,4,20,0,0,0,25,23.9,94,1016,2.1,225,0
1963,9,4,21,0,0,0,25.6,23.9,91,1015,2.6,225,0
1963,9,4,22,0,0,0,24.4,23.3,94,1015,2.1,270,0
1963,9,4,23,0,0,0,24.4,23.9,97,1015,0,0,0
1963,9,5,0,0,0,0,23.3,22.8,97,1015,1.5,0,0
1963,9,5,1,0,0,0,23.3,22.8,97,1015,0,0,0
1963,9,5,2,0,0,0,23.3,22.8,97,1015,0,0,0
1963,9,5,3,0,0,0,23.3,22.8,97,1015,0,0,0
1963,9,5,4,0,0,0,23.3,22.8,97,1015,0,0,0
1963,9,5,5,9,3,8,22.8,22.2,97,1015,1.5,270,0
1963,9,5,6,95,235,54,25,24.4,97,1016,1.5,248,0
1963,9,5,7,299,511,99,28.9,25.6,82,1016,2.6,338,0
1963,9,5,8,500,636,127,30,25.6,77,1016,3.1,338,0
1963,9,5,9,634,574,208,31.7,25.6,70,1016,3.6,315,0
1963,9,5,10,837,718,222,31.7,25,68,1015,4.6,0,0
1963,9,5,11,682,399,316,32.8,24.4,62,1015,4.1,338,0
1963,9,5,12,796,546,297,33.3,24.4,60,1014,2.1,0,0
1963,9,5,13,780,635,236,33.9,24.4,58,1013,4.6,0,0
1963,9,5,14,683,676,180,32.2,24.4,64,1012,2.6,338,0
1963,9,5,15,453,433,199,32.2,24.4,64,1012,4.6,180,0
1963,9,5,16,222,132,170,30.6,23.9,68,1011,3.6,158,0
1963,9,5,17,91,122,69,29.4,23.9,72,1012,3.1,203,0
1963,9,5,18,6,0,6,27.8,21.1,67,1014,6.2,23,0
1963,9,5,19,0,0,0,26.1,21.1,74,1013,2.6,203,0
1963,9,5,20,0,0,0,26.1,22.2,79,1014,2.1,225,0
1963,9,5,21,0,0,0,25,22.2,85,1014,3.1,293,0
1963,9,5,22,0,0,0,24.4,22.8,90,1013,2.6,293,0
1963,9,5,23,0,0,0,23.3,21.7,90,1013,2.1,338,0
1963,9,6,0,0,0,0,22.8,21.7,93,1013,1.5,248,0
1963,9,6,1,0,0,0,22.8,21.7,93,1013,1.5,0,0
1963,9,6,2,0,0,0,23.3,22.2,93,1012,1.5,270,0
1963,9,6,3,0,0,0,23.9,22.8,94,1012,1.5,315,0
1963,9,6,4,0,0,0,24.4,22.8,90,1012,2.1,0,0
1963,9,6,5,2,0,2,25,23.3,90,1013,2.1,23,0
1963,9,6,6,49,10,47,26.1,23.9,88,1014,1.5,23,0
1963,9,6,7,166,1,165,27.2,24.4,85,1014,2.6,23,0
1963,9,6,8,303,163,207,28.3,24.4,80,1015,3.1,23,0
1963,9,6,9,224,6,219,30,24.4,72,1015,3.1,45,0
1963,9,6,10,662,361,354,31.1,24.4,68,1015,3.1,23,0
1963,9,6,11,746,398,383,31.7,24.4,66,1014,2.1,0,0
1963,9,6,12,803,530,320,32.2,23.9,62,1013,3.6,338,0
1963,9,6,13,715,389,384,33.3,21.1,49,1013,1.5,90,0
1963,9,6,14,479,234,306,32.8,21.1,50,1013,2.1,113,0
1963,9,6,15,202,0,201,28.9,23.3,72,1013,2.6,113,0
1963,9,6,16,191,24,182,28.9,22.8,70,1013,2.6,135,0
1963,9,6,17,61,11,59,28.9,22.8,70,1013,2.6,135,0
1963,9,6,18,5,0,5,26.1,23.9,88,1013,2.1,248,0
1963,9,6,19,0,0,0,26.1,23.9,88,1013,2.6,225,0
1963,9,6,20,0,0,0,24.4,23.3,94,1014,2.1,293,0
1963,9,6,21,0,0,0,23.9,23.3,97,1014,0,0,0
1963,9,6,22,0,0,0,23.3,22.8,97,1014,1.5,270,0
1963,9,6,23,0,0,0,24.4,23.9,97,1014,0,0,0
1963,9,7,0,0,0,0,23.9,23.3,97,1014,0,0,0
1963,9,7,1,0,0,0,22.8,22.8,100,1014,1.5,293,0
1963,9,7,2,0,0,0,22.8,22.2,97,1014,0,0,0
1963,9,7,3,0,0,0,22.8,22.2,97,1014,0,0,0
1963,9,7,4,0,0,0,22.2,21.7,97,1014,0,0,0
1963,9,7,5,4,3,4,21.7,21.7,100,1015,0,0,0
1963,9,7,6,95,195,61,23.9,23.3,97,1016,0,0,0
1963,9,7,7,289,394,136,28.3,24.4,80,1016,1,23,0
1963,9,7,8,505,669,115,30.6,23.3,65,1016,1.5,68,0
1963,9,7,9,711,764,145,31.7,22.2,57,1016,2.1,248,0
1963,9,7,10,844,804,159,32.2,22.2,56,1015,2.1,113,0
1963,9,7,11,852,662,250,33.3,21.7,51,1015,3.1,203,0
1963,9,7,12,815,702,177,33.3,21.1,49,1014,3.1,225,0
1963,9,7,13,785,719,174,34.4,21.7,47,1014,4.1,225,0
1963,9,7,14,667,681,165,33.9,21.7,49,1013,3.1,180,0
1963,9,7,15,471,493,186,33.3,21.7,51,1013,3.6,225,0
1963,9,7,16,195,129,146,32.2,22.2,56,1013,3.1,225,0
1963,9,7,17,34,2,33,30.6,23.3,65,1013,2.6,225,0
1963,9,7,18,5,0,5,28.9,23.9,74,1013,2.1,248,0
1963,9,7,19,0,0,0,28.3,24.4,80,1014,3.1,225,0
1963,9,7,20,0,0,0,27.8,23.9,79,1014,2.6,113,0
1963,9,7,21,0,0,0,24.4,22.8,90,1015,7.2,248,0
1963,9,7,22,0,0,0,24.4,22.2,87,1014,2.6,135,0
1963,9,7,23,0,0,0,23.9,22.2,90,1015,3.1,158,0
1963,9,8,0,0,0,0,24.4,22.8,90,1014,2.1,180,0
1963,9,8,1,0,0,0,24.4,22.2,87,1014,3.1,158,0
1963,9,8,2,0,0,0,23.9,22.8,94,1014,1.5,180,0
1963,9,8,3,0,0,0,23.9,22.8,94,1014,1.5,135,0
1963,9,8,4,0,0,0,23.9,22.8,94,1014,2.1,203,0
1963,9,8,5,4,1,4,23.3,22.8,97,1015,0,0,0
1963,9,8,6,88,248,46,25,23.9,94,1015,0,0,0
1963,9,8,7,280,414,121,27.2,23.9,82,1016,1,45,0
1963,9,8,8,497,661,114,29.4,24.4,75,1016,1.5,338,0
1963,9,8,9,647,658,161,30.6,25,72,1016,1.5,23,0
1963,9,8,10,724,534,270,31.1,25.6,72,1015,2.1,68,0
1963,9,8,11,848,745,172,31.7,25.6,70,1015,3.1,45,0
1963,9,8,12,859,717,210,32.2,25,66,1014,3.6,45,0
1963,9,8,13,572,361,266,32.8,23.3,58,1014,2.6,23,0
1963,9,8,14,672,699,160,31.7,22.8,59,1013,3.1,23,0
1963,9,8,15,492,623,135,32.2,21.7,54,1013,2.6,45,0
1963,9,8,16,273,403,120,30.6,23.9,68,1014,4.1,203,0
1963,9,8,17,71,181,41,29.4,23.3,70,1014,3.6,203,0
1963,9,8,18,7,5,6,27.2,23.3,79,1014,3.6,180,0
1963,9,8,19,0,0,0,26.7,23.3,82,1014,2.6,225,0
1963,9,8,20,0,0,0,26.7,23.3,82,1015,2.1,225,0
1963,9,8,21,0,0,0,25,23.3,90,1015,1,248,0
1963,9,8,22,0,0,0,23.9,23.3,97,1015,2.1,338,0
1963,9,8,23,0,0,0,23.9,23.3,97,1015,0,0,0
1963,9,9,0,0,0,0,23.3,22.8,97,1014,1.5,270,0
1963,9,9,1,0,0,0,22.8,22.2,97,1014,0,0,0
1963,9,9,2,0,0,0,22.2,21.7,97,1014,1.5,68,0
1963,9,9,3,0,0,0,22.2,21.7,97,1014,0,0,0
1963,9,9,4,0,0,0,21.1,20.6,97,1015,1,338,0
1963,9,9,5,7,1,7,21.7,21.1,97,1015,0,0,0
1963,9,9,6,87,190,55,23.9,23.3,97,1015,0,0,0
1963,9,9,7,288,474,106,29.4,25.6,80,1016,1.5,45,0
1963,9,9,8,487,596,142,30.6,24.4,70,1016,4.1,68,0
1963,9,9,9,646,608,199,31.7,22.2,57,1016,2.6,68,0
1963,9,9,10,796,695,206,32.2,20.6,50,1016,4.1,45,0
1963,9,9,11,840,720,189,32.8,20.6,49,1015,3.1,45,0
1963,9,9,12,856,711,215,33.3,18.3,41,1015,2.6,0,0
1963,9,9,13,831,756,193,33.3,17.8,40,1014,2.6,338,0
1963,9,9,14,685,699,175,33.3,18.3,41,1013,2.6,45,0
1963,9,9,15,503,627,145,32.8,18.9,44,1013,2.6,68,0
1963,9,9,16,280,472,103,32.2,20,49,1013,2.1,68,0
1963,9,9,17,80,174,53,31.1,20.6,54,1013,3.1,158,0
1963,9,9,18,4,1,4,26.1,22.2,79,1013,1,338,0
1963,9,9,19,0,0,0,28.3,21.7,67,1014,3.1,180,0
1963,9,9,20,0,0,0,25.6,22.8,85,1014,1,248,0
1963,9,9,21,0,0,0,25.6,23.3,88,1014,3.1,225,0
1963,9,9,22,0,0,0,24.4,22.8,90,1014,2.6,248,0
1963,9,9,23,0,0,0,23.9,22.2,90,1014,1.5,225,0
1963,9,10,0,0,0,0,23.3,22.2,93,1014,1.5,293,0
1963,9,10,1,0,0,0,23.3,22.2,93,1014,2.1,293,0
1963,9,10,2,0,0,0,23.3,22.2,93,1014,2.1,270,0
1963,9,10,3,0,0,0,22.8,22.2,97,1014,1,270,0
1963,9,10,4,0,0,0,22.2,21.7,97,1014,1.5,315,0
1963,9,10,5,7,9,6,22.8,21.7,93,1014,2.1,293,0
1963,9,10,6,99,331,43,25.6,23.9,91,1015,1.5,270,0
1963,9,10,7,310,614,75,28.3,25,82,1015,2.6,293,0
1963,9,10,8,531,744,102,30.6,23.9,68,1016,3.1,338,0
1963,9,10,9,717,811,121,31.7,23.3,61,1016,3.1,0,0
1963,9,10,10,812,753,176,32.2,21.7,54,1015,3.6,0,0
1963,9,10,11,854,713,211,33.3,20.6,47,1015,3.1,338,0
1963,9,10,12,912,867,132,33.3,20.6,47,1014,3.1,0,0
1963,9,10,13,800,724,192,33.3,19.4,44,1013,1.5,23,0
1963,9,10,14,675,764,120,33.9,19.4,43,1013,3.6,23,0
1963,9,10,15,503,727,92,33.3,19.4,44,1013,2.6,338,0
1963,9,10,16,282,561,74,32.2,21.1,52,1013,3.1,225,0
1963,9,10,17,83,272,42,30.6,21.7,59,1013,2.6,203,0
1963,9,10,18,5,5,4,28.3,22.8,72,1014,3.6,203,0
1963,9,10,19,0,0,0,26.7,22.8,79,1014,3.6,225,0
1963,9,10,20,0,0,0,26.7,22.2,77,1014,3.6,225,0
1963,9,10,21,0,0,0,26.1,22.2,79,1014,3.6,225,0
1963,9,10,22,0,0,0,25.6,22.2,82,1014,2.6,225,0
1963,9,10,23,0,0,0,25,22.2,85,1014,2.6,203,0
1963,9,11,0,0,0,0,25,22.8,87,1014,2.1,225,0
1963,9,11,1,0,0,0,23.9,22.8,94,1014,1,315,0
1963,9,11,2,0,0,0,23.9,22.8,94,1014,1,270,0
1963,9,11,3,0,0,0,23.3,22.2,93,1015,1,90,0
1963,9,11,4,0,0,0,23.3,22.2,93,1015,1,158,0
1963,9,11,5,5,4,5,22.2,21.7,97,1015,1,315,0
1963,9,11,6,96,320,44,24.4,23.3,94,1016,1.5,0,0
1963,9,11,7,297,580,76,28.3,24.4,80,1016,2.1,338,0
1963,9,11,8,500,698,99,30.6,24.4,70,1017,2.1,0,0
1963,9,11,9,676,665,189,30.6,23.9,68,1017,2.1,315,0
1963,9,11,10,810,803,133,30.6,23.3,65,1017,2.1,23,0
1963,9,11,11,859,765,171,32.8,22.2,54,1016,2.1,248,0
1963,9,11,12,741,527,268,32.8,21.7,52,1016,2.6,135,0
1963,9,11,13,801,715,202,33.9,20.6,46,1016,3.6,158,0
1963,9,11,14,668,650,198,31.1,21.7,57,1016,4.1,90,0
1963,9,11,15,432,543,127,30,21.7,61,1015,6.2,135,0
1963,9,11,16,260,397,114,29.4,21.7,63,1016,4.1,180,0
1963,9,11,17,65,148,42,27.8,22.8,74,1015,2.1,225,0
1963,9,11,18,2,3,2,27.2,22.8,77,1015,2.6,203,0
1963,9,11,19,0,0,0,27.2,23.3,79,1016,2.1,203,0
1963,9,11,20,0,0,0,26.7,22.8,79,1016,2.6,203,0
1963,9,11,21,0,0,0,26.1,23.3,85,1016,1.5,203,0
1963,9,11,22,0,0,0,25.6,23.3,88,1016,2.1,225,0
1963,9,11,23,0,0,0,25.6,23.3,88,1017,1.5,225,0
1963,9,12,0,0,0,0,25.6,23.3,88,1017,1,293,0
1963,9,12,1,0,0,0,23.3,22.2,93,1017,1,45,0
1963,9,12,2,0,0,0,22.8,21.7,93,1017,1.5,270,0
1963,9,12,3,0,0,0,22.8,21.7,93,1017,1,23,0
1963,9,12,4,0,0,0,22.8,22.2,97,1017,0,0,0
1963,9,12,5,4,3,4,23.3,22.8,97,1017,1,90,0
1963,9,12,6,98,346,42,25.6,24.4,94,1017,0,0,0
1963,9,12,7,310,642,67,28.3,24.4,80,1018,1,158,0
1963,9,12,8,532,770,90,30,23.9,70,1018,2.1,180,0
1963,9,12,9,668,779,100,30.6,23.3,65,1018,2.1,203,0
1963,9,12,10,844,871,111,32.2,21.7,54,1017,4.1,158,0
1963,9,12,11,851,834,103,32.2,21.1,52,1017,1.5,113,0
1963,9,12,12,864,787,160,33.3,22.2,52,1017,1.5,225,0
1963,9,12,13,627,376,314,32.8,21.1,50,1015,1.5,0,0
1963,9,12,14,508,314,282,32.2,22.2,56,1015,1.5,68,0
1963,9,12,15,334,303,165,30,22.8,65,1015,3.1,180,0
1963,9,12,16,116,5,114,28.9,23.3,72,1015,1.5,293,0
1963,9,12,17,46,73,36,28.3,23.9,77,1015,1.5,225,0
1963,9,12,18,5,0,5,25.6,23.9,91,1016,1,315,0
1963,9,12,19,0,0,0,25,23.3,90,1016,1.5,203,0
1963,9,12,20,0,0,0,27.2,23.3,79,1011,3.6,113,0
1963,9,12,21,0,0,0,24.4,23.3,94,1016,0,0,0
1963,9,12,22,0,0,0,23.9,22.8,94,1016,0,0,0
1963,9,12,23,0,0,0,24.4,23.3,94,1016,0,0,0
1963,9,13,0,0,0,0,24.4,23.3,94,1016,0,0,0
1963,9,13,1,0,0,0,23.3,22.2,93,1016,0,0,0
1963,9,13,2,0,0,0,22.2,21.7,97,1015,1,315,0
1963,9,13,3,0,0,0,21.7,21.1,97,1015,1,270,0
1963,9,13,4,0,0,0,22.2,21.7,97,1016,0,0,0
1963,9,13,5,5,2,5,23.3,22.2,93,1016,0,0,0
1963,9,13,6,94,231,57,25,23.3,90,1016,0,0,0
1963,9,13,7,174,115,131,27.2,24.4,85,1017,1.5,0,0
1963,9,13,8,483,514,189,29.4,23.9,72,1017,4.1,0,0
1963,9,13,9,649,669,162,30,23.3,68,1017,4.1,23,0
1963,9,13,10,740,636,207,30.6,23.3,65,1016,2.1,23,0
1963,9,13,11,662,447,263,30.6,22.8,63,1016,4.6,23,0
1963,9,13,12,822,700,199,32.2,22.8,58,1015,5.2,270,0
1963,9,13,13,775,686,206,32.2,22.2,56,1014,3.6,203,0
1963,9,13,14,483,283,281,32.2,21.7,54,1013,2.1,203,0
1963,9,13,15,256,110,195,31.7,21.1,54,1013,4.1,225,0
1963,9,13,16,114,34,102,30,21.7,61,1013,2.6,225,0
1963,9,13,17,17,4,16,23.3,21.7,90,1015,4.1,315,0
1963,9,13,18,2,0,2,22.8,21.7,93,1016,2.6,23,0
1963,9,13,19,0,0,0,23.3,22.2,93,1015,4.1,68,0
1963,9,13,20,0,0,0,23.3,22.2,93,1015,3.6,68,0
1963,9,13,21,0,0,0,23.3,21.7,90,1015,2.6,90,0
1963,9,13,22,0,0,0,22.8,22.2,97,1015,2.6,270,0
1963,9,13,23,0,0,0,22.2,21.7,97,1015,2.1,338,0
1963,9,14,0,0,0,0,21.7,21.1,97,1015,0,0,0
1963,9,14,1,0,0,0,21.1,20.6,97,1014,1.5,338,0
1963,9,14,2,0,0,0,21.1,20.6,97,1014,1,315,0
1963,9,14,3,0,0,0,21.1,20.6,97,1014,0,0,0
1963,9,14,4,0,0,0,21.1,20.6,97,1014,0,0,0
1963,9,14,5,3,0,3,21.1,20.6,97,1014,1,23,0
1963,9,14,6,39,2,39,22.8,22.2,97,1015,0,0,0
1963,9,14,7,145,5,143,25,23.9,94,1016,3.6,68,0
1963,9,14,8,226,3,224,26.7,23.9,85,1016,4.1,68,0
1963,9,14,9,307,2,305,26.7,23.9,85,1016,3.1,68,0
1963,9,14,10,369,1,368,28.9,23.9,74,1016,2.1,68,0
1963,9,14,11,402,0,402,28.3,23.9,77,1015,3.1,45,0
1963,9,14,12,443,0,443,28.3,23.9,77,1015,3.6,23,0
1963,9,14,13,364,1,363,29.4,22.8,67,1014,2.6,23,0
1963,9,14,14,410,120,324,29.4,23.3,70,1014,3.1,68,0
1963,9,14,15,274,107,215,28.9,22.8,70,1014,3.1,45,0
1963,9,14,16,131,3,130,28.9,23.3,72,1013,2.6,68,0
1963,9,14,17,29,4,29,26.1,22.2,79,1014,3.6,135,0
1963,9,14,18,1,0,1,25,21.7,82,1014,1.5,113,0
1963,9,14,19,0,0,0,23.9,22.2,90,1015,1,68,0
1963,9,14,20,0,0,0,22.8,21.7,93,1015,0,0,0
1963,9,14,21,0,0,0,23.9,22.2,90,1015,0,0,0
1963,9,14,22,0,0,0,22.8,21.7,93,1015,0,0,0
1963,9,14,23,0,0,0,23.3,22.2,93,1015,1.5,90,0
1963,9,15,0,0,0,0,22.8,22.2,97,1014,0,0,0
1963,9,15,1,0,0,0,22.8,21.7,93,1014,1.5,68,0
1963,9,15,2,0,0,0,23.3,22.8,97,1014,0,0,0
1963,9,15,3,0,0,0,25,23.3,90,1014,2.6,68,0
1963,9,15,4,0,0,0,25,23.3,90,1014,3.6,90,0
1963,9,15,5,0,0,0,23.9,21.7,87,1015,2.6,68,0
1963,9,15,6,51,6,50,24.4,22.8,90,1015,3.1,68,0
1963,9,15,7,128,0,128,26.1,23.3,85,1016,4.6,68,0
1963,9,15,8,195,7,192,27.8,23.9,79,1016,6.2,68,0
1963,9,15,9,241,37,214,28.9,24.4,77,1016,5.7,68,0
1963,9,15,10,176,8,169,23.9,22.8,94,1017,5.7,135,0
1963,9,15,11,262,5,258,25.6,23.3,88,1016,3.6,135,0
1963,9,15,12,465,137,344,28.3,22.8,72,1015,6.2,90,0
1963,9,15,13,323,1,322,28.3,22.2,70,1014,7.7,90,0
1963,9,15,14,585,469,254,28.9,22.8,70,1014,4.1,90,0
1963,9,15,15,281,113,219,27.8,22.8,74,1014,6.7,90,0
1963,9,15,16,150,65,127,26.7,22.8,79,1015,4.6,113,0
1963,9,15,17,25,12,23,23.9,22.8,94,1015,4.1,90,0
1963,9,15,18,0,0,0,23.9,22.8,94,1015,3.1,68,0
1963,9,15,19,0,0,0,23.9,22.8,94,1015,3.6,68,0
1963,9,15,20,0,0,0,23.9,22.8,94,1016,4.6,68,0
1963,9,15,21,0,0,0,24.4,23.3,94,1016,4.1,68,0
1963,9,15,22,0,0,0,24.4,23.3,94,1015,4.1,68,0
1963,9,15,23,0,0,0,24.4,23.3,94,1015,5.2,68,0
1963,9,16,0,0,0,0,24.4,23.3,94,1015,5.7,68,0
1963,9,16,1,0,0,0,24.4,23.3,94,1015,3.1,68,0
1963,9,16,2,0,0,0,23.9,22.8,94,1015,5.2,68,0
1963,9,16,3,0,0,0,24.4,23.3,94,1015,4.6,68,0
1963,9,16,4,0,0,0,23.9,22.8,94,1015,6.7,68,0
1963,9,16,5,0,0,0,24.4,23.3,94,1015,5.2,68,0
1963,9,16,6,36,3,36,24.4,22.8,90,1016,6.7,68,0
1963,9,16,7,83,2,82,23.9,22.8,94,1017,6.2,68,0
1963,9,16,8,142,9,137,22.8,22.2,97,1017,4.1,68,0
1963,9,16,9,184,7,179,23.9,22.8,94,1017,4.6,45,0
1963,9,16,10,248,2,247,23.9,22.8,94,1018,1.5,45,0
1963,9,16,11,230,1,229,23.3,22.8,97,1018,5.2,45,0
1963,9,16,12,222,0,222,23.9,22.8,94,1017,6.2,68,0
1963,9,16,13,235,1,235,24.4,23.3,94,1016,5.2,68,0
1963,9,16,14,204,0,204,25,23.3,90,1016,6.7,68,0
1963,9,16,15,152,1,151,24.4,22.8,90,1016,6.7,68,0
1963,9,16,16,132,1,131,24.4,22.8,90,1015,6.2,68,0
1963,9,16,17,26,0,26,24.4,23.3,94,1016,7.2,90,0
1963,9,16,18,1,0,1,24.4,23.3,94,1016,4.6,68,0
1963,9,16,19,0,0,0,24.4,23.3,94,1016,3.6,90,0
1963,9,16,20,0,0,0,24.4,23.9,97,1016,4.6,68,0
1963,9,16,21,0,0,0,24.4,23.3,94,1016,3.6,68,0
1963,9,16,22,0,0,0,24.4,23.3,94,1016,2.6,68,0
1963,9,16,23,0,0,0,23.9,23.3,97,1016,3.6,68,0
1963,9,17,0,0,0,0,24.4,23.3,94,1016,4.6,90,0
1963,9,17,1,0,0,0,24.4,23.3,94,1015,4.1,113,0
1963,9,17,2,0,0,0,23.9,22.8,94,1015,4.1,113,0
1963,9,17,3,0,0,0,23.9,22.8,94,1015,3.6,68,0
1963,9,17,4,0,0,0,24.4,23.9,97,1016,4.6,90,0
1963,9,17,5,1,1,1,24.4,23.3,94,1016,5.7,68,0
1963,9,17,6,24,5,23,23.9,23.3,97,1017,6.2,68,0
1963,9,17,7,128,1,128,25,23.9,94,1017,6.7,68,0
1963,9,17,8,188,13,180,26.1,23.9,88,1018,6.2,68,0
1963,9,17,9,195,11,187,25.6,23.9,91,1018,5.7,68,0
1963,9,17,10,317,1,316,26.7,23.9,85,1018,5.2,113,0
1963,9,17,11,498,203,319,27.8,25,85,1017,5.2,113,0
1963,9,17,12,603,239,394,28.3,23.9,77,1017,6.7,113,0
1963,9,17,13,352,9,345,28.3,24.4,80,1016,6.2,113,0
1963,9,17,14,230,19,217,28.3,24.4,80,1016,6.2,113,0
1963,9,17,15,197,9,192,26.7,23.9,85,1016,4.6,113,0
1963,9,17,16,114,6,112,26.1,23.3,85,1016,4.6,113,0
1963,9,17,17,36,1,36,26.1,23.3,85,1015,4.1,90,0
1963,9,17,18,0,0,0,26.1,23.3,85,1016,4.6,68,0
1963,9,17,19,0,0,0,25,23.3,90,1016,4.1,68,0
1963,9,17,20,0,0,0,25.6,23.9,91,1017,4.6,68,0
1963,9,17,21,0,0,0,25,23.3,90,1017,4.6,90,0
1963,9,17,22,0,0,0,25,23.3,90,1017,5.2,68,0
1963,9,17,23,0,0,0,24.4,22.8,90,1016,3.1,68,0
1963,9,18,0,0,0,0,24.4,23.3,94,1017,5.2,68,0
1963,9,18,1,0,0,0,24.4,23.3,94,1016,4.1,90,0
1963,9,18,2,0,0,0,24.4,23.3,94,1016,4.6,68,0
1963,9,18,3,0,0,0,23.9,22.8,94,1016,3.6,68,0
1963,9,18,4,0,0,0,23.9,22.2,90,1016,5.2,68,0
1963,9,18,5,2,0,2,23.9,22.2,90,1017,3.6,90,0
1963,9,18,6,31,0,31,23.9,22.8,94,1017,3.6,68,0
1963,9,18,7,74,1,73,23.9,23.3,97,1017,4.1,68,0
1963,9,18,8,142,1,142,25,23.9,94,1017,3.6,68,0
1963,9,18,9,189,1,188,26.1,24.4,91,1017,5.2,68,0
1963,9,18,10,367,0,367,26.7,23.9,85,1017,5.7,68,0
1963,9,18,11,429,1,428,28.3,24.4,80,1016,3.6,90,0
1963,9,18,12,394,1,394,27.8,23.9,79,1016,5.2,90,0
1963,9,18,13,216,1,215,25,23.3,90,1016,3.6,113,0
1963,9,18,14,191,0,191,26.1,24.4,91,1015,3.6,68,0
1963,9,18,15,147,0,146,25.6,23.9,91,1015,4.1,90,0
1963,9,18,16,121,0,121,25.6,23.3,88,1015,3.6,90,0
1963,9,18,17,31,2,30,24.4,22.2,87,1015,3.1,68,0
1963,9,18,18,0,0,0,24.4,21.1,82,1015,3.1,68,0
1963,9,18,19,0,0,0,24.4,21.1,82,1015,2.6,68,0
1963,9,18,20,0,0,0,23.9,20.6,82,1016,2.1,68,0
1963,9,18,21,0,0,0,23.9,19.4,76,1016,3.1,68,0
1963,9,18,22,0,0,0,23.9,20,79,1016,3.6,68,0
1963,9,18,23,0,0,0,23.9,20.6,82,1015,3.6,68,0
1963,9,19,0,0,0,0,23.9,21.1,84,1015,2.6,68,0
1963,9,19,1,0,0,0,23.9,21.1,84,1014,3.1,68,0
1963,9,19,2,0,0,0,23.3,21.1,87,1014,3.1,68,0
1963,9,19,3,0,0,0,23.3,21.1,87,1014,3.1,68,0
1963,9,19,4,0,0,0,23.3,21.1,87,1014,3.1,68,0
1963,9,19,5,1,0,1,22.8,20.6,87,1014,3.1,68,0
1963,9,19,6,43,1,42,23.9,21.1,84,1015,4.1,68,0
1963,9,19,7,190,108,151,24.4,21.1,82,1015,3.6,68,0
1963,9,19,8,376,324,195,25.6,21.1,76,1015,4.6,45,0
1963,9,19,9,461,254,279,26.7,22.2,77,1015,4.1,68,0
1963,9,19,10,789,762,162,28.3,22.2,70,1015,5.7,68,0
1963,9,19,11,878,769,204,28.9,22.2,67,1015,5.7,68,0
1963,9,19,12,812,705,197,29.4,21.7,63,1014,5.2,68,0
1963,9,19,13,761,766,142,29.4,21.1,61,1013,4.6,113,0
1963,9,19,14,631,720,133,29.4,19.4,55,1013,4.1,90,0
1963,9,19,15,472,686,109,28.9,19.4,57,1013,3.1,68,0
1963,9,19,16,250,524,77,28.3,20,61,1013,2.6,90,0
1963,9,19,17,57,173,36,26.1,20,69,1013,2.6,135,0
1963,9,19,18,0,0,0,22.2,21.1,93,1014,0,0,0
1963,9,19,19,0,0,0,21.7,20.6,93,1014,0,0,0
1963,9,19,20,0,0,0,21.1,20,93,1014,0,0,0
1963,9,19,21,0,0,0,20.6,19.4,93,1014,0,0,0
1963,9,19,22,0,0,0,19.4,18.9,97,1014,0,0,0
1963,9,19,23,0,0,0,18.9,18.3,97,1013,1.5,338,0
1963,9,20,0,0,0,0,18.3,17.8,97,1012,0,0,0
1963,9,20,1,0,0,0,18.3,17.8,97,1012,0,0,0
1963,9,20,2,0,0,0,18.9,18.3,97,1012,2.1,0,0
1963,9,20,3,0,0,0,18.9,18.3,97,1012,1.5,0,0
1963,9,20,4,0,0,0,18.9,18.3,97,1012,2.1,0,0
1963,9,20,5,3,3,2,19.4,18.3,93,1013,2.1,45,0
1963,9,20,6,83,277,42,22.8,20,84,1013,3.6,45,0
1963,9,20,7,290,588,76,24.4,20,76,1014,4.1,68,0
1963,9,20,8,510,728,105,26.7,20,67,1014,4.1,68,0
1963,9,20,9,695,800,125,28.3,20.6,63,1014,4.1,68,0
1963,9,20,10,826,839,138,28.9,20,59,1013,4.1,23,0
1963,9,20,11,894,859,143,29.4,18.9,53,1013,4.6,45,0
1963,9,20,12,888,859,143,30,17.8,48,1012,4.6,45,0
1963,9,20,13,809,837,136,30,18.3,50,1011,3.1,23,0
1963,9,20,14,669,795,122,30.6,17.8,46,1011,3.1,0,0
1963,9,20,15,475,716,100,30,17.8,48,1011,2.1,23,0
1963,9,20,16,251,554,71,28.9,18.9,55,1011,0,0,0
1963,9,20,17,55,189,34,24.4,21.7,85,1011,1,338,0
1963,9,20,18,0,0,0,22.2,20.6,90,1011,1,315,0
1963,9,20,19,0,0,0,21.1,20.6,97,1011,0,0,0
1963,9,20,20,0,0,0,21.1,20,93,1011,1,315,0
1963,9,20,21,0,0,0,21.1,20,93,1011,1,248,0
1963,9,20,22,0,0,0,21.1,20,93,1011,1,0,0
1963,9,20,23,0,0,0,21.1,20,93,1011,0,0,0
1963,9,21,0,0,0,0,21.1,20,93,1011,1.5,270,0
1963,9,21,1,0,0,0,21.1,19.4,90,1010,1,203,0
1963,9,21,2,0,0,0,20,18.9,93,1010,0,0,0
1963,9,21,3,0,0,0,19.4,18.3,93,1010,1.5,270,0
1963,9,21,4,0,0,0,20,19.4,97,1010,0,0,0
1963,9,21,5,2,2,2,18.9,18.3,97,1011,1.5,0,0
1963,9,21,6,76,165,52,22.2,20,87,1011,2.6,45,0
1963,9,21,7,187,103,150,23.3,20.6,84,1012,2.1,23,0
1963,9,21,8,294,108,234,25.6,20.6,74,1012,3.6,45,0
1963,9,21,9,329,86,269,27.2,20,65,1013,2.6,23,0
1963,9,21,10,543,132,435,28.9,18.9,55,1012,3.1,23,0
1963,9,21,11,498,164,355,28.9,19.4,57,1012,3.1,45,0
1963,9,21,12,581,327,298,28.9,20.6,61,1012,3.1,23,0
1963,9,21,13,479,115,386,30.6,17.8,46,1011,4.1,68,0
1963,9,21,14,348,114,270,27.8,21.1,67,1011,2.6,23,0
1963,9,21,15,386,375,192,28.3,21.1,65,1011,2.1,45,0
1963,9,21,16,181,236,106,26.7,22.8,79,1011,1.5,0,0
1963,9,21,17,53,75,44,23.9,22.8,94,1010,1,338,0
1963,9,21,18,0,0,0,22.2,21.1,93,1011,0,0,0
1963,9,21,19,0,0,0,20.6,20,97,1011,1.5,315,0
1963,9,21,20,0,0,0,21.7,20.6,93,1012,0,0,0
1963,9,21,21,0,0,0,21.7,21.1,97,1012,0,0,0
1963,9,21,22,0,0,0,21.1,20.6,97,1012,0,0,0
1963,9,21,23,0,0,0,21.1,20.6,97,1012,0,0,0
1963,9,22,0,0,0,0,20,19.4,97,1012,1,293,0
1963,9,22,1,0,0,0,21.1,20.6,97,1012,1,338,0
1963,9,22,2,0,0,0,22.2,21.1,93,1012,1.5,0,0
1963,9,22,3,0,0,0,22.8,21.7,93,1012,0,0,0
1963,9,22,4,0,0,0,23.9,20,79,1012,2.6,158,0
1963,9,22,5,3,0,3,22.2,20,87,1012,2.1,68,0
1963,9,22,6,51,22,48,21.7,21.1,97,1012,0,0,0
1963,9,22,7,89,0,89,23.9,21.1,84,1013,4.1,45,0
1963,9,22,8,140,37,119,22.8,20.6,87,1014,2.6,68,0
1963,9,22,9,196,13,187,23.3,21.1,87,1014,2.6,68,0
1963,9,22,10,227,7,221,23.3,21.1,87,1014,5.2,45,0
1963,9,22,11,421,227,224,24.4,22.2,87,1013,3.6,45,0
1963,9,22,12,393,99,308,26.7,22.2,77,1013,3.1,45,0
1963,9,22,13,646,443,293,28.3,22.2,70,1012,4.6,23,0
1963,9,22,14,578,580,185,28.9,22.8,70,1012,4.1,0,0
1963,9,22,15,442,644,110,29.4,21.7,63,1012,2.6,23,0
1963,9,22,16,228,516,65,28.9,21.1,63,1012,1.5,315,0
1963,9,22,17,54,187,32,25,23.3,90,1012,1,338,0
1963,9,22,18,0,0,0,23.3,22.8,97,1012,1.5,225,0
1963,9,22,19,0,0,0,22.2,21.7,97,1012,0,0,0
1963,9,22,20,0,0,0,22.2,21.7,97,1013,0,0,0
1963,9,22,21,0,0,0,22.2,21.7,97,1013,1,0,0
1963,9,22,22,0,0,0,22.2,21.7,97,1013,1,0,0
1963,9,22,23,0,0,0,25,23.3,90,1013,3.6,45,0
1963,9,23,0,0,0,0,24.4,23.3,94,1013,4.1,23,0
1963,9,23,1,0,0,0,23.3,16.1,64,1013,3.1,23,0
1963,9,23,2,0,0,0,22.8,15.6,64,1013,4.1,45,0
1963,9,23,3,0,0,0,22.8,15.6,64,1013,3.6,23,0
1963,9,23,4,0,0,0,22.2,16.1,68,1013,3.1,45,0
1963,9,23,5,1,1,1,22.2,17.2,73,1013,3.1,45,0
1963,9,23,6,75,219,44,23.9,21.1,84,1014,4.1,68,0
1963,9,23,7,150,38,136,26.7,23.3,82,1014,6.2,90,0
1963,9,23,8,268,169,175,27.2,22.8,77,1015,5.7,90,0
1963,9,23,9,484,283,285,27.2,22.8,77,1015,7.2,90,0
1963,9,23,10,354,5,350,26.1,21.7,77,1015,8.2,68,0
1963,9,23,11,314,4,310,25.6,21.1,76,1015,7.2,90,0
1963,9,23,12,314,3,312,26.1,21.1,74,1015,6.7,90,0
1963,9,23,13,277,6,272,25.6,20.6,74,1015,6.2,90,0
1963,9,23,14,246,9,240,26.1,20.6,72,1015,5.2,90,0
1963,9,23,15,343,310,186,25.6,18.9,67,1014,5.7,90,0
1963,9,23,16,139,111,104,25,18.9,69,1015,6.2,90,0
1963,9,23,17,23,1,23,25,18.9,69,1015,4.1,90,0
1963,9,23,18,0,0,0,23.9,18.9,74,1015,2.6,68,0
1963,9,23,19,0,0,0,23.3,16.1,64,1016,5.2,68,0
1963,9,23,20,0,0,0,22.8,13.9,57,1016,4.6,68,0
1963,9,23,21,0,0,0,22.2,13.3,57,1016,3.6,68,0
1963,9,23,22,0,0,0,21.7,13.3,59,1016,5.2,68,0
1963,9,23,23,0,0,0,21.1,12.8,59,1016,5.2,68,0
1963,9,24,0,0,0,0,20.6,13.9,66,1016,5.2,68,0
1963,9,24,1,0,0,0,19.4,13.9,70,1016,4.1,68,0
1963,9,24,2,0,0,0,19.4,13.9,70,1016,4.1,45,0
1963,9,24,3,0,0,0,18.9,13.3,70,1016,4.6,68,0
1963,9,24,4,0,0,0,18.3,13.3,73,1017,5.2,68,0
1963,9,24,5,3,8,1,17.8,13.3,75,1017,5.2,68,0
1963,9,24,6,85,365,34,18.3,13.9,75,1017,6.7,45,0
1963,9,24,7,299,676,59,20,14.4,70,1018,7.2,68,0
1963,9,24,8,515,795,80,21.7,15,66,1018,6.7,68,0
1963,9,24,9,664,751,137,23.3,16.7,66,1018,7.2,68,0
1963,9,24,10,662,500,257,22.8,16.1,66,1018,7.7,68,0
1963,9,24,11,627,355,321,23.3,16.7,66,1018,7.2,68,0
1963,9,24,12,837,751,195,23.9,17.2,66,1017,7.2,68,0
1963,9,24,13,249,8,243,22.2,16.7,71,1017,5.7,68,0
1963,9,24,14,307,75,257,22.8,17.2,71,1016,7.7,68,0
1963,9,24,15,249,69,214,22.8,17.2,71,1016,4.6,68,0
1963,9,24,16,129,84,103,23.3,16.7,66,1016,5.2,90,0
1963,9,24,17,36,18,33,22.8,17.8,73,1016,4.1,68,0
1963,9,24,18,0,0,0,21.1,17.8,81,1017,2.6,45,0
1963,9,24,19,0,0,0,20,17.2,84,1017,2.1,45,0
1963,9,24,20,0,0,0,17.8,16.7,93,1017,1.5,23,0
1963,9,24,21,0,0,0,19.4,17.2,87,1017,2.6,45,0
1963,9,24,22,0,0,0,21.1,17.2,78,1017,3.6,45,0
1963,9,24,23,0,0,0,21.7,16.7,73,1017,4.1,45,0
1963,9,25,0,0,0,0,21.1,16.7,76,1017,4.1,68,0
1963,9,25,1,0,0,0,21.1,16.7,76,1017,4.6,68,0
1963,9,25,2,0,0,0,20,16.1,78,1016,4.6,68,0
1963,9,25,3,0,0,0,19.4,16.1,81,1016,4.1,68,0
1963,9,25,4,0,0,0,18.9,15.6,81,1017,4.1,68,0
1963,9,25,5,0,0,0,18.9,15.6,81,1017,5.2,68,0
1963,9,25,6,53,97,40,19.4,15.6,78,1017,5.2,68,0
1963,9,25,7,258,437,103,20.6,15.6,73,1018,6.2,45,0
1963,9,25,8,474,598,148,21.7,16.1,71,1018,5.2,45,0
1963,9,25,9,661,689,179,22.2,16.1,68,1018,5.2,45,0
1963,9,25,10,796,742,199,23.3,16.7,66,1018,4.6,45,0
1963,9,25,11,858,759,207,23.9,16.1,62,1017,3.6,45,0
1963,9,25,12,850,757,206,25,16.7,60,1016,3.6,45,0
1963,9,25,13,769,732,195,25.6,17.2,60,1015,3.1,90,0
1963,9,25,14,623,676,173,26.7,16.7,54,1015,2.6,45,0
1963,9,25,15,426,575,138,26.7,16.7,54,1014,2.1,68,0
1963,9,25,16,205,378,91,25.6,18.3,64,1014,2.6,45,0
1963,9,25,17,43,58,36,21.7,19.4,87,1015,1,0,0
1963,9,25,18,0,0,0,20,18.3,90,1015,0,0,0
1963,9,25,19,0,0,0,18.9,17.8,93,1015,1.5,338,0
1963,9,25,20,0,0,0,18.3,17.8,97,1015,1,0,0
1963,9,25,21,0,0,0,17.8,17.2,97,1015,1.5,45,0
1963,9,25,22,0,0,0,20,18.9,93,1015,2.6,23,0
1963,9,25,23,0,0,0,21.1,18.9,87,1015,2.6,45,0
1963,9,26,0,0,0,0,21.7,17.8,79,1014,2.6,45,0
1963,9,26,1,0,0,0,21.7,17.2,76,1014,3.1,45,0
1963,9,26,2,0,0,0,21.1,16.7,76,1014,3.6,68,0
1963,9,26,3,0,0,0,20.6,16.7,78,1014,4.1,68,0
1963,9,26,4,0,0,0,20.6,16.7,78,1014,3.6,68,0
1963,9,26,5,0,0,0,20.6,16.7,78,1015,3.1,68,0
1963,9,26,6,37,12,35,22.2,17.2,73,1015,5.2,45,0
1963,9,26,7,107,22,100,21.7,17.2,76,1016,5.7,68,0
1963,9,26,8,207,42,184,22.2,17.8,76,1016,5.7,68,0
1963,9,26,9,478,261,296,24.4,18.3,69,1016,5.7,68,0
1963,9,26,10,303,83,237,23.9,18.3,71,1016,4.1,45,0
1963,9,26,11,447,80,379,23.9,18.9,74,1016,5.2,45,0
1963,9,26,12,416,109,324,25,18.9,69,1015,4.6,45,0
1963,9,26,13,383,77,323,24.4,19.4,74,1014,3.6,45,0
1963,9,26,14,430,183,309,24.4,19.4,74,1014,3.1,45,0
1963,9,26,15,122,23,111,23.9,18.9,74,1014,3.1,45,0
1963,9,26,16,91,3,90,23.3,19.4,79,1014,2.6,45,0
1963,9,26,17,21,0,21,23.3,19.4,79,1014,3.1,45,0
1963,9,26,18,0,0,0,23.3,19.4,79,1014,4.1,45,0
1963,9,26,19,0,0,0,23.3,19.4,79,1015,3.6,45,0
1963,9,26,20,0,0,0,23.3,19.4,79,1014,5.2,45,0
1963,9,26,21,0,0,0,23.3,20,82,1013,5.2,45,0
1963,9,26,22,0,0,0,23.3,20,82,1014,4.1,0,0
1963,9,26,23,0,0,0,23.3,20,82,1013,3.6,45,0
1963,9,27,0,0,0,0,22.8,20,84,1013,3.1,23,0
1963,9,27,1,0,0,0,22.8,20,84,1012,4.1,45,0
1963,9,27,2,0,0,0,22.8,20,84,1012,4.6,45,0
1963,9,27,3,0,0,0,22.2,20,87,1012,3.6,45,0
1963,9,27,4,0,0,0,22.8,20,84,1012,4.1,45,0
1963,9,27,5,0,0,0,22.2,20.6,90,1011,5.2,45,0
1963,9,27,6,36,2,36,22.2,20.6,90,1012,3.1,45,0
1963,9,27,7,98,3,97,22.2,20,87,1012,5.2,68,0
1963,9,27,8,221,4,219,22.8,20.6,87,1012,4.1,45,0
1963,9,27,9,274,0,274,22.8,20.6,87,1012,4.6,68,0
1963,9,27,10,231,3,228,22.8,20.6,87,1012,3.6,68,0
1963,9,27,11,248,0,248,22.8,20.6,87,1011,3.1,68,0
1963,9,27,12,230,1,229,21.7,20.6,93,1011,5.2,68,0
1963,9,27,13,226,0,225,21.7,20,90,1010,4.6,68,0
1963,9,27,14,169,1,168,21.1,20,93,1010,4.6,68,0
1963,9,27,15,121,0,120,21.1,19.4,90,1009,4.6,45,0
1963,9,27,16,113,0,113,21.1,19.4,90,1009,3.6,68,0
1963,9,27,17,33,0,33,21.1,19.4,90,1009,3.6,45,0
1963,9,27,18,0,0,0,21.1,19.4,90,1009,3.1,45,0
1963,9,27,19,0,0,0,20.6,18.9,90,1010,4.6,23,0
1963,9,27,20,0,0,0,20,18.3,90,1010,4.6,45,0
1963,9,27,21,0,0,0,20,18.3,90,1010,4.1,45,0
1963,9,27,22,0,0,0,20,17.8,87,1009,4.1,68,0
1963,9,27,23,0,0,0,19.4,17.8,90,1009,4.1,23,0
1963,9,28,0,0,0,0,19.4,17.8,90,1008,3.6,45,0
1963,9,28,1,0,0,0,19.4,17.8,90,1007,3.1,23,0
1963,9,28,2,0,0,0,18.9,17.8,93,1006,3.6,0,0
1963,9,28,3,0,0,0,18.9,17.2,90,1006,3.1,23,0
1963,9,28,4,0,0,0,18.9,17.2,90,1006,4.1,23,0
1963,9,28,5,1,0,1,18.9,17.2,90,1006,4.1,0,0
1963,9,28,6,42,0,42,19.4,17.2,87,1006,3.6,0,0
1963,9,28,7,143,1,142,18.9,17.2,90,1006,3.6,0,0
1963,9,28,8,231,1,231,19.4,17.2,87,1006,4.1,0,0
1963,9,28,9,324,0,324,20,17.2,84,1006,4.6,0,0
1963,9,28,10,404,0,404,20,17.2,84,1006,4.1,0,0
1963,9,28,11,415,78,349,21.1,17.2,78,1005,4.6,0,0
1963,9,28,12,488,225,299,22.8,18.3,76,1004,4.1,0,0
1963,9,28,13,773,718,218,23.3,18.3,74,1003,3.6,0,0
1963,9,28,14,380,174,266,23.3,17.8,71,1003,3.6,0,0
1963,9,28,15,290,220,183,24.4,18.3,69,1003,3.6,338,0
1963,9,28,16,171,198,114,22.8,18.3,76,1003,3.1,0,0
1963,9,28,17,19,2,19,22.2,17.8,76,1003,4.6,0,0
1963,9,28,18,0,0,0,22.2,18.3,79,1004,3.1,0,0
1963,9,28,19,0,0,0,20,17.8,87,1004,2.1,0,0
1963,9,28,20,0,0,0,19.4,17.8,90,1005,1.5,338,0
1963,9,28,21,0,0,0,18.3,17.2,93,1005,0,0,0
1963,9,28,22,0,0,0,17.8,17.2,97,1006,2.1,338,0
1963,9,28,23,0,0,0,19.4,18.3,93,1006,2.1,338,0
1963,9,29,0,0,0,0,19.4,18.3,93,1005,3.1,338,0
1963,9,29,1,0,0,0,19.4,18.3,93,1005,2.6,338,0
1963,9,29,2,0,0,0,18.9,17.8,93,1005,2.1,293,0
1963,9,29,3,0,0,0,17.8,17.8,100,1005,2.6,293,0
1963,9,29,4,0,0,0,17.2,16.7,97,1006,2.6,270,0
1963,9,29,5,1,1,1,16.7,16.1,97,1007,2.1,248,0
1963,9,29,6,68,221,40,18.3,17.8,97,1007,2.6,270,0
1963,9,29,7,269,556,77,20.6,18.3,87,1009,3.6,315,0
1963,9,29,8,487,708,108,23.3,18.9,76,1009,4.1,293,0
1963,9,29,9,667,781,130,25,18.3,67,1009,4.6,293,0
1963,9,29,10,794,821,143,26.7,18.9,62,1009,5.2,270,0
1963,9,29,11,854,836,148,27.8,19.4,61,1008,4.1,270,0
1963,9,29,12,849,839,148,28.3,18.3,55,1007,4.1,293,0
1963,9,29,13,769,818,140,28.9,18.3,53,1007,4.1,270,0
1963,9,29,14,624,771,124,28.9,17.8,51,1006,4.1,270,0
1963,9,29,15,427,678,100,28.9,17.8,51,1007,4.1,270,0
1963,9,29,16,206,488,67,28.3,18.3,55,1007,5.7,293,0
1963,9,29,17,31,54,25,25,18.3,67,1008,2.1,248,0
1963,9,29,18,0,0,0,24.4,18.9,71,1010,5.7,0,0
1963,9,29,19,0,0,0,22.2,16.7,71,1011,8.2,0,0
1963,9,29,20,0,0,0,20.6,14.4,68,1013,7.7,0,0
1963,9,29,21,0,0,0,19.4,13.3,68,1014,7.7,0,0
1963,9,29,22,0,0,0,18.3,12.2,68,1014,7.2,23,0
1963,9,29,23,0,0,0,17.8,11.7,67,1015,6.2,23,0
1963,9,30,0,0,0,0,17.2,11.7,70,1015,4.6,23,0
1963,9,30,1,0,0,0,16.7,11.1,70,1015,5.7,45,0
1963,9,30,2,0,0,0,16.1,11.7,75,1015,3.6,23,0
1963,9,30,3,0,0,0,16.1,11.1,72,1016,6.2,45,0
1963,9,30,4,0,0,0,16.1,11.1,72,1016,4.1,45,0
1963,9,30,5,2,2,1,15.6,10.6,72,1017,5.2,23,0
1963,9,30,6,73,308,34,16.7,10.6,67,1017,5.2,23,0
1963,9,30,7,282,640,63,17.8,10,60,1018,6.2,23,0
1963,9,30,8,505,786,87,18.3,9.4,56,1019,6.2,23,0
1963,9,30,9,688,851,104,19.4,10.6,56,1019,5.2,23,0
1963,9,30,10,814,885,114,20,10,53,1019,4.6,23,0
1963,9,30,11,875,900,119,21.7,9.4,46,1018,4.6,0,0
1963,9,30,12,864,898,118,22.8,10,44,1017,5.2,0,0
1963,9,30,13,786,882,112,23.3,9.4,41,1017,5.2,0,0
1963,9,30,14,639,839,99,23.3,8.9,40,1017,4.1,0,0
1963,9,30,15,441,755,80,23.9,8.3,37,1017,4.1,0,0
1963,9,30,16,215,577,55,22.8,9.4,43,1017,3.1,0,0
1963,9,30,17,45,159,26,18.9,11.7,63,1017,2.6,0,0
1963,9,30,18,0,0,0,16.1,13.1,82,1017,2.6,10,0
1963,9,30,19,0,0,0,18.3,13.7,74,1017,3,19,0
1963,9,30,20,0,0,0,18.5,14.9,79,1017,2.6,29,0
1963,9,30,21,0,0,0,20.2,15.4,73,1016,3,48,0
1963,9,30,22,0,0,0,21.4,16.4,73,1015,2.9,61,0
1963,9,30,23,0,0,0,21.7,17.6,77,1015,2.6,64,0
1977,10,1,0,0,0,0,23.1,19.5,80,1013,2.6,71,0
1977,10,1,1,0,0,0,23.8,20.5,81,1013,2.6,88,0
1977,10,1,2,0,0,0,24.5,21.3,82,1013,2.6,120,0
1977,10,1,3,0,0,0,25.1,22.2,83,1012,2.7,138,0
1977,10,1,4,0,0,0,25.8,23.2,85,1012,2.8,162,0
1977,10,1,5,0,1,0,26.5,24.1,86,1012,3,181,0
1977,10,1,6,66,167,45,28.3,25.3,84,1012,3.4,200,0
1977,10,1,7,243,454,89,29.5,25.9,81,1012,3.8,210,0
1977,10,1,8,442,636,105,30.6,26.1,77,1013,4.1,210,0
1977,10,1,9,582,571,192,31.5,26.1,73,1012,4.6,210,0
1977,10,1,10,570,483,190,32.4,25.7,68,1012,5.2,220,0
1977,10,1,11,700,538,250,33.3,25.6,64,1012,5.7,220,0
1977,10,1,12,725,613,218,33.1,25.1,63,1012,6,220,0
1977,10,1,13,659,502,278,33,24.5,61,1011,6.4,230,0
1977,10,1,14,564,636,157,32.8,23.9,60,1011,6.7,230,0
1977,10,1,15,310,349,144,31.9,24.2,64,1011,5.7,220,0
1977,10,1,16,178,396,70,30.9,24.3,68,1012,4.6,220,0
1977,10,1,17,35,42,30,30,24.4,72,1013,3.6,210,0
1977,10,1,18,0,0,0,29.3,24.6,76,1013,3.4,210,0
1977,10,1,19,0,0,0,28.5,24.9,81,1013,3.3,210,0
1977,10,1,20,0,0,0,27.8,25,85,1014,3.1,210,0
1977,10,1,21,0,0,0,27.6,25,86,1013,3.1,210,0
1977,10,1,22,0,0,0,27.4,25,87,1013,3.1,210,0
1977,10,1,23,0,0,0,27.2,25,88,1013,3.1,210,0
1977,10,2,0,0,0,0,26.8,24.8,89,1013,3.1,210,0
1977,10,2,1,0,0,0,26.5,24.7,90,1014,3.1,200,0
1977,10,2,2,0,0,0,26.1,24.4,91,1014,3.1,200,0
1977,10,2,3,0,0,0,25.9,24.3,91,1014,2.6,210,0
1977,10,2,4,0,0,0,25.8,24.2,91,1015,2,220,0
1977,10,2,5,2,1,1,25.6,23.9,91,1015,1.5,230,0
1977,10,2,6,67,250,36,27.3,24.9,87,1016,2.4,240,0
1977,10,2,7,240,370,115,28.9,25.9,84,1016,3.2,250,0
1977,10,2,8,345,326,173,30.6,26.7,80,1017,4.1,260,0
1977,10,2,9,536,478,211,28.7,25.5,83,1017,3.2,270,0
1977,10,2,10,417,84,351,26.9,24.2,85,1017,2.4,270,0
1977,10,2,11,477,324,208,25,22.8,88,1017,1.5,280,0
1977,10,2,12,566,229,378,25.2,23.1,88,1017,1.5,310,0
1977,10,2,13,385,121,294,25.4,23.3,88,1017,1.5,340,0
1977,10,2,14,205,87,150,25.6,23.3,88,1017,1.5,10,0
1977,10,2,15,212,92,169,25.6,23.5,88,1017,1.5,10,0
1977,10,2,16,46,9,44,25.6,23.5,88,1017,1.5,10,0
1977,10,2,17,14,1,14,25.6,23.3,88,1017,1.5,10,0
1977,10,2,18,0,0,0,24.7,22.6,88,1017,3.1,10,0
1977,10,2,19,0,0,0,23.7,21.4,87,1018,4.6,20,0
1977,10,2,20,0,0,0,22.8,20.6,87,1018,6.2,20,0
1977,10,2,21,0,0,0,22.2,19,82,1019,6.2,20,0
1977,10,2,22,0,0,0,21.7,17.7,78,1020,6.2,20,0
1977,10,2,23,0,0,0,21.1,16.1,73,1021,6.2,20,0
1977,10,3,0,0,0,0,20.4,14.8,70,1021,6.5,20,0
1977,10,3,1,0,0,0,19.6,13.6,68,1021,6.9,30,0
1977,10,3,2,0,0,0,18.9,12.2,65,1021,7.2,30,0
1977,10,3,3,0,0,0,18.3,12.3,68,1021,6.5,30,0
1977,10,3,4,0,0,0,17.8,12.3,70,1022,5.9,30,0
1977,10,3,5,0,0,0,17.2,12.2,73,1022,5.2,30,0
1977,10,3,6,51,50,45,17.8,12.3,70,1023,6.2,30,0
1977,10,3,7,212,267,123,18.3,11.9,66,1023,7.2,30,0
1977,10,3,8,442,519,169,18.9,11.7,63,1024,8.2,30,0
1977,10,3,9,629,616,212,19.6,11.7,60,1023,7.2,20,0
1977,10,3,10,723,626,234,20.4,11.9,58,1023,6.2,20,0
1977,10,3,11,804,687,234,21.1,11.7,55,1022,5.2,10,0
1977,10,3,12,771,648,239,21.7,11.7,53,1022,5.5,10,0
1977,10,3,13,686,563,263,22.2,11.3,50,1021,5.9,10,0
1977,10,3,14,541,531,206,22.8,11.1,48,1020,6.2,10,0
1977,10,3,15,352,424,156,22.1,11.2,50,1020,5.7,10,0
1977,10,3,16,137,182,89,21.3,10.8,51,1020,5.1,10,0
1977,10,3,17,25,11,24,20.6,10.6,53,1020,4.6,10,0
1977,10,3,18,0,0,0,20.2,10.6,54,1020,4.8,10,0
1977,10,3,19,0,0,0,19.8,10.3,54,1021,5,20,0
1977,10,3,20,0,0,0,19.4,10,55,1021,5.2,20,0
1977,10,3,21,0,0,0,19,9.8,55,1021,5.2,30,0
1977,10,3,22,0,0,0,18.7,9.2,54,1021,5.2,40,0
1977,10,3,23,0,0,0,18.3,8.9,54,1020,5.2,50,0
1977,10,4,0,0,0,0,18.1,9,55,1020,5.7,50,0
1977,10,4,1,0,0,0,18,9.4,57,1020,6.2,60,0
1977,10,4,2,0,0,0,17.8,9.4,58,1020,6.7,60,0
1977,10,4,3,0,0,0,17.2,9.4,60,1020,6.5,60,0
1977,10,4,4,0,0,0,16.7,9.7,63,1021,6.4,60,0
1977,10,4,5,1,0,1,16.1,9.4,65,1021,6.2,60,0
1977,10,4,6,59,174,38,17.2,10.4,64,1021,5.9,60,0
1977,10,4,7,256,528,81,18.3,11.4,64,1022,5.5,60,0
1977,10,4,8,473,687,114,19.4,12.2,63,1022,5.2,60,0
1977,10,4,9,655,766,138,20.3,12.8,62,1022,5,50,0
1977,10,4,10,780,807,153,21.3,13.3,60,1021,4.8,40,0
1977,10,4,11,839,823,159,22.2,13.9,59,1021,4.6,30,0
1977,10,4,12,832,826,158,22.6,12.3,52,1021,4.1,30,0
1977,10,4,13,750,805,149,22.9,10.4,45,1020,3.6,40,0
1977,10,4,14,604,755,131,23.3,8.3,38,1020,3.1,40,0
1977,10,4,15,402,648,104,21.3,10.8,51,1020,2.6,30,0
1977,10,4,16,181,434,68,19.2,12.5,65,1020,2,20,0
1977,10,4,17,33,60,26,17.2,13.3,78,1019,1.5,10,0
1977,10,4,18,0,0,0,16.1,13.1,82,1020,1,10,0
1977,10,4,19,0,0,0,15,12.7,86,1020,0.5,20,0
1977,10,4,20,0,0,0,13.9,12.2,90,1021,0,0,0
1977,10,4,21,0,0,0,13.5,12.1,91,1021,0,0,0
1977,10,4,22,0,0,0,13.2,12,92,1020,0,0,0
1977,10,4,23,0,0,0,12.8,11.7,93,1020,0,0,0
1977,10,5,0,0,0,0,13,11.9,93,1020,0,0,0
1977,10,5,1,0,0,0,13.1,12,93,1020,0,0,0
1977,10,5,2,0,0,0,13.3,12.2,93,1020,0,0,0
1977,10,5,3,0,0,0,13.7,12.6,93,1020,0,0,0
1977,10,5,4,0,0,0,14,12.9,93,1021,0,0,0
1977,10,5,5,0,0,0,14.4,13.3,93,1021,0,0,0
1977,10,5,6,38,24,35,17,14.1,83,1021,1.4,60,0
1977,10,5,7,171,142,124,19.6,14.9,74,1022,2.7,70,0
1977,10,5,8,306,162,221,22.2,15,64,1022,4.1,70,0
1977,10,5,9,541,415,263,23.3,15.4,61,1022,4.5,60,0
1977,10,5,10,751,670,232,24.5,16,59,1021,4.8,60,0
1977,10,5,11,625,389,305,25.6,16.1,56,1021,5.2,50,0
1977,10,5,12,730,611,234,25.8,16.4,56,1021,5,70,0
1977,10,5,13,687,669,190,25.9,16.5,56,1020,4.8,80,0
1977,10,5,14,543,651,138,26.1,16.7,56,1019,4.6,100,0
1977,10,5,15,377,577,114,25,17,61,1020,4.1,100,0
1977,10,5,16,170,406,66,23.9,17.2,66,1020,3.6,110,0
1977,10,5,17,29,57,22,22.8,17.2,71,1020,3.1,110,0
1977,10,5,18,0,0,0,22.4,17.8,75,1020,2.9,100,0
1977,10,5,19,0,0,0,22.1,18.5,80,1021,2.8,90,0
1977,10,5,20,0,0,0,21.7,18.9,84,1021,2.6,80,0
1977,10,5,21,0,0,0,21.7,18.9,84,1021,2.2,70,0
1977,10,5,22,0,0,0,21.7,18.9,84,1021,1.9,70,0
1977,10,5,23,0,0,0,21.7,18.9,84,1021,1.5,60,0
1977,10,6,0,0,0,0,21.7,18.9,84,1021,1.5,60,0
1977,10,6,1,0,0,0,21.7,18.9,84,1020,1.5,50,0
1977,10,6,2,0,0,0,21.7,18.9,84,1020,1.5,50,0
1977,10,6,3,0,0,0,21.7,18.9,84,1020,1.7,50,0
1977,10,6,4,0,0,0,21.7,18.9,84,1021,1.9,60,0
1977,10,6,5,0,0,0,21.7,18.9,84,1021,2.1,60,0
1977,10,6,6,31,7,30,23,19,78,1022,2.8,60,0
1977,10,6,7,111,31,101,24.3,19.2,73,1022,3.4,60,0
1977,10,6,8,260,139,188,25.6,18.9,67,1023,4.1,60,0
1977,10,6,9,493,299,293,26.1,18.5,63,1023,3.8,50,0
1977,10,6,10,648,413,330,26.7,17.8,58,1022,3.4,40,0
1977,10,6,11,764,629,249,27.2,17.2,54,1022,3.1,30,0
1977,10,6,12,744,599,260,27.4,16.7,52,1021,2.8,10,0
1977,10,6,13,648,552,240,27.6,16.6,51,1021,2.4,360,0
1977,10,6,14,529,507,216,27.8,16.1,49,1020,2.1,340,0
1977,10,6,15,334,400,154,25.9,17.3,59,1020,1.7,360,0
1977,10,6,16,130,151,92,24.1,18.1,69,1020,1.4,10,0
1977,10,6,17,23,3,22,22.2,18.3,79,1020,1,30,0
1977,10,6,18,0,0,0,21.1,18.1,83,1020,0.7,30,0
1977,10,6,19,0,0,0,20,17.6,86,1020,0.3,40,0
1977,10,6,20,0,0,0,18.9,17.2,90,1020,0,0,0
1977,10,6,21,0,0,0,18.9,17.1,89,1020,0,0,0
1977,10,6,22,0,0,0,18.9,16.9,88,1020,0,0,0
1977,10,6,23,0,0,0,18.9,16.7,87,1019,0,0,0
1977,10,7,0,0,0,0,18.2,16.7,91,1019,0,0,0
1977,10,7,1,0,0,0,17.4,16.8,96,1019,0,0,0
1977,10,7,2,0,0,0,16.7,16.7,100,1018,0,0,0
1977,10,7,3,0,0,0,17.1,17,99,1018,0.3,60,0
1977,10,7,4,0,0,0,17.4,17.1,98,1019,0.7,70,0
1977,10,7,5,0,0,0,17.8,17.2,97,1019,1,70,0
1977,10,7,6,31,38,27,19.8,18.1,90,1019,1.4,80,0
1977,10,7,7,189,284,96,21.9,18.9,83,1019,1.7,80,0
1977,10,7,8,324,245,198,23.9,19.4,76,1019,2.1,90,0
1977,10,7,9,327,120,248,25,19.6,72,1018,2.6,110,0
1977,10,7,10,511,218,344,26.1,19.5,67,1018,3.1,120,0
1977,10,7,11,395,47,357,27.2,19.4,63,1017,3.6,140,0
1977,10,7,12,384,87,314,27.4,20,64,1017,3.6,140,0
1977,10,7,13,379,143,274,27.6,20.2,64,1016,3.6,150,0
1977,10,7,14,424,322,227,27.8,20.6,65,1015,3.6,150,0
1977,10,7,15,300,296,168,27.1,20.7,68,1015,3.4,150,0
1977,10,7,16,137,159,98,26.3,20.6,71,1014,3.3,160,0
1977,10,7,17,25,6,24,25.6,20.6,74,1014,3.1,160,0
1977,10,7,18,0,0,0,25,20.7,77,1014,3.3,160,0
1977,10,7,19,0,0,0,24.5,20.6,79,1014,3.4,150,0
1977,10,7,20,0,0,0,23.9,20.6,82,1014,3.6,150,0
1977,10,7,21,0,0,0,23.9,20.7,82,1014,3.6,150,0
1977,10,7,22,0,0,0,23.9,20.7,82,1013,3.6,160,0
1977,10,7,23,0,0,0,23.9,20.6,82,1013,3.6,160,0
1977,10,8,0,0,0,0,23.5,20.7,84,1013,3.4,160,0
1977,10,8,1,0,0,0,23.2,20.6,85,1012,3.3,150,0
1977,10,8,2,0,0,0,22.8,20.6,87,1012,3.1,150,0
1977,10,8,3,0,0,0,23.2,20.7,86,1012,2.9,150,0
1977,10,8,4,0,0,0,23.5,21,86,1012,2.8,160,0
1977,10,8,5,0,0,0,23.9,21.1,85,1013,2.6,160,0
1977,10,8,6,33,40,28,25,21.7,82,1013,3.6,170,0
1977,10,8,7,187,284,96,26.1,22.4,80,1013,4.7,170,0
1977,10,8,8,427,554,144,27.2,22.8,77,1013,5.7,180,0
1977,10,8,9,544,536,190,28.3,22.8,72,1012,5.5,190,0
1977,10,8,10,565,353,296,29.5,23,68,1011,5.4,200,0
1977,10,8,11,600,407,270,30.6,22.8,63,1011,5.2,210,0
1977,10,8,12,422,154,299,30,22.5,64,1010,5.4,210,0
1977,10,8,13,373,107,295,29.5,22.5,66,1010,5.5,200,0
1977,10,8,14,257,0,257,28.9,22.2,67,1009,5.7,200,0
1977,10,8,15,220,89,180,28.3,22.1,69,1009,5.5,200,0
1977,10,8,16,158,206,108,27.8,22.3,72,1009,5.4,190,0
1977,10,8,17,31,20,28,27.2,22.2,74,1009,5.2,190,0
1977,10,8,18,0,0,0,26.7,22.8,79,1009,4.7,200,0
1977,10,8,19,0,0,0,26.1,23,83,1009,4.1,200,0
1977,10,8,20,0,0,0,25.6,23.3,88,1010,3.6,210,0
1977,10,8,21,0,0,0,25.8,23.7,88,1010,3.4,220,0
1977,10,8,22,0,0,0,25.9,23.8,88,1010,3.3,220,0
1977,10,8,23,0,0,0,26.1,23.9,88,1010,3.1,230,0
1977,10,9,0,0,0,0,24.8,23.1,90,1010,2.8,260,0
1977,10,9,1,0,0,0,23.5,22,91,1010,2.4,280,0
1977,10,9,2,0,0,0,22.2,21.1,93,1010,2.1,310,0
1977,10,9,3,0,0,0,22.2,20.8,92,1010,3.5,330,0
1977,10,9,4,0,0,0,22.2,20.7,91,1011,4.8,350,0
1977,10,9,5,0,0,0,22.2,20.6,90,1012,6.2,10,0
1977,10,9,6,22,1,22,21.1,18.7,86,1013,5.9,10,0
1977,10,9,7,89,3,88,20,16.9,82,1014,5.5,10,0
1977,10,9,8,158,6,156,18.9,15,78,1015,5.2,10,0
1977,10,9,9,452,192,326,20.2,15.2,73,1015,4.7,20,0
1977,10,9,10,527,319,284,21.5,15.1,67,1014,4.1,20,0
1977,10,9,11,755,622,252,22.8,15,62,1014,3.6,30,0
1977,10,9,12,716,589,247,23.3,14.6,58,1014,3.9,30,0
1977,10,9,13,641,569,228,23.9,14.1,54,1013,4.3,30,0
1977,10,9,14,530,598,169,24.4,13.3,50,1013,4.6,30,0
1977,10,9,15,336,458,136,23.3,13.2,53,1013,3.9,20,0
1977,10,9,16,141,267,78,22.2,13,56,1013,3.3,20,0
1977,10,9,17,24,13,22,21.1,12.8,59,1013,2.6,10,0
1977,10,9,18,0,0,0,20.4,12.4,60,1013,2.4,20,0
1977,10,9,19,0,0,0,19.6,12.2,62,1014,2.3,20,0
1977,10,9,20,0,0,0,18.9,11.7,63,1014,2.1,30,0
1977,10,9,21,0,0,0,18.7,11.8,64,1014,2.4,40,0
1977,10,9,22,0,0,0,18.5,11.6,64,1014,2.8,50,0
1977,10,9,23,0,0,0,18.3,11.7,65,1014,3.1,60,0
1977,10,10,0,0,0,0,17.6,11.4,67,1014,3.1,60,0
1977,10,10,1,0,0,0,16.8,11.3,70,1014,3.1,70,0
1977,10,10,2,0,0,0,16.1,11.1,72,1013,3.1,70,0
1977,10,10,3,0,0,0,15.7,11.3,75,1013,2.8,70,0
1977,10,10,4,0,0,0,15.4,11.6,78,1014,2.4,70,0
1977,10,10,5,0,0,0,15,11.7,81,1014,2.1,70,0
1977,10,10,6,59,282,27,17.2,13,76,1014,2.3,70,0
1977,10,10,7,245,614,50,19.5,14.1,71,1015,2.4,80,0
1977,10,10,8,444,676,102,21.7,15,66,1015,2.6,80,0
1977,10,10,9,594,729,116,23,16.1,65,1015,2.8,110,0
1977,10,10,10,647,648,156,24.3,16.8,63,1014,2.9,130,0
1977,10,10,11,748,695,190,25.6,17.8,62,1014,3.1,160,0
1977,10,10,12,622,462,257,25.4,17.9,63,1013,3.1,130,0
1977,10,10,13,495,373,225,25.2,17.7,63,1013,3.1,90,0
1977,10,10,14,384,333,184,25,17.8,64,1012,3.1,60,0
1977,10,10,15,240,198,154,23.7,18.2,71,1012,3.1,60,0
1977,10,10,16,130,162,92,22.4,18.2,77,1012,3.1,70,0
1977,10,10,17,22,1,22,21.1,18.3,84,1013,3.1,70,0
1977,10,10,18,0,0,0,21.1,18.7,86,1013,3.4,90,0
1977,10,10,19,0,0,0,21.1,19.1,88,1013,3.8,100,0
1977,10,10,20,0,0,0,21.1,19.4,90,1013,4.1,120,0
1977,10,10,21,0,0,0,20.9,19.2,90,1013,3.9,80,0
1977,10,10,22,0,0,0,20.8,19.1,90,1013,3.8,50,0
1977,10,10,23,0,0,0,20.6,18.9,90,1013,3.6,10,0
1977,10,11,0,0,0,0,20.8,19.1,90,1013,3.3,40,0
1977,10,11,1,0,0,0,20.9,19.2,90,1012,2.9,70,0
1977,10,11,2,0,0,0,21.1,19.4,90,1011,2.6,100,0
1977,10,11,3,0,0,0,21.3,19.8,91,1012,3.8,70,0
1977,10,11,4,0,0,0,21.5,20.2,92,1012,5,30,0
1977,10,11,5,0,0,0,21.7,20.6,93,1013,6.2,0,0
1977,10,11,6,25,4,25,21.9,20.7,93,1013,5.3,20,0
1977,10,11,7,82,2,82,22,20.8,93,1014,4.5,30,0
1977,10,11,8,96,1,96,22.2,21.1,93,1014,3.6,50,0
1977,10,11,9,256,3,254,22.2,20.8,92,1014,3.4,50,0
1977,10,11,10,320,3,319,22.2,20.7,91,1014,3.3,40,0
1977,10,11,11,187,1,186,22.2,20.6,90,1014,3.1,40,0
1977,10,11,12,356,3,354,22,20.5,91,1014,3.3,30,0
1977,10,11,13,301,3,299,21.9,20.6,92,1014,3.4,10,0
1977,10,11,14,157,0,157,21.7,20.6,93,1014,3.6,0,0
1977,10,11,15,166,0,166,20.9,19.6,92,1015,4.5,360,0
1977,10,11,16,77,1,77,20.2,18.7,91,1015,5.3,350,0
1977,10,11,17,22,0,22,19.4,17.8,90,1016,6.2,350,0
1977,10,11,18,0,0,0,19,17,88,1017,5.9,360,0
1977,10,11,19,0,0,0,18.7,16.3,86,1018,5.5,0,0
1977,10,11,20,0,0,0,18.3,15.6,84,1018,5.2,10,0
1977,10,11,21,0,0,0,17.6,14.7,83,1019,5.2,0,0
1977,10,11,22,0,0,0,16.8,13.7,82,1019,5.2,360,0
1977,10,11,23,0,0,0,16.1,12.8,81,1019,5.2,350,0
1977,10,12,0,0,0,0,15.5,11.1,75,1019,5.7,360,0
1977,10,12,1,0,0,0,15,9.2,68,1020,6.2,0,0
1977,10,12,2,0,0,0,14.4,7.2,62,1020,6.7,10,0
1977,10,12,3,0,0,0,14.4,7,61,1021,7,10,0
1977,10,12,4,0,0,0,14.4,6.5,59,1021,7.4,0,0
1977,10,12,5,0,0,0,14.4,6.1,58,1021,7.7,0,0
1977,10,12,6,44,68,36,14.8,6.4,57,1022,7.5,0,0
1977,10,12,7,204,338,98,15.2,6.8,57,1023,7.4,0,0
1977,10,12,8,465,741,95,15.6,6.7,56,1024,7.2,0,0
1977,10,12,9,642,814,115,16.7,6.8,52,1024,7.2,350,0
1977,10,12,10,772,861,127,17.8,6.4,47,1023,7.2,350,0
1977,10,12,11,823,868,132,18.9,6.1,43,1023,7.2,340,0
1977,10,12,12,813,871,131,18.9,5.7,42,1022,7,340,0
1977,10,12,13,723,842,123,18.9,5.4,41,1021,6.9,340,0
1977,10,12,14,576,793,107,18.9,5,40,1021,6.7,340,0
1977,10,12,15,375,689,84,17.6,4.9,43,1021,6.9,340,0
1977,10,12,16,156,457,54,16.3,5,47,1022,7,350,0
1977,10,12,17,25,52,19,15,4.4,50,1022,7.2,350,0
1977,10,12,18,0,0,0,14.6,4.6,51,1023,7,350,0
1977,10,12,19,0,0,0,14.3,4.6,52,1023,6.9,350,0
1977,10,12,20,0,0,0,13.9,4.4,53,1024,6.7,350,0
1977,10,12,21,0,0,0,13.7,4,52,1024,5.8,0,0
1977,10,12,22,0,0,0,13.5,3.9,52,1024,5,10,0
1977,10,12,23,0,0,0,13.3,3.3,51,1024,4.1,20,0
1977,10,13,0,0,0,0,13.1,3.2,51,1024,4.5,20,0
1977,10,13,1,0,0,0,13,3.1,51,1024,4.8,20,0
1977,10,13,2,0,0,0,12.8,2.8,51,1024,5.2,20,0
1977,10,13,3,0,0,0,12.4,2.8,52,1024,5.2,30,0
1977,10,13,4,0,0,0,12.1,2.5,52,1024,5.2,30,0
1977,10,13,5,0,0,0,11.7,2.2,53,1024,5.2,40,0
1977,10,13,6,59,270,28,12.6,3,52,1024,5.7,30,0
1977,10,13,7,257,652,55,13.5,3.3,50,1025,6.2,20,0
1977,10,13,8,474,800,77,14.4,3.9,49,1025,6.7,10,0
1977,10,13,9,655,870,93,15.2,4.3,48,1025,6.5,10,0
1977,10,13,10,780,907,103,15.9,4.3,46,1024,6.4,20,0
1977,10,13,11,835,920,107,16.7,4.4,45,1024,6.2,20,0
1977,10,13,12,819,915,106,17.2,4.9,44,1023,5.3,0,0
1977,10,13,13,733,893,100,17.8,5.4,44,1022,4.5,340,0
1977,10,13,14,582,845,87,18.3,5.6,43,1021,3.6,320,0
1977,10,13,15,381,746,68,17,5.9,48,1021,3.3,320,0
1977,10,13,16,161,529,45,15.7,6.2,53,1021,2.9,320,0
1977,10,13,17,26,78,16,14.4,6.1,58,1021,2.6,320,0
1977,10,13,18,0,0,0,13.3,6.9,65,1021,2.1,310,0
1977,10,13,19,0,0,0,12.2,7.5,73,1021,1.5,300,0
1977,10,13,20,0,0,0,11.1,7.8,80,1022,1,290,0
1977,10,13,21,0,0,0,10.9,7.1,77,1021,1.4,320,0
1977,10,13,22,0,0,0,10.8,6.4,74,1021,1.7,340,0
1977,10,13,23,0,0,0,10.6,5.6,71,1021,2.1,10,0
1977,10,14,0,0,0,0,9.3,5.7,78,1021,1.9,20,0
1977,10,14,1,0,0,0,8,5.8,86,1021,1.7,20,0
1977,10,14,2,0,0,0,6.7,5.6,93,1021,1.5,30,0
1977,10,14,3,0,0,0,6.7,5.7,93,1021,1,40,0
1977,10,14,4,0,0,0,6.7,5.7,93,1022,0.5,40,0
1977,10,14,5,0,0,0,6.7,5.6,93,1022,0,0,0
1977,10,14,6,45,74,36,10,6.9,81,1023,1,50,0
1977,10,14,7,217,413,91,13.4,7.6,68,1023,2.1,60,0
1977,10,14,8,430,600,134,16.7,7.8,56,1024,3.1,60,0
1977,10,14,9,613,698,165,17.4,7.2,51,1024,2.8,40,0
1977,10,14,10,741,750,184,18.2,6.7,47,1023,2.4,10,0
1977,10,14,11,800,772,192,18.9,5.6,42,1023,2.1,350,0
1977,10,14,12,783,766,189,19.5,6.3,42,1022,2.1,350,0
1977,10,14,13,693,733,177,20,6.7,42,1021,2.1,340,0
1977,10,14,14,539,663,153,20.6,7.2,42,1020,2.1,340,0
1977,10,14,15,337,533,116,18.4,9.5,56,1020,1.4,330,0
1977,10,14,16,129,277,69,16.1,10.4,69,1020,0.7,320,0
1977,10,14,17,19,10,18,13.9,11.1,83,1020,0,0,0
1977,10,14,18,0,0,0,13,10.9,87,1021,0.5,300,0
1977,10,14,19,0,0,0,12,10.8,92,1021,1,290,0
1977,10,14,20,0,0,0,11.1,10.6,96,1021,1.5,280,0
1977,10,14,21,0,0,0,11.5,10.4,93,1021,1.5,270,0
1977,10,14,22,0,0,0,11.8,10.1,89,1021,1.5,270,0
1977,10,14,23,0,0,0,12.2,10,86,1021,1.5,260,0
1977,10,15,0,0,0,0,11.5,10.1,91,1021,1,270,0
1977,10,15,1,0,0,0,10.7,10,95,1021,0.5,280,0
1977,10,15,2,0,0,0,10,10,100,1021,0,0,0
1977,10,15,3,0,0,0,9.3,9.3,100,1021,0,0,0
1977,10,15,4,0,0,0,8.5,8.5,100,1022,0,0,0
1977,10,15,5,0,0,0,7.8,7.8,100,1022,0,0,0
1977,10,15,6,53,185,32,11.3,10.2,93,1022,0.7,320,0
1977,10,15,7,237,564,65,14.8,12.3,85,1023,1.4,330,0
1977,10,15,8,447,724,93,18.3,14.4,78,1023,2.1,340,0
1977,10,15,9,628,808,112,20,14.2,69,1023,1.9,310,0
1977,10,15,10,751,848,124,21.6,13.3,59,1022,1.7,270,0
1977,10,15,11,808,865,130,23.3,12.2,50,1021,1.5,240,0
1977,10,15,12,792,861,128,23.9,12.6,49,1021,1.9,260,0
1977,10,15,13,705,835,120,24.4,12.7,48,1020,2.2,270,0
1977,10,15,14,554,779,105,25,12.8,47,1019,2.6,290,0
1977,10,15,15,356,670,81,23.3,13.2,53,1020,2.2,280,0
1977,10,15,16,142,431,52,21.7,13.6,60,1020,1.9,280,0
1977,10,15,17,22,41,17,20,13.3,66,1020,1.5,270,0
1977,10,15,18,0,0,0,19.1,13.8,71,1020,1.7,260,0
1977,10,15,19,0,0,0,18.1,13.8,76,1020,1.9,260,0
1977,10,15,20,0,0,0,17.2,13.9,81,1020,2.1,250,0
1977,10,15,21,0,0,0,17,13.9,82,1020,2.6,280,0
1977,10,15,22,0,0,0,16.9,14,83,1021,3.1,310,0
1977,10,15,23,0,0,0,16.7,13.9,84,1021,3.6,340,0
1977,10,16,0,0,0,0,16.5,13.3,81,1021,3.9,350,0
1977,10,16,1,0,0,0,16.3,12.5,78,1022,4.3,0,0
1977,10,16,2,0,0,0,16.1,11.7,75,1022,4.6,10,0
1977,10,16,3,0,0,0,15.4,10.2,71,1023,4.6,10,0
1977,10,16,4,0,0,0,14.6,8.8,68,1023,4.6,20,0
1977,10,16,5,0,0,0,13.9,7.2,64,1024,4.6,20,0
1977,10,16,6,59,300,25,14.8,7.4,61,1024,4.4,20,0
1977,10,16,7,251,680,47,15.8,7.8,59,1024,4.3,20,0
1977,10,16,8,466,821,66,16.7,7.8,56,1025,4.1,20,0
1977,10,16,9,646,890,80,17.6,7.7,52,1024,3.8,360,0
1977,10,16,10,768,925,89,18.5,7.6,49,1024,3.4,330,0
1977,10,16,11,823,937,92,19.4,7.2,45,1023,3.1,310,0
1977,10,16,12,807,934,91,20,7.7,45,1022,3.1,320,0
1977,10,16,13,719,909,85,20.5,7.9,44,1021,3.1,330,0
1977,10,16,14,570,865,74,21.1,8.3,44,1020,3.1,340,0
1977,10,16,15,372,774,58,19.6,7.7,46,1020,2.6,340,0
1977,10,16,16,154,560,38,18.2,7,48,1020,2,330,0
1977,10,16,17,25,85,14,16.7,6.1,50,1020,1.5,330,0
1977,10,16,18,0,0,0,14.8,7.9,63,1021,1.7,330,0
1977,10,16,19,0,0,0,13,9.1,77,1021,1.9,320,0
1977,10,16,20,0,0,0,11.1,9.4,90,1022,2.1,320,0
1977,10,16,21,0,0,0,10.7,8.8,88,1022,1.9,340,0
1977,10,16,22,0,0,0,10.4,8,85,1022,1.7,10,0
1977,10,16,23,0,0,0,10,7.2,83,1022,1.5,30,0
1977,10,17,0,0,0,0,9.4,6.9,84,1022,1,30,0
1977,10,17,1,0,0,0,8.9,6.5,85,1022,0.5,40,0
1977,10,17,2,0,0,0,8.3,6.1,86,1022,0,0,0
1977,10,17,3,0,0,0,7.8,6,88,1022,0,0,0
1977,10,17,4,0,0,0,7.2,5.9,91,1022,0,0,0
1977,10,17,5,0,0,0,6.7,5.6,93,1022,0,0,0
1977,10,17,6,57,301,24,10.2,6.7,79,1022,1,60,0
1977,10,17,7,251,689,45,13.7,7,64,1023,2.1,70,0
1977,10,17,8,466,832,64,17.2,6.7,50,1023,3.1,70,0
1977,10,17,9,643,897,77,18.3,6.2,45,1023,3.3,60,0
1977,10,17,10,768,933,86,19.5,5.6,40,1022,3.4,40,0
1977,10,17,11,825,949,89,20.6,4.4,35,1022,3.6,30,0
1977,10,17,12,807,942,88,20.6,5.4,37,1021,3.4,30,0
1977,10,17,13,718,920,82,20.6,6.2,39,1020,3.3,40,0
1977,10,17,14,568,872,72,20.6,6.7,41,1020,3.1,40,0
1977,10,17,15,365,766,57,18,8.6,54,1020,2.1,20,0
1977,10,17,16,135,492,35,15.4,9.3,67,1020,1,350,0
1977,10,17,17,24,75,14,12.8,9.4,80,1019,0,0,0
1977,10,17,18,0,0,0,11.7,9.1,84,1020,0.3,300,0
1977,10,17,19,0,0,0,10.5,8.8,89,1020,0.7,280,0
1977,10,17,20,0,0,0,9.4,8.3,93,1020,1,250,0
1977,10,17,21,0,0,0,9.2,8.3,94,1020,0.7,250,0
1977,10,17,22,0,0,0,9.1,8.4,95,1020,0.3,250,0
1977,10,17,23,0,0,0,8.9,8.3,96,1019,0,0,0
1977,10,18,0,0,0,0,8.5,7.9,96,1019,0,0,0
1977,10,18,1,0,0,0,8.2,7.6,96,1019,0,0,0
1977,10,18,2,0,0,0,7.8,7.2,96,1019,0,0,0
1977,10,18,3,0,0,0,7.6,7.2,97,1019,0,0,0
1977,10,18,4,0,0,0,7.4,7.3,99,1019,0,0,0
1977,10,18,5,0,0,0,7.2,7.2,100,1019,0,0,0
1977,10,18,6,41,75,32,11.5,8.9,84,1020,1.2,230,0
1977,10,18,7,214,492,69,15.7,9.6,67,1020,2.4,220,0
1977,10,18,8,406,636,100,20,9.4,51,1020,3.6,220,0
1977,10,18,9,495,531,162,21.5,11,51,1020,3.6,240,0
1977,10,18,10,653,628,196,22.9,12,50,1019,3.6,270,0
1977,10,18,11,709,604,243,24.4,13.3,50,1019,3.6,290,0
1977,10,18,12,676,582,235,24.8,13.7,50,1018,3.4,300,0
1977,10,18,13,640,694,162,25.2,13.8,49,1017,3.3,310,0
1977,10,18,14,500,605,159,25.6,13.9,49,1016,3.1,320,0
1977,10,18,15,289,403,128,23.5,14.3,56,1016,2.1,310,0
1977,10,18,16,104,220,60,21.5,14.2,63,1016,1,290,0
1977,10,18,17,15,18,13,19.4,13.9,70,1016,0,0,0
1977,10,18,18,0,0,0,18.7,14.4,76,1016,0.9,260,0
1977,10,18,19,0,0,0,17.9,14.6,81,1016,1.7,250,0
1977,10,18,20,0,0,0,17.2,15,87,1017,2.6,230,0
1977,10,18,21,0,0,0,16.5,14.7,89,1017,2.2,230,0
1977,10,18,22,0,0,0,15.7,14.3,91,1016,1.9,240,0
1977,10,18,23,0,0,0,15,13.9,93,1016,1.5,240,0
1977,10,19,0,0,0,0,15.2,14.1,93,1016,1.7,240,0
1977,10,19,1,0,0,0,15.4,14.3,93,1016,1.9,250,0
1977,10,19,2,0,0,0,15.6,14.4,93,1016,2.1,250,0
1977,10,19,3,0,0,0,15.2,14.3,94,1016,1.7,260,0
1977,10,19,4,0,0,0,14.8,14,95,1016,1.4,270,0
1977,10,19,5,0,0,0,14.4,13.9,96,1017,1,280,0
1977,10,19,6,52,229,26,17,15.4,90,1017,1.7,280,0
1977,10,19,7,232,618,52,19.6,17,85,1018,2.4,280,0
1977,10,19,8,439,766,74,22.2,18.3,79,1018,3.1,280,0
1977,10,19,9,610,833,90,23.9,18.6,72,1018,3.4,290,0
1977,10,19,10,731,873,99,25.5,18.5,65,1017,3.8,300,0
1977,10,19,11,788,892,103,27.2,18.3,58,1017,4.1,310,0
1977,10,19,12,770,886,102,27.4,18.4,58,1016,3.4,300,0
1977,10,19,13,686,864,95,27.6,18.6,58,1016,2.8,290,0
1977,10,19,14,538,812,83,27.8,18.9,58,1015,2.1,280,0
1977,10,19,15,344,712,64,25.6,19.3,68,1015,1.4,280,0
1977,10,19,16,134,480,41,23.3,19.1,77,1015,0.7,270,0
1977,10,19,17,20,51,13,21.1,18.9,87,1015,0,0,0
1977,10,19,18,0,0,0,20.7,18.8,89,1016,0.7,270,0
1977,10,19,19,0,0,0,20.4,18.9,91,1016,1.4,260,0
1977,10,19,20,0,0,0,20,18.9,93,1017,2.1,260,0
1977,10,19,21,0,0,0,19.6,18.5,93,1017,2.3,310,0
1977,10,19,22,0,0,0,19.3,18.2,93,1017,2.4,0,0
1977,10,19,23,0,0,0,18.9,17.8,93,1017,2.6,50,0
1977,10,20,0,0,0,0,18.5,17.7,95,1017,2.1,20,0
1977,10,20,1,0,0,0,18.2,17.9,98,1017,1.5,340,0
1977,10,20,2,0,0,0,17.8,17.8,100,1017,1,310,0
1977,10,20,3,0,0,0,18,16.9,93,1017,1.2,0,0
1977,10,20,4,0,0,0,18.1,15.6,85,1018,1.3,60,0
1977,10,20,5,0,0,0,18.3,14.4,78,1018,1.5,110,0
1977,10,20,6,20,1,20,19.1,15,77,1019,1.5,110,0
1977,10,20,7,82,5,81,19.8,15.7,77,1020,1.5,120,0
1977,10,20,8,160,5,158,20.6,16.1,76,1020,1.5,120,0
1977,10,20,9,372,208,242,21.9,17.1,74,1020,1.7,80,0
1977,10,20,10,420,191,282,23.1,17.6,71,1020,1.9,40,0
1977,10,20,11,565,383,272,24.4,18.3,69,1019,2.1,0,0
1977,10,20,12,513,223,346,24.6,18.8,70,1019,2.4,10,0
1977,10,20,13,471,257,296,24.8,19,70,1018,2.8,20,0
1977,10,20,14,325,167,232,25,19.4,71,1018,3.1,30,0
1977,10,20,15,182,68,156,23.9,19,74,1018,2.9,50,0
1977,10,20,16,49,1,48,22.8,18.4,76,1018,2.8,70,0
1977,10,20,17,6,1,6,21.7,17.8,79,1018,2.6,90,0
1977,10,20,18,0,0,0,20.8,18,84,1019,2.2,80,0
1977,10,20,19,0,0,0,19.8,17.8,88,1019,1.9,80,0
1977,10,20,20,0,0,0,18.9,17.8,93,1019,1.5,70,0
1977,10,20,21,0,0,0,18.7,17.2,91,1019,1.9,80,0
1977,10,20,22,0,0,0,18.5,16.7,89,1019,2.2,100,0
1977,10,20,23,0,0,0,18.3,16.1,87,1019,2.6,110,0
1977,10,21,0,0,0,0,17.9,15.9,88,1019,2.1,100,0
1977,10,21,1,0,0,0,17.6,15.8,89,1019,1.5,90,0
1977,10,21,2,0,0,0,17.2,15.6,90,1019,1,80,0
1977,10,21,3,0,0,0,17,15.5,91,1019,1.5,80,0
1977,10,21,4,0,0,0,16.9,15.6,92,1020,2.1,70,0
1977,10,21,5,0,0,0,16.7,15.6,93,1020,2.6,70,0
1977,10,21,6,33,31,30,18.7,16.3,86,1021,2.9,90,0
1977,10,21,7,175,275,96,20.8,16.8,78,1021,3.3,100,0
1977,10,21,8,391,535,140,22.8,17.2,71,1021,3.6,120,0
1977,10,21,9,564,625,178,23.7,17.2,67,1021,3.8,100,0
1977,10,21,10,662,639,204,24.7,17.5,64,1021,3.9,80,0
1977,10,21,11,704,662,201,25.6,17.2,60,1021,4.1,60,0
1977,10,21,12,687,654,199,25.8,16.7,57,1020,4.1,70,0
1977,10,21,13,608,609,197,25.9,15.6,53,1020,4.1,70,0
1977,10,21,14,431,480,166,26.1,15,50,1020,4.1,80,0
1977,10,21,15,275,422,113,24.3,14.7,55,1020,3.8,90,0
1977,10,21,16,101,187,66,22.4,14.5,61,1020,3.4,100,0
1977,10,21,17,13,2,12,20.6,13.9,66,1020,3.1,110,0
1977,10,21,18,0,0,0,19.1,14.6,75,1020,2.1,100,0
1977,10,21,19,0,0,0,17.6,14.9,84,1020,1,100,0
1977,10,21,20,0,0,0,16.1,15,93,1021,0,0,0
1977,10,21,21,0,0,0,16.7,15.4,92,1021,0.5,80,0
1977,10,21,22,0,0,0,17.2,15.7,91,1020,1,80,0
1977,10,21,23,0,0,0,17.8,16.1,90,1020,1.5,70,0
1977,10,22,0,0,0,0,17.6,16.3,92,1020,1.7,60,0
1977,10,22,1,0,0,0,17.4,16.6,95,1020,1.9,60,0
1977,10,22,2,0,0,0,17.2,16.7,97,1019,2.1,50,0
1977,10,22,3,0,0,0,17.4,16.9,97,1019,2.4,50,0
1977,10,22,4,0,0,0,17.6,17.1,97,1019,2.8,60,0
1977,10,22,5,0,0,0,17.8,17.2,97,1019,3.1,60,0
1977,10,22,6,44,129,29,19.5,17.8,90,1020,3.1,70,0
1977,10,22,7,210,513,65,21.1,18.1,83,1020,3.1,80,0
1977,10,22,8,415,687,94,22.8,18.3,76,1021,3.1,90,0
1977,10,22,9,558,674,144,23.9,18.6,72,1020,4.3,90,0
1977,10,22,10,629,598,203,25,18.9,69,1020,5.5,90,0
1977,10,22,11,497,281,284,26.1,18.9,65,1019,6.7,90,0
1977,10,22,12,582,479,227,25.9,19.1,66,1019,6.4,80,0
1977,10,22,13,379,171,264,25.8,19,66,1019,6,70,0
1977,10,22,14,388,435,150,25.6,18.9,67,1018,5.7,60,0
1977,10,22,15,232,193,158,24.7,19.6,73,1018,5,70,0
1977,10,22,16,103,266,55,23.7,19.7,78,1018,4.3,80,0
1977,10,22,17,11,7,10,22.8,20,84,1018,3.6,90,0
1977,10,22,18,0,0,0,22.6,20.2,86,1018,3.4,90,0
1977,10,22,19,0,0,0,22.4,20.3,88,1018,3.3,80,0
1977,10,22,20,0,0,0,22.2,20.6,90,1018,3.1,80,0
1977,10,22,21,0,0,0,22.2,20.3,89,1018,3.3,90,0
1977,10,22,22,0,0,0,22.2,20.1,88,1018,3.4,110,0
1977,10,22,23,0,0,0,22.2,20,87,1018,3.6,120,0
1977,10,23,0,0,0,0,22.2,19.9,87,1017,3.8,110,0
1977,10,23,1,0,0,0,22.2,19.9,87,1017,3.9,110,0
1977,10,23,2,0,0,0,22.2,20,87,1016,4.1,100,0
1977,10,23,3,0,0,0,21.8,19.7,88,1017,3.4,80,0
1977,10,23,4,0,0,0,21.5,19.6,89,1017,2.8,50,0
1977,10,23,5,0,0,0,21.1,19.4,90,1018,2.1,30,0
1977,10,23,6,27,1,27,21.8,19.4,86,1018,2.9,50,0
1977,10,23,7,81,12,78,22.6,19.6,83,1018,3.8,70,0
1977,10,23,8,180,59,153,23.3,19.4,79,1018,4.6,90,0
1977,10,23,9,206,64,167,23.5,19.5,78,1018,5,100,0
1977,10,23,10,353,75,300,23.7,19.4,77,1017,5.3,100,0
1977,10,23,11,371,108,290,23.9,19.4,76,1017,5.7,110,0
1977,10,23,12,349,50,312,24.3,19.4,74,1017,5.9,100,0
1977,10,23,13,359,53,324,24.6,19.5,73,1016,6,90,0
1977,10,23,14,218,74,177,25,19.4,71,1016,6.2,80,0
1977,10,23,15,184,58,162,24.3,19.6,75,1016,5.3,80,0
1977,10,23,16,71,23,67,23.5,19.5,78,1016,4.5,70,0
1977,10,23,17,5,0,5,22.8,19.4,82,1016,3.6,70,0
1977,10,23,18,0,0,0,22.4,19.6,84,1016,3.1,70,0
1977,10,23,19,0,0,0,22.1,19.5,85,1016,2.6,60,0
1977,10,23,20,0,0,0,21.7,19.4,87,1017,2.1,60,0
1977,10,23,21,0,0,0,21.5,19.3,87,1017,2.6,60,0
1977,10,23,22,0,0,0,21.3,19.1,87,1017,3.1,70,0
1977,10,23,23,0,0,0,21.1,18.9,87,1017,3.6,70,0
1977,10,24,0,0,0,0,20.7,18.7,88,1016,3.8,70,0
1977,10,24,1,0,0,0,20.4,18.5,89,1016,3.9,60,0
1977,10,24,2,0,0,0,20,18.3,90,1016,4.1,60,0
1977,10,24,3,0,0,0,20.2,18.5,90,1016,3.8,50,0
1977,10,24,4,0,0,0,20.4,18.7,90,1016,3.4,50,0
1977,10,24,5,0,0,0,20.6,18.9,90,1016,3.1,40,0
1977,10,24,6,24,15,22,21,19.5,91,1016,2.9,50,0
1977,10,24,7,104,2,104,21.3,20,92,1017,2.8,70,0
1977,10,24,8,99,8,95,21.7,20.6,93,1017,2.6,80,0
1977,10,24,9,199,4,196,21.5,20.5,94,1017,3.1,80,0
1977,10,24,10,297,10,289,21.3,20.6,96,1016,3.6,90,0
1977,10,24,11,192,6,187,21.1,20.6,97,1016,4.1,90,0
1977,10,24,12,350,3,348,21.3,20.6,96,1015,4.3,80,0
1977,10,24,13,290,3,289,21.5,20.5,94,1015,4.4,70,0
1977,10,24,14,159,2,158,21.7,20.6,93,1014,4.6,60,0
1977,10,24,15,170,1,170,22.1,20.9,93,1014,4.6,70,0
1977,10,24,16,68,1,68,22.4,21.2,93,1014,4.6,90,0
1977,10,24,17,9,0,9,22.8,21.7,93,1014,4.6,100,0
1977,10,24,18,0,0,0,22.8,21.6,93,1014,4.1,100,0
1977,10,24,19,0,0,0,22.8,21.6,93,1014,3.6,110,0
1977,10,24,20,0,0,0,22.8,21.7,93,1014,3.1,110,0
1977,10,24,21,0,0,0,22.8,21.6,93,1014,2.9,110,0
1977,10,24,22,0,0,0,22.8,21.6,93,1013,2.8,120,0
1977,10,24,23,0,0,0,22.8,21.7,93,1013,2.6,120,0
1977,10,25,0,0,0,0,22.8,21.6,93,1013,2.8,140,0
1977,10,25,1,0,0,0,22.8,21.6,93,1012,2.9,170,0
1977,10,25,2,0,0,0,22.8,21.7,93,1012,3.1,190,0
1977,10,25,3,0,0,0,22.6,21.4,93,1013,2.8,240,0
1977,10,25,4,0,0,0,22.4,21.2,93,1013,2.4,300,0
1977,10,25,5,0,0,0,22.2,21.1,93,1013,2.1,350,0
1977,10,25,6,30,0,30,22,20.8,93,1014,2.1,340,0
1977,10,25,7,95,1,95,21.9,20.7,93,1015,2.1,340,0
1977,10,25,8,189,1,188,21.7,20.6,93,1016,2.1,330,0
1977,10,25,9,285,1,284,22.1,20.8,92,1015,2.9,320,0
1977,10,25,10,326,0,326,22.4,20.9,91,1015,3.8,320,0
1977,10,25,11,356,1,355,22.8,21.1,90,1015,4.6,310,0
1977,10,25,12,321,1,320,23.2,20.9,87,1015,4.1,320,0
1977,10,25,13,295,0,295,23.5,20.8,85,1014,3.6,330,0
1977,10,25,14,242,0,242,23.9,20.6,82,1014,3.1,340,0
1977,10,25,15,142,0,142,23.2,20.4,84,1014,3.1,330,0
1977,10,25,16,60,0,60,22.4,19.8,85,1015,3.1,330,0
1977,10,25,17,9,0,9,21.7,19.4,87,1015,3.1,320,0
1977,10,25,18,0,0,0,21.3,19.2,88,1015,3.1,320,0
1977,10,25,19,0,0,0,21,19.1,89,1016,3.1,330,0
1977,10,25,20,0,0,0,20.6,18.9,90,1016,3.1,330,0
1977,10,25,21,0,0,0,20.2,18.9,92,1016,2.6,320,0
1977,10,25,22,0,0,0,19.8,19,95,1016,2,310,0
1977,10,25,23,0,0,0,19.4,18.9,97,1016,1.5,300,0
1977,10,26,0,0,0,0,18.9,18.4,97,1016,1.7,310,0
1977,10,26,1,0,0,0,18.3,17.8,97,1015,1.9,320,0
1977,10,26,2,0,0,0,17.8,17.2,97,1015,2.1,330,0
1977,10,26,3,0,0,0,17.2,16.9,98,1015,1.7,340,0
1977,10,26,4,0,0,0,16.7,16.6,99,1016,1.4,340,0
1977,10,26,5,0,0,0,16.1,16.1,100,1016,1,350,0
1977,10,26,6,42,85,32,17.6,17.1,97,1017,1.4,340,0
1977,10,26,7,167,290,88,19.1,18,93,1017,1.7,320,0
1977,10,26,8,301,358,139,20.6,18.9,90,1018,2.1,310,0
1977,10,26,9,517,699,98,22.1,19.5,85,1017,2.6,300,0
1977,10,26,10,614,681,140,23.5,19.7,79,1017,3.1,280,0
1977,10,26,11,679,784,99,25,20,74,1016,3.6,270,0
1977,10,26,12,706,819,112,25.2,19.8,72,1015,3.6,290,0
1977,10,26,13,611,789,95,25.4,19.3,69,1015,3.6,300,0
1977,10,26,14,453,608,130,25.6,18.9,67,1014,3.6,320,0
1977,10,26,15,306,674,59,24.5,18.7,70,1014,3.1,320,0
1977,10,26,16,103,285,55,23.3,18.2,73,1014,2.6,310,0
1977,10,26,17,14,49,8,22.2,17.8,76,1014,2.1,310,0
1977,10,26,18,0,0,0,21.5,17.3,77,1015,2.6,330,0
1977,10,26,19,0,0,0,20.7,16.5,77,1015,3.1,350,0
1977,10,26,20,0,0,0,20,16.1,78,1016,3.6,10,0
1977,10,26,21,0,0,0,19.3,15.8,80,1016,2.9,0,0
1977,10,26,22,0,0,0,18.5,15.4,82,1016,2.2,350,0
1977,10,26,23,0,0,0,17.8,15,84,1016,1.5,340,0
1977,10,27,0,0,0,0,17.4,14.9,85,1016,1.9,350,0
1977,10,27,1,0,0,0,17.1,14.8,86,1015,2.2,10,0
1977,10,27,2,0,0,0,16.7,14.4,87,1015,2.6,20,0
1977,10,27,3,0,0,0,15.8,13.8,88,1015,2.6,20,0
1977,10,27,4,0,0,0,14.8,13,89,1016,2.6,20,0
1977,10,27,5,0,0,0,13.9,12.2,90,1016,2.6,20,0
1977,10,27,6,43,164,25,15.4,13.3,87,1016,2.8,20,0
1977,10,27,7,207,578,52,16.8,14.1,84,1017,2.9,10,0
1977,10,27,8,407,738,75,18.3,15,81,1017,3.1,10,0
1977,10,27,9,580,820,92,19.4,15.3,77,1017,2.9,10,0
1977,10,27,10,703,867,102,20.6,15.4,72,1017,2.8,0,0
1977,10,27,11,755,882,107,21.7,15.6,68,1016,2.6,0,0
1977,10,27,12,714,852,100,22.4,15.5,65,1015,2.4,350,0
1977,10,27,13,589,710,127,23.2,15.3,61,1015,2.3,350,0
1977,10,27,14,452,643,113,23.9,15,58,1014,2.1,340,0
1977,10,27,15,262,448,100,21.9,15.5,67,1014,1.9,310,0
1977,10,27,16,95,280,49,19.8,15.3,75,1014,1.7,270,0
1977,10,27,17,10,9,8,17.8,15,84,1014,1.5,240,0
1977,10,27,18,0,0,0,17.4,14.9,85,1014,1.9,260,0
1977,10,27,19,0,0,0,17.1,14.8,86,1015,2.2,280,0
1977,10,27,20,0,0,0,16.7,14.4,87,1015,2.6,300,0
1977,10,27,21,0,0,0,17.1,14.8,86,1015,2.1,300,0
1977,10,27,22,0,0,0,17.4,14.9,85,1015,1.5,310,0
1977,10,27,23,0,0,0,17.8,15,84,1015,1,310,0
1977,10,28,0,0,0,0,17.2,14.9,86,1015,1.5,330,0
1977,10,28,1,0,0,0,16.7,14.7,88,1015,2.1,340,0
1977,10,28,2,0,0,0,16.1,14.4,90,1015,2.6,360,0
1977,10,28,3,0,0,0,15.9,14.3,90,1015,2.8,350,0
1977,10,28,4,0,0,0,15.8,14.2,90,1015,2.9,330,0
1977,10,28,5,0,0,0,15.6,13.9,90,1016,3.1,320,0
1977,10,28,6,29,22,26,16.9,14.8,87,1016,2.9,330,0
1977,10,28,7,100,77,80,18.1,15.4,84,1017,2.8,350,0
1977,10,28,8,226,103,180,19.4,16.1,81,1017,2.6,360,0
1977,10,28,9,339,124,265,20.5,16.2,76,1017,2.8,360,0
1977,10,28,10,483,438,181,21.7,16.2,71,1016,2.9,360,0
1977,10,28,11,680,713,158,22.8,16.1,66,1016,3.1,360,0
1977,10,28,12,524,376,254,23,15.6,63,1016,2.8,350,0
1977,10,28,13,336,151,239,23.1,15.2,61,1015,2.4,330,0
1977,10,28,14,246,188,148,23.3,14.4,58,1015,2.1,320,0
1977,10,28,15,176,84,146,21.8,15.7,68,1015,1.7,320,0
1977,10,28,16,57,28,53,20.4,16.3,77,1015,1.4,330,0
1977,10,28,17,9,3,8,18.9,16.7,87,1015,1,330,0
1977,10,28,18,0,0,0,18,16.4,90,1015,0.7,330,0
1977,10,28,19,0,0,0,17,16.1,94,1015,0.3,340,0
1977,10,28,20,0,0,0,16.1,15.6,97,1015,0,0,0
1977,10,28,21,0,0,0,16.3,15.7,96,1015,0,0,0
1977,10,28,22,0,0,0,16.5,15.6,94,1015,0,0,0
1977,10,28,23,0,0,0,16.7,15.6,93,1014,0,0,0
1977,10,29,0,0,0,0,15.9,15,94,1014,0,0,0
1977,10,29,1,0,0,0,15.2,14.4,95,1014,0,0,0
1977,10,29,2,0,0,0,14.4,13.9,96,1014,0,0,0
1977,10,29,3,0,0,0,14.2,13.8,97,1014,0,0,0
1977,10,29,4,0,0,0,14.1,14,99,1014,0,0,0
1977,10,29,5,0,0,0,13.9,13.9,100,1014,0,0,0
1977,10,29,6,43,172,23,16.3,15.4,94,1015,0.7,30,0
1977,10,29,7,194,609,35,18.7,16.5,87,1015,1.4,40,0
1977,10,29,8,376,721,57,21.1,17.8,81,1016,2.1,40,0
1977,10,29,9,583,871,70,22,17.8,77,1016,2.4,30,0
1977,10,29,10,696,901,78,23,17.9,73,1015,2.8,30,0
1977,10,29,11,748,916,81,23.9,17.8,69,1015,3.1,20,0
1977,10,29,12,731,913,80,24.3,17.8,67,1014,3.1,20,0
1977,10,29,13,643,885,75,24.6,17.4,64,1014,3.1,10,0
1977,10,29,14,502,844,64,25,17.2,62,1014,3.1,10,0
1977,10,29,15,311,740,49,23.3,17.5,70,1014,2.1,10,0
1977,10,29,16,107,489,30,21.7,17.9,79,1014,1,10,0
1977,10,29,17,11,39,6,20,17.8,87,1014,0,0,0
1977,10,29,18,0,0,0,19.1,17.4,90,1014,0,0,0
1977,10,29,19,0,0,0,18.1,17.1,94,1015,0,0,0
1977,10,29,20,0,0,0,17.2,16.7,97,1015,0,0,0
1977,10,29,21,0,0,0,17,16.7,98,1015,0,0,0
1977,10,29,22,0,0,0,16.9,16.8,99,1014,0,0,0
1977,10,29,23,0,0,0,16.7,16.7,100,1014,0,0,0
1977,10,30,0,0,0,0,15.9,15.9,100,1014,0,0,0
1977,10,30,1,0,0,0,15.2,15.2,100,1014,0,0,0
1977,10,30,2,0,0,0,14.4,14.4,100,1014,0,0,0
1977,10,30,3,0,0,0,14.2,14.2,100,1014,0,0,0
1977,10,30,4,0,0,0,14.1,14.1,100,1015,0,0,0
1977,10,30,5,0,0,0,13.9,13.9,100,1015,0,0,0
1977,10,30,6,35,83,25,16.1,16,99,1015,0,0,0
1977,10,30,7,173,363,80,18.4,18.1,98,1016,0,0,0
1977,10,30,8,362,567,113,20.6,20,97,1016,0,0,0
1977,10,30,9,310,264,156,22.1,20,88,1016,0.9,20,0
1977,10,30,10,612,579,217,23.5,19.5,78,1015,1.7,20,0
1977,10,30,11,658,671,172,25,18.9,69,1015,2.6,20,0
1977,10,30,12,635,578,225,25,19.2,70,1014,2.8,30,0
1977,10,30,13,561,552,210,25,19.2,70,1014,2.9,40,0
1977,10,30,14,360,390,159,25,19.4,71,1013,3.1,50,0
1977,10,30,15,240,299,135,24.1,19.4,75,1013,3.1,60,0
1977,10,30,16,39,28,35,23.1,19.5,80,1014,3.1,70,0
1977,10,30,17,7,0,7,22.2,19.4,84,1014,3.1,80,0
1977,10,30,18,0,0,0,21.7,19.5,87,1014,2.8,90,0
1977,10,30,19,0,0,0,21.1,19.4,90,1014,2.4,90,0
1977,10,30,20,0,0,0,20.6,19.4,93,1014,2.1,100,0
1977,10,30,21,0,0,0,20.2,19.2,94,1014,1.4,100,0
1977,10,30,22,0,0,0,19.8,19.2,96,1014,0.7,100,0
1977,10,30,23,0,0,0,19.4,18.9,97,1014,0,0,0
1977,10,31,0,0,0,0,18.9,18.6,98,1014,0,0,0
1977,10,31,1,0,0,0,18.3,18.2,99,1014,0,0,0
1977,10,31,2,0,0,0,17.8,17.8,100,1014,0,0,0
1977,10,31,3,0,0,0,17.4,17.4,100,1014,0.5,90,0
1977,10,31,4,0,0,0,17.1,17.1,100,1015,1,90,0
1977,10,31,5,0,0,0,16.7,16.7,100,1015,1.5,90,0
1977,10,31,6,24,5,23,18.4,17.9,97,1015,1.7,90,0
1977,10,31,7,138,156,98,20,18.9,93,1016,1.9,90,0
1977,10,31,8,274,228,174,21.7,20,90,1016,2.1,90,0
1977,10,31,9,367,285,202,23.2,20,82,1016,2.3,100,0
1977,10,31,10,370,128,283,24.6,19.9,75,1016,2.4,110,0
1977,10,31,11,595,419,294,26.1,19.4,67,1016,2.6,120,0
1977,10,31,12,469,290,265,26.5,19.6,66,1015,3.1,110,0
1977,10,31,13,427,121,350,26.8,19.4,64,1014,3.6,100,0
1977,10,31,14,342,367,154,27.2,19.4,63,1014,4.1,90,0
1977,10,31,15,229,268,136,25.9,19.8,69,1014,4.3,100,0
1977,10,31,16,64,120,46,24.6,20.1,76,1014,4.4,110,0
1977,10,31,17,3,1,2,23.3,20,82,1014,4.6,120,0
1977,10,31,18,0,0,0,22.3,19.6,84,1015,4.3,131,0
1977,10,31,19,0,0,0,21.4,19,86,1016,4.1,136,0
1977,10,31,20,0,0,0,20.4,18.5,88,1017,3.9,149,0
1977,10,31,21,0,0,0,19.5,17.9,90,1018,4,157,0
1977,10,31,22,0,0,0,18.6,17.4,92,1018,4,171,0
1977,10,31,23,0,0,0,17.9,16.9,94,1019,3.9,184,0
1987,11,1,0,0,0,0,16.6,15.9,95,1021,3.4,216,0
1987,11,1,1,0,0,0,15.8,15.2,96,1021,2.6,143,0
1987,11,1,2,0,0,0,14.9,14.4,96,1022,2.1,114,0
1987,11,1,3,0,0,0,13.5,13.1,97,1023,1.6,86,0
1987,11,1,4,0,0,0,12.1,11.8,98,1024,1,57,0
1987,11,1,5,0,0,0,12.5,11.9,95,1025,2.3,337,0
1987,11,1,6,32,54,26,14.4,14.4,100,1026,3.6,20,0
1987,11,1,7,171,405,70,17.8,15,84,1026,3.6,40,0
1987,11,1,8,372,616,105,20,12.8,63,1026,4.6,40,0
1987,11,1,9,547,720,131,22.2,11.7,51,1026,4.6,50,0
1987,11,1,10,669,775,147,22.8,10,45,1026,5.2,50,0
1987,11,1,11,722,793,154,24.4,9.4,39,1025,5.2,40,0
1987,11,1,12,704,788,152,25.6,8.3,34,1024,5.2,40,0
1987,11,1,13,618,757,140,26.1,8.3,33,1023,4.6,50,0
1987,11,1,14,467,684,119,26.1,7.8,31,1023,3.6,70,0
1987,11,1,15,272,535,88,25.6,7.8,32,1023,2.6,60,0
1987,11,1,16,81,224,48,23.3,8.9,40,1023,1.5,90,0
1987,11,1,17,5,2,5,18.3,10,59,1023,0,0,0
1987,11,1,18,0,0,0,16.1,11.1,72,1023,0,0,0
1987,11,1,19,0,0,0,15,11.1,78,1023,0,0,0
1987,11,1,20,0,0,0,13.3,10.6,83,1023,0,0,0
1987,11,1,21,0,0,0,13.9,11.1,84,1023,0,0,0
1987,11,1,22,0,0,0,13.3,12.2,93,1023,0,0,0
1987,11,1,23,0,0,0,13.3,12.2,93,1023,0,0,0
1987,11,2,0,0,0,0,14.4,13.9,97,1022,0,0,0
1987,11,2,1,0,0,0,14.4,13.9,97,1022,0,0,0
1987,11,2,2,0,0,0,13.9,13.9,100,1021,1.5,350,0
1987,11,2,3,0,0,0,13.3,13.3,100,1021,2.6,360,0
1987,11,2,4,0,0,0,12.8,12.8,100,1021,2.6,360,0
1987,11,2,5,0,0,0,15.6,13.3,87,1021,3.1,20,0
1987,11,2,6,36,125,22,16.1,12.8,81,1022,2.6,40,0
1987,11,2,7,187,549,51,19.4,13.9,70,1022,4.6,50,0
1987,11,2,8,361,668,74,21.1,15,68,1022,4.1,30,0
1987,11,2,9,522,714,113,22.8,16.1,66,1022,4.6,50,0
1987,11,2,10,629,741,133,25,16.7,60,1021,4.6,50,0
1987,11,2,11,682,803,110,26.1,16.7,56,1020,4.1,60,0
1987,11,2,12,604,625,168,26.7,15.6,51,1019,6.2,70,0
1987,11,2,13,536,638,136,26.1,16.1,54,1019,7.7,100,0
1987,11,2,14,410,519,148,25.6,16.1,56,1018,5.7,110,0
1987,11,2,15,246,426,101,26.1,14.4,49,1018,5.2,110,0
1987,11,2,16,61,64,51,23.3,15.6,62,1018,5.2,100,0
1987,11,2,17,2,2,2,21.1,15.6,71,1018,3.1,110,0
1987,11,2,18,0,0,0,18.9,15.6,81,1018,0,0,0
1987,11,2,19,0,0,0,17.2,16.1,93,1019,0,0,0
1987,11,2,20,0,0,0,16.7,15.6,93,1019,2.1,360,0
1987,11,2,21,0,0,0,17.2,16.1,93,1019,0,0,0
1987,11,2,22,0,0,0,16.1,15.6,97,1018,2.1,360,0
1987,11,2,23,0,0,0,15.6,15,97,1018,2.6,350,0
1987,11,3,0,0,0,0,17.8,16.7,93,1017,3.1,10,0
1987,11,3,1,0,0,0,18.3,14.4,78,1017,3.1,360,0
1987,11,3,2,0,0,0,17.2,14.4,84,1016,2.6,40,0
1987,11,3,3,0,0,0,17.2,14.4,84,1016,3.1,20,0
1987,11,3,4,0,0,0,17.2,14.4,84,1016,3.1,20,0
1987,11,3,5,0,0,0,16.7,14.4,87,1017,2.6,20,0
1987,11,3,6,35,102,24,18.3,15,81,1017,4.1,40,0
1987,11,3,7,180,521,53,20,15,73,1017,4.6,30,0
1987,11,3,8,380,711,77,21.1,14.4,66,1017,6.2,50,0
1987,11,3,9,467,514,175,22.8,15.6,64,1017,6.2,70,0
1987,11,3,10,451,277,267,22.2,15.6,66,1017,6.2,70,0
1987,11,3,11,180,7,175,22.2,16.7,71,1016,5.7,60,0
1987,11,3,12,185,9,179,21.1,18.3,84,1015,6.7,60,0
1987,11,3,13,238,9,233,21.1,18.3,84,1014,5.2,70,0
1987,11,3,14,187,6,184,22.8,17.8,74,1013,4.1,60,0
1987,11,3,15,119,7,116,22.8,17.2,71,1013,3.1,70,0
1987,11,3,16,36,1,36,21.7,17.2,76,1013,2.6,50,0
1987,11,3,17,3,0,3,22.2,17.2,73,1014,4.1,80,0
1987,11,3,18,0,0,0,21.1,18.3,84,1014,3.1,100,0
1987,11,3,19,0,0,0,20.6,17.8,84,1014,5.7,90,0
1987,11,3,20,0,0,0,20.6,17.8,84,1014,4.6,70,0
1987,11,3,21,0,0,0,20,18.3,90,1014,2.1,360,0
1987,11,3,22,0,0,0,20,18.3,90,1013,2.1,340,0
1987,11,3,23,0,0,0,19.4,18.3,93,1013,0,0,0
1987,11,4,0,0,0,0,19.4,18.3,93,1012,0,0,0
1987,11,4,1,0,0,0,19.4,18.3,93,1012,2.6,350,0
1987,11,4,2,0,0,0,20,18.3,90,1012,2.6,340,0
1987,11,4,3,0,0,0,20.6,17.8,84,1012,3.6,20,0
1987,11,4,4,0,0,0,18.9,18.3,97,1012,4.1,360,0
1987,11,4,5,0,0,0,18.9,18.3,97,1012,5.7,10,0
1987,11,4,6,16,1,15,19.4,18.3,93,1012,5.2,10,0
1987,11,4,7,64,1,64,19.4,17.8,90,1013,6.7,10,0
1987,11,4,8,113,1,113,18.9,17.8,93,1014,5.2,360,0
1987,11,4,9,157,0,157,20,18.9,93,1014,5.7,10,0
1987,11,4,10,311,1,310,20,18.3,90,1013,4.6,10,0
1987,11,4,11,339,1,339,21.7,18.9,84,1012,5.7,10,0
1987,11,4,12,352,1,351,21.7,18.9,84,1011,5.2,360,0
1987,11,4,13,294,1,294,21.7,18.9,84,1011,5.2,10,0
1987,11,4,14,227,1,226,22.8,18.9,79,1011,4.6,20,0
1987,11,4,15,162,109,125,22.2,18.9,82,1011,3.1,40,0
1987,11,4,16,67,86,55,21.1,18.9,87,1011,2.1,350,0
1987,11,4,17,3,2,2,19.4,18.3,93,1012,2.6,350,0
1987,11,4,18,0,0,0,20,18.3,90,1012,2.1,350,0
1987,11,4,19,0,0,0,20,17.8,87,1013,2.1,360,0
1987,11,4,20,0,0,0,18.9,17.8,93,1013,2.1,350,0
1987,11,4,21,0,0,0,18.9,17.8,93,1013,2.1,360,0
1987,11,4,22,0,0,0,18.9,16.1,84,1013,3.1,350,0
1987,11,4,23,0,0,0,17.8,16.7,93,1013,2.1,20,0
1987,11,5,0,0,0,0,16.1,15.6,97,1013,2.1,290,0
1987,11,5,1,0,0,0,16.7,16.1,97,1013,3.1,330,0
1987,11,5,2,0,0,0,16.1,15,93,1013,3.1,330,0
1987,11,5,3,0,0,0,17.2,15,87,1014,4.1,350,0
1987,11,5,4,0,0,0,16.7,14.4,87,1014,3.1,340,0
1987,11,5,5,0,0,0,16.1,14.4,90,1015,2.6,340,0
1987,11,5,6,37,191,16,16.7,14.4,87,1016,2.1,320,0
1987,11,5,7,184,626,35,20,15,73,1017,4.6,360,0
1987,11,5,8,387,805,50,21.1,13.9,64,1017,5.2,10,0
1987,11,5,9,560,885,63,22.8,13.9,57,1018,6.2,360,0
1987,11,5,10,677,922,70,23.9,13.3,52,1018,5.2,10,0
1987,11,5,11,729,936,73,25.6,13.3,47,1017,5.7,10,0
1987,11,5,12,708,927,72,26.1,13.9,47,1017,6.7,360,0
1987,11,5,13,623,904,67,26.7,13.9,45,1016,6.7,360,0
1987,11,5,14,482,859,57,26.7,13.3,44,1016,5.7,10,0
1987,11,5,15,292,752,43,26.1,12.8,44,1016,5.2,10,0
1987,11,5,16,92,483,26,23.9,12.2,48,1017,5.2,350,0
1987,11,5,17,7,28,3,21.7,10.6,49,1018,4.1,350,0
1987,11,5,18,0,0,0,21.7,8.9,44,1019,5.7,350,0
1987,11,5,19,0,0,0,20.6,7.2,42,1020,5.7,340,0
1987,11,5,20,0,0,0,19.4,4.4,37,1021,7.7,360,0
1987,11,5,21,0,0,0,17.8,2.2,36,1022,6.7,20,0
1987,11,5,22,0,0,0,17.2,0.6,33,1022,8.2,30,0
1987,11,5,23,0,0,0,16.7,-2.8,27,1022,8.8,30,0
1987,11,6,0,0,0,0,15.6,-3.9,26,1022,7.7,30,0
1987,11,6,1,0,0,0,14.4,-3.3,29,1022,7.2,40,0
1987,11,6,2,0,0,0,13.9,-4.4,28,1022,8.8,40,0
1987,11,6,3,0,0,0,13.3,-5.6,27,1023,6.7,50,0
1987,11,6,4,0,0,0,12.8,-5.6,28,1024,7.2,60,0
1987,11,6,5,0,0,0,11.7,-5,31,1024,5.7,60,0
1987,11,6,6,34,117,21,11.7,-4.4,32,1025,6.7,50,0
1987,11,6,7,180,559,49,13.3,-2.8,33,1025,8.2,60,0
1987,11,6,8,385,756,71,13.9,-2.2,33,1026,6.2,50,0
1987,11,6,9,562,849,89,14.4,-3.3,29,1026,6.2,60,0
1987,11,6,10,680,888,99,16.1,-2.2,29,1026,5.2,50,0
1987,11,6,11,732,903,103,17.2,-0.6,30,1025,4.6,20,0
1987,11,6,12,715,899,102,18.9,-2.2,24,1024,4.6,30,0
1987,11,6,13,630,874,95,19.4,-3.3,21,1023,5.2,30,0
1987,11,6,14,478,811,80,20,-2.8,21,1023,3.1,60,0
1987,11,6,15,283,679,60,20,-3.3,21,1023,2.1,20,0
1987,11,6,16,82,353,35,16.7,2.8,40,1022,0,0,0
1987,11,6,17,4,7,3,12.2,0,43,1022,0,0,0
1987,11,6,18,0,0,0,10,3.3,64,1023,0,0,0
1987,11,6,19,0,0,0,9.4,4.4,71,1023,0,0,0
1987,11,6,20,0,0,0,7.8,4.4,80,1024,0,0,0
1987,11,6,21,0,0,0,8.3,5,80,1024,0,0,0
1987,11,6,22,0,0,0,7.8,5.6,86,1024,0,0,0
1987,11,6,23,0,0,0,7.8,5.6,86,1023,0,0,0
1987,11,7,0,0,0,0,7.8,6.1,89,1023,0,0,0
1987,11,7,1,0,0,0,7.8,6.7,93,1023,0,0,0
1987,11,7,2,0,0,0,10,7.8,86,1022,0,0,0
1987,11,7,3,0,0,0,10,8.3,90,1022,2.6,60,0
1987,11,7,4,0,0,0,10,8.3,90,1022,3.1,70,0
1987,11,7,5,0,0,0,9.4,8.3,93,1022,2.6,70,0
1987,11,7,6,24,18,22,11.7,10.6,93,1022,2.6,90,0
1987,11,7,7,145,305,74,16.1,13.3,84,1023,3.1,100,0
1987,11,7,8,318,442,136,20.6,13.9,66,1022,5.2,100,0
1987,11,7,9,472,529,179,22.8,13.9,57,1022,7.2,120,0
1987,11,7,10,520,412,252,23.3,14.4,58,1022,5.7,140,0
1987,11,7,11,382,110,305,22.8,14.4,60,1022,5.7,120,0
1987,11,7,12,337,92,274,23.3,14.4,58,1021,5.7,110,0
1987,11,7,13,260,46,232,23.3,15.6,62,1021,4.6,130,0
1987,11,7,14,255,121,196,22.8,16.1,66,1020,6.2,120,0
1987,11,7,15,151,138,107,21.7,16.1,71,1020,6.2,130,0
1987,11,7,16,39,1,38,21.7,16.1,71,1020,4.6,130,0
1987,11,7,17,0,0,0,21.1,16.7,76,1020,4.1,90,0
1987,11,7,18,0,0,0,19.4,16.7,84,1020,5.7,90,0
1987,11,7,19,0,0,0,19.4,16.7,84,1020,5.7,110,0
1987,11,7,20,0,0,0,19.4,16.7,84,1020,5.2,110,0
1987,11,7,21,0,0,0,18.9,16.1,84,1020,4.6,110,0
1987,11,7,22,0,0,0,18.9,16.1,84,1020,5.2,100,0
1987,11,7,23,0,0,0,18.3,16.1,87,1019,4.6,110,0
1987,11,8,0,0,0,0,17.8,16.7,93,1019,4.1,110,0
1987,11,8,1,0,0,0,17.8,16.7,93,1019,3.6,120,0
1987,11,8,2,0,0,0,17.8,16.7,93,1019,4.1,120,0
1987,11,8,3,0,0,0,18.3,16.7,90,1019,4.6,110,0
1987,11,8,4,0,0,0,17.8,16.1,90,1019,2.1,110,0
1987,11,8,5,0,0,0,18.9,17.2,90,1019,4.6,200,0
1987,11,8,6,13,2,13,19.4,17.8,90,1019,4.6,120,0
1987,11,8,7,88,49,77,21.7,18.3,81,1020,5.7,110,0
1987,11,8,8,124,41,107,22.8,18.3,76,1020,6.2,110,0
1987,11,8,9,259,35,239,24.4,18.9,71,1021,6.2,120,0
1987,11,8,10,524,402,264,25.6,18.9,67,1020,8.8,120,0
1987,11,8,11,484,270,298,26.1,17.8,60,1018,7.7,140,0
1987,11,8,12,526,375,273,26.1,18.3,62,1017,6.7,140,0
1987,11,8,13,345,99,285,25,18.9,69,1017,5.7,120,0
1987,11,8,14,152,23,140,25,18.9,69,1017,6.7,110,0
1987,11,8,15,63,1,62,23.9,18.9,74,1017,6.2,130,0
1987,11,8,16,32,1,32,22.8,18.3,76,1017,8.2,130,0
1987,11,8,17,0,0,0,22.2,18.9,82,1017,7.2,120,0
1987,11,8,18,0,0,0,21.7,18.9,84,1016,6.2,110,0
1987,11,8,19,0,0,0,21.7,18.3,81,1017,8.2,120,0
1987,11,8,20,0,0,0,21.7,18.9,84,1017,5.7,120,0
1987,11,8,21,0,0,0,20.6,19.4,93,1017,5.2,110,0
1987,11,8,22,0,0,0,21.1,19.4,90,1017,6.7,110,0
1987,11,8,23,0,0,0,20.6,19.4,93,1016,5.2,110,0
1987,11,9,0,0,0,0,20,19.4,97,1016,4.1,100,0
1987,11,9,1,0,0,0,20,19.4,97,1015,5.7,110,0
1987,11,9,2,0,0,0,20.6,19.4,93,1014,5.2,120,0
1987,11,9,3,0,0,0,20.6,19.4,93,1014,4.6,100,0
1987,11,9,4,0,0,0,20,19.4,97,1014,5.2,90,0
1987,11,9,5,0,0,0,20,19.4,97,1015,4.6,120,0
1987,11,9,6,11,1,11,20.6,19.4,93,1015,6.7,120,0
1987,11,9,7,85,3,84,21.1,20,93,1014,4.6,120,0
1987,11,9,8,136,47,117,22.2,20,87,1014,3.1,120,0
1987,11,9,9,291,81,246,22.8,20,84,1014,9.3,120,0
1987,11,9,10,383,168,275,24.4,20,76,1013,7.7,130,0
1987,11,9,11,317,9,311,23.3,20,82,1012,6.2,150,0
1987,11,9,12,174,2,172,23.3,20.6,85,1012,5.2,150,0
1987,11,9,13,238,7,234,23.9,20.6,82,1011,4.1,170,0
1987,11,9,14,323,168,242,23.9,20.6,82,1010,5.2,150,0
1987,11,9,15,182,189,122,24.4,19.4,74,1010,5.7,190,0
1987,11,9,16,56,85,45,23.3,18.9,76,1010,6.2,220,0
1987,11,9,17,0,1,0,21.7,18.3,81,1011,3.6,220,0
1987,11,9,18,0,0,0,20,17.2,84,1012,5.2,220,0
1987,11,9,19,0,0,0,18.9,16.1,84,1012,5.2,240,0
1987,11,9,20,0,0,0,18.9,15.6,81,1013,6.2,240,0
1987,11,9,21,0,0,0,18.9,14.4,76,1013,10.3,240,0
1987,11,9,22,0,0,0,18.3,14.4,78,1013,5.2,260,0
1987,11,9,23,0,0,0,17.8,13.9,78,1013,6.2,250,0
1987,11,10,0,0,0,0,16.7,13.3,81,1014,7.2,250,0
1987,11,10,1,0,0,0,16.1,13.3,84,1014,5.2,240,0
1987,11,10,2,0,0,0,16.1,12.8,81,1014,5.7,250,0
1987,11,10,3,0,0,0,15.6,12.2,81,1014,5.7,250,0
1987,11,10,4,0,0,0,15.6,12.2,81,1015,4.6,260,0
1987,11,10,5,0,0,0,15,12.2,84,1015,5.2,270,0
1987,11,10,6,13,2,13,15,12.2,84,1016,5.7,260,0
1987,11,10,7,42,1,42,15.6,12.8,84,1017,5.7,290,0
1987,11,10,8,157,4,155,15,12.8,87,1018,5.7,300,0
1987,11,10,9,146,0,145,13.9,12.8,93,1018,6.7,320,0
1987,11,10,10,164,5,161,13.3,11.1,87,1018,6.7,340,0
1987,11,10,11,175,7,171,11.1,10,93,1019,6.7,340,0
1987,11,10,12,164,6,160,10,8.3,90,1019,7.7,330,0
1987,11,10,13,263,1,263,10,6.7,80,1019,7.2,340,0
1987,11,10,14,196,3,195,10.6,6.7,77,1019,8.2,330,0
1987,11,10,15,129,1,128,10,6.7,80,1020,6.7,330,0
1987,11,10,16,47,0,47,10,6.1,77,1021,7.7,340,0
1987,11,10,17,2,0,2,9.4,5,74,1022,6.7,350,0
1987,11,10,18,0,0,0,9.4,5,74,1023,7.7,340,0
1987,11,10,19,0,0,0,9.4,5,74,1024,8.8,360,0
1987,11,10,20,0,0,0,8.9,4.4,74,1024,7.2,350,0
1987,11,10,21,0,0,0,8.9,3.3,69,1025,7.7,350,0
1987,11,10,22,0,0,0,8.9,3.3,69,1025,6.7,360,0
1987,11,10,23,0,0,0,8.9,3.3,69,1025,6.2,360,0
1987,11,11,0,0,0,0,8.3,2.8,68,1025,5.7,340,0
1987,11,11,1,0,0,0,7.8,1.7,66,1025,5.7,360,0
1987,11,11,2,0,0,0,6.1,1.1,71,1025,6.7,360,0
1987,11,11,3,0,0,0,6.1,0.6,68,1026,7.2,350,0
1987,11,11,4,0,0,0,5.6,0.6,71,1026,7.2,360,0
1987,11,11,5,0,0,0,5,0.6,73,1027,7.2,360,0
1987,11,11,6,20,40,16,5.6,0.6,71,1028,6.7,10,0
1987,11,11,7,150,424,58,6.7,0.6,65,1029,6.7,20,0
1987,11,11,8,318,573,90,8.3,0,56,1029,5.7,10,0
1987,11,11,9,489,655,135,8.9,-0.6,52,1029,5.7,350,0
1987,11,11,10,626,802,116,10,0,50,1028,5.7,340,0
1987,11,11,11,648,769,127,11.7,0,45,1027,7.7,330,0
1987,11,11,12,676,832,124,12.8,-0.6,40,1026,5.7,340,0
1987,11,11,13,529,638,149,13.9,-0.6,37,1025,6.7,350,0
1987,11,11,14,392,582,115,14.4,-0.6,36,1025,5.7,320,0
1987,11,11,15,185,238,111,13.3,-1.1,37,1025,6.2,350,0
1987,11,11,16,47,62,40,12.2,-0.6,42,1025,4.1,350,0
1987,11,11,17,2,0,2,11.7,0,45,1025,4.1,350,0
1987,11,11,18,0,0,0,11.7,-0.6,43,1026,5.2,360,0
1987,11,11,19,0,0,0,11.1,0,47,1027,4.1,10,0
1987,11,11,20,0,0,0,11.1,0.6,49,1027,5.7,10,0
1987,11,11,21,0,0,0,10.6,0.6,50,1027,5.7,10,0
1987,11,11,22,0,0,0,10,1.1,54,1027,5.7,10,0
1987,11,11,23,0,0,0,8.9,2.2,63,1026,4.6,40,0
1987,11,12,0,0,0,0,8.3,2.2,66,1026,4.6,20,0
1987,11,12,1,0,0,0,7.2,1.1,66,1026,4.1,50,0
1987,11,12,2,0,0,0,6.7,1.1,68,1025,3.6,50,0
1987,11,12,3,0,0,0,5,0.6,73,1026,2.6,50,0
1987,11,12,4,0,0,0,3.9,0,76,1026,2.6,50,0
1987,11,12,5,0,0,0,5,0,70,1026,3.6,50,0
1987,11,12,6,29,125,16,5.6,1.1,73,1026,3.6,50,0
1987,11,12,7,166,592,38,8.9,1.1,59,1027,5.2,60,0
1987,11,12,8,365,784,56,11.1,2.2,55,1027,3.6,60,0
1987,11,12,9,537,871,70,12.2,2.2,51,1027,4.6,120,0
1987,11,12,10,615,823,95,13.3,1.7,45,1026,3.6,10,0
1987,11,12,11,670,803,129,14.4,2.2,44,1025,0,0,0
1987,11,12,12,656,878,76,14.4,2.8,46,1024,3.6,30,0
1987,11,12,13,519,717,95,14.4,3.3,48,1023,3.6,40,0
1987,11,12,14,421,750,67,15.6,-0.6,34,1023,2.6,30,0
1987,11,12,15,253,641,54,15.6,-0.6,34,1022,2.6,360,0
1987,11,12,16,72,356,30,11.7,2.2,53,1022,2.6,30,0
1987,11,12,17,3,5,1,9.4,1.7,59,1022,0,0,0
1987,11,12,18,0,0,0,7.2,1.7,68,1023,0,0,0
1987,11,12,19,0,0,0,5.6,2.2,79,1023,0,0,0
1987,11,12,20,0,0,0,6.1,3.3,83,1023,0,0,0
1987,11,12,21,0,0,0,7.2,5,86,1023,2.6,180,0
1987,11,12,22,0,0,0,6.7,5,89,1022,2.1,190,0
1987,11,12,23,0,0,0,4.4,4.4,100,1022,2.1,250,0
1987,11,13,0,0,0,0,5.6,5,96,1022,1.5,240,0
1987,11,13,1,0,0,0,6.7,6.1,96,1022,2.6,260,0
1987,11,13,2,0,0,0,5.6,5.6,100,1022,1.5,230,0
1987,11,13,3,0,0,0,5,4.4,96,1021,2.1,240,0
1987,11,13,4,0,0,0,6.1,5.6,96,1021,0,0,0
1987,11,13,5,0,0,0,5.6,5,96,1021,0,0,0
1987,11,13,6,16,15,14,6.1,5.6,96,1022,0,0,0
1987,11,13,7,124,266,67,8.3,7.2,93,1022,2.1,70,0
1987,11,13,8,168,149,110,12.8,7.8,72,1022,2.1,350,0
1987,11,13,9,289,132,219,15,5.6,54,1023,2.6,40,0
1987,11,13,10,353,60,315,14.4,5,53,1022,3.1,70,0
1987,11,13,11,357,113,281,15,6.1,56,1020,3.1,90,0
1987,11,13,12,360,174,246,15.6,6.7,56,1020,3.1,60,0
1987,11,13,13,291,102,231,16.7,7.2,54,1019,0,0,0
1987,11,13,14,279,82,241,16.7,7.8,56,1019,1.5,30,0
1987,11,13,15,192,335,89,16.7,8.9,60,1019,2.1,20,0
1987,11,13,16,43,59,36,14.4,8.9,70,1019,2.1,40,0
1987,11,13,17,2,3,1,11.7,9.4,86,1019,0,0,0
1987,11,13,18,0,0,0,11.7,10,90,1019,0,0,0
1987,11,13,19,0,0,0,10.6,10,96,1019,0,0,0
1987,11,13,20,0,0,0,9.4,8.9,96,1019,0,0,0
1987,11,13,21,0,0,0,10,10,100,1019,2.1,80,0
1987,11,13,22,0,0,0,11.7,10.6,93,1018,0,0,0
1987,11,13,23,0,0,0,11.1,10.6,96,1018,0,0,0
1987,11,14,0,0,0,0,11.1,10.6,96,1018,0,0,0
1987,11,14,1,0,0,0,12.2,11.1,93,1018,0,0,0
1987,11,14,2,0,0,0,12.2,11.1,93,1017,0,0,0
1987,11,14,3,0,0,0,12.8,11.7,93,1017,0,0,0
1987,11,14,4,0,0,0,13.3,12.2,93,1017,2.1,60,0
1987,11,14,5,0,0,0,13.9,12.8,93,1017,1.5,40,0
1987,11,14,6,8,1,7,14.4,12.8,90,1018,0,0,0
1987,11,14,7,89,15,86,16.1,13.9,87,1018,3.1,60,0
1987,11,14,8,166,63,142,17.8,13.9,78,1019,3.1,100,0
1987,11,14,9,184,9,179,20,13.9,68,1019,5.2,100,0
1987,11,14,10,302,76,255,20.6,14.4,68,1019,5.7,110,0
1987,11,14,11,300,74,250,21.1,14.4,66,1018,5.2,130,0
1987,11,14,12,548,498,222,22.8,15,62,1017,7.2,110,0
1987,11,14,13,458,462,188,22.8,14.4,60,1017,7.7,150,0
1987,11,14,14,373,525,128,22.8,15,62,1016,7.2,120,0
1987,11,14,15,106,72,84,21.1,15.6,71,1016,5.7,120,0
1987,11,14,16,34,24,31,19.4,16.1,81,1016,4.6,90,0
1987,11,14,17,0,0,0,17.8,15.6,87,1017,3.1,90,0
1987,11,14,18,0,0,0,18.9,16.1,84,1017,5.2,120,0
1987,11,14,19,0,0,0,18.9,16.1,84,1017,6.2,120,0
1987,11,14,20,0,0,0,18.9,16.7,87,1017,5.2,120,0
1987,11,14,21,0,0,0,18.9,16.7,87,1017,5.2,110,0
1987,11,14,22,0,0,0,18.9,16.7,87,1017,6.2,120,0
1987,11,14,23,0,0,0,18.9,16.1,84,1017,7.2,130,0
1987,11,15,0,0,0,0,18.9,16.1,84,1017,4.6,130,0
1987,11,15,1,0,0,0,17.8,15.6,87,1017,5.2,120,0
1987,11,15,2,0,0,0,18.3,16.1,87,1016,5.2,110,0
1987,11,15,3,0,0,0,16.1,15,93,1017,3.1,50,0
1987,11,15,4,0,0,0,15.6,14.4,93,1017,3.1,70,0
1987,11,15,5,0,0,0,16.1,15.6,97,1017,3.1,70,0
1987,11,15,6,12,7,11,17.2,16.1,93,1018,3.1,90,0
1987,11,15,7,142,382,64,19.4,17.2,87,1018,5.7,80,0
1987,11,15,8,257,358,120,21.7,17.8,79,1019,6.7,100,0
1987,11,15,9,364,426,140,23.9,18.3,71,1019,7.2,110,0
1987,11,15,10,526,608,149,25,18.9,69,1018,6.2,130,0
1987,11,15,11,528,501,196,24.4,18.9,71,1017,10.3,130,0
1987,11,15,12,359,129,276,24.4,20,76,1016,8.2,150,0
1987,11,15,13,368,221,239,25.6,20,72,1016,10.3,120,0
1987,11,15,14,156,6,153,24.4,20,76,1015,10.3,120,0
1987,11,15,15,127,40,115,23.3,20,82,1015,7.7,120,0
1987,11,15,16,33,56,27,22.2,20,87,1015,6.7,120,0
1987,11,15,17,0,0,0,22.2,20,87,1015,7.2,120,0
1987,11,15,18,0,0,0,21.7,20,90,1016,7.7,120,0
1987,11,15,19,0,0,0,21.7,20,90,1016,6.7,130,0
1987,11,15,20,0,0,0,21.7,20,90,1015,7.2,140,0
1987,11,15,21,0,0,0,22.2,20,87,1016,7.7,140,0
1987,11,15,22,0,0,0,22.2,20,87,1015,7.2,140,0
1987,11,15,23,0,0,0,22.2,20,87,1014,7.2,120,0
1987,11,16,0,0,0,0,22.2,20,87,1013,8.2,130,0
1987,11,16,1,0,0,0,22.8,20,84,1012,8.8,140,0
1987,11,16,2,0,0,0,22.8,20,84,1012,10.8,160,0
1987,11,16,3,0,0,0,22.8,20,84,1013,8.8,150,0
1987,11,16,4,0,0,0,22.8,20,84,1012,10.8,160,0
1987,11,16,5,0,0,0,22.8,20,84,1012,11.8,150,0
1987,11,16,6,22,27,19,22.8,20,84,1012,10.8,150,0
1987,11,16,7,35,2,35,23.3,20.6,85,1012,10.3,150,0
1987,11,16,8,106,8,104,24.4,21.1,82,1012,12.4,140,0
1987,11,16,9,265,91,217,25.6,21.7,79,1013,13.9,140,0
1987,11,16,10,322,89,267,26.1,21.7,77,1012,11.8,160,0
1987,11,16,11,186,17,175,26.1,22.2,79,1011,9.8,150,0
1987,11,16,12,340,99,276,26.1,22.2,79,1010,10.3,170,0
1987,11,16,13,329,83,281,26.1,22.2,79,1009,8.8,150,0
1987,11,16,14,104,6,101,25,22.2,85,1009,9.8,170,0
1987,11,16,15,88,4,87,24.4,22.8,91,1009,9.8,180,0
1987,11,16,16,27,0,27,23.9,21.1,85,1010,7.2,180,0
1987,11,16,17,0,0,0,17.8,16.1,90,1013,5.7,300,0
1987,11,16,18,0,0,0,17.2,16.7,97,1012,1.5,110,0
1987,11,16,19,0,0,0,17.2,16.7,97,1013,3.1,120,0
1987,11,16,20,0,0,0,17.2,17.2,100,1013,4.1,120,0
1987,11,16,21,0,0,0,17.2,17.2,100,1012,2.1,40,0
1987,11,16,22,0,0,0,17.8,17.2,97,1014,3.1,120,0
1987,11,16,23,0,0,0,17.2,16.7,97,1012,0,0,0
1987,11,17,0,0,0,0,16.7,16.1,97,1012,2.6,230,0
1987,11,17,1,0,0,0,16.1,15.6,97,1013,4.6,260,0
1987,11,17,2,0,0,0,15,14.4,97,1014,3.1,260,0
1987,11,17,3,0,0,0,14.4,13.9,97,1014,2.6,280,0
1987,11,17,4,0,0,0,13.9,13.3,97,1015,3.6,310,0
1987,11,17,5,0,0,0,13.3,12.8,97,1015,2.1,290,0
1987,11,17,6,10,0,10,13.9,13.9,100,1016,3.6,290,0
1987,11,17,7,88,71,74,15,13.9,93,1017,1.5,260,0
1987,11,17,8,262,322,140,16.1,13.3,84,1018,3.1,270,0
1987,11,17,9,416,489,162,17.8,12.8,73,1019,4.6,290,0
1987,11,17,10,616,799,126,18.9,12.8,68,1019,5.2,350,0
1987,11,17,11,636,846,80,20,11.1,57,1018,4.6,300,0
1987,11,17,12,665,898,87,20.6,7.2,42,1017,3.6,290,0
1987,11,17,13,581,869,80,21.7,7.8,41,1016,4.6,320,0
1987,11,17,14,441,812,68,21.7,5.6,35,1016,5.2,350,0
1987,11,17,15,253,676,51,20.6,5.6,38,1016,3.6,320,0
1987,11,17,16,65,338,28,18.3,6.7,47,1017,2.1,330,0
1987,11,17,17,2,2,1,13.9,8.9,72,1018,0,0,0
1987,11,17,18,0,0,0,13.3,10,80,1019,2.1,330,0
1987,11,17,19,0,0,0,14.4,8.9,70,1020,2.6,350,0
1987,11,17,20,0,0,0,10.6,8.3,86,1020,2.1,350,0
1987,11,17,21,0,0,0,10,8.3,90,1020,0,0,0
1987,11,17,22,0,0,0,10,8.9,93,1021,0,0,0
1987,11,17,23,0,0,0,13.3,7.8,69,1021,3.1,30,0
1987,11,18,0,0,0,0,13.3,7.8,69,1021,3.6,30,0
1987,11,18,1,0,0,0,12.8,7.8,72,1021,3.1,40,0
1987,11,18,2,0,0,0,11.1,7.2,77,1021,3.1,40,0
1987,11,18,3,0,0,0,12.2,7.8,75,1021,4.1,30,0
1987,11,18,4,0,0,0,12.8,8.3,75,1022,3.6,10,0
1987,11,18,5,0,0,0,12.8,7.2,69,1023,3.6,50,0
1987,11,18,6,22,80,13,12.8,7.2,69,1024,4.6,60,0
1987,11,18,7,110,196,72,13.9,6.7,62,1025,7.7,60,0
1987,11,18,8,313,616,83,15,6.7,58,1025,7.7,60,0
1987,11,18,9,472,720,101,15,6.7,58,1026,6.7,50,0
1987,11,18,10,570,750,113,16.7,6.7,52,1025,6.2,50,0
1987,11,18,11,465,458,166,17.8,6.7,48,1024,5.7,50,0
1987,11,18,12,518,545,169,18.3,6.1,45,1023,4.6,40,0
1987,11,18,13,347,172,249,17.8,6.1,47,1023,5.2,70,0
1987,11,18,14,359,374,188,18.9,6.7,45,1022,3.1,40,0
1987,11,18,15,164,126,127,18.3,7.8,50,1023,2.1,40,0
1987,11,18,16,26,21,24,16.7,8.3,58,1023,2.6,30,0
1987,11,18,17,0,0,0,14.4,10,75,1023,1.5,50,0
1987,11,18,18,0,0,0,13.9,8.9,72,1024,2.6,70,0
1987,11,18,19,0,0,0,14.4,9.4,72,1024,3.6,60,0
1987,11,18,20,0,0,0,15.6,8.9,65,1024,4.1,60,0
1987,11,18,21,0,0,0,15.6,8.3,62,1024,3.6,70,0
1987,11,18,22,0,0,0,16.1,8.3,60,1024,4.1,50,0
1987,11,18,23,0,0,0,15.6,7.2,58,1023,4.6,60,0
1987,11,19,0,0,0,0,15,7.2,60,1023,4.6,50,0
1987,11,19,1,0,0,0,15,6.7,58,1022,5.2,50,0
1987,11,19,2,0,0,0,13.9,6.7,62,1023,4.6,50,0
1987,11,19,3,0,0,0,13.9,6.7,62,1022,4.1,50,0
1987,11,19,4,0,0,0,13.9,6.7,62,1022,4.1,60,0
1987,11,19,5,0,0,0,13.3,7.2,67,1023,4.1,40,0
1987,11,19,6,17,21,14,13.3,6.7,64,1023,4.6,30,0
1987,11,19,7,98,194,61,14.4,7.2,62,1023,4.1,10,0
1987,11,19,8,239,300,127,15.6,9.4,67,1024,6.2,350,0
1987,11,19,9,336,222,223,15,7.2,60,1025,6.7,350,0
1987,11,19,10,394,390,156,16.1,7.2,56,1024,4.6,20,0
1987,11,19,11,688,939,77,17.8,8.3,54,1024,6.2,350,0
1987,11,19,12,579,656,160,19.4,6.7,44,1022,5.2,10,0
1987,11,19,13,522,758,89,19.4,6.1,42,1022,5.7,20,0
1987,11,19,14,402,677,95,20,5.6,39,1022,5.7,20,0
1987,11,19,15,237,677,37,18.9,5,40,1022,4.1,20,0
1987,11,19,16,65,384,25,17.2,4.4,43,1022,4.1,20,0
1987,11,19,17,0,0,0,15.6,6.1,54,1023,3.6,10,0
1987,11,19,18,0,0,0,15,8.3,65,1024,3.6,10,0
1987,11,19,19,0,0,0,15,6.1,56,1025,4.6,10,0
1987,11,19,20,0,0,0,13.9,5.6,58,1025,5.2,350,0
1987,11,19,21,0,0,0,12.8,6.1,64,1026,5.2,350,0
1987,11,19,22,0,0,0,12.2,6.1,67,1026,3.6,10,0
1987,11,19,23,0,0,0,11.1,6.1,72,1026,3.6,350,0
1987,11,20,0,0,0,0,10.6,6.1,74,1025,3.6,350,0
1987,11,20,1,0,0,0,10.6,6.1,74,1025,4.6,350,0
1987,11,20,2,0,0,0,10,6.1,77,1025,4.1,360,0
1987,11,20,3,0,0,0,10,6.1,77,1025,4.1,350,0
1987,11,20,4,0,0,0,10,5.6,74,1025,4.1,350,0
1987,11,20,5,0,0,0,10,6.1,77,1026,6.7,350,0
1987,11,20,6,16,21,14,10,5.6,74,1027,4.1,360,0
1987,11,20,7,121,358,53,11.1,5.6,69,1028,5.7,360,0
1987,11,20,8,307,607,85,11.7,5,64,1028,4.1,350,0
1987,11,20,9,478,728,108,12.8,5,60,1028,7.2,360,0
1987,11,20,10,596,783,123,13.9,4.4,53,1027,4.6,350,0
1987,11,20,11,655,813,129,15,4.4,50,1026,5.7,350,0
1987,11,20,12,639,805,128,16.7,3.9,43,1025,6.7,340,0
1987,11,20,13,556,772,118,17.2,2.2,37,1025,6.2,340,0
1987,11,20,14,413,695,99,18.3,2.2,34,1024,6.7,340,0
1987,11,20,15,228,531,72,17.8,2.8,37,1024,5.7,350,0
1987,11,20,16,52,174,34,16.1,1.7,38,1024,4.1,350,0
1987,11,20,17,0,0,0,13.9,2.2,46,1025,3.1,340,0
1987,11,20,18,0,0,0,13.3,2.2,47,1025,4.6,340,0
1987,11,20,19,0,0,0,13.3,1.1,44,1026,4.1,350,0
1987,11,20,20,0,0,0,13.3,0,40,1026,5.7,350,0
1987,11,20,21,0,0,0,12.2,-0.6,42,1026,6.7,360,0
1987,11,20,22,0,0,0,11.7,0.6,47,1026,6.2,20,0
1987,11,20,23,0,0,0,10.6,1.7,55,1026,6.2,30,0
1987,11,21,0,0,0,0,10,-0.6,48,1026,5.7,30,0
1987,11,21,1,0,0,0,8.9,-2.2,46,1027,6.2,40,0
1987,11,21,2,0,0,0,7.2,-2.2,52,1027,5.7,40,0
1987,11,21,3,0,0,0,6.7,-2.2,54,1027,5.2,40,0
1987,11,21,4,0,0,0,7.2,-3.9,46,1027,6.7,60,0
1987,11,21,5,0,0,0,6.7,-3.3,49,1027,5.7,60,0
1987,11,21,6,22,107,11,7.2,-4.4,44,1027,5.7,60,0
1987,11,21,7,144,606,31,8.9,-3.3,42,1027,5.7,70,0
1987,11,21,8,342,814,46,10,-3.9,38,1028,6.7,80,0
1987,11,21,9,515,904,59,11.1,-5,32,1028,5.7,80,0
1987,11,21,10,636,948,67,12.2,-4.4,31,1027,4.1,40,0
1987,11,21,11,631,841,90,12.8,-1.1,39,1026,4.1,40,0
1987,11,21,12,621,846,86,13.9,-1.1,36,1025,4.6,20,0
1987,11,21,13,557,888,55,14.4,-0.6,36,1025,3.6,50,0
1987,11,21,14,428,839,51,15,-2.2,31,1024,2.1,70,0
1987,11,21,15,249,719,40,15,-3.3,28,1024,1.5,40,0
1987,11,21,16,68,416,23,11.7,-1.1,42,1024,0,0,0
1987,11,21,17,0,0,0,7.8,-2.2,50,1024,0,0,0
1987,11,21,18,0,0,0,10,-1.1,46,1024,0,0,0
1987,11,21,19,0,0,0,8.3,0,56,1024,3.1,130,0
1987,11,21,20,0,0,0,6.1,1.7,74,1024,2.6,120,0
1987,11,21,21,0,0,0,7.2,1.7,68,1024,2.1,120,0
1987,11,21,22,0,0,0,4.4,1.7,82,1023,0,0,0
1987,11,21,23,0,0,0,4.4,2.2,86,1023,2.1,130,0
1987,11,22,0,0,0,0,2.8,1.7,93,1022,0,0,0
1987,11,22,1,0,0,0,3.9,2.8,93,1022,0,0,0
1987,11,22,2,0,0,0,3.9,3.3,96,1022,0,0,0
1987,11,22,3,0,0,0,3.9,2.8,93,1022,0,0,0
1987,11,22,4,0,0,0,4.4,3.3,93,1022,0,0,0
1987,11,22,5,0,0,0,6.1,5,93,1022,0,0,0
1987,11,22,6,23,103,11,6.1,6.1,100,1022,1.5,70,0
1987,11,22,7,138,588,30,11.1,8.9,86,1022,3.6,80,0
1987,11,22,8,330,792,45,15.6,7.8,60,1023,4.6,100,0
1987,11,22,9,497,884,54,18.9,7.2,47,1023,6.2,120,0
1987,11,22,10,538,743,94,20.6,7.8,44,1022,5.2,110,0
1987,11,22,11,604,789,98,21.1,8.3,44,1021,5.7,160,0
1987,11,22,12,582,757,106,21.7,8.9,44,1020,6.2,190,0
1987,11,22,13,471,637,112,21.7,9.4,46,1020,7.2,160,0
1987,11,22,14,270,381,100,21.1,9.4,47,1020,4.6,170,0
1987,11,22,15,229,588,59,20.6,9.4,49,1020,6.2,160,0
1987,11,22,16,62,304,30,18.3,10,59,1020,4.6,170,0
1987,11,22,17,0,0,0,16.1,9.4,65,1020,3.6,120,0
1987,11,22,18,0,0,0,15,10.6,75,1020,4.1,110,0
1987,11,22,19,0,0,0,14.4,10.6,78,1020,3.6,120,0
1987,11,22,20,0,0,0,14.4,11.1,81,1021,4.1,130,0
1987,11,22,21,0,0,0,13.9,11.1,84,1020,4.1,120,0
1987,11,22,22,0,0,0,13.9,10.6,81,1021,3.1,120,0
1987,11,22,23,0,0,0,12.2,10.6,90,1020,2.6,100,0
1987,11,23,0,0,0,0,12.2,10.6,90,1020,2.6,110,0
1987,11,23,1,0,0,0,11.1,10,93,1020,2.6,80,0
1987,11,23,2,0,0,0,9.4,9.4,100,1020,2.1,60,0
1987,11,23,3,0,0,0,10,9.4,96,1020,2.1,70,0
1987,11,23,4,0,0,0,9.4,9.4,100,1021,1.5,40,0
1987,11,23,5,0,0,0,10.6,10.6,100,1021,2.6,70,0
1987,11,23,6,18,60,11,11.1,10.6,96,1021,3.1,110,0
1987,11,23,7,126,500,37,16.7,12.8,78,1021,4.6,130,0
1987,11,23,8,303,692,56,20.6,13.3,63,1022,4.6,150,0
1987,11,23,9,461,795,66,22.8,13.3,55,1022,4.6,140,0
1987,11,23,10,571,761,119,23.9,11.7,46,1022,4.1,160,0
1987,11,23,11,612,839,77,25.6,11.1,41,1021,4.6,140,0
1987,11,23,12,551,535,215,25.6,11.7,42,1021,5.2,170,0
1987,11,23,13,526,709,129,25,12.8,47,1020,5.2,140,0
1987,11,23,14,358,515,128,25,14.4,52,1020,7.2,150,0
1987,11,23,15,223,595,52,23.3,14.4,58,1021,5.2,150,0
1987,11,23,16,45,122,33,21.7,15.6,68,1021,5.7,130,0
1987,11,23,17,0,0,0,20,15,73,1021,5.2,120,0
1987,11,23,18,0,0,0,17.8,15,84,1022,3.6,110,0
1987,11,23,19,0,0,0,17.8,15.6,87,1022,4.1,120,0
1987,11,23,20,0,0,0,18.3,15.6,84,1022,4.1,120,0
1987,11,23,21,0,0,0,17.8,16.1,90,1022,3.6,130,0
1987,11,23,22,0,0,0,17.8,16.7,93,1022,4.1,130,0
1987,11,23,23,0,0,0,18.3,16.7,90,1022,4.1,120,0
1987,11,24,0,0,0,0,17.8,16.7,93,1022,3.1,130,0
1987,11,24,1,0,0,0,16.7,15.6,93,1022,3.1,120,0
1987,11,24,2,0,0,0,17.2,16.1,93,1022,3.1,130,0
1987,11,24,3,0,0,0,17.2,16.1,93,1022,3.6,130,0
1987,11,24,4,0,0,0,17.8,16.1,90,1022,4.1,120,0
1987,11,24,5,0,0,0,16.7,15.6,93,1022,3.6,110,0
1987,11,24,6,14,7,13,17.8,15.6,87,1022,4.6,120,0
1987,11,24,7,70,54,60,19.4,16.7,84,1022,5.7,120,0
1987,11,24,8,168,154,114,21.7,16.1,71,1022,6.2,120,0
1987,11,24,9,370,374,185,22.8,15,62,1023,7.2,120,0
1987,11,24,10,491,554,164,24.4,14.4,54,1023,7.7,150,0
1987,11,24,11,544,468,246,25.6,15,52,1022,7.7,160,0
1987,11,24,12,498,431,228,25,14.4,52,1022,6.2,140,0
1987,11,24,13,271,107,211,23.9,14.4,56,1021,6.2,140,0
1987,11,24,14,233,138,171,24.4,14.4,54,1021,5.7,130,0
1987,11,24,15,137,66,118,22.2,17.2,73,1021,5.7,100,0
1987,11,24,16,50,50,44,21.1,17.8,81,1021,4.6,110,0
1987,11,24,17,0,0,0,19.4,17.8,90,1021,4.1,100,0
1987,11,24,18,0,0,0,19.4,16.7,84,1021,4.6,110,0
1987,11,24,19,0,0,0,19.4,16.7,84,1021,4.6,120,0
1987,11,24,20,0,0,0,18.9,16.1,84,1020,6.2,120,0
1987,11,24,21,0,0,0,18.3,16.1,87,1020,4.1,120,0
1987,11,24,22,0,0,0,18.3,16.7,90,1020,4.1,110,0
1987,11,24,23,0,0,0,17.8,16.7,93,1020,3.6,110,0
1987,11,25,0,0,0,0,18.3,16.7,90,1019,3.6,120,0
1987,11,25,1,0,0,0,18.9,16.7,87,1019,4.6,130,0
1987,11,25,2,0,0,0,18.9,16.1,84,1018,4.6,130,0
1987,11,25,3,0,0,0,17.8,16.1,90,1018,4.1,120,0
1987,11,25,4,0,0,0,17.2,15.6,90,1018,3.1,120,0
1987,11,25,5,0,0,0,16.7,15.6,93,1018,2.6,120,0
1987,11,25,6,6,2,5,16.1,15.6,97,1018,3.1,100,0
1987,11,25,7,85,38,79,18.9,17.2,90,1018,4.1,110,0
1987,11,25,8,150,71,125,19.4,17.2,87,1018,2.6,110,0
1987,11,25,9,242,124,181,22.8,17.8,74,1018,4.6,130,0
1987,11,25,10,258,21,245,23.9,17.2,66,1018,4.6,140,0
1987,11,25,11,478,308,283,25,16.1,58,1017,6.2,190,0
1987,11,25,12,408,266,242,25,16.7,60,1016,6.7,180,0
1987,11,25,13,307,189,202,25,16.1,58,1016,5.2,170,0
1987,11,25,14,262,296,131,25,16.1,58,1015,6.2,170,0
1987,11,25,15,162,55,147,23.9,16.1,62,1015,5.2,170,0
1987,11,25,16,44,38,40,22.2,16.7,71,1015,4.6,140,0
1987,11,25,17,0,0,0,21.7,17.8,79,1015,4.1,140,0
1987,11,25,18,0,0,0,20.6,18.3,87,1015,3.1,140,0
1987,11,25,19,0,0,0,20,18.3,90,1014,5.2,120,0
1987,11,25,20,0,0,0,20,18.3,90,1014,5.7,150,0
1987,11,25,21,0,0,0,20,18.3,90,1015,3.6,140,0
1987,11,25,22,0,0,0,19.4,17.8,90,1015,0,0,0
1987,11,25,23,0,0,0,19.4,17.8,90,1015,1.5,30,0
1987,11,26,0,0,0,0,18.3,17.8,97,1015,2.6,60,0
1987,11,26,1,0,0,0,18.3,17.8,97,1015,2.1,60,0
1987,11,26,2,0,0,0,18.9,18.3,97,1015,1.5,180,0
1987,11,26,3,0,0,0,17.8,17.2,97,1014,0,0,0
1987,11,26,4,0,0,0,17.2,17.2,100,1014,2.6,90,0
1987,11,26,5,0,0,0,18.3,17.8,97,1015,1.5,70,0
1987,11,26,6,8,0,8,18.3,18.3,100,1015,2.6,70,0
1987,11,26,7,41,5,41,18.9,18.3,97,1016,1.5,10,0
1987,11,26,8,179,153,125,19.4,18.9,97,1016,2.6,40,0
1987,11,26,9,312,371,131,22.2,20,87,1016,3.1,150,0
1987,11,26,10,468,496,177,23.9,19.4,76,1016,3.6,200,0
1987,11,26,11,451,205,322,23.9,18.9,74,1015,2.1,200,0
1987,11,26,12,388,219,252,24.4,20,76,1014,3.1,310,0
1987,11,26,13,461,575,142,23.9,19.4,76,1013,2.6,330,0
1987,11,26,14,338,465,133,21.7,18.9,84,1013,3.1,40,0
1987,11,26,15,233,580,69,21.7,19.4,87,1013,3.1,50,0
1987,11,26,16,45,46,40,20.6,18.9,90,1013,2.1,80,0
1987,11,26,17,0,0,0,19.4,18.3,93,1014,1.5,110,0
1987,11,26,18,0,0,0,20,18.3,90,1014,1.5,140,0
1987,11,26,19,0,0,0,17.8,17.8,100,1014,1.5,300,0
1987,11,26,20,0,0,0,18.9,18.3,97,1014,1.5,310,0
1987,11,26,21,0,0,0,19.4,18.9,97,1015,0,0,0
1987,11,26,22,0,0,0,17.2,17.2,100,1014,1.5,360,0
1987,11,26,23,0,0,0,18.3,18.3,100,1014,1.5,320,0
1987,11,27,0,0,0,0,18.9,18.3,97,1014,0,0,0
1987,11,27,1,0,0,0,17.8,17.8,100,1013,0,0,0
1987,11,27,2,0,0,0,17.2,17.2,100,1013,1.5,80,0
1987,11,27,3,0,0,0,18.3,18.3,100,1013,2.1,60,0
1987,11,27,4,0,0,0,18.3,18.3,100,1013,1.5,360,0
1987,11,27,5,0,0,0,17.8,17.8,100,1013,3.1,30,0
1987,11,27,6,1,0,1,17.2,17.2,100,1014,2.6,20,0
1987,11,27,7,38,0,38,17.8,17.8,100,1014,2.1,20,0
1987,11,27,8,109,8,107,18.3,18.3,100,1014,4.1,40,0
1987,11,27,9,200,10,195,18.9,18.9,100,1015,3.6,90,0
1987,11,27,10,237,7,233,20.6,18.9,90,1014,3.6,100,0
1987,11,27,11,322,96,262,22.2,18.9,82,1013,3.1,120,0
1987,11,27,12,342,73,297,23.3,18.9,76,1012,3.6,100,0
1987,11,27,13,260,128,189,22.2,19.4,84,1011,3.1,20,0
1987,11,27,14,263,238,158,23.9,18.9,74,1011,4.1,120,0
1987,11,27,15,155,207,97,22.8,19.4,82,1011,3.6,80,0
1987,11,27,16,44,22,42,21.7,18.9,84,1011,4.6,110,0
1987,11,27,17,0,0,0,19.4,18.9,97,1011,5.2,110,0
1987,11,27,18,0,0,0,20,18.9,93,1012,5.7,100,0
1987,11,27,19,0,0,0,20,18.9,93,1012,3.6,120,0
1987,11,27,20,0,0,0,20,19.4,97,1012,3.6,120,0
1987,11,27,21,0,0,0,20,18.9,93,1012,3.6,150,0
1987,11,27,22,0,0,0,17.2,16.7,97,1011,6.2,270,0
1987,11,27,23,0,0,0,14.4,13.9,97,1012,5.2,270,0
1987,11,28,0,0,0,0,13.9,12.8,93,1012,6.2,310,0
1987,11,28,1,0,0,0,13.3,12.2,93,1012,5.7,300,0
1987,11,28,2,0,0,0,12.8,11.7,93,1012,6.7,310,0
1987,11,28,3,0,0,0,12.8,11.1,90,1012,7.7,320,0
1987,11,28,4,0,0,0,12.2,10.6,90,1013,6.7,330,0
1987,11,28,5,0,0,0,12.2,10,86,1014,7.2,320,0
1987,11,28,6,0,0,0,10.6,8.3,86,1015,6.7,320,0
1987,11,28,7,49,9,48,10.6,8.3,86,1015,6.7,330,0
1987,11,28,8,143,5,141,11.1,7.8,80,1016,6.7,340,0
1987,11,28,9,393,483,159,12.2,7.2,72,1016,5.7,330,0
1987,11,28,10,579,879,69,13.3,6.7,64,1016,6.7,330,0
1987,11,28,11,649,922,73,13.3,5.6,60,1015,6.2,350,0
1987,11,28,12,630,907,72,14.4,5.6,56,1014,5.7,350,0
1987,11,28,13,560,895,67,15.6,6.1,54,1013,5.2,340,0
1987,11,28,14,421,834,56,15.6,5,50,1013,4.6,350,0
1987,11,28,15,241,706,42,15.6,5,50,1013,4.1,350,0
1987,11,28,16,61,366,23,12.8,5.6,62,1014,2.1,290,0
1987,11,28,17,0,0,0,10.6,5,69,1014,4.1,290,0
1987,11,28,18,0,0,0,10.6,5,69,1015,3.6,300,0
1987,11,28,19,0,0,0,11.1,4.4,64,1016,4.1,290,0
1987,11,28,20,0,0,0,10.6,6.1,74,1016,4.1,310,0
1987,11,28,21,0,0,0,10.6,5,69,1016,4.1,320,0
1987,11,28,22,0,0,0,9.4,5,74,1017,3.1,320,0
1987,11,28,23,0,0,0,8.9,5.6,80,1017,2.6,310,0
1987,11,29,0,0,0,0,8.3,5,80,1016,3.1,290,0
1987,11,29,1,0,0,0,7.8,4.4,80,1016,2.6,340,0
1987,11,29,2,0,0,0,7.8,4.4,80,1016,3.1,310,0
1987,11,29,3,0,0,0,7.2,5.6,89,1016,2.6,340,0
1987,11,29,4,0,0,0,7.8,5,83,1016,3.1,350,0
1987,11,29,5,0,0,0,8.3,4.4,77,1016,3.6,30,0
1987,11,29,6,11,17,9,7.8,4.4,80,1017,0,0,0
1987,11,29,7,96,247,56,10.6,5.6,72,1017,3.1,10,0
1987,11,29,8,243,377,115,11.7,3.9,59,1017,4.6,350,0
1987,11,29,9,320,223,213,12.8,3.3,53,1018,3.6,350,0
1987,11,29,10,473,512,178,13.9,2.8,47,1017,4.6,300,0
1987,11,29,11,395,184,281,13.3,2.2,47,1015,4.6,350,0
1987,11,29,12,345,234,202,14.4,3.3,48,1014,5.2,340,0
1987,11,29,13,229,0,229,14.4,3.3,48,1014,4.1,330,0
1987,11,29,14,261,242,155,15,3.3,46,1013,4.1,320,0
1987,11,29,15,134,90,109,13.9,3.9,51,1013,3.1,310,0
1987,11,29,16,28,8,27,12.8,5,60,1013,0,0,0
1987,11,29,17,0,0,0,12.2,4.4,59,1013,2.1,230,0
1987,11,29,18,0,0,0,12.2,5,62,1013,2.1,280,0
1987,11,29,19,0,0,0,11.7,4.4,62,1014,2.6,290,0
1987,11,29,20,0,0,0,11.7,4.4,62,1014,2.1,270,0
1987,11,29,21,0,0,0,11.7,5.6,66,1014,2.6,270,0
1987,11,29,22,0,0,0,11.7,5.6,66,1014,3.1,250,0
1987,11,29,23,0,0,0,11.7,5,64,1014,4.1,240,0
1987,11,30,0,0,0,0,10.6,5.6,72,1014,3.6,250,0
1987,11,30,1,0,0,0,11.1,6.1,72,1014,4.6,270,0
1987,11,30,2,0,0,0,11.1,6.1,72,1013,4.1,250,0
1987,11,30,3,0,0,0,11.1,5.6,69,1013,4.1,250,0
1987,11,30,4,0,0,0,11.1,6.7,74,1013,4.6,270,0
1987,11,30,5,0,0,0,11.1,6.7,74,1013,4.6,260,0
1987,11,30,6,9,5,9,11.1,6.7,74,1013,5.2,290,0
1987,11,30,7,82,157,57,11.7,6.7,72,1013,5.7,270,0
1987,11,30,8,294,714,54,13.3,6.1,62,1013,4.6,320,0
1987,11,30,9,463,824,69,15,5,52,1013,4.6,320,0
1987,11,30,10,578,867,79,16.1,5.6,50,1013,4.6,330,0
1987,11,30,11,639,897,84,17.2,5,45,1012,6.2,280,0
1987,11,30,12,630,895,83,18.3,5,42,1010,6.7,270,0
1987,11,30,13,550,865,77,17.8,5,43,1009,5.2,280,0
1987,11,30,14,413,801,65,18.3,5.6,43,1009,5.7,280,0
1987,11,30,15,220,590,55,17.8,5,43,1009,6.2,300,0
1987,11,30,16,59,308,26,15.6,4.4,48,1009,4.1,270,0
1987,11,30,17,0,0,0,13.9,5.6,58,1010,2.6,280,0
1987,11,30,18,0,0,0,13.1,6.6,64,1010,2.7,268,0
1987,11,30,19,0,0,0,13,8.4,73,1010,2.8,290,0
1987,11,30,20,0,0,0,13.1,9.2,77,1010,2.9,278,0
1987,11,30,21,0,0,0,13.6,10.2,80,1010,3.2,309,0
1987,11,30,22,0,0,0,13.6,10.5,81,1010,3.3,308,0
1987,11,30,23,0,0,0,14.3,11.5,83,1009,3.3,317,0
1981,12,1,0,0,0,0,15.7,13.5,86,1008,3.4,313,0
1981,12,1,1,0,0,0,15.9,13.2,83,1008,3.6,308,0
1981,12,1,2,0,0,0,15.5,13.1,85,1007,3.2,304,0
1981,12,1,3,0,0,0,15.3,13.3,87,1007,3.2,284,0
1981,12,1,4,0,0,0,15.4,13.1,85,1007,3.2,297,0
1981,12,1,5,0,0,0,14.1,12.8,91,1007,0.5,45,0
1981,12,1,6,3,6,2,11.7,11.7,100,1008,2.6,250,0
1981,12,1,7,76,154,52,15.6,12.2,81,1008,2.6,260,0
1981,12,1,8,247,537,68,18.9,12.2,65,1009,3.6,250,0
1981,12,1,9,418,588,139,21.7,11.7,53,1009,4.1,270,0
1981,12,1,10,527,687,135,23.3,8.3,38,1008,6.2,290,0
1981,12,1,11,594,709,157,25,6.1,30,1007,5.2,270,0
1981,12,1,12,455,470,169,23.9,5.6,31,1007,5.2,310,0
1981,12,1,13,389,344,201,25,6.1,30,1006,6.7,230,0
1981,12,1,14,267,245,161,25,6.1,30,1007,5.2,250,0
1981,12,1,15,136,113,104,22.8,6.7,35,1007,2.6,280,0
1981,12,1,16,32,17,30,20.6,9.4,49,1007,2.1,280,0
1981,12,1,17,0,0,0,18.9,10.6,59,1008,2.6,250,0
1981,12,1,18,0,0,0,18.9,9.4,54,1009,4.1,270,0
1981,12,1,19,0,0,0,15,8.3,65,1010,3.6,290,0
1981,12,1,20,0,0,0,15.6,8.3,62,1011,3.1,310,0
1981,12,1,21,0,0,0,14.4,7.2,62,1012,4.1,320,0
1981,12,1,22,0,0,0,13.3,5.6,60,1013,3.6,310,0
1981,12,1,23,0,0,0,12.8,5,59,1013,3.1,320,0
1981,12,2,0,0,0,0,12.2,5,62,1013,3.6,320,0
1981,12,2,1,0,0,0,12.2,4.4,59,1013,3.6,320,0
1981,12,2,2,0,0,0,12.2,3.9,57,1014,5.2,340,0
1981,12,2,3,0,0,0,12.2,2.8,53,1014,5.2,350,0
1981,12,2,4,0,0,0,11.7,2.8,55,1014,4.1,350,0
1981,12,2,5,0,0,0,10.6,2.8,59,1015,2.6,340,0
1981,12,2,6,14,60,6,10,2.2,59,1015,2.1,340,0
1981,12,2,7,109,527,28,10.6,5,69,1016,3.1,270,0
1981,12,2,8,299,776,43,13.9,3.3,49,1017,3.6,310,0
1981,12,2,9,469,878,55,15,2.2,42,1017,3.6,350,0
1981,12,2,10,585,916,63,15.6,2.2,41,1016,0,0,0
1981,12,2,11,642,935,67,16.7,2.8,40,1016,3.1,300,0
1981,12,2,12,637,939,66,17.2,2.2,37,1015,2.1,330,0
1981,12,2,13,559,914,61,17.8,1.1,33,1015,4.6,340,0
1981,12,2,14,425,865,52,17.8,-1.1,28,1015,3.1,360,0
1981,12,2,15,243,738,38,17.2,-2.2,27,1015,3.1,320,0
1981,12,2,16,64,399,22,14.4,-1.1,35,1015,2.6,290,0
1981,12,2,17,0,0,0,12.8,0,42,1015,2.1,260,0
1981,12,2,18,0,0,0,10,0,50,1016,1.5,230,0
1981,12,2,19,0,0,0,8.3,1.1,61,1017,0,0,0
1981,12,2,20,0,0,0,8.3,2.8,68,1018,1.5,240,0
1981,12,2,21,0,0,0,6.7,3.3,80,1018,0,0,0
1981,12,2,22,0,0,0,6.7,2.8,76,1018,0,0,0
1981,12,2,23,0,0,0,7.2,4.4,83,1019,0,0,0
1981,12,3,0,0,0,0,7.8,4.4,80,1018,0,0,0
1981,12,3,1,0,0,0,6.1,4.4,89,1018,0,0,0
1981,12,3,2,0,0,0,6.7,4.4,86,1018,0,0,0
1981,12,3,3,0,0,0,8.9,4.4,74,1018,3.1,200,0
1981,12,3,4,0,0,0,8.9,4.4,74,1019,0,0,0
1981,12,3,5,0,0,0,7.2,4.4,83,1019,0,0,0
1981,12,3,6,14,68,6,6.7,4.4,86,1020,0,0,0
1981,12,3,7,109,556,25,12.2,9.4,83,1020,0,0,0
1981,12,3,8,296,787,39,17.8,8.3,54,1020,2.6,170,0
1981,12,3,9,464,881,51,20,8.3,47,1020,4.1,200,0
1981,12,3,10,584,927,58,21.7,8.3,43,1020,3.1,270,0
1981,12,3,11,644,950,62,22.8,5,32,1019,4.1,250,0
1981,12,3,12,635,949,61,23.9,4.4,28,1018,5.2,230,0
1981,12,3,13,553,911,59,23.3,5,31,1018,3.6,210,0
1981,12,3,14,422,868,47,23.3,5,31,1017,5.7,220,0
1981,12,3,15,243,749,35,21.7,4.4,33,1017,4.6,210,0
1981,12,3,16,64,421,20,19.4,6.1,42,1018,5.2,200,0
1981,12,3,17,0,0,0,17.2,8.3,56,1018,4.6,200,0
1981,12,3,18,0,0,0,16.1,8.3,60,1019,4.1,200,0
1981,12,3,19,0,0,0,15.6,8.3,62,1019,4.6,210,0
1981,12,3,20,0,0,0,15.6,8.3,62,1020,4.1,200,0
1981,12,3,21,0,0,0,15.6,8.9,65,1020,4.1,210,0
1981,12,3,22,0,0,0,15,9.4,70,1020,3.6,220,0
1981,12,3,23,0,0,0,15,9.4,70,1020,3.6,220,0
1981,12,4,0,0,0,0,14.4,10.6,78,1020,3.1,220,0
1981,12,4,1,0,0,0,15.6,11.7,78,1020,3.1,250,0
1981,12,4,2,0,0,0,15.6,12.8,84,1021,4.6,290,0
1981,12,4,3,0,0,0,15.6,12.2,81,1021,5.2,330,0
1981,12,4,4,0,0,0,15,8.3,65,1022,7.7,350,0
1981,12,4,5,0,0,0,13.3,7.2,67,1023,5.2,340,0
1981,12,4,6,10,33,6,12.8,3.9,55,1025,7.7,350,0
1981,12,4,7,101,462,33,13.3,2.8,49,1026,6.2,360,0
1981,12,4,8,288,729,51,14.4,1.1,41,1027,7.7,360,0
1981,12,4,9,459,843,66,15,0,36,1027,8.8,360,0
1981,12,4,10,581,895,76,15.6,-0.6,34,1026,6.7,340,0
1981,12,4,11,641,918,80,16.7,-1.1,30,1026,6.2,350,0
1981,12,4,12,630,914,79,17.2,-1.1,29,1025,6.7,350,0
1981,12,4,13,553,886,73,17.8,-1.1,28,1024,6.2,340,0
1981,12,4,14,416,822,62,17.8,-1.1,28,1024,7.2,360,0
1981,12,4,15,235,683,46,17.2,-1.1,29,1024,5.2,340,0
1981,12,4,16,60,326,25,15,-1.7,32,1025,5.7,360,0
1981,12,4,17,0,0,0,14.4,-1.1,35,1026,5.7,350,0
1981,12,4,18,0,0,0,13.3,-0.6,39,1027,4.6,360,0
1981,12,4,19,0,0,0,12.8,0.6,43,1028,5.2,20,0
1981,12,4,20,0,0,0,12.2,1.1,47,1029,6.2,10,0
1981,12,4,21,0,0,0,11.1,1.1,50,1029,5.7,20,0
1981,12,4,22,0,0,0,10.6,2.2,57,1029,4.6,10,0
1981,12,4,23,0,0,0,10.6,2.2,57,1029,5.2,20,0
1981,12,5,0,0,0,0,10,2.2,59,1028,6.2,20,0
1981,12,5,1,0,0,0,10,3.3,64,1028,4.1,10,0
1981,12,5,2,0,0,0,9.4,3.3,66,1028,5.7,10,0
1981,12,5,3,0,0,0,9.4,3.3,66,1028,5.2,20,0
1981,12,5,4,0,0,0,8.9,3.3,68,1028,5.2,30,0
1981,12,5,5,0,0,0,9.4,3.3,66,1028,6.2,50,0
1981,12,5,6,12,63,5,9.4,3.3,66,1028,5.2,40,0
1981,12,5,7,105,549,25,10,3.3,64,1029,6.2,50,0
1981,12,5,8,293,789,39,11.7,3.3,57,1029,6.7,60,0
1981,12,5,9,464,889,51,12.8,2.8,51,1029,6.2,60,0
1981,12,5,10,584,935,59,13.3,2.8,49,1029,4.1,40,0
1981,12,5,11,642,953,62,13.3,2.8,49,1027,4.6,20,0
1981,12,5,12,633,950,61,13.3,2.8,49,1026,2.6,40,0
1981,12,5,13,557,925,57,13.9,2.2,46,1026,1.5,360,0
1981,12,5,14,424,876,48,15,0,36,1025,3.1,40,0
1981,12,5,15,243,753,35,14.4,0,37,1025,2.6,330,0
1981,12,5,16,65,422,20,12.2,1.1,47,1025,0,0,0
1981,12,5,17,0,0,0,8.9,2.2,63,1025,0,0,0
1981,12,5,18,0,0,0,6.7,2.2,74,1025,0,0,0
1981,12,5,19,0,0,0,6.7,2.2,74,1025,0,0,0
1981,12,5,20,0,0,0,7.2,3.3,77,1025,1.5,290,0
1981,12,5,21,0,0,0,7.8,4.4,80,1025,0,0,0
1981,12,5,22,0,0,0,8.3,4.4,77,1025,0,0,0
1981,12,5,23,0,0,0,6.7,4.4,86,1025,0,0,0
1981,12,6,0,0,0,0,6.1,4.4,89,1025,0,0,0
1981,12,6,1,0,0,0,7.2,3.9,80,1024,1.5,90,0
1981,12,6,2,0,0,0,8.3,2.2,66,1024,0,0,0
1981,12,6,3,0,0,0,6.7,3.3,80,1024,0,0,0
1981,12,6,4,0,0,0,5.6,3.9,89,1024,0,0,0
1981,12,6,5,0,0,0,7.8,5,83,1024,0,0,0
1981,12,6,6,4,0,4,8.9,5.6,80,1024,2.1,90,0
1981,12,6,7,45,3,45,10,7.2,83,1025,2.6,90,0
1981,12,6,8,158,71,136,11.1,7.2,77,1026,2.6,80,0
1981,12,6,9,217,46,196,12.8,6.1,64,1026,2.6,60,0
1981,12,6,10,209,1,208,15,6.1,56,1025,2.6,60,0
1981,12,6,11,220,2,219,15.6,6.1,54,1024,2.1,100,0
1981,12,6,12,241,6,237,15.6,7.2,58,1023,3.1,140,0
1981,12,6,13,254,10,249,15.6,7.8,60,1021,3.6,80,0
1981,12,6,14,181,1,181,16.1,8.3,60,1021,3.1,100,0
1981,12,6,15,122,35,112,15.6,8.3,62,1021,3.1,70,0
1981,12,6,16,30,1,30,13.9,9.4,75,1021,4.1,100,0
1981,12,6,17,0,0,0,13.3,9.4,78,1021,3.1,100,0
1981,12,6,18,0,0,0,13.3,9.4,78,1021,3.1,120,0
1981,12,6,19,0,0,0,13.3,9.4,78,1021,2.6,70,0
1981,12,6,20,0,0,0,13.3,9.4,78,1021,3.6,80,0
1981,12,6,21,0,0,0,13.3,9.4,78,1022,3.1,80,0
1981,12,6,22,0,0,0,13.3,9.4,78,1021,2.6,80,0
1981,12,6,23,0,0,0,11.7,9.4,86,1020,2.6,120,0
1981,12,7,0,0,0,0,10.6,8.3,86,1020,0,0,0
1981,12,7,1,0,0,0,7.8,7.8,100,1020,0,0,0
1981,12,7,2,0,0,0,8.3,8.3,100,1019,0,0,0
1981,12,7,3,0,0,0,7.2,7.2,100,1019,2.1,110,0
1981,12,7,4,0,0,0,10,9.4,96,1019,0,0,0
1981,12,7,5,0,0,0,10.6,10,96,1019,0,0,0
1981,12,7,6,1,0,1,12.2,10.6,90,1020,2.1,110,0
1981,12,7,7,30,3,29,14.4,11.1,81,1020,0,0,0
1981,12,7,8,138,131,97,17.8,11.7,68,1020,3.6,140,0
1981,12,7,9,263,141,198,20.6,12.8,61,1020,3.1,120,0
1981,12,7,10,455,452,203,21.7,13.3,59,1020,3.6,150,0
1981,12,7,11,476,362,257,23.3,12.8,52,1019,2.6,150,0
1981,12,7,12,388,229,250,22.8,12.8,53,1018,3.1,160,0
1981,12,7,13,294,139,219,23.9,13.3,52,1018,2.6,160,0
1981,12,7,14,324,401,153,23.3,12.8,52,1017,2.1,190,0
1981,12,7,15,180,255,110,22.2,13.3,57,1018,3.1,180,0
1981,12,7,16,43,130,30,20.6,13.3,63,1018,3.1,170,0
1981,12,7,17,0,0,0,19.4,13.3,68,1018,3.6,150,0
1981,12,7,18,0,0,0,18.3,13.3,73,1019,4.1,160,0
1981,12,7,19,0,0,0,17.2,13.3,78,1018,2.6,180,0
1981,12,7,20,0,0,0,16.7,13.3,81,1018,3.1,170,0
1981,12,7,21,0,0,0,15.6,13.3,87,1019,2.1,180,0
1981,12,7,22,0,0,0,15,13.3,90,1019,2.6,170,0
1981,12,7,23,0,0,0,13.3,12.8,96,1018,0,0,0
1981,12,8,0,0,0,0,12.2,12.2,100,1018,0,0,0
1981,12,8,1,0,0,0,13.9,13.3,96,1018,0,0,0
1981,12,8,2,0,0,0,13.3,12.8,96,1018,0,0,0
1981,12,8,3,0,0,0,13.3,12.8,96,1018,0,0,0
1981,12,8,4,0,0,0,13.9,13.9,100,1018,0,0,0
1981,12,8,5,0,0,0,13.3,13.3,100,1019,0,0,0
1981,12,8,6,3,2,2,12.8,12.8,100,1019,0,0,0
1981,12,8,7,64,36,59,15.6,14.4,93,1019,0,0,0
1981,12,8,8,190,119,153,17.8,15.6,87,1020,3.1,350,0
1981,12,8,9,246,32,231,19.4,15.6,78,1020,3.1,360,0
1981,12,8,10,485,617,142,22.8,16.7,69,1020,4.1,330,0
1981,12,8,11,573,775,106,22.8,16.7,69,1019,3.6,350,0
1981,12,8,12,565,805,84,23.9,15.6,60,1018,4.6,340,0
1981,12,8,13,515,816,77,24.4,15.6,58,1018,3.1,340,0
1981,12,8,14,393,767,65,25,15.6,56,1018,3.1,320,0
1981,12,8,15,222,628,49,23.9,15.6,60,1018,2.1,310,0
1981,12,8,16,57,287,27,20,15.6,76,1019,0,0,0
1981,12,8,17,0,0,0,16.1,15,93,1019,0,0,0
1981,12,8,18,0,0,0,15.6,13.9,90,1020,2.1,350,0
1981,12,8,19,0,0,0,17.8,12.8,73,1020,3.1,10,0
1981,12,8,20,0,0,0,16.7,11.7,73,1021,2.6,20,0
1981,12,8,21,0,0,0,16.7,10.6,67,1021,4.1,20,0
1981,12,8,22,0,0,0,16.7,9.4,63,1021,4.1,40,0
1981,12,8,23,0,0,0,15.6,8.3,62,1022,4.1,40,0
1981,12,9,0,0,0,0,15,8.3,65,1022,4.1,30,0
1981,12,9,1,0,0,0,13.9,6.1,60,1022,3.1,40,0
1981,12,9,2,0,0,0,13.3,5,57,1022,4.1,40,0
1981,12,9,3,0,0,0,12.8,3.9,55,1022,4.1,40,0
1981,12,9,4,0,0,0,12.2,2.8,53,1023,4.1,30,0
1981,12,9,5,0,0,0,11.7,2.8,55,1024,4.6,50,0
1981,12,9,6,5,16,3,10.6,2.2,57,1024,4.1,50,0
1981,12,9,7,87,393,34,11.7,1.1,49,1025,4.6,40,0
1981,12,9,8,268,684,55,13.3,2.2,47,1026,4.6,40,0
1981,12,9,9,438,806,72,14.4,1.1,41,1026,3.6,50,0
1981,12,9,10,562,865,83,15,1.1,39,1025,4.1,50,0
1981,12,9,11,621,886,88,15.6,2.2,41,1024,3.6,360,0
1981,12,9,12,613,882,87,16.1,2.8,41,1024,3.6,360,0
1981,12,9,13,540,857,81,17.2,1.1,34,1023,3.6,40,0
1981,12,9,14,408,794,69,18.3,-2.2,25,1023,1.5,200,0
1981,12,9,15,229,646,51,17.8,0,30,1023,2.6,350,0
1981,12,9,16,57,212,35,13.9,1.1,42,1022,0,0,0
1981,12,9,17,0,0,0,10.6,3.3,61,1023,0,0,0
1981,12,9,18,0,0,0,7.8,3.3,74,1023,1.5,260,0
1981,12,9,19,0,0,0,7.2,2.2,71,1023,0,0,0
1981,12,9,20,0,0,0,6.7,2.2,74,1024,0,0,0
1981,12,9,21,0,0,0,5.6,3.3,86,1024,1.5,360,0
1981,12,9,22,0,0,0,10,3.3,64,1024,2.6,20,0
1981,12,9,23,0,0,0,11.1,3.3,59,1024,2.1,10,0
1981,12,10,0,0,0,0,10.6,3.3,61,1024,3.1,30,0
1981,12,10,1,0,0,0,11.1,3.3,59,1023,3.6,20,0
1981,12,10,2,0,0,0,10.6,2.8,59,1024,3.6,40,0
1981,12,10,3,0,0,0,10,2.2,59,1024,3.6,50,0
1981,12,10,4,0,0,0,9.4,2.2,61,1023,4.1,40,0
1981,12,10,5,0,0,0,8.9,2.2,63,1024,4.1,50,0
1981,12,10,6,6,20,3,8.9,2.2,63,1025,4.6,50,0
1981,12,10,7,87,422,31,10,2.2,59,1025,4.1,50,0
1981,12,10,8,269,706,50,10.6,1.1,52,1025,4.6,70,0
1981,12,10,9,439,825,65,11.7,1.1,49,1025,4.1,40,0
1981,12,10,10,562,882,76,12.2,1.1,47,1024,3.6,30,0
1981,12,10,11,621,900,80,12.2,1.1,47,1023,3.1,20,0
1981,12,10,12,616,902,80,12.8,0,42,1022,3.6,360,0
1981,12,10,13,544,878,74,14.4,0,37,1021,2.1,40,0
1981,12,10,14,410,814,63,14.4,0,37,1021,2.6,350,0
1981,12,10,15,233,676,47,14.4,0,37,1021,2.1,290,0
1981,12,10,16,51,172,33,12.2,1.1,47,1020,0,0,0
1981,12,10,17,0,0,0,7.8,1.7,66,1021,0,0,0
1981,12,10,18,0,0,0,8.3,1.7,63,1021,2.6,40,0
1981,12,10,19,0,0,0,8.9,2.2,63,1020,2.1,70,0
1981,12,10,20,0,0,0,7.2,2.2,71,1020,2.1,120,0
1981,12,10,21,0,0,0,6.1,1.1,71,1020,1.5,70,0
1981,12,10,22,0,0,0,7.2,0,60,1020,1.5,80,0
1981,12,10,23,0,0,0,6.7,-1.1,58,1021,2.1,60,0
1981,12,11,0,0,0,0,5.6,-1.1,63,1020,2.1,90,0
1981,12,11,1,0,0,0,5.6,-1.1,63,1021,1.5,70,0
1981,12,11,2,0,0,0,4.4,-1.1,68,1020,3.6,80,0
1981,12,11,3,0,0,0,6.1,1.1,71,1020,2.6,80,0
1981,12,11,4,0,0,0,7.2,2.2,71,1019,3.1,90,0
1981,12,11,5,0,0,0,8.9,3.3,68,1019,3.1,130,0
1981,12,11,6,2,0,2,9.4,2.8,63,1019,4.1,120,0
1981,12,11,7,33,1,33,10,2.2,59,1019,2.6,80,0
1981,12,11,8,140,37,129,13.3,3.3,51,1019,4.6,120,0
1981,12,11,9,268,256,153,14.4,3.3,48,1020,4.1,90,0
1981,12,11,10,193,4,191,15.6,4.4,48,1020,4.6,110,0
1981,12,11,11,353,186,242,17.2,5.6,46,1019,6.7,140,0
1981,12,11,12,304,78,258,17.2,7.2,52,1018,5.7,120,0
1981,12,11,13,282,76,241,17.2,8.3,56,1017,4.6,120,0
1981,12,11,14,209,68,180,17.2,8.3,56,1017,3.1,120,0
1981,12,11,15,116,101,88,16.7,8.9,60,1017,4.6,110,0
1981,12,11,16,19,1,19,16.1,9.4,65,1016,5.2,120,0
1981,12,11,17,0,0,0,15,9.4,70,1016,4.1,110,0
1981,12,11,18,0,0,0,15.6,9.4,67,1016,4.1,100,0
1981,12,11,19,0,0,0,15.6,9.4,67,1015,5.2,120,0
1981,12,11,20,0,0,0,16.1,10.6,70,1015,3.1,90,0
1981,12,11,21,0,0,0,15.6,11.1,75,1016,3.1,90,0
1981,12,11,22,0,0,0,15.6,11.1,75,1015,2.6,90,0
1981,12,11,23,0,0,0,16.1,12.2,78,1015,2.1,100,0
1981,12,12,0,0,0,0,16.7,13.3,81,1014,2.6,90,0
1981,12,12,1,0,0,0,16.7,13.9,84,1013,3.6,140,0
1981,12,12,2,0,0,0,16.7,14.4,87,1013,2.6,170,0
1981,12,12,3,0,0,0,16.7,14.4,87,1013,3.1,180,0
1981,12,12,4,0,0,0,17.2,16.1,93,1013,4.1,200,0
1981,12,12,5,0,0,0,17.2,16.1,93,1013,3.1,220,0
1981,12,12,6,1,0,1,17.2,16.7,97,1013,2.1,220,0
1981,12,12,7,34,3,33,13.9,13.9,100,1015,3.1,360,0
1981,12,12,8,118,1,117,12.2,11.7,96,1016,3.6,360,0
1981,12,12,9,200,2,199,11.7,11.7,100,1016,4.1,30,0
1981,12,12,10,138,4,136,10.6,10.6,100,1017,4.1,10,0
1981,12,12,11,151,2,150,10,9.4,96,1016,3.6,20,0
1981,12,12,12,175,3,173,9.4,9.4,100,1016,3.6,20,0
1981,12,12,13,142,2,141,10,9.4,96,1015,4.1,60,0
1981,12,12,14,121,0,120,10,9.4,96,1016,3.1,60,0
1981,12,12,15,81,0,81,10,9.4,96,1016,4.1,70,0
1981,12,12,16,38,0,38,10,9.4,96,1016,3.6,80,0
1981,12,12,17,0,0,0,10,9.4,96,1017,3.1,40,0
1981,12,12,18,0,0,0,10,9.4,96,1016,4.1,60,0
1981,12,12,19,0,0,0,10,9.4,96,1017,4.1,50,0
1981,12,12,20,0,0,0,9.4,9.4,100,1017,3.1,60,0
1981,12,12,21,0,0,0,9.4,9.4,100,1017,3.1,60,0
1981,12,12,22,0,0,0,9.4,9.4,100,1018,3.6,50,0
1981,12,12,23,0,0,0,9.4,9.4,100,1018,3.1,40,0
1981,12,13,0,0,0,0,9.4,9.4,100,1017,3.6,70,0
1981,12,13,1,0,0,0,9.4,9.4,100,1017,3.1,40,0
1981,12,13,2,0,0,0,9.4,9.4,100,1017,3.6,50,0
1981,12,13,3,0,0,0,9.4,9.4,100,1017,3.1,30,0
1981,12,13,4,0,0,0,9.4,9.4,100,1017,3.6,60,0
1981,12,13,5,0,0,0,9.4,9.4,100,1018,3.6,50,0
1981,12,13,6,2,0,2,9.4,9.4,100,1018,3.6,70,0
1981,12,13,7,42,0,42,9.4,9.4,100,1018,3.6,70,0
1981,12,13,8,122,1,122,10,9.4,96,1018,3.6,80,0
1981,12,13,9,189,0,189,10,9.4,96,1019,4.1,70,0
1981,12,13,10,243,0,243,10.6,9.4,93,1018,3.1,80,0
1981,12,13,11,293,1,292,10.6,9.4,93,1018,2.6,60,0
1981,12,13,12,258,0,258,12.2,11.1,93,1016,2.6,30,0
1981,12,13,13,244,0,244,12.2,11.1,93,1016,2.6,40,0
1981,12,13,14,176,0,176,13.3,11.7,90,1015,3.1,70,0
1981,12,13,15,99,0,99,13.9,12.2,90,1015,3.1,70,0
1981,12,13,16,19,0,19,12.8,12.2,96,1015,3.6,100,0
1981,12,13,17,0,0,0,12.2,12.2,100,1015,3.6,120,0
1981,12,13,18,0,0,0,12.2,12.2,100,1015,2.1,90,0
1981,12,13,19,0,0,0,12.8,12.2,96,1014,2.1,130,0
1981,12,13,20,0,0,0,12.8,12.8,100,1015,0,0,0
1981,12,13,21,0,0,0,13.3,12.8,96,1014,2.1,100,0
1981,12,13,22,0,0,0,13.9,13.3,96,1014,2.1,130,0
1981,12,13,23,0,0,0,13.9,13.3,96,1013,0,0,0
1981,12,14,0,0,0,0,14.4,13.9,96,1012,3.1,150,0
1981,12,14,1,0,0,0,15.6,13.9,90,1011,2.6,160,0
1981,12,14,2,0,0,0,16.1,14.4,90,1010,3.1,160,0
1981,12,14,3,0,0,0,16.1,14.4,90,1010,3.6,170,0
1981,12,14,4,0,0,0,15.6,14.4,93,1010,2.1,230,0
1981,12,14,5,0,0,0,17.2,15.6,90,1010,2.6,230,0
1981,12,14,6,1,0,1,13.3,12.8,96,1012,4.1,20,0
1981,12,14,7,31,0,31,13.3,12.8,96,1013,2.6,20,0
1981,12,14,8,77,0,77,13.9,12.8,93,1011,5.7,60,0
1981,12,14,9,92,52,69,14.4,13.3,93,1012,2.1,20,0
1981,12,14,10,253,7,249,15,14.4,97,1012,4.6,360,0
1981,12,14,11,216,3,214,13.9,13.9,100,1012,2.6,350,0
1981,12,14,12,262,4,259,12.2,12.2,100,1011,3.1,360,0
1981,12,14,13,117,6,114,11.1,11.1,100,1011,4.6,360,0
1981,12,14,14,115,4,113,10.6,10.6,100,1011,4.1,350,0
1981,12,14,15,70,7,68,10,10,100,1012,5.7,350,0
1981,12,14,16,18,1,18,10,10,100,1013,6.2,350,0
1981,12,14,17,0,0,0,10,10,100,1012,5.2,360,0
1981,12,14,18,0,0,0,10.6,9.4,93,1012,5.2,10,0
1981,12,14,19,0,0,0,10,8.9,93,1013,6.2,360,0
1981,12,14,20,0,0,0,9.4,8.3,93,1014,5.2,330,0
1981,12,14,21,0,0,0,9.4,8.3,93,1015,5.7,360,0
1981,12,14,22,0,0,0,8.3,7.2,93,1016,5.2,320,0
1981,12,14,23,0,0,0,8.3,7.2,93,1016,6.2,330,0
1981,12,15,0,0,0,0,8.3,7.2,93,1016,5.2,330,0
1981,12,15,1,0,0,0,7.8,6.1,89,1016,6.2,350,0
1981,12,15,2,0,0,0,7.2,5.6,89,1016,5.2,330,0
1981,12,15,3,0,0,0,7.2,5.6,89,1017,6.7,330,0
1981,12,15,4,0,0,0,7.2,5,86,1017,4.6,320,0
1981,12,15,5,0,0,0,7.2,5,86,1017,5.2,340,0
1981,12,15,6,2,0,1,6.7,4.4,86,1018,6.2,330,0
1981,12,15,7,48,1,48,6.7,3.9,83,1019,6.2,340,0
1981,12,15,8,137,1,137,7.8,3.9,77,1020,4.1,340,0
1981,12,15,9,399,714,83,8.9,4.4,74,1020,4.1,320,0
1981,12,15,10,555,917,56,9.4,3.9,69,1020,4.1,310,0
1981,12,15,11,623,948,60,10.6,3.9,64,1019,4.6,340,0
1981,12,15,12,614,938,60,12.2,3.3,55,1018,4.6,320,0
1981,12,15,13,548,924,55,13.3,3.3,51,1018,6.2,320,0
1981,12,15,14,392,820,42,13.3,3.3,51,1018,5.2,320,0
1981,12,15,15,219,508,78,13.3,3.3,51,1018,3.6,310,0
1981,12,15,16,57,278,29,11.1,3.3,59,1018,2.6,330,0
1981,12,15,17,0,0,0,10.6,3.3,61,1019,1.5,310,0
1981,12,15,18,0,0,0,7.2,3.9,80,1019,0,0,0
1981,12,15,19,0,0,0,4.4,3.3,93,1020,2.1,280,0
1981,12,15,20,0,0,0,5,3.3,89,1020,0,0,0
1981,12,15,21,0,0,0,5,3.3,89,1020,0,0,0
1981,12,15,22,0,0,0,3.3,3.3,100,1020,2.1,330,0
1981,12,15,23,0,0,0,7.2,3.9,80,1021,2.1,340,0
1981,12,16,0,0,0,0,3.9,2.8,93,1021,0,0,0
1981,12,16,1,0,0,0,3.3,2.8,96,1021,0,0,0
1981,12,16,2,0,0,0,3.3,2.8,96,1021,0,0,0
1981,12,16,3,0,0,0,3.9,2.8,93,1021,2.1,80,0
1981,12,16,4,0,0,0,3.9,2.2,89,1021,3.1,110,0
1981,12,16,5,0,0,0,4.4,2.2,86,1022,0,0,0
1981,12,16,6,3,8,2,4.4,2.2,86,1023,2.6,120,0
1981,12,16,7,73,348,31,8.3,4.4,77,1023,3.6,130,0
1981,12,16,8,250,660,53,12.2,7.2,72,1023,4.6,120,0
1981,12,16,9,416,783,70,14.4,7.2,62,1024,4.1,150,0
1981,12,16,10,543,850,82,16.7,7.2,54,1023,4.1,140,0
1981,12,16,11,568,827,77,17.8,7.8,52,1022,5.7,190,0
1981,12,16,12,512,636,136,17.8,9.4,58,1021,4.1,190,0
1981,12,16,13,495,721,110,18.3,9.4,56,1021,2.6,240,0
1981,12,16,14,311,359,158,18.3,10,59,1020,2.6,180,0
1981,12,16,15,213,574,54,18.3,10,59,1020,3.6,170,0
1981,12,16,16,51,234,27,16.7,10.6,67,1019,5.2,140,0
1981,12,16,17,0,0,0,14.4,10.6,78,1020,2.6,130,0
1981,12,16,18,0,0,0,13.3,10.6,83,1019,2.6,120,0
1981,12,16,19,0,0,0,12.8,10.6,86,1019,3.1,130,0
1981,12,16,20,0,0,0,11.7,10,90,1020,3.1,120,0
1981,12,16,21,0,0,0,11.7,9.4,86,1020,3.1,130,0
1981,12,16,22,0,0,0,12.2,9.4,83,1020,3.6,140,0
1981,12,16,23,0,0,0,12.2,10,86,1019,3.1,140,0
1981,12,17,0,0,0,0,11.7,10,90,1019,2.6,140,0
1981,12,17,1,0,0,0,12.2,10.6,90,1019,2.6,160,0
1981,12,17,2,0,0,0,13.9,11.1,83,1019,3.1,160,0
1981,12,17,3,0,0,0,15,11.1,78,1019,3.1,160,0
1981,12,17,4,0,0,0,16.1,11.1,72,1019,3.6,170,0
1981,12,17,5,0,0,0,15.6,11.7,78,1018,3.6,180,0
1981,12,17,6,6,22,2,15.6,11.7,78,1018,4.6,170,0
1981,12,17,7,82,463,27,17.2,11.7,70,1018,4.6,180,0
1981,12,17,8,231,561,65,19.4,12.2,63,1019,4.1,180,0
1981,12,17,9,403,731,82,21.7,13.3,59,1019,5.2,180,0
1981,12,17,10,416,505,143,22.8,14.4,59,1018,4.1,200,0
1981,12,17,11,377,171,276,23.9,14.4,56,1017,6.2,210,0
1981,12,17,12,171,43,145,15.6,14.4,93,1018,6.2,320,0
1981,12,17,13,147,5,145,14.4,14.4,100,1017,4.1,360,0
1981,12,17,14,115,10,111,13.9,13.9,100,1018,5.2,350,0
1981,12,17,15,57,6,55,11.7,10.6,93,1019,6.2,360,0
1981,12,17,16,26,1,26,10,9.4,96,1020,6.2,10,0
1981,12,17,17,0,0,0,10,8.3,89,1021,6.2,10,0
1981,12,17,18,0,0,0,9.4,7.2,86,1021,6.2,20,0
1981,12,17,19,0,0,0,8.9,6.1,83,1022,5.7,360,0
1981,12,17,20,0,0,0,8.3,5,80,1022,7.7,360,0
1981,12,17,21,0,0,0,7.2,2.8,74,1023,6.7,360,0
1981,12,17,22,0,0,0,6.7,2.2,74,1024,6.7,360,0
1981,12,17,23,0,0,0,6.1,2.2,76,1024,6.7,360,0
1981,12,18,0,0,0,0,5.6,1.1,73,1024,7.2,10,0
1981,12,18,1,0,0,0,5.6,1.1,73,1025,7.7,360,0
1981,12,18,2,0,0,0,5,0,70,1025,6.2,330,0
1981,12,18,3,0,0,0,4.4,-1.1,68,1026,8.2,350,0
1981,12,18,4,0,0,0,3.9,-2.2,65,1026,7.7,360,0
1981,12,18,5,0,0,0,3.3,-2.2,67,1027,7.7,360,0
1981,12,18,6,3,9,1,2.8,-2.2,70,1028,5.7,360,0
1981,12,18,7,73,383,29,3.3,-3.3,62,1028,7.2,360,0
1981,12,18,8,252,692,49,3.3,-3.3,62,1029,7.2,350,0
1981,12,18,9,426,824,64,3.9,-3.3,60,1029,6.2,340,0
1981,12,18,10,553,885,75,5,-3.9,53,1029,6.2,340,0
1981,12,18,11,617,907,80,6.1,-3.9,49,1028,7.2,340,0
1981,12,18,12,619,915,80,6.7,-5,44,1027,7.2,360,0
1981,12,18,13,548,888,74,7.2,-6.1,39,1027,8.2,330,0
1981,12,18,14,416,824,63,7.8,-6.1,37,1027,7.2,330,0
1981,12,18,15,241,692,47,7.2,-7.2,35,1027,6.2,350,0
1981,12,18,16,61,344,26,5.6,-7.2,40,1028,5.7,360,0
1981,12,18,17,0,0,0,4.4,-7.2,43,1029,4.6,360,0
1981,12,18,18,0,0,0,3.3,-7.2,46,1029,4.1,350,0
1981,12,18,19,0,0,0,2.8,-7.2,48,1030,5.2,10,0
1981,12,18,20,0,0,0,2.2,-7.2,50,1030,5.7,360,0
1981,12,18,21,0,0,0,1.7,-7.8,50,1031,5.2,360,0
1981,12,18,22,0,0,0,0.6,-8.3,52,1031,5.7,10,0
1981,12,18,23,0,0,0,0,-8.3,54,1032,5.2,360,0
1981,12,19,0,0,0,0,-0.6,-8.3,56,1031,4.6,20,0
1981,12,19,1,0,0,0,-1.1,-8.3,58,1032,5.2,360,0
1981,12,19,2,0,0,0,-1.1,-8.3,58,1031,5.2,30,0
1981,12,19,3,0,0,0,-1.7,-8.3,61,1031,4.6,30,0
1981,12,19,4,0,0,0,-2.2,-8.3,63,1032,3.6,40,0
1981,12,19,5,0,0,0,-2.2,-8.3,63,1032,4.1,40,0
1981,12,19,6,7,22,2,-2.8,-8.3,66,1033,4.1,30,0
1981,12,19,7,71,358,30,-1.7,-8.3,61,1033,5.2,40,0
1981,12,19,8,232,628,48,-0.6,-8.3,56,1033,6.2,60,0
1981,12,19,9,435,881,50,0,-7.2,59,1034,4.1,60,0
1981,12,19,10,529,866,62,1.1,-7.2,54,1033,4.1,40,0
1981,12,19,11,510,629,138,2.2,-7.2,50,1032,4.1,10,0
1981,12,19,12,443,531,130,1.7,-8.3,48,1031,4.1,360,0
1981,12,19,13,499,721,114,3.3,-8.9,41,1030,3.6,360,0
1981,12,19,14,213,173,139,3.3,-9.4,39,1030,3.1,360,0
1981,12,19,15,184,276,107,3.3,-8.9,41,1029,2.6,360,0
1981,12,19,16,44,55,38,1.7,-8.3,48,1029,2.1,300,0
1981,12,19,17,0,0,0,0.6,-7.2,56,1029,2.1,290,0
1981,12,19,18,0,0,0,0.6,-6.1,61,1029,0,0,0
1981,12,19,19,0,0,0,2.8,-6.1,52,1029,3.1,40,0
1981,12,19,20,0,0,0,3.3,-7.2,46,1030,3.1,50,0
1981,12,19,21,0,0,0,3.3,-7.2,46,1030,3.1,40,0
1981,12,19,22,0,0,0,2.8,-7.8,46,1030,3.1,80,0
1981,12,19,23,0,0,0,0.6,-8.3,52,1029,3.1,90,0
1981,12,20,0,0,0,0,0.6,-8.3,52,1029,3.6,100,0
1981,12,20,1,0,0,0,-0.6,-8.3,56,1029,2.6,90,0
1981,12,20,2,0,0,0,1.7,-8.3,48,1030,2.6,110,0
1981,12,20,3,0,0,0,2.2,-7.8,48,1029,3.6,90,0
1981,12,20,4,0,0,0,2.2,-7.2,50,1029,3.6,70,0
1981,12,20,5,0,0,0,2.2,-6.1,55,1029,3.1,90,0
1981,12,20,6,2,1,2,2.2,-5,59,1029,4.6,80,0
1981,12,20,7,35,25,32,2.8,-3.9,62,1029,5.2,70,0
1981,12,20,8,131,53,116,3.3,-3.9,60,1030,5.2,80,0
1981,12,20,9,242,67,213,4.4,-2.8,60,1029,6.2,90,0
1981,12,20,10,286,182,188,7.8,-1.1,54,1029,5.7,100,0
1981,12,20,11,199,67,160,7.2,0,60,1027,5.7,80,0
1981,12,20,12,411,218,282,7.8,0,58,1026,5.7,90,0
1981,12,20,13,384,343,201,8.3,0,56,1025,4.1,100,0
1981,12,20,14,200,171,127,8.9,2.2,63,1025,4.6,110,0
1981,12,20,15,135,46,122,8.9,2.8,66,1025,5.2,90,0
1981,12,20,16,45,30,42,7.8,3.3,74,1024,5.2,80,0
1981,12,20,17,0,0,0,7.8,3.3,74,1024,4.1,90,0
1981,12,20,18,0,0,0,7.8,4.4,80,1023,4.6,120,0
1981,12,20,19,0,0,0,7.8,4.4,80,1023,3.1,90,0
1981,12,20,20,0,0,0,9.4,4.4,71,1023,4.1,120,0
1981,12,20,21,0,0,0,10.6,5,69,1023,5.2,130,0
1981,12,20,22,0,0,0,11.1,5.6,69,1022,6.2,130,0
1981,12,20,23,0,0,0,10.6,7.2,80,1021,6.2,130,0
1981,12,21,0,0,0,0,11.7,8.3,80,1020,5.2,120,0
1981,12,21,1,0,0,0,11.7,8.3,80,1020,5.2,130,0
1981,12,21,2,0,0,0,11.1,8.9,86,1019,5.2,130,0
1981,12,21,3,0,0,0,11.7,9.4,86,1018,4.1,130,0
1981,12,21,4,0,0,0,12.2,10,86,1018,4.6,130,0
1981,12,21,5,0,0,0,12.8,10.6,86,1017,5.7,140,0
1981,12,21,6,1,0,1,13.3,11.1,87,1016,5.2,140,0
1981,12,21,7,43,6,42,15.6,11.7,78,1016,7.2,140,0
1981,12,21,8,105,7,103,17.2,12.8,75,1017,6.2,160,0
1981,12,21,9,291,330,147,18.3,12.8,70,1016,9.3,180,0
1981,12,21,10,275,59,244,19.4,13.3,68,1015,7.7,160,0
1981,12,21,11,289,109,224,20.6,14.4,68,1015,8.2,160,0
1981,12,21,12,333,188,222,22.2,14.4,62,1013,8.8,190,0
1981,12,21,13,294,104,238,22.2,14.4,62,1013,8.8,180,0
1981,12,21,14,253,136,194,21.7,14.4,64,1013,9.3,180,0
1981,12,21,15,152,91,126,21.1,15.6,71,1013,7.2,190,0
1981,12,21,16,52,37,48,20.6,15.6,73,1012,7.2,180,0
1981,12,21,17,3,1,2,18.9,15.6,81,1012,5.2,180,0
1981,12,21,18,0,0,0,17.8,15.6,87,1012,4.1,170,0
1981,12,21,19,0,0,0,17.2,15.6,90,1012,4.1,180,0
1981,12,21,20,0,0,0,17.2,15.6,90,1012,4.1,160,0
1981,12,21,21,0,0,0,17.2,15.6,90,1012,4.1,180,0
1981,12,21,22,0,0,0,17.2,15.6,90,1012,4.1,180,0
1981,12,21,23,0,0,0,17.8,15.6,87,1012,3.6,180,0
1981,12,22,0,0,0,0,17.8,15.6,87,1011,4.6,170,0
1981,12,22,1,0,0,0,17.8,15.6,87,1011,3.6,160,0
1981,12,22,2,0,0,0,17.2,15.6,90,1010,4.1,170,0
1981,12,22,3,0,0,0,17.2,15.6,90,1010,4.1,180,0
1981,12,22,4,0,0,0,17.8,15.6,87,1010,5.2,170,0
1981,12,22,5,0,0,0,18.3,16.7,90,1010,6.2,150,0
1981,12,22,6,1,0,1,19.4,16.7,84,1010,5.7,170,0
1981,12,22,7,41,31,38,20,16.7,81,1010,5.7,170,0
1981,12,22,8,134,94,107,20,16.7,81,1010,5.2,160,0
1981,12,22,9,224,46,204,21.7,16.7,73,1010,6.2,150,0
1981,12,22,10,183,1,183,22.2,16.7,71,1011,7.2,190,0
1981,12,22,11,312,96,256,22.8,16.7,69,1010,6.7,180,0
1981,12,22,12,249,86,198,22.8,16.7,69,1009,6.7,180,0
1981,12,22,13,296,30,280,23.9,17.8,69,1008,6.2,180,0
1981,12,22,14,203,111,155,23.3,17.8,71,1008,6.2,170,0
1981,12,22,15,112,19,107,22.8,17.8,74,1008,5.7,160,0
1981,12,22,16,38,32,35,22.2,18.3,79,1009,4.1,190,0
1981,12,22,17,0,0,0,21.1,18.3,84,1009,4.1,180,0
1981,12,22,18,0,0,0,20.6,18.3,87,1010,4.6,180,0
1981,12,22,19,0,0,0,20.6,18.3,87,1010,4.6,170,0
1981,12,22,20,0,0,0,20,18.9,93,1010,4.6,190,0
1981,12,22,21,0,0,0,19.4,18.9,97,1010,4.6,180,0
1981,12,22,22,0,0,0,19.4,18.3,93,1010,5.2,180,0
1981,12,22,23,0,0,0,20,18.3,90,1010,5.2,180,0
1981,12,23,0,0,0,0,20,18.3,90,1010,4.1,200,0
1981,12,23,1,0,0,0,19.4,18.9,97,1010,4.6,180,0
1981,12,23,2,0,0,0,14.4,12.8,90,1012,8.2,330,0
1981,12,23,3,0,0,0,13.3,11.7,90,1013,3.1,340,0
1981,12,23,4,0,0,0,12.8,11.7,93,1013,3.1,360,0
1981,12,23,5,0,0,0,12.8,10.6,86,1014,4.6,360,0
1981,12,23,6,1,0,1,12.2,9.4,83,1015,4.6,340,0
1981,12,23,7,38,1,38,11.7,9.4,86,1016,4.6,350,0
1981,12,23,8,135,4,134,12.2,9.4,83,1017,4.6,340,0
1981,12,23,9,139,96,97,12.8,9.4,80,1018,5.7,360,0
1981,12,23,10,215,5,213,12.8,8.3,75,1018,6.2,350,0
1981,12,23,11,468,477,187,14.4,8.3,67,1017,5.2,10,0
1981,12,23,12,418,325,226,14.4,8.3,67,1017,4.6,350,0
1981,12,23,13,481,719,96,15,8.3,65,1016,4.6,340,0
1981,12,23,14,376,729,61,15.6,8.3,62,1017,4.1,360,0
1981,12,23,15,197,344,99,13.9,7.2,64,1017,5.7,350,0
1981,12,23,16,47,34,43,13.3,7.2,67,1018,4.1,360,0
1981,12,23,17,2,1,1,12.2,7.2,72,1018,5.7,20,0
1981,12,23,18,0,0,0,11.1,6.1,72,1019,6.2,20,0
1981,12,23,19,0,0,0,10,5.6,74,1019,6.2,30,0
1981,12,23,20,0,0,0,9.4,5,74,1020,6.2,20,0
1981,12,23,21,0,0,0,8.9,5,77,1021,5.2,20,0
1981,12,23,22,0,0,0,8.3,5,80,1020,4.6,30,0
1981,12,23,23,0,0,0,8.3,5,80,1020,4.1,20,0
1981,12,24,0,0,0,0,8.3,5,80,1020,4.1,60,0
1981,12,24,1,0,0,0,7.8,5,83,1019,4.1,50,0
1981,12,24,2,0,0,0,7.8,5,83,1020,4.1,30,0
1981,12,24,3,0,0,0,7.8,5,83,1020,6.2,20,0
1981,12,24,4,0,0,0,7.8,5,83,1020,6.2,20,0
1981,12,24,5,0,0,0,7.8,5,83,1022,5.2,20,0
1981,12,24,6,0,0,0,7.2,5,86,1022,7.7,20,0
1981,12,24,7,22,1,22,7.2,5,86,1021,7.2,40,0
1981,12,24,8,118,7,116,7.8,5,83,1021,6.7,50,0
1981,12,24,9,88,1,87,7.8,5.6,86,1022,4.6,50,0
1981,12,24,10,115,3,113,8.3,5.6,83,1021,4.1,40,0
1981,12,24,11,332,91,278,8.3,5.6,83,1020,5.2,20,0
1981,12,24,12,145,6,142,7.8,6.1,89,1019,4.6,30,0
1981,12,24,13,243,14,236,8.3,6.1,86,1018,4.6,30,0
1981,12,24,14,85,3,84,8.3,7.2,93,1018,4.1,10,0
1981,12,24,15,53,4,51,7.8,7.2,96,1018,5.2,350,0
1981,12,24,16,19,1,19,7.2,7.2,100,1018,4.6,30,0
1981,12,24,17,0,0,0,7.8,7.2,96,1019,5.7,30,0
1981,12,24,18,0,0,0,7.8,7.2,96,1018,6.2,30,0
1981,12,24,19,0,0,0,7.2,7.2,100,1019,4.6,360,0
1981,12,24,20,0,0,0,7.2,7.2,100,1019,5.2,10,0
1981,12,24,21,0,0,0,7.2,7.2,100,1019,4.6,20,0
1981,12,24,22,0,0,0,7.2,7.2,100,1019,4.6,20,0
1981,12,24,23,0,0,0,7.2,7.2,100,1019,4.6,10,0
1981,12,25,0,0,0,0,7.2,7.2,100,1019,4.1,10,0
1981,12,25,1,0,0,0,7.2,7.2,100,1018,4.6,360,0
1981,12,25,2,0,0,0,7.2,7.2,100,1018,4.6,360,0
1981,12,25,3,0,0,0,7.8,7.2,96,1018,4.1,360,0
1981,12,25,4,0,0,0,7.8,7.2,96,1018,5.2,10,0
1981,12,25,5,0,0,0,7.8,7.2,96,1018,5.2,360,0
1981,12,25,6,0,0,0,7.8,7.2,96,1019,4.1,360,0
1981,12,25,7,41,1,41,7.8,7.2,96,1019,4.1,10,0
1981,12,25,8,124,2,123,8.3,7.2,93,1019,5.2,10,0
1981,12,25,9,197,0,197,8.9,7.2,89,1020,4.1,20,0
1981,12,25,10,252,2,251,9.4,7.2,86,1019,3.6,360,0
1981,12,25,11,254,75,210,9.4,7.2,86,1019,3.1,340,0
1981,12,25,12,298,117,229,10.6,7.2,80,1017,3.6,50,0
1981,12,25,13,405,386,198,11.1,7.2,77,1017,2.1,60,0
1981,12,25,14,377,554,137,10.6,7.2,80,1016,3.1,30,0
1981,12,25,15,196,384,85,10.6,7.2,80,1016,2.6,350,0
1981,12,25,16,48,81,39,9.4,7.2,86,1016,1.5,280,0
1981,12,25,17,0,0,0,8.9,7.2,89,1016,2.1,220,0
1981,12,25,18,0,0,0,7.8,6.7,93,1015,0,0,0
1981,12,25,19,0,0,0,6.7,5.6,93,1016,0,0,0
1981,12,25,20,0,0,0,6.7,6.1,96,1016,1.5,140,0
1981,12,25,21,0,0,0,6.7,6.1,96,1016,0,0,0
1981,12,25,22,0,0,0,8.3,7.2,93,1015,2.6,170,0
1981,12,25,23,0,0,0,8.9,8.3,96,1015,3.1,150,0
1981,12,26,0,0,0,0,8.9,8.3,96,1015,2.6,150,0
1981,12,26,1,0,0,0,9.4,8.3,93,1014,2.1,90,0
1981,12,26,2,0,0,0,9.4,8.3,93,1014,0,0,0
1981,12,26,3,0,0,0,9.4,8.3,93,1013,1.5,60,0
1981,12,26,4,0,0,0,9.4,8.3,93,1014,0,0,0
1981,12,26,5,0,0,0,6.7,6.7,100,1014,0,0,0
1981,12,26,6,1,1,1,6.1,6.1,100,1014,0,0,0
1981,12,26,7,58,223,35,6.7,6.7,100,1014,0,0,0
1981,12,26,8,219,582,54,11.7,9.4,86,1014,3.1,120,0
1981,12,26,9,381,726,68,15,10.6,75,1014,3.6,110,0
1981,12,26,10,400,386,194,16.1,11.1,72,1013,3.1,110,0
1981,12,26,11,294,172,192,17.2,11.7,70,1012,2.1,240,0
1981,12,26,12,214,81,166,16.7,11.7,73,1011,3.1,360,0
1981,12,26,13,294,82,249,17.2,11.7,70,1010,0,0,0
1981,12,26,14,264,266,148,19.4,13.3,68,1009,4.6,130,0
1981,12,26,15,120,42,107,18.9,13.3,70,1009,4.1,160,0
1981,12,26,16,42,3,42,17.8,13.9,78,1009,4.1,150,0
1981,12,26,17,2,0,2,17.2,13.9,81,1010,4.1,140,0
1981,12,26,18,0,0,0,17.2,15,87,1009,4.1,140,0
1981,12,26,19,0,0,0,16.7,15,90,1009,4.6,140,0
1981,12,26,20,0,0,0,16.7,15.6,93,1008,3.1,160,0
1981,12,26,21,0,0,0,16.7,15.6,93,1008,2.6,240,0
1981,12,26,22,0,0,0,16.7,16.1,97,1009,2.6,230,0
1981,12,26,23,0,0,0,17.2,16.1,93,1008,4.1,260,0
1981,12,27,0,0,0,0,16.7,15.6,93,1008,5.2,280,0
1981,12,27,1,0,0,0,14.4,13.9,96,1008,3.1,270,0
1981,12,27,2,0,0,0,14.4,13.3,93,1009,4.1,290,0
1981,12,27,3,0,0,0,13.3,12.8,96,1010,3.6,310,0
1981,12,27,4,0,0,0,11.1,11.1,100,1010,3.1,350,0
1981,12,27,5,0,0,0,9.4,9.4,100,1010,2.1,320,0
1981,12,27,6,1,1,1,5,5,100,1011,1.5,330,0
1981,12,27,7,51,208,30,8.3,7.8,96,1011,2.6,350,0
1981,12,27,8,209,492,70,12.2,10.6,90,1012,3.1,20,0
1981,12,27,9,393,724,82,14.4,10.6,78,1012,3.1,50,0
1981,12,27,10,481,686,114,15,9.4,70,1012,3.6,40,0
1981,12,27,11,529,617,165,16.7,9.4,63,1011,1.5,110,0
1981,12,27,12,563,734,129,17.8,9.4,58,1010,3.6,40,0
1981,12,27,13,481,616,148,17.8,10.6,63,1009,3.6,40,0
1981,12,27,14,370,574,119,18.9,10.6,59,1009,3.1,50,0
1981,12,27,15,220,504,74,18.3,10.6,61,1009,2.6,50,0
1981,12,27,16,60,234,33,17.2,10.6,65,1008,3.1,120,0
1981,12,27,17,1,2,0,15.6,10.6,72,1009,4.6,140,0
1981,12,27,18,0,0,0,13.9,10.6,80,1009,3.1,120,0
1981,12,27,19,0,0,0,15,11.7,81,1010,3.6,110,0
1981,12,27,20,0,0,0,13.9,11.7,87,1010,3.6,150,0
1981,12,27,21,0,0,0,14.4,12.8,90,1010,3.6,130,0
1981,12,27,22,0,0,0,15.6,12.8,84,1010,2.6,140,0
1981,12,27,23,0,0,0,16.1,13.3,84,1009,2.1,140,0
1981,12,28,0,0,0,0,16.7,13.3,81,1009,3.1,140,0
1981,12,28,1,0,0,0,17.2,14.4,84,1009,3.6,150,0
1981,12,28,2,0,0,0,18.9,15.6,81,1009,4.6,150,0
1981,12,28,3,0,0,0,18.3,16.7,90,1009,4.1,160,0
1981,12,28,4,0,0,0,18.3,16.7,90,1009,3.1,180,0
1981,12,28,5,0,0,0,18.9,17.8,93,1009,3.6,170,0
1981,12,28,6,0,0,0,18.9,17.8,93,1010,4.1,170,0
1981,12,28,7,31,12,30,18.9,18.9,100,1011,4.1,170,0
1981,12,28,8,169,167,122,20.6,19.4,93,1011,5.2,170,0
1981,12,28,9,191,45,172,21.7,20,90,1012,3.6,180,0
1981,12,28,10,213,46,188,22.8,20.6,87,1011,4.1,190,0
1981,12,28,11,343,348,137,23.9,21.1,85,1011,4.1,200,0
1981,12,28,12,430,335,232,26.7,21.1,72,1010,6.7,200,0
1981,12,28,13,313,197,207,27.2,21.1,69,1010,6.2,210,0
1981,12,28,14,103,11,98,21.1,19.4,90,1011,4.1,340,0
1981,12,28,15,59,13,56,20.6,19.4,93,1012,1.5,10,0
1981,12,28,16,38,15,37,19.4,18.9,97,1012,2.1,40,0
1981,12,28,17,0,0,0,18.9,18.9,100,1013,1.5,10,0
1981,12,28,18,0,0,0,18.9,18.3,97,1013,3.1,20,0
1981,12,28,19,0,0,0,18.3,18.3,100,1014,2.6,30,0
1981,12,28,20,0,0,0,17.8,17.8,100,1015,3.1,30,0
1981,12,28,21,0,0,0,17.8,17.8,100,1015,3.6,30,0
1981,12,28,22,0,0,0,17.2,16.7,97,1016,5.2,10,0
1981,12,28,23,0,0,0,16.1,13.9,87,1016,5.7,20,0
1981,12,29,0,0,0,0,15.6,12.8,84,1017,5.2,10,0
1981,12,29,1,0,0,0,14.4,11.7,84,1017,4.6,10,0
1981,12,29,2,0,0,0,13.9,10.6,80,1017,5.7,360,0
1981,12,29,3,0,0,0,13.3,9.4,78,1018,5.2,360,0
1981,12,29,4,0,0,0,12.8,9.4,80,1018,5.2,360,0
1981,12,29,5,0,0,0,12.8,8.3,75,1019,5.2,20,0
1981,12,29,6,0,0,0,11.7,8.3,80,1020,5.2,10,0
1981,12,29,7,16,6,15,10.6,8.3,86,1020,4.6,30,0
1981,12,29,8,76,5,74,10.6,8.3,86,1021,6.2,50,0
1981,12,29,9,154,12,149,10.6,8.3,86,1021,6.2,40,0
1981,12,29,10,217,13,210,11.1,8.3,83,1021,5.7,40,0
1981,12,29,11,167,4,165,11.1,8.3,83,1021,4.1,20,0
1981,12,29,12,159,8,155,11.1,8.3,83,1020,4.6,50,0
1981,12,29,13,161,4,159,10.6,8.3,86,1020,5.2,70,0
1981,12,29,14,132,3,131,11.1,9.4,90,1021,2.1,60,0
1981,12,29,15,76,1,75,11.1,8.9,86,1021,3.1,30,0
1981,12,29,16,50,0,50,11.1,6.1,72,1021,3.1,40,0
1981,12,29,17,3,0,3,11.1,7.8,80,1021,3.1,30,0
1981,12,29,18,0,0,0,11.7,8.3,80,1022,3.1,40,0
1981,12,29,19,0,0,0,11.7,6.1,69,1022,4.1,40,0
1981,12,29,20,0,0,0,12.2,5,62,1022,5.2,30,0
1981,12,29,21,0,0,0,11.7,5,64,1022,4.6,40,0
1981,12,29,22,0,0,0,11.7,3.3,57,1022,5.2,40,0
1981,12,29,23,0,0,0,11.7,3.3,57,1022,5.2,40,0
1981,12,30,0,0,0,0,11.1,3.3,59,1022,6.2,50,0
1981,12,30,1,0,0,0,10,2.8,61,1022,5.2,40,0
1981,12,30,2,0,0,0,10,2.8,61,1021,6.2,50,0
1981,12,30,3,0,0,0,9.4,2.8,63,1021,5.2,60,0
1981,12,30,4,0,0,0,9.4,2.8,63,1021,4.6,30,0
1981,12,30,5,0,0,0,9.4,2.8,63,1021,4.6,50,0
1981,12,30,6,0,0,0,10,2.8,61,1022,5.2,60,0
1981,12,30,7,41,1,41,9.4,2.8,63,1021,5.2,50,0
1981,12,30,8,127,1,127,10,2.8,61,1021,4.6,50,0
1981,12,30,9,201,1,200,10,2.8,61,1022,4.6,60,0
1981,12,30,10,273,2,272,10.6,2.8,59,1022,4.1,60,0
1981,12,30,11,304,82,255,11.7,3.9,59,1021,4.1,40,0
1981,12,30,12,339,132,260,11.7,3.9,59,1019,5.2,60,0
1981,12,30,13,165,7,161,11.7,5.6,66,1019,5.2,60,0
1981,12,30,14,156,10,152,12.2,6.1,67,1017,6.2,80,0
1981,12,30,15,95,7,93,12.8,7.2,69,1018,4.6,70,0
1981,12,30,16,40,6,40,12.2,8.3,77,1018,4.1,40,0
1981,12,30,17,1,0,1,11.7,8.9,83,1017,6.7,60,0
1981,12,30,18,0,0,0,12.2,10,86,1016,6.2,70,0
1981,12,30,19,0,0,0,12.2,10,86,1016,7.7,80,0
1981,12,30,20,0,0,0,12.8,10.6,86,1015,6.7,90,0
1981,12,30,21,0,0,0,12.8,10.6,86,1015,7.2,90,0
1981,12,30,22,0,0,0,12.8,11.1,90,1014,6.2,120,0
1981,12,30,23,0,0,0,13.3,11.7,90,1011,7.2,120,0
1981,12,31,0,0,0,0,14.4,12.8,90,1009,8.2,90,0
1981,12,31,1,0,0,0,15.6,14.4,93,1009,8.8,130,0
1981,12,31,2,0,0,0,16.1,15,93,1009,6.2,120,0
1981,12,31,3,0,0,0,16.1,15,93,1007,4.6,130,0
1981,12,31,4,0,0,0,17.8,16.1,90,1008,5.2,230,0
1981,12,31,5,0,0,0,13.9,12.8,93,1010,5.7,360,0
1981,12,31,6,0,0,0,12.2,11.7,96,1010,3.1,50,0
1981,12,31,7,53,116,41,12.8,11.7,93,1010,3.1,80,0
1981,12,31,8,221,609,50,15.6,12.8,84,1011,3.1,140,0
1981,12,31,9,381,734,66,18.3,12.8,70,1011,3.1,180,0
1981,12,31,10,513,819,75,19.4,14.4,73,1011,3.6,190,0
1981,12,31,11,594,871,78,22.2,16.1,68,1010,5.2,260,0
1981,12,31,12,545,742,103,22.8,16.1,66,1009,4.1,260,0
1981,12,31,13,520,747,114,23.9,15.6,60,1009,4.1,300,0
1981,12,31,14,417,798,63,24.4,16.1,60,1009,4.1,270,0
1981,12,31,15,251,678,48,22.8,16.1,66,1009,3.1,350,0
1981,12,31,16,76,389,29,20.6,15.6,73,1010,1.5,90,0
1981,12,31,17,4,12,2,19.4,15.6,78,1010,3.1,220,0
1981,12,31,18,0,0,0,17.8,15,84,1011,2.6,200,0
1981,12,31,19,0,0,0,17.2,15,87,1012,4.1,220,0
1981,12,31,20,0,0,0,16.7,15,90,1012,4.1,240,0
1981,12,31,21,0,0,0,16.1,15,93,1012,3.6,240,0
1981,12,31,22,0,0,0,16.1,14.4,90,1012,3.6,240,0
1981,12,31,23,0,0,0,14.4,13.3,93,1013,2.6,220,0
=======
Source,Location ID,City,State,Country,Latitude,Longitude,Time Zone,Elevation
TMY2,12916,New Orleans,LA,USA,29.983333,-90.250000,-6,3
Year,Month,Day,Hour,GHI,DNI,DHI,Tdry,Tdew,RH,Pres,Wspd,Wdir,Snow Depth
1969,1,1,0,0,0,0,3.9,-2.8,62,1030,6.7,20,0
1969,1,1,1,0,0,0,3.3,-3.3,62,1030,6.2,30,0
1969,1,1,2,0,0,0,3.3,-5,55,1030,8.2,30,0
1969,1,1,3,0,0,0,2.2,-5,59,1031,5.7,40,0
1969,1,1,4,0,0,0,1.7,-5.6,59,1031,7.2,50,0
1969,1,1,5,0,0,0,0.6,-5.6,64,1031,5.7,40,0
1969,1,1,6,0,0,0,0.6,-6.1,61,1032,5.2,40,0
1969,1,1,7,61,290,32,1.7,-6.1,57,1032,6.7,50,0
1969,1,1,8,231,634,53,3.3,-6.7,48,1033,8.2,60,0
1969,1,1,9,370,687,75,4.4,-5.6,49,1033,7.2,50,0
1969,1,1,10,417,536,130,5,-5.6,47,1033,6.2,40,0
1969,1,1,11,383,217,254,5.6,-5.6,45,1032,4.6,50,0
1969,1,1,12,450,326,256,7.2,-5.6,40,1031,5.2,50,0
1969,1,1,13,433,328,254,7.2,-6.1,38,1030,3.1,30,0
1969,1,1,14,352,483,137,7.8,-5.6,38,1030,4.6,360,0
1969,1,1,15,217,480,72,7.8,-3.9,44,1030,3.6,310,0
1969,1,1,16,69,201,44,6.1,-3.9,49,1030,2.1,330,0
1969,1,1,17,1,0,1,6.1,-2.8,53,1030,1.5,310,0
1969,1,1,18,0,0,0,7.8,-4.4,42,1030,4.1,20,0
1969,1,1,19,0,0,0,6.7,-4.4,45,1029,4.6,40,0
1969,1,1,20,0,0,0,7.2,-4.4,44,1030,3.6,50,0
1969,1,1,21,0,0,0,7.2,-3.9,45,1030,3.1,50,0
1969,1,1,22,0,0,0,7.2,-3.9,45,1030,3.1,50,0
1969,1,1,23,0,0,0,7.2,-3.9,45,1029,3.6,60,0
1969,1,2,0,0,0,0,7.2,-3.9,45,1029,4.1,40,0
1969,1,2,1,0,0,0,6.7,-3.9,47,1028,4.6,50,0
1969,1,2,2,0,0,0,6.1,-3.3,51,1028,3.1,60,0
1969,1,2,3,0,0,0,6.1,-3.9,49,1028,0,0,0
1969,1,2,4,0,0,0,5.6,-5,47,1027,2.6,60,0
1969,1,2,5,0,0,0,6.1,-5,45,1026,3.6,60,0
1969,1,2,6,0,0,0,6.1,-0.6,62,1027,2.6,40,0
1969,1,2,7,43,6,42,7.2,0.6,63,1027,3.6,60,0
1969,1,2,8,103,4,102,8.3,0.6,58,1028,4.1,70,0
1969,1,2,9,153,4,151,8.9,1.1,58,1028,3.6,60,0
1969,1,2,10,212,7,208,10,2.2,59,1027,2.6,130,0
1969,1,2,11,280,7,276,11.1,3.3,59,1025,2.6,50,0
1969,1,2,12,276,1,275,11.1,5,66,1025,3.1,20,0
1969,1,2,13,229,2,228,10.6,4.4,66,1024,5.7,50,0
1969,1,2,14,195,1,195,9.4,3.3,66,1024,4.1,20,0
1969,1,2,15,134,1,134,8.9,3.3,69,1024,3.6,50,0
1969,1,2,16,51,0,51,8.9,3.9,71,1024,3.6,10,0
1969,1,2,17,2,0,2,8.3,4.4,76,1024,4.1,30,0
1969,1,2,18,0,0,0,8.3,3.9,74,1024,4.6,60,0
1969,1,2,19,0,0,0,8.3,3.9,74,1024,2.6,90,0
1969,1,2,20,0,0,0,7.8,3.3,74,1022,3.1,70,0
1969,1,2,21,0,0,0,7.8,4.4,79,1022,3.1,60,0
1969,1,2,22,0,0,0,8.3,4.4,76,1021,3.6,100,0
1969,1,2,23,0,0,0,8.3,5,79,1021,3.6,100,0
1969,1,3,0,0,0,0,8.9,5.6,79,1020,3.6,110,0
1969,1,3,1,0,0,0,9.4,6.1,79,1020,2.6,50,0
1969,1,3,2,0,0,0,10,7.2,83,1020,3.1,50,0
1969,1,3,3,0,0,0,10,7.8,86,1019,4.1,60,0
1969,1,3,4,0,0,0,10,7.8,86,1019,3.1,70,0
1969,1,3,5,0,0,0,10,8.3,89,1019,3.6,80,0
1969,1,3,6,0,0,0,10.6,8.3,86,1019,2.1,90,0
1969,1,3,7,20,0,20,10.6,8.9,89,1019,2.6,60,0
1969,1,3,8,115,1,115,11.7,10,89,1019,3.6,60,0
1969,1,3,9,115,1,114,12.2,10.6,89,1019,2.6,50,0
1969,1,3,10,253,2,252,13.3,11.7,90,1019,2.6,60,0
1969,1,3,11,274,1,274,13.9,12.2,90,1018,2.6,50,0
1969,1,3,12,169,1,169,13.9,12.2,90,1017,2.6,30,0
1969,1,3,13,278,1,278,14.4,12.8,90,1016,2.1,50,0
1969,1,3,14,132,1,131,15,12.8,86,1015,4.1,60,0
1969,1,3,15,132,1,132,14.4,12.2,86,1015,3.1,40,0
1969,1,3,16,45,1,45,13.9,12.2,90,1015,4.6,50,0
1969,1,3,17,2,0,2,13.3,11.7,90,1013,2.6,360,0
1969,1,3,18,0,0,0,13.3,12.2,93,1016,4.1,10,0
1969,1,3,19,0,0,0,10.6,9.4,93,1017,7.7,10,0
1969,1,3,20,0,0,0,9.4,8.3,93,1018,7.2,10,0
1969,1,3,21,0,0,0,8.9,7.8,93,1018,6.7,10,0
1969,1,3,22,0,0,0,8.3,6.1,86,1018,6.7,20,0
1969,1,3,23,0,0,0,8.3,6.1,86,1019,6.2,20,0
1969,1,4,0,0,0,0,7.8,5,83,1019,6.2,10,0
1969,1,4,1,0,0,0,7.2,5,86,1019,7.2,10,0
1969,1,4,2,0,0,0,6.1,4.4,89,1019,10.3,360,0
1969,1,4,3,0,0,0,5.6,2.8,82,1019,8.8,360,0
1969,1,4,4,0,0,0,5,2.2,82,1019,7.7,360,0
1969,1,4,5,0,0,0,4.4,0.6,76,1020,6.2,360,0
1969,1,4,6,0,0,0,3.3,-0.6,76,1021,6.7,360,0
1969,1,4,7,38,0,38,2.2,-2.8,69,1022,6.7,360,0
1969,1,4,8,184,327,92,2.8,-2.8,67,1024,10.3,10,0
1969,1,4,9,329,477,124,3.3,-4.4,57,1024,10.3,10,0
1969,1,4,10,445,543,153,3.3,-5.6,52,1024,9.3,10,0
1969,1,4,11,343,160,248,3.3,-7.2,46,1024,8.8,360,0
1969,1,4,12,448,276,282,5,-6.7,43,1022,8.2,20,0
1969,1,4,13,381,320,205,4.4,-7.8,41,1022,8.2,10,0
1969,1,4,14,308,253,194,5.6,-7.2,39,1022,8.2,10,0
1969,1,4,15,148,74,126,4.4,-7.8,41,1022,7.7,350,0
1969,1,4,16,46,5,45,3.9,-7.8,43,1022,6.7,360,0
1969,1,4,17,6,2,6,2.8,-8.3,44,1023,6.7,360,0
1969,1,4,18,0,0,0,2.8,-8.3,44,1024,6.7,350,0
1969,1,4,19,0,0,0,2.2,-7.8,48,1024,7.2,360,0
1969,1,4,20,0,0,0,1.7,-8.3,48,1025,7.2,10,0
1969,1,4,21,0,0,0,0.6,-8.3,52,1025,6.2,10,0
1969,1,4,22,0,0,0,0.6,-8.3,52,1025,6.7,10,0
1969,1,4,23,0,0,0,0,-8.9,52,1025,6.2,20,0
1969,1,5,0,0,0,0,-0.6,-8.9,53,1024,8.8,10,0
1969,1,5,1,0,0,0,-1.1,-8.9,56,1024,7.2,10,0
1969,1,5,2,0,0,0,-1.7,-8.3,61,1024,4.6,20,0
1969,1,5,3,0,0,0,-2.2,-8.3,64,1024,5.2,20,0
1969,1,5,4,0,0,0,-2.2,-8.3,64,1024,4.6,20,0
1969,1,5,5,0,0,0,-2.8,-8.9,63,1025,4.6,20,0
1969,1,5,6,0,0,0,-2.8,-8.3,66,1025,5.7,30,0
1969,1,5,7,52,167,35,-2.2,-8.3,64,1024,5.2,40,0
1969,1,5,8,247,759,36,0,-7.8,56,1025,5.2,50,0
1969,1,5,9,432,896,47,1.7,-7.2,52,1026,3.6,70,0
1969,1,5,10,566,951,55,2.8,-7.2,48,1025,1,50,0
1969,1,5,11,644,978,60,4.4,-6.7,44,1024,2.1,340,0
1969,1,5,12,646,974,60,6.7,-6.7,38,1022,2.1,230,0
1969,1,5,13,583,952,56,6.7,-4.4,45,1021,3.1,340,0
1969,1,5,14,458,903,49,6.7,-5.6,42,1021,2.1,340,0
1969,1,5,15,287,805,37,7.2,-5,42,1020,1.5,70,0
1969,1,5,16,96,547,23,5,-3.3,55,1020,3.1,360,0
1969,1,5,17,10,51,3,3.3,-3.3,62,1021,1.5,90,0
1969,1,5,18,0,0,0,1.1,-3.9,69,1021,1.5,70,0
1969,1,5,19,0,0,0,-1.7,-5,78,1021,1,90,0
1969,1,5,20,0,0,0,0,-3.9,75,1021,2.6,120,0
1969,1,5,21,0,0,0,1.1,-2.2,79,1021,3.1,180,0
1969,1,5,22,0,0,0,0.6,-3.3,75,1021,2.6,230,0
1969,1,5,23,0,0,0,0.6,-2.8,78,1020,1,250,0
1969,1,6,0,0,0,0,-3.3,-5.6,85,1021,0,0,0
1969,1,6,1,0,0,0,-2.2,-4.4,85,1021,0,0,0
1969,1,6,2,0,0,0,-3.3,-5.6,85,1019,0,0,0
1969,1,6,3,0,0,0,-3.9,-5.6,88,1020,0,0,0
1969,1,6,4,0,0,0,-4.4,-5.6,92,1020,0,0,0
1969,1,6,5,0,0,0,-3.9,-5.6,88,1020,1.5,110,0
1969,1,6,6,0,0,0,-1.1,-3.9,81,1019,0,0,0
1969,1,6,7,64,400,22,2.2,-1.7,76,1019,2.6,170,0
1969,1,6,8,222,594,56,6.7,0,63,1020,2.6,170,0
1969,1,6,9,377,633,105,9.4,2.8,64,1021,3.6,180,0
1969,1,6,10,461,588,144,11.7,4.4,61,1020,3.6,200,0
1969,1,6,11,555,641,172,13.9,6.1,60,1019,4.1,200,0
1969,1,6,12,555,658,157,16.7,7.2,54,1018,5.7,200,0
1969,1,6,13,541,864,61,17.2,7.8,54,1017,6.7,240,0
1969,1,6,14,379,620,97,17.8,7.2,50,1017,5.2,270,0
1969,1,6,15,230,417,99,17.2,7.8,54,1017,5.2,250,0
1969,1,6,16,74,156,53,15.6,7.2,58,1017,4.6,250,0
1969,1,6,17,8,15,6,13.3,6.7,64,1017,3.1,220,0
1969,1,6,18,0,0,0,9.4,6.7,83,1017,3.1,190,0
1969,1,6,19,0,0,0,10,7.2,83,1017,4.1,220,0
1969,1,6,20,0,0,0,8.9,6.7,86,1017,3.1,220,0
1969,1,6,21,0,0,0,8.9,6.7,86,1017,2.6,210,0
1969,1,6,22,0,0,0,7.8,5.6,86,1018,2.1,220,0
1969,1,6,23,0,0,0,6.7,5.6,93,1017,3.1,210,0
1969,1,7,0,0,0,0,7.2,6.1,93,1017,3.1,220,0
1969,1,7,1,0,0,0,7.2,6.7,96,1017,1.5,260,0
1969,1,7,2,0,0,0,7.8,7.2,96,1017,2.6,250,0
1969,1,7,3,0,0,0,8.3,7.2,93,1017,2.1,280,0
1969,1,7,4,0,0,0,5,4.4,96,1017,1.5,280,0
1969,1,7,5,0,0,0,2.8,2.8,100,1017,0,0,0
1969,1,7,6,0,0,0,2.8,1.7,92,1018,0,0,0
1969,1,7,7,48,28,45,3.9,2.8,92,1019,0,0,0
1969,1,7,8,214,528,67,10.6,8.3,86,1019,3.1,310,0
1969,1,7,9,381,676,90,12.8,7.2,69,1020,3.6,350,0
1969,1,7,10,449,539,158,13.9,6.7,62,1019,2.6,80,0
1969,1,7,11,473,504,171,16.7,6.7,52,1018,2.1,50,0
1969,1,7,12,506,569,161,17.2,8.3,56,1017,2.6,350,0
1969,1,7,13,438,531,142,16.1,7.8,58,1017,2.6,360,0
1969,1,7,14,355,449,149,16.7,7.8,56,1016,3.1,30,0
1969,1,7,15,238,448,97,16.1,6.7,53,1016,2.6,60,0
1969,1,7,16,78,124,61,13.3,6.7,64,1015,2.6,60,0
1969,1,7,17,7,10,6,11.7,6.1,69,1015,2.1,60,0
1969,1,7,18,0,0,0,12.2,7.8,74,1016,3.1,110,0
1969,1,7,19,0,0,0,12.8,7.2,69,1016,4.1,150,0
1969,1,7,20,0,0,0,12.2,7.8,74,1015,4.6,160,0
1969,1,7,21,0,0,0,12.8,7.8,72,1014,4.1,160,0
1969,1,7,22,0,0,0,12.2,8.3,77,1014,4.1,150,0
1969,1,7,23,0,0,0,11.7,8.9,83,1014,3.6,180,0
1969,1,8,0,0,0,0,12.8,10,83,1013,4.1,170,0
1969,1,8,1,0,0,0,13.3,10,80,1012,2.1,130,0
1969,1,8,2,0,0,0,14.4,11.1,80,1011,4.1,160,0
1969,1,8,3,0,0,0,13.9,11.7,86,1011,3.6,170,0
1969,1,8,4,0,0,0,13.9,12.2,90,1011,3.6,190,0
1969,1,8,5,0,0,0,13.9,12.2,90,1010,3.1,190,0
1969,1,8,6,0,0,0,14.4,12.2,86,1010,5.2,180,0
1969,1,8,7,44,117,32,16.1,13.3,83,1010,5.7,190,0
1969,1,8,8,62,0,62,17.2,13.3,78,1010,5.7,170,0
1969,1,8,9,139,2,138,18.3,13.3,72,1010,6.7,190,0
1969,1,8,10,228,11,222,20,13.3,66,1010,7.2,190,0
1969,1,8,11,233,7,229,21.1,13.3,61,1009,8.2,180,0
1969,1,8,12,506,497,205,22.2,13.9,59,1007,8.8,180,0
1969,1,8,13,392,290,230,22.2,14.4,61,1006,7.7,190,0
1969,1,8,14,371,548,119,22.2,14.4,61,1006,8.2,190,0
1969,1,8,15,192,334,86,21.1,14.4,66,1006,6.7,200,0
1969,1,8,16,66,124,48,19.4,13.9,70,1005,6.7,190,0
1969,1,8,17,7,24,4,18.3,13.9,75,1006,4.6,190,0
1969,1,8,18,0,0,0,16.7,13.9,83,1006,5.2,190,0
1969,1,8,19,0,0,0,16.1,13.9,86,1006,5.2,180,0
1969,1,8,20,0,0,0,15.6,13.9,90,1006,3.1,190,0
1969,1,8,21,0,0,0,15.6,13.9,90,1006,3.1,200,0
1969,1,8,22,0,0,0,16.1,14.4,90,1006,3.6,180,0
1969,1,8,23,0,0,0,16.7,15,90,1007,2.1,210,0
1969,1,9,0,0,0,0,17.2,15.6,90,1007,2.6,190,0
1969,1,9,1,0,0,0,16.7,15,90,1008,1.5,120,0
1969,1,9,2,0,0,0,16.7,15,90,1009,2.1,130,0
1969,1,9,3,0,0,0,16.7,15,90,1009,2.6,170,0
1969,1,9,4,0,0,0,16.7,15,90,1009,3.6,160,0
1969,1,9,5,0,0,0,15.6,14.4,93,1009,3.1,180,0
1969,1,9,6,0,0,0,16.1,15,93,1009,2.6,180,0
1969,1,9,7,39,54,34,16.7,15.6,93,1009,2.1,180,0
1969,1,9,8,129,32,121,18.9,16.7,87,1010,2.6,220,0
1969,1,9,9,146,4,145,22.8,17.2,71,1010,4.1,250,0
1969,1,9,10,303,116,241,23.3,17.2,69,1010,5.2,250,0
1969,1,9,11,571,713,141,25,17.2,62,1009,6.7,240,0
1969,1,9,12,513,560,172,16.7,11.7,72,1009,8.2,340,0
1969,1,9,13,181,25,167,12.8,8.3,74,1011,8.2,340,0
1969,1,9,14,192,30,178,11.7,6.7,71,1012,7.2,360,0
1969,1,9,15,163,1,163,11.7,5,64,1012,7.7,360,0
1969,1,9,16,42,4,41,10,2.2,59,1014,6.7,360,0
1969,1,9,17,4,0,4,10,1.1,54,1015,6.7,360,0
1969,1,9,18,0,0,0,8.9,-1.1,50,1016,8.8,10,0
1969,1,9,19,0,0,0,8.3,-2.2,48,1017,7.7,360,0
1969,1,9,20,0,0,0,8.3,-2.2,48,1017,7.2,360,0
1969,1,9,21,0,0,0,7.2,-3.3,47,1018,6.7,20,0
1969,1,9,22,0,0,0,6.1,-3.3,51,1018,7.2,360,0
1969,1,9,23,0,0,0,5.6,-3.3,53,1018,7.7,360,0
1969,1,10,0,0,0,0,5,-3.9,53,1019,7.7,360,0
1969,1,10,1,0,0,0,3.9,-4.4,55,1019,6.7,360,0
1969,1,10,2,0,0,0,3.9,-5.6,50,1020,7.2,10,0
1969,1,10,3,0,0,0,2.2,-6.1,54,1020,6.2,10,0
1969,1,10,4,0,0,0,2.2,-7.2,50,1020,8.2,10,0
1969,1,10,5,0,0,0,1.1,-7.2,54,1021,7.2,10,0
1969,1,10,6,0,0,0,0.6,-7.2,56,1021,7.2,20,0
1969,1,10,7,58,280,29,1.1,-7.8,52,1022,7.2,20,0
1969,1,10,8,202,436,79,2.2,-7.2,50,1022,7.7,30,0
1969,1,10,9,426,857,55,3.9,-7.2,44,1022,7.7,10,0
1969,1,10,10,497,789,68,5.6,-7.2,39,1022,7.2,10,0
1969,1,10,11,587,882,54,6.1,-8.3,35,1021,6.7,20,0
1969,1,10,12,448,290,270,7.8,-7.8,32,1020,6.2,30,0
1969,1,10,13,289,104,230,7.8,-8.3,31,1020,6.2,360,0
1969,1,10,14,159,14,152,7.8,-8.9,30,1019,5.2,10,0
1969,1,10,15,192,244,113,8.3,-7.8,31,1019,5.2,20,0
1969,1,10,16,56,23,52,6.1,-7.8,36,1019,4.6,10,0
1969,1,10,17,7,8,6,5.6,-7.8,38,1019,5.2,30,0
1969,1,10,18,0,0,0,5.6,-7.8,38,1019,4.1,30,0
1969,1,10,19,0,0,0,5.6,-7.8,38,1019,4.1,30,0
1969,1,10,20,0,0,0,5.6,-7.8,38,1019,5.2,30,0
1969,1,10,21,0,0,0,5,-8.9,36,1019,4.6,40,0
1969,1,10,22,0,0,0,3.9,-8.3,41,1020,5.2,20,0
1969,1,10,23,0,0,0,3.3,-8.9,41,1020,6.7,30,0
1969,1,11,0,0,0,0,3.3,-9.4,39,1020,5.2,30,0
1969,1,11,1,0,0,0,3.3,-9.4,39,1021,6.7,40,0
1969,1,11,2,0,0,0,3.3,-8.9,41,1021,5.7,30,0
1969,1,11,3,0,0,0,3.3,-8.3,43,1020,4.6,50,0
1969,1,11,4,0,0,0,3.3,-7.8,44,1020,5.7,40,0
1969,1,11,5,0,0,0,3.3,-7.8,44,1021,5.2,20,0
1969,1,11,6,0,0,0,2.8,-7.2,48,1021,4.6,30,0
1969,1,11,7,15,1,15,2.8,-6.7,50,1022,5.2,20,0
1969,1,11,8,56,1,56,2.8,-5,57,1022,4.6,10,0
1969,1,11,9,97,10,92,3.3,-4.4,57,1023,6.2,20,0
1969,1,11,10,228,12,221,4.4,-5,51,1022,5.2,20,0
1969,1,11,11,270,5,268,6.1,-5,45,1021,5.2,10,0
1969,1,11,12,478,468,191,6.1,-5,45,1020,6.2,360,0
1969,1,11,13,569,841,92,7.8,-5,40,1020,6.2,360,0
1969,1,11,14,432,705,102,8.9,-6.1,34,1020,5.2,10,0
1969,1,11,15,279,643,70,7.8,-5.6,38,1020,6.2,360,0
1969,1,11,16,92,426,29,7.2,-6.1,38,1021,5.2,360,0
1969,1,11,17,12,47,6,5,-6.1,45,1021,3.1,360,0
1969,1,11,18,0,0,0,4.4,-5,51,1022,2.6,350,0
1969,1,11,19,0,0,0,3.9,-5,52,1022,3.1,360,0
1969,1,11,20,0,0,0,5,-4.4,51,1022,4.6,20,0
1969,1,11,21,0,0,0,5.6,-5.6,45,1023,5.7,20,0
1969,1,11,22,0,0,0,5,-5.6,47,1022,6.2,30,0
1969,1,11,23,0,0,0,5,-7.2,41,1022,5.7,50,0
1969,1,12,0,0,0,0,4.4,-7.2,43,1021,6.2,50,0
1969,1,12,1,0,0,0,3.9,-7.2,44,1021,4.1,40,0
1969,1,12,2,0,0,0,3.3,-6.7,48,1021,4.1,30,0
1969,1,12,3,0,0,0,2.8,-7.8,46,1022,5.7,40,0
1969,1,12,4,0,0,0,2.8,-7.2,48,1022,5.2,40,0
1969,1,12,5,0,0,0,1.7,-7.2,52,1022,3.6,30,0
1969,1,12,6,0,0,0,1.7,-6.7,54,1022,4.6,50,0
1969,1,12,7,42,30,39,3.9,-6.1,49,1023,5.2,50,0
1969,1,12,8,122,73,102,4.4,-6.7,44,1024,7.2,60,0
1969,1,12,9,234,116,183,5.6,-7.2,39,1024,5.7,60,0
1969,1,12,10,249,45,224,7.2,-6.1,38,1024,4.1,50,0
1969,1,12,11,280,12,272,8.3,-7.2,33,1023,5.2,70,0
1969,1,12,12,331,85,278,9.4,-5.6,35,1022,5.2,40,0
1969,1,12,13,358,68,319,10,-5.6,33,1021,5.2,60,0
1969,1,12,14,283,231,174,10,-7.2,29,1022,4.1,50,0
1969,1,12,15,142,60,122,8.9,-7.2,31,1022,3.6,40,0
1969,1,12,16,68,2,67,7.8,-5.6,38,1022,1,10,0
1969,1,12,17,9,6,8,6.1,-3.9,49,1022,0,0,0
1969,1,12,18,0,0,0,0,-4.4,72,1022,0,0,0
1969,1,12,19,0,0,0,0,-3.9,75,1022,0,0,0
1969,1,12,20,0,0,0,-1.1,-3.9,81,1023,3.1,50,0
1969,1,12,21,0,0,0,0,-3.3,78,1023,0,0,0
1969,1,12,22,0,0,0,-2.8,-5,85,1024,0,0,0
1969,1,12,23,0,0,0,-1.1,-3.3,85,1023,0,0,0
1969,1,13,0,0,0,0,-2.2,-4.4,85,1023,0,0,0
1969,1,13,1,0,0,0,-2.2,-4.4,85,1024,2.1,30,0
1969,1,13,2,0,0,0,-1.1,-3.3,85,1024,1,30,0
1969,1,13,3,0,0,0,0.6,-3.3,75,1024,2.1,50,0
1969,1,13,4,0,0,0,1.7,-2.2,76,1024,2.1,70,0
1969,1,13,5,0,0,0,0.6,-3.9,72,1024,2.6,80,0
1969,1,13,6,0,0,0,2.2,-3.3,67,1025,2.6,60,0
1969,1,13,7,53,200,32,2.2,-2.8,69,1025,1.5,360,0
1969,1,13,8,223,561,64,8.3,2.8,69,1026,3.6,80,0
1969,1,13,9,402,722,88,10,2.2,59,1027,4.1,50,0
1969,1,13,10,539,794,104,12.2,2.8,52,1027,2.6,10,0
1969,1,13,11,619,829,113,13.3,2.8,49,1026,2.6,30,0
1969,1,13,12,628,831,114,14.4,2.8,46,1025,3.6,60,0
1969,1,13,13,571,810,108,15.6,1.7,39,1024,4.6,60,0
1969,1,13,14,430,705,96,15.6,-0.6,33,1024,4.1,40,0
1969,1,13,15,260,558,75,15,1.1,39,1024,3.1,50,0
1969,1,13,16,92,326,42,11.7,1.1,49,1025,2.6,40,0
1969,1,13,17,5,10,4,8.9,2.2,63,1025,3.1,50,0
1969,1,13,18,0,0,0,7.8,2.8,71,1025,2.1,90,0
1969,1,13,19,0,0,0,7.8,3.3,74,1026,1.5,120,0
1969,1,13,20,0,0,0,7.2,3.3,76,1026,0,0,0
1969,1,13,21,0,0,0,5,3.3,89,1026,1,60,0
1969,1,13,22,0,0,0,2.8,1.1,88,1026,0,0,0
1969,1,13,23,0,0,0,1.7,0,88,1026,0,0,0
1969,1,14,0,0,0,0,1.7,0,88,1026,0,0,0
1969,1,14,1,0,0,0,1.7,0.6,92,1025,0,0,0
1969,1,14,2,0,0,0,1.7,0.6,92,1025,2.1,60,0
1969,1,14,3,0,0,0,1.7,1.1,96,1025,2.1,60,0
1969,1,14,4,0,0,0,0,-0.6,96,1026,1.5,60,0
1969,1,14,5,0,0,0,2.8,1.7,92,1026,2.1,60,0
1969,1,14,6,0,0,0,2.8,1.7,92,1026,1.5,60,0
1969,1,14,7,61,344,25,3.9,1.7,86,1027,3.1,60,0
1969,1,14,8,238,681,45,8.9,3.9,71,1027,3.6,70,0
1969,1,14,9,419,819,61,13.3,2.2,47,1028,4.1,70,0
1969,1,14,10,555,879,72,15,3.3,46,1027,4.1,60,0
1969,1,14,11,634,910,78,15,3.9,48,1026,4.1,50,0
1969,1,14,12,651,927,76,16.1,3.3,43,1025,5.2,50,0
1969,1,14,13,547,834,68,16.1,3.9,44,1024,5.7,60,0
1969,1,14,14,428,759,66,16.1,4.4,46,1024,5.7,50,0
1969,1,14,15,283,701,48,15.6,4.4,48,1024,4.6,80,0
1969,1,14,16,105,450,34,13.3,3.3,51,1024,4.6,80,0
1969,1,14,17,14,51,8,11.1,2.2,54,1024,3.6,80,0
1969,1,14,18,0,0,0,7.8,1.1,63,1025,2.6,90,0
1969,1,14,19,0,0,0,6.7,1.1,68,1025,2.6,90,0
1969,1,14,20,0,0,0,6.1,2.2,76,1025,2.6,90,0
1969,1,14,21,0,0,0,6.7,2.8,76,1025,2.1,100,0
1969,1,14,22,0,0,0,6.1,2.8,79,1025,2.6,100,0
1969,1,14,23,0,0,0,6.7,3.3,79,1024,3.1,110,0
1969,1,15,0,0,0,0,7.2,3.9,79,1024,3.1,110,0
1969,1,15,1,0,0,0,7.8,3.9,76,1024,3.1,100,0
1969,1,15,2,0,0,0,7.8,3.9,76,1024,3.6,100,0
1969,1,15,3,0,0,0,7.8,3.9,76,1023,3.1,100,0
1969,1,15,4,0,0,0,6.7,2.8,76,1023,2.1,90,0
1969,1,15,5,0,0,0,6.1,3.3,82,1023,3.1,60,0
1969,1,15,6,0,0,0,5.6,3.3,86,1024,3.6,60,0
1969,1,15,7,52,117,39,7.2,5.6,89,1024,4.1,80,0
1969,1,15,8,159,166,111,11.7,7.2,74,1024,4.6,80,0
1969,1,15,9,306,384,137,15,7.8,62,1024,6.7,90,0
1969,1,15,10,516,692,134,17.8,8.3,54,1024,6.7,90,0
1969,1,15,11,488,543,154,17.8,8.9,56,1023,5.2,110,0
1969,1,15,12,357,265,192,18.3,8.9,54,1022,6.2,100,0
1969,1,15,13,468,502,178,18.3,8.9,54,1021,6.2,110,0
1969,1,15,14,409,565,138,18.3,9.4,56,1021,5.7,90,0
1969,1,15,15,189,152,137,18.3,9.4,56,1021,4.6,120,0
1969,1,15,16,103,357,46,15.6,9.4,67,1021,3.6,80,0
1969,1,15,17,12,32,8,13.9,9.4,74,1021,4.6,80,0
1969,1,15,18,0,0,0,12.2,9.4,83,1021,4.6,80,0
1969,1,15,19,0,0,0,12.2,9.4,83,1021,4.6,90,0
1969,1,15,20,0,0,0,12.2,9.4,83,1021,4.6,90,0
1969,1,15,21,0,0,0,12.2,9.4,83,1021,4.1,80,0
1969,1,15,22,0,0,0,11.7,9.4,86,1021,4.6,90,0
1969,1,15,23,0,0,0,11.7,9.4,86,1021,3.6,80,0
1969,1,16,0,0,0,0,10.6,8.9,89,1021,3.1,80,0
1969,1,16,1,0,0,0,10,8.3,89,1021,3.1,80,0
1969,1,16,2,0,0,0,10.6,8.9,89,1021,3.6,70,0
1969,1,16,3,0,0,0,12.2,9.4,83,1020,3.6,100,0
1969,1,16,4,0,0,0,12.2,10,86,1020,4.1,100,0
1969,1,16,5,0,0,0,11.7,9.4,86,1020,3.1,90,0
1969,1,16,6,0,0,0,12.2,10,86,1020,3.1,90,0
1969,1,16,7,29,2,29,14.4,11.7,83,1020,4.6,110,0
1969,1,16,8,153,65,135,15.6,12.2,81,1020,6.2,110,0
1969,1,16,9,209,56,185,18.9,14.4,76,1020,6.7,110,0
1969,1,16,10,267,115,203,20.6,15,70,1020,7.2,110,0
1969,1,16,11,330,114,260,20,15,73,1020,6.2,120,0
1969,1,16,12,248,13,240,20,15.6,76,1019,4.6,120,0
1969,1,16,13,153,7,149,17.2,15,87,1018,3.1,50,0
1969,1,16,14,146,12,140,15.6,13.3,86,1018,1.5,20,0
1969,1,16,15,136,9,133,16.7,15,90,1018,4.1,80,0
1969,1,16,16,65,5,64,17.2,15,87,1018,4.1,80,0
1969,1,16,17,7,0,7,17.2,15.6,90,1018,6.2,100,0
1969,1,16,18,0,0,0,17.8,16.1,90,1017,6.2,120,0
1969,1,16,19,0,0,0,18.3,16.1,87,1018,6.7,130,0
1969,1,16,20,0,0,0,17.8,15.6,87,1018,6.2,150,0
1969,1,16,21,0,0,0,17.8,15,83,1019,6.2,140,0
1969,1,16,22,0,0,0,17.8,15.6,87,1019,7.2,150,0
1969,1,16,23,0,0,0,17.2,14.4,83,1017,7.2,130,0
1969,1,17,0,0,0,0,17.2,13.9,81,1018,8.2,150,0
1969,1,17,1,0,0,0,17.2,14.4,83,1018,7.7,150,0
1969,1,17,2,0,0,0,16.7,14.4,87,1018,6.2,150,0
1969,1,17,3,0,0,0,17.2,15,87,1017,8.8,140,0
1969,1,17,4,0,0,0,17.8,15.6,87,1017,6.7,130,0
1969,1,17,5,0,0,0,17.2,15.6,90,1017,5.2,130,0
1969,1,17,6,0,0,0,17.2,15,87,1017,5.7,150,0
1969,1,17,7,28,1,28,17.2,15,87,1018,5.2,140,0
1969,1,17,8,133,1,132,17.8,15,83,1018,5.7,160,0
1969,1,17,9,117,1,116,17.8,16.1,90,1018,6.2,150,0
1969,1,17,10,164,1,164,18.3,16.1,87,1018,4.6,200,0
1969,1,17,11,295,1,295,18.3,15,81,1016,7.2,150,0
1969,1,17,12,324,1,323,17.8,15,83,1015,2.6,120,0
1969,1,17,13,269,1,268,18.3,15,81,1015,3.6,180,0
1969,1,17,14,227,1,227,18.3,15,81,1014,4.6,140,0
1969,1,17,15,151,1,150,18.3,15.6,83,1014,3.1,120,0
1969,1,17,16,61,1,61,17.8,15,83,1015,3.6,110,0
1969,1,17,17,11,0,11,17.2,15,87,1015,4.1,110,0
1969,1,17,18,0,0,0,17.2,15.6,90,1015,3.1,120,0
1969,1,17,19,0,0,0,17.2,15.6,90,1015,3.6,130,0
1969,1,17,20,0,0,0,16.7,15,90,1016,5.2,170,0
1969,1,17,21,0,0,0,16.7,14.4,87,1016,3.6,140,0
1969,1,17,22,0,0,0,16.1,14.4,90,1016,3.6,90,0
1969,1,17,23,0,0,0,16.1,14.4,90,1016,3.1,100,0
1969,1,18,0,0,0,0,15.6,13.9,90,1015,3.6,100,0
1969,1,18,1,0,0,0,15.6,14.4,93,1015,3.1,110,0
1969,1,18,2,0,0,0,15.6,14.4,93,1015,2.1,80,0
1969,1,18,3,0,0,0,15.6,13.9,90,1014,3.6,110,0
1969,1,18,4,0,0,0,15.6,13.9,90,1014,3.1,110,0
1969,1,18,5,0,0,0,15.6,13.9,90,1014,2.1,30,0
1969,1,18,6,0,0,0,14.4,12.2,86,1015,2.1,40,0
1969,1,18,7,22,0,22,13.9,12.8,93,1015,2.6,90,0
1969,1,18,8,76,1,76,15,13.9,93,1015,3.1,70,0
1969,1,18,9,117,0,116,15.6,14.4,93,1016,2.1,40,0
1969,1,18,10,148,0,148,15,13.9,93,1016,2.6,50,0
1969,1,18,11,183,1,182,15.6,14.4,93,1015,3.1,60,0
1969,1,18,12,173,1,173,16.7,15.6,93,1014,3.1,60,0
1969,1,18,13,163,1,163,16.1,15,93,1013,3.6,30,0
1969,1,18,14,127,0,126,16.1,15,93,1013,3.6,40,0
1969,1,18,15,86,0,85,16.7,15,90,1013,3.6,50,0
1969,1,18,16,39,1,39,16.1,15,93,1013,4.6,30,0
1969,1,18,17,6,0,6,16.1,14.4,90,1013,3.1,360,0
1969,1,18,18,0,0,0,15.6,15,97,1013,1.5,350,0
1969,1,18,19,0,0,0,15.6,14.4,93,1013,4.1,40,0
1969,1,18,20,0,0,0,15.6,14.4,93,1013,4.1,30,0
1969,1,18,21,0,0,0,15.6,14.4,93,1013,5.7,20,0
1969,1,18,22,0,0,0,16.1,15,93,1013,6.7,30,0
1969,1,18,23,0,0,0,15.6,13.9,90,1013,6.2,40,0
1969,1,19,0,0,0,0,15,13.3,90,1013,3.6,350,0
1969,1,19,1,0,0,0,15.6,13.9,90,1013,4.1,350,0
1969,1,19,2,0,0,0,15.6,13.9,90,1012,5.7,320,0
1969,1,19,3,0,0,0,15.6,13.9,90,1013,4.6,310,0
1969,1,19,4,0,0,0,15,13.3,90,1013,3.6,330,0
1969,1,19,5,0,0,0,14.4,13.3,93,1013,3.1,330,0
1969,1,19,6,0,0,0,13.9,12.8,93,1013,3.6,320,0
1969,1,19,7,59,44,54,15,13.3,90,1014,5.2,300,0
1969,1,19,8,127,9,124,16.1,14.4,90,1015,4.6,330,0
1969,1,19,9,208,14,201,16.7,14.4,87,1015,4.6,330,0
1969,1,19,10,217,6,213,17.2,15,87,1015,6.7,310,0
1969,1,19,11,553,764,77,18.3,15,81,1015,7.2,320,0
1969,1,19,12,425,200,298,18.9,14.4,76,1015,6.7,340,0
1969,1,19,13,556,848,57,18.3,13.3,72,1014,8.2,310,0
1969,1,19,14,485,884,50,18.3,13.9,75,1014,6.2,330,0
1969,1,19,15,301,724,48,17.2,12.8,75,1014,5.7,340,0
1969,1,19,16,74,5,73,16.1,12.2,77,1014,6.2,330,0
1969,1,19,17,11,0,11,15,12.2,83,1014,4.1,340,0
1969,1,19,18,0,0,0,14.4,11.7,83,1015,5.7,320,0
1969,1,19,19,0,0,0,13.9,11.1,83,1015,5.2,340,0
1969,1,19,20,0,0,0,13.3,10.6,83,1015,4.6,360,0
1969,1,19,21,0,0,0,12.2,10,86,1015,4.1,330,0
1969,1,19,22,0,0,0,11.7,10,89,1015,3.6,350,0
1969,1,19,23,0,0,0,11.1,9.4,89,1015,3.6,330,0
1969,1,20,0,0,0,0,10.6,8.9,89,1015,3.1,330,0
1969,1,20,1,0,0,0,10,8.9,93,1015,3.6,320,0
1969,1,20,2,0,0,0,10,8.9,93,1015,2.6,320,0
1969,1,20,3,0,0,0,10,8.9,93,1015,2.6,340,0
1969,1,20,4,0,0,0,10,8.9,93,1015,3.6,310,0
1969,1,20,5,0,0,0,10,8.3,89,1015,2.6,330,0
1969,1,20,6,0,0,0,10,8.3,89,1016,2.1,330,0
1969,1,20,7,27,1,27,10,8.9,93,1016,2.6,360,0
1969,1,20,8,119,9,117,10,8.9,93,1017,2.6,350,0
1969,1,20,9,164,9,160,10,8.3,89,1017,2.6,360,0
1969,1,20,10,252,8,247,10.6,8.9,89,1017,2.6,20,0
1969,1,20,11,259,5,256,10.6,8.9,89,1017,3.6,340,0
1969,1,20,12,311,3,309,11.7,9.4,86,1015,2.1,360,0
1969,1,20,13,291,3,289,11.7,9.4,86,1015,1,280,0
1969,1,20,14,227,1,227,12.2,9.4,83,1015,1,360,0
1969,1,20,15,170,0,170,11.7,9.4,86,1015,2.6,350,0
1969,1,20,16,73,0,73,11.7,9.4,86,1015,2.6,50,0
1969,1,20,17,13,0,13,11.1,8.9,86,1015,1.5,40,0
1969,1,20,18,0,0,0,9.4,7.2,86,1015,1.5,40,0
1969,1,20,19,0,0,0,9.4,7.8,89,1016,1,90,0
1969,1,20,20,0,0,0,9.4,7.8,89,1016,0,0,0
1969,1,20,21,0,0,0,9.4,8.3,93,1016,1,110,0
1969,1,20,22,0,0,0,8.9,7.8,93,1016,1.5,120,0
1969,1,20,23,0,0,0,7.2,6.1,93,1015,1.5,80,0
1969,1,21,0,0,0,0,8.3,7.2,93,1015,1,90,0
1969,1,21,1,0,0,0,10,8.9,93,1015,3.1,90,0
1969,1,21,2,0,0,0,10,8.9,93,1015,1.5,80,0
1969,1,21,3,0,0,0,10,8.9,93,1015,1,130,0
1969,1,21,4,0,0,0,10,8.9,93,1015,3.1,150,0
1969,1,21,5,0,0,0,10,8.9,93,1015,1.5,120,0
1969,1,21,6,0,0,0,10,9.4,96,1016,3.1,90,0
1969,1,21,7,37,0,37,10.6,9.4,93,1016,2.1,120,0
1969,1,21,8,132,1,131,11.1,10.6,96,1016,3.6,100,0
1969,1,21,9,212,0,212,11.7,10.6,93,1017,2.1,90,0
1969,1,21,10,255,2,254,12.2,10.6,89,1016,3.6,130,0
1969,1,21,11,289,0,289,15,12.2,83,1016,3.6,170,0
1969,1,21,12,380,91,321,16.1,11.7,75,1015,1,160,0
1969,1,21,13,220,5,217,17.8,12.8,72,1014,2.6,120,0
1969,1,21,14,174,9,169,17.8,12.8,72,1013,2.6,120,0
1969,1,21,15,174,95,140,17.8,12.8,72,1014,3.6,120,0
1969,1,21,16,85,83,71,16.7,12.2,75,1013,4.1,110,0
1969,1,21,17,15,20,13,15.6,11.7,77,1013,3.1,110,0
1969,1,21,18,0,0,0,15,11.7,80,1014,3.1,110,0
1969,1,21,19,0,0,0,13.9,11.1,83,1014,2.6,110,0
1969,1,21,20,0,0,0,13.9,11.7,86,1014,3.1,90,0
1969,1,21,21,0,0,0,13.9,11.7,86,1014,3.1,130,0
1969,1,21,22,0,0,0,14.4,12.8,90,1014,3.1,140,0
1969,1,21,23,0,0,0,14.4,12.8,90,1013,4.1,130,0
1969,1,22,0,0,0,0,13.9,12.2,90,1012,5.2,150,0
1969,1,22,1,0,0,0,12.8,11.1,90,1012,0,0,0
1969,1,22,2,0,0,0,13.3,11.7,90,1012,2.1,150,0
1969,1,22,3,0,0,0,13.9,12.2,90,1012,1.5,40,0
1969,1,22,4,0,0,0,13.9,12.2,90,1012,2.6,90,0
1969,1,22,5,0,0,0,13.9,12.2,90,1013,2.1,90,0
1969,1,22,6,0,0,0,13.9,12.2,90,1013,1,120,0
1969,1,22,7,31,3,30,14.4,12.8,90,1012,2.6,150,0
1969,1,22,8,91,2,91,14.4,13.3,93,1013,2.1,130,0
1969,1,22,9,130,6,128,15.6,13.9,90,1014,3.6,160,0
1969,1,22,10,289,98,233,17.2,14.4,83,1014,2.1,150,0
1969,1,22,11,577,614,189,18.9,15,78,1013,2.1,210,0
1969,1,22,12,618,724,153,20.6,16.7,78,1012,3.1,190,0
1969,1,22,13,537,608,173,21.7,17.2,76,1011,2.6,230,0
1969,1,22,14,404,496,155,22.2,17.2,73,1010,4.1,160,0
1969,1,22,15,280,553,81,22.8,17.2,71,1010,4.6,160,0
1969,1,22,16,92,218,53,21.1,16.1,73,1010,4.1,160,0
1969,1,22,17,11,20,9,19.4,16.7,84,1011,5.2,160,0
1969,1,22,18,0,0,0,18.9,16.1,83,1011,4.1,170,0
1969,1,22,19,0,0,0,18.3,16.7,90,1011,4.6,180,0
1969,1,22,20,0,0,0,18.3,16.7,90,1011,5.2,170,0
1969,1,22,21,0,0,0,17.8,16.7,93,1011,5.2,180,0
1969,1,22,22,0,0,0,17.8,16.7,93,1011,5.2,170,0
1969,1,22,23,0,0,0,17.8,16.7,93,1011,5.2,170,0
1969,1,23,0,0,0,0,17.8,16.1,90,1011,5.2,170,0
1969,1,23,1,0,0,0,17.8,16.1,90,1011,5.2,170,0
1969,1,23,2,0,0,0,18.3,16.7,90,1009,6.7,150,0
1969,1,23,3,0,0,0,18.3,16.7,90,1010,5.7,180,0
1969,1,23,4,0,0,0,18.3,16.7,90,1010,4.1,180,0
1969,1,23,5,0,0,0,18.9,17.2,90,1010,4.6,190,0
1969,1,23,6,0,0,0,18.9,17.2,90,1011,5.2,190,0
1969,1,23,7,39,60,32,19.4,17.2,87,1011,6.2,210,0
1969,1,23,8,201,360,95,21.1,17.8,81,1011,7.2,190,0
1969,1,23,9,283,196,194,22.8,18.3,76,1011,8.2,200,0
1969,1,23,10,409,246,269,23.9,18.3,71,1011,8.2,210,0
1969,1,23,11,364,196,240,23.9,17.8,69,1010,8.2,210,0
1969,1,23,12,414,167,306,24.4,16.7,62,1010,8.8,240,0
1969,1,23,13,531,512,224,25.6,16.7,58,1010,6.7,240,0
1969,1,23,14,338,305,184,25,15,54,1009,8.2,220,0
1969,1,23,15,192,188,124,24.4,15.6,58,1010,6.7,210,0
1969,1,23,16,64,41,56,22.2,15.6,66,1010,5.2,210,0
1969,1,23,17,13,16,12,20,15.6,76,1010,3.6,210,0
1969,1,23,18,0,0,0,18.9,15.6,81,1010,4.1,220,0
1969,1,23,19,0,0,0,18.3,16.1,87,1011,4.6,210,0
1969,1,23,20,0,0,0,17.8,16.1,90,1011,4.1,220,0
1969,1,23,21,0,0,0,18.3,16.7,90,1012,3.6,240,0
1969,1,23,22,0,0,0,18.3,16.1,87,1012,4.1,260,0
1969,1,23,23,0,0,0,17.2,15,87,1013,2.6,240,0
1969,1,24,0,0,0,0,16.1,14.4,90,1013,2.6,260,0
1969,1,24,1,0,0,0,17.2,15.6,90,1013,3.1,250,0
1969,1,24,2,0,0,0,16.7,15.6,93,1013,2.6,280,0
1969,1,24,3,0,0,0,16.7,15,90,1013,3.1,200,0
1969,1,24,4,0,0,0,16.7,15.6,93,1014,1.5,250,0
1969,1,24,5,0,0,0,17.2,15.6,90,1014,2.1,220,0
1969,1,24,6,1,0,1,17.2,15.6,90,1015,1.5,280,0
1969,1,24,7,22,1,22,16.1,14.4,90,1016,3.6,360,0
1969,1,24,8,97,3,96,15.6,13.9,90,1017,4.1,350,0
1969,1,24,9,98,7,94,14.4,12.8,90,1018,5.7,350,0
1969,1,24,10,253,9,249,14.4,12.2,86,1019,6.2,360,0
1969,1,24,11,256,3,254,12.8,8.9,77,1019,8.2,360,0
1969,1,24,12,310,1,310,15,8.3,64,1018,7.2,10,0
1969,1,24,13,261,0,261,13.9,7.2,64,1018,6.2,360,0
1969,1,24,14,246,2,245,13.9,7.2,64,1018,6.2,360,0
1969,1,24,15,157,75,129,14.4,7.8,64,1018,6.2,350,0
1969,1,24,16,90,57,79,13.9,6.7,62,1018,4.1,30,0
1969,1,24,17,19,52,13,11.7,6.7,71,1019,3.6,20,0
1969,1,24,18,0,0,0,11.7,6.1,69,1020,6.2,360,0
1969,1,24,19,0,0,0,11.1,5,66,1020,6.2,20,0
1969,1,24,20,0,0,0,10.6,3.9,64,1021,6.7,20,0
1969,1,24,21,0,0,0,9.4,3.9,69,1021,6.7,10,0
1969,1,24,22,0,0,0,8.3,2.8,69,1022,6.2,10,0
1969,1,24,23,0,0,0,7.8,1.7,66,1021,5.7,20,0
1969,1,25,0,0,0,0,7.8,1.7,66,1022,5.2,30,0
1969,1,25,1,0,0,0,7.8,1.7,66,1022,7.7,20,0
1969,1,25,2,0,0,0,7.2,1.1,65,1022,4.6,30,0
1969,1,25,3,0,0,0,7.2,0.6,63,1023,6.2,20,0
1969,1,25,4,0,0,0,7.2,1.1,65,1023,4.6,30,0
1969,1,25,5,0,0,0,7.2,-0.6,58,1024,5.7,30,0
1969,1,25,6,2,1,1,6.1,-1.7,58,1025,8.2,30,0
1969,1,25,7,44,31,40,6.7,-2.2,53,1026,5.7,30,0
1969,1,25,8,219,464,80,7.8,-2.2,49,1026,7.2,50,0
1969,1,25,9,418,734,82,10,-1.1,46,1027,6.2,50,0
1969,1,25,10,492,553,174,10.6,-2.2,41,1027,7.2,50,0
1969,1,25,11,608,697,161,11.1,-2.2,39,1026,6.2,10,0
1969,1,25,12,604,732,127,12.2,-1.7,38,1025,5.7,20,0
1969,1,25,13,585,834,77,13.9,-3.3,30,1024,6.2,20,0
1969,1,25,14,469,715,103,13.9,-3.3,30,1024,5.2,50,0
1969,1,25,15,300,545,99,14.4,-3.9,28,1024,5.7,50,0
1969,1,25,16,124,339,58,13.3,-1.7,35,1024,5.2,20,0
1969,1,25,17,23,53,17,10.6,-1.7,43,1024,4.1,40,0
1969,1,25,18,0,0,0,11.1,-2.8,38,1025,5.7,40,0
1969,1,25,19,0,0,0,10,-3.3,39,1026,6.2,50,0
1969,1,25,20,0,0,0,9.4,-3.3,41,1026,6.2,40,0
1969,1,25,21,0,0,0,8.3,-3.9,42,1026,4.6,50,0
1969,1,25,22,0,0,0,8.3,-4.4,40,1026,6.2,50,0
1969,1,25,23,0,0,0,8.3,-5.6,37,1025,6.2,60,0
1969,1,26,0,0,0,0,7.8,-5,40,1024,6.2,60,0
1969,1,26,1,0,0,0,7.2,-4.4,44,1024,5.2,60,0
1969,1,26,2,0,0,0,7.8,-3.9,44,1024,6.7,60,0
1969,1,26,3,0,0,0,7.2,-3.9,45,1024,7.2,60,0
1969,1,26,4,0,0,0,6.7,-3.3,49,1024,7.2,70,0
1969,1,26,5,0,0,0,6.7,-2.8,51,1024,5.2,70,0
1969,1,26,6,0,0,0,6.1,-2.8,53,1024,3.6,70,0
1969,1,26,7,40,5,39,6.7,-0.6,60,1024,4.1,70,0
1969,1,26,8,75,1,75,8.3,0,56,1024,5.7,70,0
1969,1,26,9,193,10,189,8.9,0.6,56,1023,5.2,80,0
1969,1,26,10,212,5,209,11.1,2.2,54,1023,6.2,90,0
1969,1,26,11,233,4,231,11.1,2.8,57,1022,5.2,70,0
1969,1,26,12,266,7,261,13.3,4.4,55,1021,2.6,120,0
1969,1,26,13,333,172,228,15.6,5.6,52,1020,4.6,90,0
1969,1,26,14,128,3,127,15,5.6,53,1019,5.2,100,0
1969,1,26,15,94,7,91,13.3,5.6,59,1019,4.6,90,0
1969,1,26,16,56,6,55,12.2,6.7,69,1018,5.2,70,0
1969,1,26,17,14,0,14,11.1,6.1,71,1018,6.2,90,0
1969,1,26,18,0,0,0,11.1,6.7,74,1018,4.1,80,0
1969,1,26,19,0,0,0,11.7,7.2,74,1018,5.2,90,0
1969,1,26,20,0,0,0,11.7,7.8,77,1018,4.6,90,0
1969,1,26,21,0,0,0,12.2,8.3,77,1018,3.1,100,0
1969,1,26,22,0,0,0,12.2,7.8,74,1017,4.1,120,0
1969,1,26,23,0,0,0,12.2,7.8,74,1017,3.6,100,0
1969,1,27,0,0,0,0,12.8,8.9,77,1017,3.1,90,0
1969,1,27,1,0,0,0,12.8,8.9,77,1016,3.1,120,0
1969,1,27,2,0,0,0,12.8,9.4,80,1015,1,80,0
1969,1,27,3,0,0,0,11.7,8.9,83,1015,2.1,80,0
1969,1,27,4,0,0,0,11.1,9.4,89,1016,1.5,40,0
1969,1,27,5,0,0,0,11.1,8.9,86,1016,2.6,80,0
1969,1,27,6,1,1,0,11.1,9.4,89,1016,2.6,80,0
1969,1,27,7,64,285,32,13.3,11.1,86,1017,3.1,100,0
1969,1,27,8,250,651,53,17.8,12.8,72,1017,4.6,130,0
1969,1,27,9,436,790,71,20,13.9,68,1017,5.2,120,0
1969,1,27,10,574,846,84,22.2,15,64,1017,6.2,150,0
1969,1,27,11,658,878,91,23.3,15,59,1016,5.7,130,0
1969,1,27,12,639,823,97,23.3,15.6,62,1015,6.2,200,0
1969,1,27,13,556,721,112,23.9,15,57,1014,5.2,170,0
1969,1,27,14,466,687,110,23.3,15.6,62,1014,5.7,200,0
1969,1,27,15,248,181,180,22.2,15,64,1015,5.7,190,0
1969,1,27,16,99,137,72,21.1,15.6,71,1015,5.2,180,0
1969,1,27,17,16,7,15,18.9,14.4,76,1015,5.2,100,0
1969,1,27,18,0,0,0,16.1,13.3,83,1016,4.6,80,0
1969,1,27,19,0,0,0,16.1,13.9,86,1016,4.6,80,0
1969,1,27,20,0,0,0,16.1,13.9,86,1016,4.6,100,0
1969,1,27,21,0,0,0,16.7,15,90,1016,6.2,110,0
1969,1,27,22,0,0,0,16.7,15,90,1016,5.2,100,0
1969,1,27,23,0,0,0,16.7,15,90,1016,3.1,70,0
1969,1,28,0,0,0,0,17.2,15,87,1016,4.1,100,0
1969,1,28,1,0,0,0,17.2,15.6,90,1016,3.1,100,0
1969,1,28,2,0,0,0,17.2,15.6,90,1016,3.1,110,0
1969,1,28,3,0,0,0,17.8,16.1,90,1015,3.1,110,0
1969,1,28,4,0,0,0,17.8,16.1,90,1016,2.1,130,0
1969,1,28,5,0,0,0,17.8,16.7,93,1016,3.6,140,0
1969,1,28,6,1,0,1,17.8,16.7,93,1016,3.6,120,0
1969,1,28,7,51,8,50,18.3,16.7,90,1017,4.1,130,0
1969,1,28,8,190,347,84,19.4,17.2,87,1018,4.1,140,0
1969,1,28,9,215,77,179,23.3,17.8,71,1018,5.2,150,0
1969,1,28,10,251,10,246,22.2,17.8,76,1019,3.6,100,0
1969,1,28,11,388,162,283,23.9,17.8,69,1017,3.6,140,0
1969,1,28,12,515,436,226,25,19.4,71,1017,6.2,170,0
1969,1,28,13,452,372,222,24.4,19.4,74,1016,6.2,170,0
1969,1,28,14,450,596,139,24.4,18.9,71,1016,6.2,160,0
1969,1,28,15,255,326,131,23.9,17.8,69,1017,4.6,160,0
1969,1,28,16,61,0,61,22.2,17.8,76,1017,5.2,150,0
1969,1,28,17,26,19,23,21.7,18.3,81,1018,4.6,150,0
1969,1,28,18,0,0,0,20.6,18.3,87,1018,4.1,140,0
1969,1,28,19,0,0,0,20.6,17.8,84,1018,4.6,140,0
1969,1,28,20,0,0,0,20.6,18.3,87,1019,4.6,140,0
1969,1,28,21,0,0,0,20,17.8,87,1019,6.2,150,0
1969,1,28,22,0,0,0,20,17.2,84,1019,5.7,140,0
1969,1,28,23,0,0,0,20,17.2,84,1019,4.6,150,0
1969,1,29,0,0,0,0,20.6,17.2,81,1019,6.2,130,0
1969,1,29,1,0,0,0,20,17.2,84,1019,3.6,140,0
1969,1,29,2,0,0,0,19.4,16.7,84,1019,4.1,130,0
1969,1,29,3,0,0,0,18.9,16.7,87,1019,3.6,110,0
1969,1,29,4,0,0,0,18.3,16.1,87,1019,3.6,130,0
1969,1,29,5,0,0,0,18.3,16.1,87,1019,5.2,130,0
1969,1,29,6,1,1,1,18.3,16.1,87,1020,5.2,120,0
1969,1,29,7,26,4,26,18.9,16.7,87,1020,5.7,110,0
1969,1,29,8,70,1,70,20,17.2,84,1021,6.2,120,0
1969,1,29,9,183,6,180,21.1,17.8,81,1021,7.2,130,0
1969,1,29,10,212,4,210,22.8,17.8,73,1021,8.2,150,0
1969,1,29,11,232,0,231,23.3,17.8,71,1021,6.7,140,0
1969,1,29,12,400,94,337,23.9,17.2,66,1020,10.3,160,0
1969,1,29,13,548,579,188,25.6,17.8,62,1020,8.2,160,0
1969,1,29,14,148,1,148,25,17.2,62,1019,8.2,160,0
1969,1,29,15,214,48,196,23.9,16.7,64,1019,8.8,160,0
1969,1,29,16,90,59,77,22.8,16.7,69,1020,7.7,140,0
1969,1,29,17,19,18,17,21.1,16.7,76,1019,5.2,120,0
1969,1,29,18,0,0,0,19.4,16.7,84,1020,4.6,130,0
1969,1,29,19,0,0,0,19.4,16.7,84,1020,6.2,120,0
1969,1,29,20,0,0,0,18.9,16.7,87,1020,5.2,130,0
1969,1,29,21,0,0,0,19.4,16.7,84,1020,5.2,130,0
1969,1,29,22,0,0,0,19.4,16.7,84,1020,5.7,130,0
1969,1,29,23,0,0,0,18.9,16.1,83,1020,3.6,130,0
1969,1,30,0,0,0,0,19.4,16.7,84,1019,6.2,130,0
1969,1,30,1,0,0,0,19.4,16.1,81,1019,5.7,140,0
1969,1,30,2,0,0,0,19.4,16.1,81,1019,5.7,150,0
1969,1,30,3,0,0,0,19.4,16.7,84,1019,5.7,140,0
1969,1,30,4,0,0,0,20,16.7,81,1019,6.7,130,0
1969,1,30,5,0,0,0,20,17.2,84,1019,4.1,170,0
1969,1,30,6,0,0,0,19.4,17.2,87,1021,4.1,160,0
1969,1,30,7,44,5,43,19.4,17.2,87,1021,4.1,150,0
1969,1,30,8,78,16,73,20,17.8,87,1022,4.1,130,0
1969,1,30,9,195,5,193,21.1,18.3,84,1022,4.1,200,0
1969,1,30,10,250,30,232,23.3,18.9,76,1022,6.2,180,0
1969,1,30,11,466,432,183,25,19.4,71,1022,5.2,180,0
1969,1,30,12,204,19,191,25,17.8,64,1020,8.2,220,0
1969,1,30,13,469,432,199,25.6,17.2,60,1020,6.7,190,0
1969,1,30,14,201,24,189,25,17.2,62,1020,5.7,190,0
1969,1,30,15,264,371,120,25.6,17.2,60,1020,7.2,210,0
1969,1,30,16,97,89,78,23.9,16.7,64,1020,5.2,190,0
1969,1,30,17,30,47,24,22.2,16.7,71,1020,3.6,180,0
1969,1,30,18,0,0,0,21.1,16.7,76,1020,3.6,180,0
1969,1,30,19,0,0,0,20,17.2,84,1021,2.6,200,0
1969,1,30,20,0,0,0,20,17.2,84,1022,2.6,180,0
1969,1,30,21,0,0,0,19.4,17.8,90,1022,3.1,190,0
1969,1,30,22,0,0,0,17.2,15,87,1022,5.2,360,0
1969,1,30,23,0,0,0,16.7,14.4,87,1022,3.6,30,0
1969,1,31,0,0,0,0,16.7,13.9,83,1021,2.6,30,0
1969,1,31,1,0,0,0,16.1,13.9,86,1021,2.6,10,0
1969,1,31,2,0,0,0,16.1,13.9,86,1021,2.6,20,0
1969,1,31,3,0,0,0,16.1,13.9,86,1021,2.6,70,0
1969,1,31,4,0,0,0,16.1,13.9,86,1020,2.6,90,0
1969,1,31,5,0,0,0,17.2,15,87,1020,1,40,0
1969,1,31,6,1,0,1,16.7,15,90,1020,1,30,0
1969,1,31,7,49,1,49,17.8,16.1,90,1020,1,90,0
1969,1,31,8,91,8,88,19.4,17.8,90,1021,3.6,160,0
1969,1,31,9,276,215,174,22.2,18.3,79,1022,4.1,200,0
1969,1,31,10,217,44,190,23.3,18.3,73,1021,6.2,180,0
1969,1,31,11,223,11,215,24.4,19.4,74,1020,6.2,170,0
1969,1,31,12,161,1,161,23.9,17.8,69,1019,7.2,160,0
1969,1,31,13,277,1,276,25,17.2,62,1018,6.7,160,0
1969,1,31,14,268,76,227,23.9,17.2,66,1017,7.7,170,0
1969,1,31,15,208,82,176,23.3,16.1,64,1017,8.2,160,0
1969,1,31,16,105,24,100,22.2,15.6,66,1017,5.7,170,0
1969,1,31,17,21,8,20,21.1,15.6,71,1017,4.1,150,0
1969,1,31,18,0,0,0,20.4,15.7,74,1016,4.1,161,0
1969,1,31,19,0,0,0,19.7,16.6,82,1016,4.1,169,0
1969,1,31,20,0,0,0,19.3,16.5,84,1015,4.1,162,0
1969,1,31,21,0,0,0,19.2,16.7,85,1015,3.6,171,0
1969,1,31,22,0,0,0,19.2,16.7,85,1014,3.9,169,0
1969,1,31,23,0,0,0,19.1,16.4,84,1013,4,166,0
1973,2,1,0,0,0,0,19,16.2,83,1013,4.1,164,0
1973,2,1,1,0,0,0,18.9,16.2,84,1012,4.4,158,0
1973,2,1,2,0,0,0,18.7,16.2,85,1011,5,150,0
1973,2,1,3,0,0,0,18.7,16.3,85,1011,5.1,151,0
1973,2,1,4,0,0,0,18.8,16.4,86,1010,5.1,154,0
1973,2,1,5,0,0,0,18.9,16.6,86,1010,5,161,0
1973,2,1,6,1,3,0,19.3,17.3,88,1009,4.8,160,0
1973,2,1,7,41,25,38,19.6,17.8,89,1009,4.5,170,0
1973,2,1,8,52,3,52,20,18.3,90,1010,4.1,170,0
1973,2,1,9,177,1,177,20.7,18.5,87,1009,4.8,190,0
1973,2,1,10,227,1,226,21.5,18.9,85,1009,5.5,210,0
1973,2,1,11,266,1,265,22.2,18.9,82,1009,6.2,230,0
1973,2,1,12,275,3,274,21.8,18,79,1009,6.7,250,0
1973,2,1,13,245,82,193,21.5,17.1,76,1009,7.2,260,0
1973,2,1,14,303,114,241,21.1,16.1,73,1009,7.7,280,0
1973,2,1,15,257,341,122,20.2,14.6,70,1009,6,280,0
1973,2,1,16,129,81,112,19.2,13.2,68,1009,4.3,270,0
1973,2,1,17,30,75,21,18.3,11.7,65,1010,2.6,270,0
1973,2,1,18,0,0,0,17.9,11.7,67,1010,2.9,270,0
1973,2,1,19,0,0,0,17.6,11.7,68,1010,3.3,260,0
1973,2,1,20,0,0,0,17.2,11.7,70,1011,3.6,260,0
1973,2,1,21,0,0,0,16.7,10.6,67,1011,4.3,270,0
1973,2,1,22,0,0,0,16.1,9.6,65,1012,5,270,0
1973,2,1,23,0,0,0,15.6,8.3,62,1012,5.7,280,0
1973,2,2,0,0,0,0,14.7,7.3,61,1013,5.2,280,0
1973,2,2,1,0,0,0,13.7,6.1,60,1013,4.6,280,0
1973,2,2,2,0,0,0,12.8,5,59,1014,4.1,280,0
1973,2,2,3,0,0,0,11.9,4.4,60,1014,4.1,280,0
1973,2,2,4,0,0,0,10.9,3.5,60,1015,4.1,280,0
1973,2,2,5,0,0,0,10,2.8,61,1015,4.1,280,0
1973,2,2,6,6,21,2,10.6,3.2,60,1016,4.6,280,0
1973,2,2,7,84,489,23,11.1,3.2,58,1017,5.2,280,0
1973,2,2,8,269,735,36,11.7,3.3,57,1017,5.7,280,0
1973,2,2,9,454,865,41,13.4,3.2,50,1017,5.9,280,0
1973,2,2,10,572,787,102,15,2.2,42,1017,6,280,0
1973,2,2,11,685,972,37,16.7,1.1,35,1017,6.2,280,0
1973,2,2,12,575,709,93,16.9,0.9,34,1017,6,280,0
1973,2,2,13,676,860,128,17,1,34,1016,5.9,280,0
1973,2,2,14,509,720,119,17.2,0.6,33,1016,5.7,280,0
1973,2,2,15,342,593,105,16.1,1.4,37,1016,5,280,0
1973,2,2,16,157,499,48,15,1.5,40,1017,4.3,280,0
1973,2,2,17,37,218,13,13.9,1.7,44,1017,3.6,280,0
1973,2,2,18,0,0,0,12.2,2.1,50,1018,3.4,280,0
1973,2,2,19,0,0,0,10.6,1.9,55,1018,3.3,280,0
1973,2,2,20,0,0,0,8.9,1.7,61,1019,3.1,280,0
1973,2,2,21,0,0,0,8.5,1.2,60,1019,3.4,280,0
1973,2,2,22,0,0,0,8.2,0.7,59,1020,3.8,280,0
1973,2,2,23,0,0,0,7.8,0,58,1020,4.1,280,0
1973,2,3,0,0,0,0,8,0,57,1020,4.1,280,0
1973,2,3,1,0,0,0,8.1,0.1,57,1021,4.1,280,0
1973,2,3,2,0,0,0,8.3,0,56,1021,4.1,280,0
1973,2,3,3,0,0,0,8.1,-0.1,56,1021,4.1,280,0
1973,2,3,4,0,0,0,8,-0.2,56,1022,4.1,270,0
1973,2,3,5,0,0,0,7.8,-0.6,56,1022,4.1,270,0
1973,2,3,6,8,29,2,8.9,0.3,55,1023,5.7,270,0
1973,2,3,7,89,533,22,10,1.1,54,1024,7.2,280,0
1973,2,3,8,292,802,36,11.1,1.7,53,1025,8.8,280,0
1973,2,3,9,483,904,49,12.2,1.5,48,1025,7.9,300,0
1973,2,3,10,630,954,57,13.3,1.3,44,1025,7.1,310,0
1973,2,3,11,721,983,62,14.4,0.6,39,1025,6.2,330,0
1973,2,3,12,738,987,63,15.5,0.1,35,1024,5.5,330,0
1973,2,3,13,685,976,60,16.7,-0.1,32,1023,4.8,320,0
1973,2,3,14,569,947,53,17.8,-1.1,28,1022,4.1,320,0
1973,2,3,15,393,873,43,16.9,-1.1,29,1023,3.6,340,0
1973,2,3,16,186,708,29,15.9,-1.1,31,1024,3.1,350,0
1973,2,3,17,38,214,14,15,-1.7,32,1024,2.6,10,0
1973,2,3,18,0,0,0,12.4,0.2,43,1024,1.7,360,0
1973,2,3,19,0,0,0,9.8,0.9,54,1025,0.9,350,0
1973,2,3,20,0,0,0,7.2,1.1,65,1025,0,0,0
1973,2,3,21,0,0,0,6.7,0.8,66,1025,0.5,320,0
1973,2,3,22,0,0,0,6.1,0.4,67,1025,1,310,0
1973,2,3,23,0,0,0,5.6,0,68,1026,1.5,300,0
1973,2,4,0,0,0,0,4.8,0.5,74,1025,1.3,270,0
1973,2,4,1,0,0,0,4.1,0.9,80,1025,1.2,240,0
1973,2,4,2,0,0,0,3.3,1.1,86,1025,1,210,0
1973,2,4,3,0,0,0,4.2,1.6,83,1025,1.4,170,0
1973,2,4,4,0,0,0,5.2,1.9,79,1025,1.7,130,0
1973,2,4,5,0,0,0,6.1,2.2,76,1025,2.1,90,0
1973,2,4,6,7,29,2,7.8,2.9,71,1025,1.9,100,0
1973,2,4,7,83,459,24,9.4,3.4,66,1026,1.7,110,0
1973,2,4,8,276,716,46,11.1,3.9,61,1026,1.5,120,0
1973,2,4,9,478,896,44,13.5,3.6,51,1026,2.7,140,0
1973,2,4,10,629,938,62,15.9,2.3,40,1026,4,150,0
1973,2,4,11,723,975,67,18.3,0.6,30,1026,5.2,170,0
1973,2,4,12,741,980,68,18.9,1.9,32,1025,5,170,0
1973,2,4,13,683,960,65,19.4,2.7,33,1024,4.8,180,0
1973,2,4,14,563,922,58,20,3.9,35,1023,4.6,180,0
1973,2,4,15,388,844,46,18.3,5.5,43,1023,4.1,180,0
1973,2,4,16,184,674,32,16.7,6.8,52,1022,3.6,190,0
1973,2,4,17,39,201,15,15,7.2,60,1022,3.1,190,0
1973,2,4,18,0,0,0,13.7,7.9,68,1022,3.1,200,0
1973,2,4,19,0,0,0,12.4,8.1,75,1022,3.1,210,0
1973,2,4,20,0,0,0,11.1,8.3,83,1022,3.1,220,0
1973,2,4,21,0,0,0,10.9,8.5,85,1022,3.1,210,0
1973,2,4,22,0,0,0,10.8,8.9,88,1022,3.1,210,0
1973,2,4,23,0,0,0,10.6,8.9,90,1022,3.1,200,0
1973,2,5,0,0,0,0,10.2,9,92,1022,2.8,200,0
1973,2,5,1,0,0,0,9.8,8.9,94,1022,2.4,210,0
1973,2,5,2,0,0,0,9.4,8.9,96,1022,2.1,210,0
1973,2,5,3,0,0,0,9.2,8.6,96,1022,2.1,200,0
1973,2,5,4,0,0,0,9.1,8.5,96,1022,2.1,190,0
1973,2,5,5,0,0,0,8.9,8.3,96,1022,2.1,180,0
1973,2,5,6,4,15,2,11.1,10.2,94,1023,2.6,190,0
1973,2,5,7,85,418,30,13.4,12.2,92,1023,3.1,190,0
1973,2,5,8,281,713,50,15.6,13.9,90,1023,3.6,200,0
1973,2,5,9,472,831,67,17.6,14.1,80,1023,4.6,210,0
1973,2,5,10,515,683,100,19.7,13.9,69,1023,5.7,210,0
1973,2,5,11,682,900,73,21.7,13.3,59,1022,6.7,220,0
1973,2,5,12,674,841,93,22.4,13,55,1022,5.8,220,0
1973,2,5,13,569,667,136,23.2,12.8,52,1021,5,230,0
1973,2,5,14,516,818,64,23.9,12.2,48,1020,4.1,230,0
1973,2,5,15,352,705,63,22,12.6,55,1020,4.1,230,0
1973,2,5,16,159,448,56,20.2,12.5,61,1020,4.1,220,0
1973,2,5,17,32,99,21,18.3,12.2,68,1020,4.1,220,0
1973,2,5,18,0,0,0,17.6,12.7,73,1021,3.9,210,0
1973,2,5,19,0,0,0,16.8,13.2,79,1021,3.8,190,0
1973,2,5,20,0,0,0,16.1,13.3,84,1021,3.6,180,0
1973,2,5,21,0,0,0,15.7,13,84,1021,3.8,180,0
1973,2,5,22,0,0,0,15.4,12.7,84,1021,3.9,170,0
1973,2,5,23,0,0,0,15,12.2,84,1020,4.1,170,0
1973,2,6,0,0,0,0,15,12.5,85,1020,3.6,180,0
1973,2,6,1,0,0,0,15,12.7,86,1020,3.1,180,0
1973,2,6,2,0,0,0,15,12.8,87,1020,2.6,190,0
1973,2,6,3,0,0,0,15,12.9,87,1021,2.2,180,0
1973,2,6,4,0,0,0,15,12.9,87,1021,1.9,170,0
1973,2,6,5,0,0,0,15,12.8,87,1021,1.5,160,0
1973,2,6,6,0,0,0,15.6,13.3,86,1022,2,170,0
1973,2,6,7,34,1,34,16.1,13.6,85,1022,2.6,170,0
1973,2,6,8,156,6,154,16.7,13.9,84,1023,3.1,180,0
1973,2,6,9,239,87,197,19.1,14.8,76,1023,3.4,190,0
1973,2,6,10,605,760,140,21.5,15.4,68,1022,3.8,210,0
1973,2,6,11,609,623,185,23.9,15.6,60,1022,4.1,220,0
1973,2,6,12,668,840,84,24.1,15.6,59,1022,3.8,220,0
1973,2,6,13,624,685,177,24.2,15.2,57,1021,3.4,220,0
1973,2,6,14,387,384,174,24.4,15,56,1020,3.1,220,0
1973,2,6,15,313,427,136,22.9,15.5,63,1021,3.1,210,0
1973,2,6,16,173,508,55,21.5,16,71,1021,3.1,200,0
1973,2,6,17,38,177,18,20,16.1,78,1021,3.1,190,0
1973,2,6,18,0,0,0,19.3,16,81,1022,2.9,200,0
1973,2,6,19,0,0,0,18.5,15.8,84,1022,2.8,200,0
1973,2,6,20,0,0,0,17.8,15.6,87,1022,2.6,210,0
1973,2,6,21,0,0,0,17.6,15.4,87,1022,2.4,210,0
1973,2,6,22,0,0,0,17.4,15.2,87,1022,2.3,210,0
1973,2,6,23,0,0,0,17.2,15,87,1022,2.1,210,0
1973,2,7,0,0,0,0,16.7,14.9,89,1021,1.4,200,0
1973,2,7,1,0,0,0,16.1,14.7,91,1021,0.7,190,0
1973,2,7,2,0,0,0,15.6,14.4,93,1021,0,0,0
1973,2,7,3,0,0,0,15,14.1,94,1021,0,0,0
1973,2,7,4,0,0,0,14.5,13.7,95,1021,0,0,0
1973,2,7,5,0,0,0,13.9,13.3,96,1021,0,0,0
1973,2,7,6,1,1,0,15.2,14.1,93,1022,0.9,140,0
1973,2,7,7,50,7,49,16.5,14.9,90,1022,1.7,130,0
1973,2,7,8,132,25,124,17.8,15.6,87,1022,2.6,120,0
1973,2,7,9,288,188,195,19.8,16.1,79,1022,3.8,140,0
1973,2,7,10,455,456,175,21.9,16.2,70,1022,5,170,0
1973,2,7,11,709,842,132,23.9,16.1,62,1021,6.2,190,0
1973,2,7,12,522,401,242,23.5,16.1,63,1020,5.7,180,0
1973,2,7,13,577,540,223,23.2,15.8,63,1019,5.1,180,0
1973,2,7,14,299,148,216,22.8,15.6,64,1018,4.6,170,0
1973,2,7,15,223,255,117,22.1,15.7,67,1017,5,170,0
1973,2,7,16,161,404,65,21.3,15.6,70,1017,5.3,180,0
1973,2,7,17,35,81,26,20.6,15.6,73,1017,5.7,180,0
1973,2,7,18,0,0,0,20,16.1,78,1017,5,180,0
1973,2,7,19,0,0,0,19.5,16.4,82,1016,4.3,170,0
1973,2,7,20,0,0,0,18.9,16.7,87,1016,3.6,170,0
1973,2,7,21,0,0,0,18.9,16.7,87,1015,3.9,170,0
1973,2,7,22,0,0,0,18.9,16.7,87,1015,4.3,160,0
1973,2,7,23,0,0,0,18.9,16.7,87,1014,4.6,160,0
1973,2,8,0,0,0,0,19.1,16.9,87,1014,4.1,170,0
1973,2,8,1,0,0,0,19.2,17,87,1013,3.6,170,0
1973,2,8,2,0,0,0,19.4,17.2,87,1013,3.1,180,0
1973,2,8,3,0,0,0,19.6,17.4,87,1013,3.3,190,0
1973,2,8,4,0,0,0,19.8,17.6,87,1013,3.4,190,0
1973,2,8,5,0,0,0,20,17.8,87,1013,3.6,200,0
1973,2,8,6,0,0,0,20.4,18,86,1013,3.9,210,0
1973,2,8,7,38,18,35,20.7,18.1,85,1013,4.3,210,0
1973,2,8,8,110,16,104,21.1,18.3,84,1013,4.6,220,0
1973,2,8,9,166,2,165,17.8,15.5,86,1013,6.3,260,0
1973,2,8,10,269,10,263,14.4,12.5,88,1014,8.1,310,0
1973,2,8,11,176,5,173,11.1,9.4,90,1015,9.8,350,0
1973,2,8,12,369,3,366,9.8,8.1,89,1015,8.9,350,0
1973,2,8,13,311,2,310,8.5,6.5,87,1015,8.1,360,0
1973,2,8,14,161,3,160,7.2,5,86,1015,7.2,0,0
1973,2,8,15,211,0,210,6.7,4.7,87,1015,7,0,0
1973,2,8,16,101,0,101,6.1,4.3,88,1015,6.9,10,0
1973,2,8,17,14,0,14,5.6,3.9,89,1015,6.7,10,0
1973,2,8,18,0,0,0,5.2,3.5,89,1016,7,10,0
1973,2,8,19,0,0,0,4.8,3.1,89,1017,7.4,0,0
1973,2,8,20,0,0,0,4.4,2.8,89,1018,7.7,0,0
1973,2,8,21,0,0,0,4.2,2.2,87,1018,8.1,10,0
1973,2,8,22,0,0,0,4.1,1.6,84,1017,8.4,10,0
1973,2,8,23,0,0,0,3.9,1.1,82,1017,8.8,20,0
1973,2,9,0,0,0,0,3.3,0.7,83,1016,8.6,20,0
1973,2,9,1,0,0,0,2.8,0.3,84,1016,8.4,10,0
1973,2,9,2,0,0,0,2.2,0,85,1015,8.2,10,0
1973,2,9,3,0,0,0,2.2,0,85,1015,8.7,10,0
1973,2,9,4,0,0,0,2.2,0,85,1015,9.3,10,0
1973,2,9,5,0,0,0,2.2,0,85,1016,9.8,10,0
1973,2,9,6,3,0,3,2,-0.4,84,1016,9.6,10,0
1973,2,9,7,50,0,50,1.9,-0.6,83,1017,9.5,0,0
1973,2,9,8,84,0,84,1.7,-1.1,82,1017,9.3,0,0
1973,2,9,9,234,0,234,1.3,-1.4,81,1017,9.6,0,0
1973,2,9,10,274,2,273,1,-1.8,80,1016,10,10,0
1973,2,9,11,192,0,192,0.6,-2.8,79,1016,10.3,10,0
1973,2,9,12,359,1,358,0.4,-2.6,78,1016,10.3,10,0
1973,2,9,13,301,1,300,0.2,-3.1,76,1016,10.3,0,0
1973,2,9,14,150,0,150,0,-3.9,75,1016,10.3,0,0
1973,2,9,15,172,0,172,-0.2,-3.8,74,1017,10.1,360,0
1973,2,9,16,85,0,85,-0.4,-4.2,73,1017,10,350,0
1973,2,9,17,27,0,27,-0.6,-5,72,1018,9.8,350,0
1973,2,9,18,0,0,0,-0.6,-4.7,71,1018,9.6,350,0
1973,2,9,19,0,0,0,-0.6,-4.8,70,1019,9.5,360,0
1973,2,9,20,0,0,0,-0.6,-5.6,69,1020,9.3,360,0
1973,2,9,21,0,0,0,-0.6,-5.2,68,1020,9.3,360,0
1973,2,9,22,0,0,0,-0.6,-5.4,67,1020,9.3,350,0
1973,2,9,23,0,0,0,-0.6,-6.1,66,1020,9.3,350,0
1973,2,10,0,0,0,0,-1,-5.6,68,1020,8.6,350,3
1973,2,10,1,0,0,0,-1.3,-5.5,70,1020,7.9,360,3
1973,2,10,2,0,0,0,-1.7,-6.1,72,1020,7.2,360,3
1973,2,10,3,0,0,0,-2.1,-5.8,73,1021,6.9,350,3
1973,2,10,4,0,0,0,-2.4,-5.9,74,1022,6.5,350,3
1973,2,10,5,0,0,0,-2.8,-6.7,75,1022,6.2,340,3
1973,2,10,6,4,7,3,-2.2,-5.6,75,1023,6.9,340,3
1973,2,10,7,75,167,51,-1.7,-5.1,75,1023,7.5,350,3
1973,2,10,8,337,630,123,-1.1,-5,75,1024,8.2,350,3
1973,2,10,9,421,539,150,0.2,-3.8,72,1024,8.4,350,3
1973,2,10,10,637,795,139,1.5,-3.3,68,1024,8.6,350,3
1973,2,10,11,762,886,145,2.8,-3.3,65,1024,8.8,350,3
1973,2,10,12,784,895,148,4.1,-2.8,59,1023,8.6,350,3
1973,2,10,13,716,874,132,5.4,-3,53,1022,8.4,350,3
1973,2,10,14,599,842,117,6.7,-3.9,47,1021,8.2,350,3
1973,2,10,15,415,752,94,5.9,-3.5,49,1022,7,350,3
1973,2,10,16,198,553,62,5.2,-3.6,51,1022,5.8,350,3
1973,2,10,17,40,123,26,4.4,-4.4,53,1022,4.6,350,3
1973,2,10,18,0,0,0,4,-3.7,55,1023,4.4,350,3
1973,2,10,19,0,0,0,3.7,-3.4,58,1023,4.3,360,3
1973,2,10,20,0,0,0,3.3,-3.9,60,1024,4.1,360,3
1973,2,10,21,0,0,0,2.9,-3.6,60,1024,4.1,360,3
1973,2,10,22,0,0,0,2.6,-4.1,59,1024,4.1,360,3
1973,2,10,23,0,0,0,2.2,-5,59,1025,4.1,0,3
1973,2,11,0,0,0,0,1.8,-4,63,1024,3.6,10,0
1973,2,11,1,0,0,0,1.5,-3.7,66,1024,3.1,10,0
1973,2,11,2,0,0,0,1.1,-3.9,70,1024,2.6,20,0
1973,2,11,3,0,0,0,-0.2,-3.3,77,1024,1.7,30,0
1973,2,11,4,0,0,0,-1.5,-3.4,85,1024,0.9,30,0
1973,2,11,5,0,0,0,-2.8,-3.9,92,1024,0,0,0
1973,2,11,6,8,34,4,-0.6,-2.8,83,1024,1,50,0
1973,2,11,7,102,491,30,1.7,-2.1,74,1025,2.1,50,0
1973,2,11,8,312,766,49,3.9,-2.2,65,1026,3.1,60,0
1973,2,11,9,510,876,65,5.6,-2,57,1025,2.8,10,0
1973,2,11,10,664,934,76,7.2,-2.5,49,1025,2.4,320,0
1973,2,11,11,753,958,82,8.9,-3.9,41,1025,2.1,270,0
1973,2,11,12,769,960,83,9.3,-1.8,45,1024,2.6,300,0
1973,2,11,13,634,819,83,9.6,-0.8,48,1023,3.1,330,0
1973,2,11,14,536,811,70,10,0.6,52,1022,3.6,0,0
1973,2,11,15,370,689,73,8.3,-0.2,55,1022,3.6,20,0
1973,2,11,16,164,421,59,6.7,-1.1,57,1022,3.6,40,0
1973,2,11,17,38,45,33,5,-2.2,60,1022,3.6,60,0
1973,2,11,18,0,0,0,5,-0.9,65,1022,3.8,80,0
1973,2,11,19,0,0,0,5,0.2,71,1022,3.9,110,0
1973,2,11,20,0,0,0,5,1.1,76,1022,4.1,130,0
1973,2,11,21,0,0,0,4.4,1.1,79,1022,3.4,130,0
1973,2,11,22,0,0,0,3.9,1.3,83,1022,2.8,120,0
1973,2,11,23,0,0,0,3.3,1.1,86,1022,2.1,120,0
1973,2,12,0,0,0,0,2.8,1,88,1021,1.9,90,0
1973,2,12,1,0,0,0,2.2,0.7,90,1021,1.7,50,0
1973,2,12,2,0,0,0,1.7,0.6,92,1021,1.5,20,0
1973,2,12,3,0,0,0,3,1.7,91,1021,2,40,0
1973,2,12,4,0,0,0,4.3,2.8,90,1020,2.6,50,0
1973,2,12,5,0,0,0,5.6,3.9,89,1020,3.1,70,0
1973,2,12,6,5,8,4,7.3,4.6,83,1020,3.8,70,0
1973,2,12,7,51,10,50,8.9,5.1,77,1021,4.5,80,0
1973,2,12,8,125,8,123,10.6,5.6,71,1021,5.2,80,0
1973,2,12,9,203,3,201,11.7,6.4,70,1021,6,80,0
1973,2,12,10,268,7,263,12.8,7.5,70,1021,6.9,90,0
1973,2,12,11,301,10,294,13.9,8.3,69,1020,7.7,90,0
1973,2,12,12,390,8,385,14.1,8.5,69,1020,7.7,100,0
1973,2,12,13,270,8,264,14.2,8.8,70,1019,7.7,100,0
1973,2,12,14,244,1,243,14.4,8.9,70,1018,7.7,110,0
1973,2,12,15,196,5,194,14.6,8.8,68,1018,7.4,110,0
1973,2,12,16,100,2,100,14.8,8.8,67,1018,7,120,0
1973,2,12,17,27,0,27,15,8.3,65,1018,6.7,120,0
1973,2,12,18,0,0,0,14.8,8.8,67,1018,6.7,120,0
1973,2,12,19,0,0,0,14.6,9.2,70,1018,6.7,130,0
1973,2,12,20,0,0,0,14.4,9.4,72,1018,6.7,130,0
1973,2,12,21,0,0,0,14.6,9.6,72,1017,7,130,0
1973,2,12,22,0,0,0,14.8,9.8,72,1017,7.4,140,0
1973,2,12,23,0,0,0,15,10,72,1016,7.7,140,0
1973,2,13,0,0,0,0,15,10.4,74,1016,7,140,0
1973,2,13,1,0,0,0,15,10.8,76,1016,6.4,130,0
1973,2,13,2,0,0,0,15,11.1,78,1016,5.7,130,0
1973,2,13,3,0,0,0,15.2,11.6,79,1015,5.9,130,0
1973,2,13,4,0,0,0,15.4,12,80,1015,6,140,0
1973,2,13,5,0,0,0,15.6,12.2,81,1015,6.2,140,0
1973,2,13,6,5,2,5,16.1,12.7,80,1016,6.5,140,0
1973,2,13,7,33,1,33,16.7,13.1,79,1016,6.9,130,0
1973,2,13,8,127,4,126,17.2,13.3,78,1017,7.2,130,0
1973,2,13,9,335,198,232,18.9,14,73,1016,8.2,140,0
1973,2,13,10,501,454,212,20.5,14.7,69,1016,9.3,150,0
1973,2,13,11,456,189,322,22.2,15,64,1015,10.3,160,0
1973,2,13,12,492,325,257,21.7,15.6,68,1014,9.6,160,0
1973,2,13,13,579,518,226,21.1,15.9,72,1013,8.9,160,0
1973,2,13,14,115,6,112,20.6,16.1,76,1013,8.2,160,0
1973,2,13,15,177,2,176,20,16.5,80,1012,8,160,0
1973,2,13,16,71,18,66,19.5,16.6,83,1012,7.9,150,0
1973,2,13,17,13,1,13,18.9,16.7,87,1011,7.7,150,0
1973,2,13,18,0,0,0,18.7,16.5,87,1011,7.9,160,0
1973,2,13,19,0,0,0,18.5,16.3,87,1010,8,170,0
1973,2,13,20,0,0,0,18.3,16.1,87,1009,8.2,180,0
1973,2,13,21,0,0,0,17.2,15.2,88,1010,6.7,230,0
1973,2,13,22,0,0,0,16.1,14.3,89,1011,5.1,270,0
1973,2,13,23,0,0,0,15,13.3,90,1012,3.6,320,0
1973,2,14,0,0,0,0,14.8,13.4,91,1012,3.3,280,0
1973,2,14,1,0,0,0,14.6,13.3,92,1012,2.9,250,0
1973,2,14,2,0,0,0,14.4,13.3,93,1012,2.6,210,0
1973,2,14,3,0,0,0,13.9,12.8,93,1012,2.6,230,0
1973,2,14,4,0,0,0,13.3,12.2,93,1012,2.6,240,0
1973,2,14,5,0,0,0,12.8,11.7,93,1012,2.6,260,0
1973,2,14,6,9,6,8,13.2,12.1,93,1013,4,270,0
1973,2,14,7,53,67,42,13.5,12.4,93,1014,5.3,280,0
1973,2,14,8,136,5,134,13.9,12.8,93,1015,6.7,290,0
1973,2,14,9,167,63,134,14.3,12.7,90,1015,6,290,0
1973,2,14,10,511,496,194,14.6,12.5,87,1015,5.3,280,0
1973,2,14,11,525,298,313,15,12.2,84,1015,4.6,280,0
1973,2,14,12,524,377,250,15.9,11.9,77,1015,4.8,270,0
1973,2,14,13,464,340,232,16.9,11.4,70,1014,5,270,0
1973,2,14,14,484,433,230,17.8,10.6,63,1014,5.2,260,0
1973,2,14,15,299,255,186,16.7,9.9,64,1014,5.4,280,0
1973,2,14,16,139,70,121,15.5,9.2,66,1015,5.5,300,0
1973,2,14,17,35,46,30,14.4,8.3,67,1015,5.7,320,0
1973,2,14,18,0,0,0,13.3,8.2,71,1016,6,320,0
1973,2,14,19,0,0,0,12.2,8.1,76,1017,6.4,330,0
1973,2,14,20,0,0,0,11.1,7.8,80,1017,6.7,330,0
1973,2,14,21,0,0,0,10.5,7.2,80,1018,6.4,330,0
1973,2,14,22,0,0,0,10,6.7,80,1018,6,320,0
1973,2,14,23,0,0,0,9.4,6.1,80,1019,5.7,320,0
1973,2,15,0,0,0,0,8.9,5.5,79,1019,5.7,320,0
1973,2,15,1,0,0,0,8.3,4.7,78,1019,5.7,330,0
1973,2,15,2,0,0,0,7.8,3.9,77,1019,5.7,330,0
1973,2,15,3,0,0,0,7.2,3.4,77,1020,5.9,330,0
1973,2,15,4,0,0,0,6.7,2.8,76,1021,6,340,0
1973,2,15,5,0,0,0,6.1,2.2,76,1021,6.2,340,0
1973,2,15,6,9,19,7,6.3,1.8,73,1022,6.5,340,0
1973,2,15,7,106,420,39,6.5,1.6,71,1022,6.9,350,0
1973,2,15,8,314,702,64,6.7,1.1,68,1023,7.2,350,0
1973,2,15,9,515,824,84,7.8,1.2,63,1023,7,330,0
1973,2,15,10,670,887,98,8.9,1.3,59,1023,6.9,320,0
1973,2,15,11,756,909,105,10,1.1,54,1023,6.7,300,0
1973,2,15,12,778,920,107,11.1,1.1,50,1022,6.5,310,0
1973,2,15,13,723,903,102,12.2,0.9,46,1022,6.4,330,0
1973,2,15,14,604,866,92,13.3,0.6,42,1021,6.2,340,0
1973,2,15,15,422,779,75,12.8,0.8,44,1021,5.7,330,0
1973,2,15,16,210,599,52,12.2,1.2,47,1022,5.1,320,0
1973,2,15,17,44,170,25,11.7,1.1,49,1022,4.6,310,0
1973,2,15,18,0,0,0,10.9,1.2,51,1023,5.3,320,0
1973,2,15,19,0,0,0,10.2,1.3,54,1023,6,340,0
1973,2,15,20,0,0,0,9.4,1.1,56,1024,6.7,350,0
1973,2,15,21,0,0,0,8.5,1.2,60,1025,6.4,0,0
1973,2,15,22,0,0,0,7.6,1.2,64,1025,6,10,0
1973,2,15,23,0,0,0,6.7,1.1,68,1026,5.7,20,0
1973,2,16,0,0,0,0,5.9,0.6,69,1026,5.9,20,0
1973,2,16,1,0,0,0,5.2,0,69,1026,6,10,0
1973,2,16,2,0,0,0,4.4,-0.6,70,1027,6.2,10,0
1973,2,16,3,0,0,0,4,-0.9,70,1027,6,10,0
1973,2,16,4,0,0,0,3.7,-1.1,70,1027,5.9,20,0
1973,2,16,5,0,0,0,3.3,-1.7,70,1027,5.7,20,0
1973,2,16,6,13,53,6,3.9,-1.5,67,1028,6,20,0
1973,2,16,7,120,552,30,4.4,-1.8,63,1029,6.4,10,0
1973,2,16,8,336,802,47,5,-2.2,60,1029,6.7,10,0
1973,2,16,9,492,772,85,5.9,-1.3,59,1029,6.4,10,0
1973,2,16,10,611,737,133,6.9,-0.9,57,1029,6,0,0
1973,2,16,11,622,625,172,7.8,-0.6,56,1029,5.7,0,0
1973,2,16,12,550,365,281,8.9,-0.4,52,1027,5.3,0,0
1973,2,16,13,562,524,199,10,-0.2,49,1026,5,10,0
1973,2,16,14,424,281,256,11.1,-0.6,45,1025,4.6,10,0
1973,2,16,15,282,276,158,10.5,-0.8,45,1025,5,10,0
1973,2,16,16,149,99,122,10,-0.9,46,1026,5.3,10,0
1973,2,16,17,36,23,33,9.4,-1.7,46,1026,5.7,10,0
1973,2,16,18,0,0,0,8.7,-2,46,1026,6.2,10,0
1973,2,16,19,0,0,0,7.9,-2.4,47,1027,6.7,10,0
1973,2,16,20,0,0,0,7.2,-3.3,47,1028,7.2,10,0
1973,2,16,21,0,0,0,6.5,-2.6,51,1028,6.3,10,0
1973,2,16,22,0,0,0,5.7,-2.5,54,1028,5.5,10,0
1973,2,16,23,0,0,0,5,-2.8,58,1029,4.6,10,0
1973,2,17,0,0,0,0,4.8,-2.4,58,1028,5,20,0
1973,2,17,1,0,0,0,4.6,-2.8,57,1028,5.3,40,0
1973,2,17,2,0,0,0,4.4,-3.3,57,1028,5.7,50,0
1973,2,17,3,0,0,0,3.9,-3,59,1027,6.5,50,0
1973,2,17,4,0,0,0,3.3,-3.3,60,1027,7.4,50,0
1973,2,17,5,0,0,0,2.8,-3.9,62,1027,8.2,50,0
1973,2,17,6,14,20,11,2.6,-3.9,60,1028,7.4,50,0
1973,2,17,7,82,64,71,2.4,-4.2,59,1029,6.5,50,0
1973,2,17,8,158,5,156,2.2,-5.6,57,1029,5.7,50,0
1973,2,17,9,211,9,206,2.6,-4.7,56,1029,5.3,40,0
1973,2,17,10,337,8,332,2.9,-4.4,56,1029,5,40,0
1973,2,17,11,282,10,274,3.3,-5,55,1028,4.6,30,0
1973,2,17,12,309,11,300,3.5,-4.4,54,1027,4.6,30,0
1973,2,17,13,309,9,303,3.7,-4.2,54,1026,4.6,40,0
1973,2,17,14,252,7,248,3.9,-5,53,1026,4.6,40,0
1973,2,17,15,200,3,199,3.9,-4.2,53,1025,4.4,40,0
1973,2,17,16,136,2,136,3.9,-4.2,53,1025,4.3,40,0
1973,2,17,17,35,1,35,3.9,-5,53,1025,4.1,40,0
1973,2,17,18,0,0,0,4.1,-4.3,52,1025,4.3,40,0
1973,2,17,19,0,0,0,4.2,-4.2,52,1025,4.4,50,0
1973,2,17,20,0,0,0,4.4,-5,51,1025,4.6,50,0
1973,2,17,21,0,0,0,4.2,-4.2,52,1025,4.8,60,0
1973,2,17,22,0,0,0,4.1,-4.3,52,1025,5,70,0
1973,2,17,23,0,0,0,3.9,-5,53,1025,5.2,80,0
1973,2,18,0,0,0,0,4.1,-3.6,55,1024,5,80,0
1973,2,18,1,0,0,0,4.2,-2.9,58,1024,4.8,70,0
1973,2,18,2,0,0,0,4.4,-2.8,60,1024,4.6,70,0
1973,2,18,3,0,0,0,4.4,-2.2,61,1023,5.3,70,0
1973,2,18,4,0,0,0,4.4,-2.2,61,1023,6,60,0
1973,2,18,5,0,0,0,4.4,-2.2,62,1023,6.7,60,0
1973,2,18,6,8,0,8,4.8,-1.6,62,1023,6.5,60,0
1973,2,18,7,62,0,61,5.2,-1.1,63,1024,6.4,50,0
1973,2,18,8,147,0,147,5.6,-1.1,63,1024,6.2,50,0
1973,2,18,9,279,104,224,7.4,0.4,61,1024,5.9,40,0
1973,2,18,10,286,147,189,9.3,1.7,59,1023,5.5,20,0
1973,2,18,11,569,473,225,11.1,2.8,57,1023,5.2,10,0
1973,2,18,12,522,383,237,11.8,4.1,59,1022,5,30,0
1973,2,18,13,522,334,288,12.6,5.1,60,1021,4.8,40,0
1973,2,18,14,290,46,263,13.3,6.1,62,1020,4.6,60,0
1973,2,18,15,254,148,187,12.6,6,64,1020,3.9,50,0
1973,2,18,16,98,77,77,11.8,5.9,67,1020,3.3,40,0
1973,2,18,17,31,14,29,11.1,5.6,69,1020,2.6,30,0
1973,2,18,18,0,0,0,10.5,5.7,72,1021,2.6,50,0
1973,2,18,19,0,0,0,10,5.6,74,1021,2.6,70,0
1973,2,18,20,0,0,0,9.4,5.6,77,1021,2.6,90,0
1973,2,18,21,0,0,0,9.4,6.2,80,1021,2.4,90,0
1973,2,18,22,0,0,0,9.4,6.7,83,1021,2.3,80,0
1973,2,18,23,0,0,0,9.4,7.2,86,1021,2.1,80,0
1973,2,19,0,0,0,0,9.6,7.6,87,1021,2.3,80,0
1973,2,19,1,0,0,0,9.8,7.9,88,1021,2.4,90,0
1973,2,19,2,0,0,0,10,8.3,89,1021,2.6,90,0
1973,2,19,3,0,0,0,9.8,8.3,90,1021,2.8,50,0
1973,2,19,4,0,0,0,9.6,8.4,92,1022,2.9,20,0
1973,2,19,5,0,0,0,9.4,8.3,93,1022,3.1,340,0
1973,2,19,6,3,1,3,9.8,8.3,90,1023,3.6,0,0
1973,2,19,7,57,0,57,10.2,8,86,1024,4.1,30,0
1973,2,19,8,99,7,96,10.6,7.8,83,1024,4.6,50,0
1973,2,19,9,188,9,183,12.1,8.4,78,1024,4.1,40,0
1973,2,19,10,262,5,258,13.5,8.6,72,1024,3.6,20,0
1973,2,19,11,326,9,319,15,8.9,67,1024,3.1,10,0
1973,2,19,12,469,134,369,15.4,9.1,66,1024,3.1,20,0
1973,2,19,13,394,180,268,15.7,9.4,66,1023,3.1,30,0
1973,2,19,14,483,436,219,16.1,9.4,65,1023,3.1,40,0
1973,2,19,15,302,252,186,15,9.2,68,1023,2.9,30,0
1973,2,19,16,158,211,100,13.9,9,72,1023,2.8,20,0
1973,2,19,17,39,52,33,12.8,8.3,75,1022,2.6,10,0
1973,2,19,18,0,0,0,12.6,8.7,77,1023,2.9,60,0
1973,2,19,19,0,0,0,12.4,8.7,78,1024,3.3,120,0
1973,2,19,20,0,0,0,12.2,8.9,80,1024,3.6,170,0
1973,2,19,21,0,0,0,11.7,8.6,81,1024,3.1,180,0
1973,2,19,22,0,0,0,11.1,8.2,82,1025,2.6,200,0
1973,2,19,23,0,0,0,10.6,7.8,83,1025,2.1,210,0
1973,2,20,0,0,0,0,10,7.8,86,1025,2.1,210,0
1973,2,20,1,0,0,0,9.5,8,90,1025,2.1,220,0
1973,2,20,2,0,0,0,8.9,7.8,93,1025,2.1,220,0
1973,2,20,3,0,0,0,8,7.3,95,1025,2.1,260,0
1973,2,20,4,0,0,0,7,6.7,98,1025,2.1,310,0
1973,2,20,5,0,0,0,6.1,6.1,100,1026,2.1,350,0
1973,2,20,6,9,5,9,9.1,7.7,91,1026,2.6,340,0
1973,2,20,7,78,93,62,12,8.9,81,1026,3.1,320,0
1973,2,20,8,227,213,147,15,10,72,1026,3.6,310,0
1973,2,20,9,441,671,78,16.9,10.5,66,1026,4.3,300,0
1973,2,20,10,598,669,153,18.7,10.6,59,1026,5,290,0
1973,2,20,11,718,790,137,20.6,10.6,53,1026,5.7,280,0
1973,2,20,12,558,510,175,20.4,10.5,53,1026,6,310,0
1973,2,20,13,627,667,155,20.2,10.4,53,1025,6.4,340,0
1973,2,20,14,443,338,237,20,10,53,1025,6.7,10,0
1973,2,20,15,354,467,138,18.7,9.8,56,1024,5.5,10,0
1973,2,20,16,155,271,80,17.4,9.6,60,1024,4.3,0,0
1973,2,20,17,46,61,39,16.1,8.9,63,1024,3.1,0,0
1973,2,20,18,0,0,0,15,8.1,63,1025,3.8,0,0
1973,2,20,19,0,0,0,13.9,7.2,64,1026,4.5,0,0
1973,2,20,20,0,0,0,12.8,6.1,64,1027,5.2,0,0
1973,2,20,21,0,0,0,11.9,5.1,63,1027,4.7,10,0
1973,2,20,22,0,0,0,10.9,3.9,62,1027,4.1,10,0
1973,2,20,23,0,0,0,10,2.8,61,1027,3.6,20,0
1973,2,21,0,0,0,0,9.4,2.7,63,1027,3.8,20,0
1973,2,21,1,0,0,0,8.9,2.5,64,1026,3.9,30,0
1973,2,21,2,0,0,0,8.3,2.2,66,1026,4.1,30,0
1973,2,21,3,0,0,0,8.1,2.3,67,1027,3.9,20,0
1973,2,21,4,0,0,0,8,2.2,67,1027,3.8,20,0
1973,2,21,5,0,0,0,7.8,2.2,68,1028,3.6,10,0
1973,2,21,6,10,12,9,8.3,2.3,66,1028,3.9,10,0
1973,2,21,7,78,24,73,8.9,2.7,65,1029,4.3,20,0
1973,2,21,8,246,238,155,9.4,2.8,63,1029,4.6,20,0
1973,2,21,9,363,311,193,10.2,2.6,59,1029,4.6,40,0
1973,2,21,10,516,468,203,10.9,2.2,55,1028,4.6,50,0
1973,2,21,11,647,520,261,11.7,1.7,51,1028,4.6,70,0
1973,2,21,12,619,336,365,12.2,1.8,49,1027,4.3,20,0
1973,2,21,13,387,150,281,12.8,1.8,47,1027,3.9,340,0
1973,2,21,14,233,20,221,13.3,1.7,45,1026,3.6,290,0
1973,2,21,15,258,104,209,13.1,1.7,46,1026,3.3,300,0
1973,2,21,16,101,48,88,13,1.7,46,1025,2.9,320,0
1973,2,21,17,45,31,41,12.8,1.7,47,1025,2.6,330,0
1973,2,21,18,0,0,0,11.9,2.4,52,1025,2.8,340,0
1973,2,21,19,0,0,0,10.9,2.5,56,1025,2.9,360,0
1973,2,21,20,0,0,0,10,2.8,61,1025,3.1,10,0
1973,2,21,21,0,0,0,9.8,3.1,63,1025,3.3,10,0
1973,2,21,22,0,0,0,9.6,3.1,64,1025,3.4,0,0
1973,2,21,23,0,0,0,9.4,3.3,66,1025,3.6,0,0
1973,2,22,0,0,0,0,9,3.2,67,1025,3.9,0,0
1973,2,22,1,0,0,0,8.7,2.9,67,1025,4.3,0,0
1973,2,22,2,0,0,0,8.3,2.8,68,1025,4.6,0,0
1973,2,22,3,0,0,0,7.9,1.7,65,1024,4.8,20,0
1973,2,22,4,0,0,0,7.6,1,63,1024,5,30,0
1973,2,22,5,0,0,0,7.2,0,60,1023,5.2,50,0
1973,2,22,6,13,16,11,8.1,-0.3,55,1023,5.9,60,0
1973,2,22,7,107,254,60,9.1,-0.4,51,1023,6.5,60,0
1973,2,22,8,320,497,129,10,-1.1,46,1023,7.2,70,0
1973,2,22,9,468,578,150,11.3,-1,42,1022,6.2,70,0
1973,2,22,10,464,383,207,12.6,-1.5,37,1022,5.1,60,0
1973,2,22,11,294,13,285,13.9,-2.2,33,1021,4.1,60,0
1973,2,22,12,325,16,313,13.5,-0.8,37,1021,3.8,50,0
1973,2,22,13,244,12,235,13.2,0.2,41,1020,3.4,30,0
1973,2,22,14,243,11,236,12.8,1.1,45,1019,3.1,20,0
1973,2,22,15,188,8,185,12.2,1.8,49,1019,2.9,20,0
1973,2,22,16,95,4,94,11.7,2.4,53,1019,2.8,20,0
1973,2,22,17,28,2,28,11.1,2.8,57,1019,2.6,20,0
1973,2,22,18,0,0,0,10.2,4.8,69,1019,2.8,10,0
1973,2,22,19,0,0,0,9.2,6.1,81,1019,2.9,0,0
1973,2,22,20,0,0,0,8.3,7.2,93,1019,3.1,350,0
1973,2,22,21,0,0,0,8.5,7,90,1019,3.6,350,0
1973,2,22,22,0,0,0,8.7,6.5,86,1018,4.1,340,0
1973,2,22,23,0,0,0,8.9,6.1,83,1018,4.6,340,0
1973,2,23,0,0,0,0,9.1,6.4,83,1018,4.1,350,0
1973,2,23,1,0,0,0,9.2,6.5,83,1017,3.6,350,0
1973,2,23,2,0,0,0,9.4,6.7,83,1017,3.1,0,0
1973,2,23,3,0,0,0,9.4,6.3,81,1017,3.6,10,0
1973,2,23,4,0,0,0,9.4,6,79,1017,4.1,10,0
1973,2,23,5,0,0,0,9.4,5.6,77,1017,4.6,20,0
1973,2,23,6,10,0,10,9.6,5.4,75,1018,4.6,30,0
1973,2,23,7,71,0,71,9.8,5.2,73,1019,4.6,30,0
1973,2,23,8,179,1,179,10,5,71,1019,4.6,40,0
1973,2,23,9,266,1,265,10.9,5,67,1019,3.9,50,0
1973,2,23,10,325,1,324,11.9,5.1,63,1019,3.3,70,0
1973,2,23,11,400,2,399,12.8,5,59,1019,2.6,80,0
1973,2,23,12,467,236,286,13.3,5.5,59,1019,2.9,60,0
1973,2,23,13,559,536,173,13.9,5.8,58,1018,3.3,30,0
1973,2,23,14,562,635,168,14.4,6.1,58,1017,3.6,10,0
1973,2,23,15,463,742,110,14.2,6.6,60,1017,3.1,360,0
1973,2,23,16,138,138,98,14.1,7,62,1017,2.6,340,0
1973,2,23,17,37,60,30,13.9,7.2,64,1017,2.1,330,0
1973,2,23,18,0,0,0,11.5,6.7,72,1018,1.9,0,0
1973,2,23,19,0,0,0,9.1,6,81,1018,1.7,30,0
1973,2,23,20,0,0,0,6.7,5,89,1018,1.5,60,0
1973,2,23,21,0,0,0,6.3,5,91,1018,1.7,40,0
1973,2,23,22,0,0,0,6,5.1,94,1019,1.9,10,0
1973,2,23,23,0,0,0,5.6,5,96,1019,2.1,350,0
1973,2,24,0,0,0,0,6.3,5.4,94,1019,2.3,20,0
1973,2,24,1,0,0,0,7.1,5.8,91,1018,2.4,50,0
1973,2,24,2,0,0,0,7.8,6.1,89,1018,2.6,80,0
1973,2,24,3,0,0,0,8,6.6,91,1019,2.2,70,0
1973,2,24,4,0,0,0,8.1,7.2,94,1019,1.9,70,0
1973,2,24,5,0,0,0,8.3,7.8,96,1019,1.5,60,0
1973,2,24,6,8,1,8,9.4,8.2,92,1020,1.9,50,0
1973,2,24,7,80,31,74,10.6,8.6,87,1020,2.2,40,0
1973,2,24,8,112,50,92,11.7,8.9,83,1020,2.6,30,0
1973,2,24,9,175,9,170,12.4,9.4,82,1020,2.8,30,0
1973,2,24,10,214,3,213,13.2,10,81,1020,2.9,30,0
1973,2,24,11,272,2,271,13.9,10.6,80,1020,3.1,30,0
1973,2,24,12,346,3,344,13.3,10.7,84,1019,3.6,40,0
1973,2,24,13,304,2,302,12.8,11.1,89,1019,4.1,40,0
1973,2,24,14,159,5,156,12.2,11.1,93,1018,4.6,50,0
1973,2,24,15,178,4,177,12.4,11.3,93,1018,5.3,30,0
1973,2,24,16,112,2,112,12.6,11.5,93,1018,6,0,0
1973,2,24,17,19,0,19,12.8,11.7,93,1018,6.7,340,0
1973,2,24,18,0,0,0,12.4,11.5,94,1018,6.2,340,0
1973,2,24,19,0,0,0,12.1,11.4,95,1019,5.7,330,0
1973,2,24,20,0,0,0,11.7,11.1,96,1019,5.2,330,0
1973,2,24,21,0,0,0,11.7,11.1,96,1019,5,330,0
1973,2,24,22,0,0,0,11.7,11.1,96,1019,4.8,340,0
1973,2,24,23,0,0,0,11.7,11.1,96,1019,4.6,340,0
1973,2,25,0,0,0,0,11.7,11.1,96,1019,4.6,340,0
1973,2,25,1,0,0,0,11.7,11.1,96,1019,4.6,340,0
1973,2,25,2,0,0,0,11.7,11.1,96,1019,4.6,340,0
1973,2,25,3,0,0,0,11.7,11.1,96,1019,4.3,340,0
1973,2,25,4,0,0,0,11.7,11.1,96,1020,3.9,340,0
1973,2,25,5,0,0,0,11.7,11.1,96,1020,3.6,340,0
1973,2,25,6,12,0,12,11.9,11,94,1021,4.1,340,0
1973,2,25,7,80,1,80,12,10.8,92,1022,4.7,340,0
1973,2,25,8,175,0,175,12.2,10.6,90,1022,5.2,340,0
1973,2,25,9,406,363,202,13.9,11.1,83,1022,5.4,350,0
1973,2,25,10,645,745,134,15.5,11.1,75,1022,5.5,350,0
1973,2,25,11,789,916,96,17.2,11.1,68,1022,5.7,360,0
1973,2,25,12,760,868,90,17.9,11,64,1021,4.7,350,0
1973,2,25,13,708,824,109,18.7,11.1,61,1021,3.6,340,0
1973,2,25,14,600,803,95,19.4,10.6,57,1020,2.6,330,0
1973,2,25,15,391,544,130,18.3,10.4,60,1020,2.2,350,0
1973,2,25,16,203,384,90,17.2,9.9,62,1020,1.9,20,0
1973,2,25,17,49,113,37,16.1,9.4,65,1020,1.5,40,0
1973,2,25,18,0,0,0,14.1,9.4,73,1021,2.2,20,0
1973,2,25,19,0,0,0,12,8.9,81,1021,2.9,350,0
1973,2,25,20,0,0,0,10,8.3,89,1022,3.6,330,0
1973,2,25,21,0,0,0,9.4,8.4,93,1022,3.1,310,0
1973,2,25,22,0,0,0,8.9,8.3,96,1022,2.6,290,0
1973,2,25,23,0,0,0,8.3,8.3,100,1021,2.1,270,0
1973,2,26,0,0,0,0,8.3,8.2,99,1021,2.3,280,0
1973,2,26,1,0,0,0,8.3,7.9,97,1021,2.4,280,0
1973,2,26,2,0,0,0,8.3,7.8,96,1021,2.6,290,0
1973,2,26,3,0,0,0,7.8,7.4,97,1021,1.7,300,0
1973,2,26,4,0,0,0,7.2,7.1,99,1021,0.9,300,0
1973,2,26,5,0,0,0,6.7,6.7,100,1021,0,0,0
1973,2,26,6,15,37,11,9.5,8.5,93,1022,1,320,0
1973,2,26,7,137,450,47,12.2,9.8,85,1023,2.1,320,0
1973,2,26,8,350,694,73,15,11.1,78,1023,3.1,330,0
1973,2,26,9,551,806,94,16.9,11,68,1023,3.8,340,0
1973,2,26,10,705,865,108,18.7,10,57,1022,4.5,350,0
1973,2,26,11,795,892,116,20.6,8.9,47,1022,5.2,0,0
1973,2,26,12,815,900,117,21.3,9.3,46,1021,5.2,0,0
1973,2,26,13,761,887,113,22.1,9.7,45,1020,5.2,10,0
1973,2,26,14,636,845,102,22.8,10,44,1019,5.2,10,0
1973,2,26,15,439,680,109,21.9,9.8,46,1019,4.2,20,0
1973,2,26,16,235,574,64,20.9,9.2,47,1019,3.1,30,0
1973,2,26,17,48,127,33,20,8.9,49,1019,2.1,40,0
1973,2,26,18,0,0,0,19.6,9.5,52,1020,2.6,10,0
1973,2,26,19,0,0,0,19.3,10.3,56,1020,3.1,350,0
1973,2,26,20,0,0,0,18.9,10.6,59,1020,3.6,320,0
1973,2,26,21,0,0,0,17.2,10.4,64,1021,3.4,330,0
1973,2,26,22,0,0,0,15.6,10.2,70,1021,3.3,350,0
1973,2,26,23,0,0,0,13.9,9.4,75,1021,3.1,360,0
1973,2,27,0,0,0,0,13.3,9.8,79,1021,2.9,350,0
1973,2,27,1,0,0,0,12.8,9.8,82,1021,2.8,340,0
1973,2,27,2,0,0,0,12.2,10,86,1021,2.6,330,0
1973,2,27,3,0,0,0,12.2,9.8,85,1021,3.3,340,0
1973,2,27,4,0,0,0,12.2,9.6,84,1022,3.9,340,0
1973,2,27,5,0,0,0,12.2,9.4,83,1022,4.6,350,0
1973,2,27,6,22,21,19,12.6,9.5,81,1022,5.3,360,0
1973,2,27,7,117,289,57,12.9,9.6,80,1023,6,0,0
1973,2,27,8,380,829,45,13.3,9.4,78,1023,6.7,10,0
1973,2,27,9,574,904,58,14.1,9.4,73,1023,6,20,0
1973,2,27,10,730,955,67,14.8,8.8,67,1024,5.3,20,0
1973,2,27,11,813,967,72,15.6,8.3,62,1024,4.6,30,0
1973,2,27,12,835,977,73,16.7,8.4,58,1023,4.4,10,0
1973,2,27,13,778,963,70,17.8,8.1,53,1022,4.3,360,0
1973,2,27,14,657,935,63,18.9,7.8,49,1021,4.1,340,0
1973,2,27,15,483,884,52,18,7.8,51,1021,3.6,330,0
1973,2,27,16,266,759,37,17,7.7,54,1021,3.1,310,0
1973,2,27,17,66,398,20,16.1,7.2,56,1021,2.6,300,0
1973,2,27,18,0,0,0,15.4,7.5,59,1022,3.1,330,0
1973,2,27,19,0,0,0,14.6,7.2,61,1022,3.6,350,0
1973,2,27,20,0,0,0,13.9,7.2,64,1022,4.1,20,0
1973,2,27,21,0,0,0,13,7,67,1023,3.8,20,0
1973,2,27,22,0,0,0,12,6.9,71,1023,3.4,10,0
1973,2,27,23,0,0,0,11.1,6.7,74,1023,3.1,10,0
1973,2,28,0,0,0,0,10.5,6.7,77,1023,3.4,10,0
1973,2,28,1,0,0,0,10,6.7,80,1024,3.8,10,0
1973,2,28,2,0,0,0,9.4,6.7,83,1024,4.1,10,0
1973,2,28,3,0,0,0,8.9,6.2,83,1024,4.3,20,0
1973,2,28,4,0,0,0,8.3,5.6,83,1024,4.4,20,0
1973,2,28,5,0,0,0,7.8,5,83,1025,4.6,30,0
1973,2,28,6,24,92,13,8.3,5.3,81,1025,5,40,0
1973,2,28,7,158,581,37,8.9,5.5,79,1025,5.3,40,0
1973,2,28,8,382,795,57,9.4,5.6,77,1026,5.7,50,0
1973,2,28,9,582,883,73,10.9,6.3,73,1026,5,40,0
1973,2,28,10,734,930,84,12.4,6.7,68,1025,4.3,20,0
1973,2,28,11,821,950,90,13.9,7.2,64,1025,3.6,10,0
1973,2,28,12,838,954,91,15,7.3,60,1024,3.4,10,0
1973,2,28,13,779,932,91,16.1,7.4,56,1024,3.3,20,0
1973,2,28,14,657,899,82,17.2,7.2,52,1023,3.1,20,0
1973,2,28,15,476,832,68,16.1,7.1,55,1023,2.9,30,0
1973,2,28,16,241,617,53,15,7.1,59,1023,2.8,30,0
1973,2,28,17,56,261,26,13.9,6.7,62,1023,2.6,40,0
1973,2,28,18,0,0,0,13,7.4,69,1022,2.7,96,0
1973,2,28,19,0,0,0,12.2,8,75,1021,2.9,133,0
1973,2,28,20,0,0,0,11.8,8.7,80,1021,3,167,0
1973,2,28,21,0,0,0,12,9.6,85,1020,3.2,177,0
1973,2,28,22,0,0,0,12.2,10.5,89,1019,3.4,181,0
1973,2,28,23,0,0,0,12.5,11,90,1018,3.5,187,0
1978,3,1,0,0,0,0,13.1,11.6,90,1017,3.5,193,0
1978,3,1,1,0,0,0,13.4,12,90,1016,3.4,210,0
1978,3,1,2,0,0,0,13.7,12.2,90,1016,3.3,237,0
1978,3,1,3,0,0,0,13.7,12,89,1015,3.2,264,0
1978,3,1,4,0,0,0,13.6,11.8,88,1015,3,297,0
1978,3,1,5,0,0,0,13.2,11.1,87,1015,2.7,336,0
1978,3,1,6,13,11,12,13.1,11,87,1015,4.1,360,0
1978,3,1,7,81,6,80,13,10.7,86,1016,5.7,360,0
1978,3,1,8,103,9,99,12.8,10.6,86,1016,7.2,360,0
1978,3,1,9,208,8,204,13,10.2,83,1017,7,360,0
1978,3,1,10,274,2,273,13.1,9.9,81,1017,6.9,360,0
1978,3,1,11,312,4,309,13.3,9.4,78,1018,6.7,0,0
1978,3,1,12,423,6,418,14.1,9.8,75,1017,6,0,0
1978,3,1,13,326,88,260,14.8,10,73,1017,5.3,10,0
1978,3,1,14,497,396,243,15.6,10,70,1016,4.6,10,0
1978,3,1,15,292,266,160,15.4,9.3,67,1016,3.6,30,0
1978,3,1,16,175,132,134,15.2,8.7,65,1016,2.5,40,0
1978,3,1,17,52,59,45,15,7.8,62,1016,1.5,60,0
1978,3,1,18,0,0,0,14.4,7.7,64,1016,1.9,70,0
1978,3,1,19,0,0,0,13.9,7.9,67,1017,2.2,80,0
1978,3,1,20,0,0,0,13.3,7.8,69,1017,2.6,90,0
1978,3,1,21,0,0,0,12.9,7.6,70,1017,2.6,90,0
1978,3,1,22,0,0,0,12.6,7.5,71,1016,2.6,90,0
1978,3,1,23,0,0,0,12.2,7.2,72,1016,2.6,90,0
1978,3,2,0,0,0,0,12.2,7.3,72,1016,2.9,90,0
1978,3,2,1,0,0,0,12.2,7.3,72,1015,3.3,80,0
1978,3,2,2,0,0,0,12.2,7.2,72,1014,3.6,80,0
1978,3,2,3,0,0,0,12.4,7.3,71,1014,3.3,80,0
1978,3,2,4,0,0,0,12.6,7.3,70,1014,2.9,70,0
1978,3,2,5,0,0,0,12.8,7.2,69,1014,2.6,70,0
1978,3,2,6,11,1,11,13.9,9.4,74,1014,3.1,100,0
1978,3,2,7,87,35,79,15,11.4,79,1014,3.6,120,0
1978,3,2,8,140,10,136,16.1,13.3,84,1014,4.1,150,0
1978,3,2,9,236,7,232,16.8,14.1,84,1013,4.5,140,0
1978,3,2,10,377,9,371,17.6,14.9,84,1012,4.8,140,0
1978,3,2,11,188,9,181,18.3,15.6,84,1011,5.2,130,0
1978,3,2,12,325,5,321,17.9,15.2,84,1010,5.5,130,0
1978,3,2,13,339,3,336,17.6,14.9,84,1009,5.9,120,0
1978,3,2,14,171,2,170,17.2,14.4,84,1008,6.2,120,0
1978,3,2,15,238,0,238,16.8,14.8,88,1007,5.2,100,0
1978,3,2,16,136,1,136,16.5,15.4,93,1006,4.1,80,0
1978,3,2,17,24,0,24,16.1,15.6,97,1005,3.1,60,0
1978,3,2,18,0,0,0,16.3,15.8,97,1005,2.9,70,0
1978,3,2,19,0,0,0,16.5,16,97,1005,2.8,90,0
1978,3,2,20,0,0,0,16.7,16.1,97,1005,2.6,100,0
1978,3,2,21,0,0,0,15.9,15.5,97,1005,2.2,60,0
1978,3,2,22,0,0,0,15.2,14.6,96,1005,1.9,30,0
1978,3,2,23,0,0,0,14.4,13.9,96,1004,1.5,350,0
1978,3,3,0,0,0,0,14.2,13.6,96,1005,1.9,340,0
1978,3,3,1,0,0,0,14.1,13.5,96,1005,2.2,330,0
1978,3,3,2,0,0,0,13.9,13.3,96,1005,2.6,320,0
1978,3,3,3,0,0,0,13.5,12.9,96,1005,2.8,330,0
1978,3,3,4,0,0,0,13.2,12.6,96,1006,2.9,330,0
1978,3,3,5,0,0,0,12.8,12.2,96,1006,3.1,340,0
1978,3,3,6,17,0,17,12.8,12.1,95,1007,4.8,340,0
1978,3,3,7,73,1,73,12.8,11.9,94,1008,6.5,340,0
1978,3,3,8,186,1,186,12.8,11.7,93,1009,8.2,340,0
1978,3,3,9,280,1,279,12.1,10.4,89,1009,7.4,340,0
1978,3,3,10,362,0,362,11.3,8.7,84,1010,6.5,330,0
1978,3,3,11,391,2,390,10.6,7.2,80,1010,5.7,330,0
1978,3,3,12,410,1,409,10.4,6.8,78,1010,5.7,340,0
1978,3,3,13,364,1,363,10.2,6.2,76,1010,5.7,340,0
1978,3,3,14,308,0,308,10,5.6,74,1010,5.7,350,0
1978,3,3,15,207,1,206,8.9,4.5,74,1010,5.3,350,0
1978,3,3,16,134,1,133,7.8,3.5,74,1010,5,350,0
1978,3,3,17,37,0,37,6.7,2.2,74,1011,4.6,350,0
1978,3,3,18,0,0,0,6.3,1.8,73,1012,5.5,350,0
1978,3,3,19,0,0,0,6,1.3,72,1013,6.3,350,0
1978,3,3,20,0,0,0,5.6,0.6,71,1014,7.2,350,0
1978,3,3,21,0,0,0,5,0.2,71,1014,7.2,350,0
1978,3,3,22,0,0,0,4.5,-0.4,70,1015,7.2,350,0
1978,3,3,23,0,0,0,3.9,-1.1,70,1015,7.2,350,0
1978,3,4,0,0,0,0,3.9,-1.1,69,1015,6.5,350,0
1978,3,4,1,0,0,0,3.9,-1.3,68,1016,5.9,360,0
1978,3,4,2,0,0,0,3.9,-1.7,67,1016,5.2,360,0
1978,3,4,3,0,0,0,3.7,-1.6,67,1016,5.5,360,0
1978,3,4,4,0,0,0,3.5,-1.8,67,1017,5.9,350,0
1978,3,4,5,0,0,0,3.3,-2.2,67,1017,6.2,350,0
1978,3,4,6,23,0,23,3.5,-2,66,1019,6,350,0
1978,3,4,7,94,0,94,3.7,-1.8,66,1020,5.9,350,0
1978,3,4,8,196,1,196,3.9,-2.2,65,1021,5.7,350,0
1978,3,4,9,277,1,276,4.5,-1.7,63,1022,6,340,0
1978,3,4,10,560,429,253,5,-1.5,62,1022,6.4,340,0
1978,3,4,11,501,175,364,5.6,-1.7,60,1022,6.7,330,0
1978,3,4,12,536,324,277,6.1,-1.6,57,1022,6.7,330,0
1978,3,4,13,681,671,174,6.7,-1.7,54,1021,6.7,340,0
1978,3,4,14,693,963,64,7.2,-2.2,51,1021,6.7,340,0
1978,3,4,15,510,907,53,7,-2.4,50,1021,6.2,340,0
1978,3,4,16,288,787,38,6.9,-3,48,1021,5.7,350,0
1978,3,4,17,72,449,21,6.7,-3.9,47,1021,5.2,350,0
1978,3,4,18,0,0,0,6.1,-3.6,48,1022,4.8,350,0
1978,3,4,19,0,0,0,5.6,-3.5,50,1023,4.5,360,0
1978,3,4,20,0,0,0,5,-4.4,51,1024,4.1,0,0
1978,3,4,21,0,0,0,4.4,-3.6,54,1024,3.9,0,0
1978,3,4,22,0,0,0,3.9,-3.4,57,1024,3.8,10,0
1978,3,4,23,0,0,0,3.3,-3.9,60,1024,3.6,10,0
1978,3,5,0,0,0,0,2.8,-3.1,63,1024,3.6,20,0
1978,3,5,1,0,0,0,2.2,-2.9,67,1024,3.6,20,0
1978,3,5,2,0,0,0,1.7,-3.3,70,1025,3.6,30,0
1978,3,5,3,0,0,0,1.5,-2.8,71,1025,3.4,40,0
1978,3,5,4,0,0,0,1.3,-2.8,72,1025,3.3,60,0
1978,3,5,5,0,0,0,1.1,-3.3,73,1025,3.1,70,0
1978,3,5,6,36,182,14,1.1,-2.8,73,1026,3.4,70,0
1978,3,5,7,190,690,31,1.1,-2.8,73,1027,3.8,80,0
1978,3,5,8,420,867,47,1.1,-3.3,73,1027,4.1,80,0
1978,3,5,9,621,940,60,4.3,-1.7,64,1027,3.8,140,0
1978,3,5,10,775,981,69,7.4,-0.9,55,1026,3.4,190,0
1978,3,5,11,862,997,73,10.6,-0.6,46,1026,3.1,250,0
1978,3,5,12,879,1002,74,11.3,0.1,46,1025,3.6,240,0
1978,3,5,13,820,989,71,12.1,0.5,45,1025,4.1,220,0
1978,3,5,14,694,958,64,12.8,1.1,45,1024,4.6,210,0
1978,3,5,15,510,901,53,12.2,2.1,50,1024,4.6,200,0
1978,3,5,16,288,779,38,11.7,2.7,54,1023,4.6,180,0
1978,3,5,17,73,452,21,11.1,3.3,59,1023,4.6,170,0
1978,3,5,18,0,0,0,10.2,3.9,65,1023,4.3,160,0
1978,3,5,19,0,0,0,9.2,4.2,71,1023,3.9,140,0
1978,3,5,20,0,0,0,8.3,4.4,77,1023,3.6,130,0
1978,3,5,21,0,0,0,8.1,4.5,78,1022,3.9,130,0
1978,3,5,22,0,0,0,8,4.6,79,1021,4.3,130,0
1978,3,5,23,0,0,0,7.8,4.4,80,1021,4.6,130,0
1978,3,6,0,0,0,0,7.1,4.4,83,1020,3.1,130,0
1978,3,6,1,0,0,0,6.3,4.1,86,1020,1.5,130,0
1978,3,6,2,0,0,0,5.6,3.9,89,1019,0,0,0
1978,3,6,3,0,0,0,6.9,5.1,88,1020,0.9,120,0
1978,3,6,4,0,0,0,8.1,6.1,87,1020,1.7,120,0
1978,3,6,5,0,0,0,9.4,7.2,86,1020,2.6,120,0
1978,3,6,6,5,1,5,11.1,8.2,82,1020,2.2,110,0
1978,3,6,7,66,6,65,12.7,9.2,79,1021,1.9,90,0
1978,3,6,8,186,1,186,14.4,10,75,1022,1.5,80,0
1978,3,6,9,251,12,244,15.7,10.1,69,1022,2.4,120,0
1978,3,6,10,293,8,287,17,9.7,62,1021,3.2,160,0
1978,3,6,11,364,6,360,18.3,9.4,56,1021,4.1,200,0
1978,3,6,12,338,7,332,18.7,9.8,56,1020,4.3,200,0
1978,3,6,13,494,179,358,19,10.3,57,1019,4.4,190,0
1978,3,6,14,280,34,257,19.4,10.6,57,1018,4.6,190,0
1978,3,6,15,334,304,179,18.3,11.2,63,1018,5.1,170,0
1978,3,6,16,220,329,114,17.2,11.5,69,1018,5.7,140,0
1978,3,6,17,59,98,47,16.1,11.7,75,1017,6.2,120,0
1978,3,6,18,0,0,0,15.5,11.5,77,1017,5.9,120,0
1978,3,6,19,0,0,0,15,11.4,79,1017,5.5,130,0
1978,3,6,20,0,0,0,14.4,11.1,81,1017,5.2,130,0
1978,3,6,21,0,0,0,14.8,11.6,81,1017,5.4,130,0
1978,3,6,22,0,0,0,15.2,12,81,1016,5.5,130,0
1978,3,6,23,0,0,0,15.6,12.2,81,1016,5.7,130,0
1978,3,7,0,0,0,0,15.8,12.8,82,1015,5.7,130,0
1978,3,7,1,0,0,0,15.9,13,83,1015,5.7,140,0
1978,3,7,2,0,0,0,16.1,13.3,84,1015,5.7,140,0
1978,3,7,3,0,0,0,16.3,13.8,85,1014,5.9,140,0
1978,3,7,4,0,0,0,16.5,14.2,86,1014,6,140,0
1978,3,7,5,0,0,0,16.7,14.4,87,1014,6.2,140,0
1978,3,7,6,14,0,14,16.9,14.6,86,1014,5.9,140,0
1978,3,7,7,48,2,48,17,14.5,85,1014,5.5,140,0
1978,3,7,8,86,1,86,17.2,14.4,84,1014,5.2,140,0
1978,3,7,9,194,7,190,17.2,14.7,85,1014,4.5,110,0
1978,3,7,10,291,9,285,17.2,14.9,86,1014,3.8,80,0
1978,3,7,11,215,4,212,17.2,15,87,1014,3.1,50,0
1978,3,7,12,359,5,355,17,14.8,87,1013,3.4,70,0
1978,3,7,13,336,1,336,16.9,14.8,87,1013,3.8,100,0
1978,3,7,14,196,1,195,16.7,14.4,87,1013,4.1,120,0
1978,3,7,15,236,1,235,16.9,14.9,88,1012,3.6,110,0
1978,3,7,16,132,1,131,17,15.2,89,1012,3.1,90,0
1978,3,7,17,22,0,22,17.2,15.6,90,1012,2.6,80,0
1978,3,7,18,0,0,0,16.8,15.4,91,1013,2.4,70,0
1978,3,7,19,0,0,0,16.5,15.2,92,1014,2.3,70,0
1978,3,7,20,0,0,0,16.1,15,93,1015,2.1,60,0
1978,3,7,21,0,0,0,15.9,14.8,93,1014,2.3,80,0
1978,3,7,22,0,0,0,15.8,14.7,93,1013,2.4,100,0
1978,3,7,23,0,0,0,15.6,14.4,93,1012,2.6,120,0
1978,3,8,0,0,0,0,15.4,14.5,94,1012,1.7,100,0
1978,3,8,1,0,0,0,15.2,14.6,96,1011,0.9,70,0
1978,3,8,2,0,0,0,15,14.4,97,1011,0,0,0
1978,3,8,3,0,0,0,14.6,14.2,97,1011,0.9,30,0
1978,3,8,4,0,0,0,14.3,13.7,96,1011,1.7,0,0
1978,3,8,5,0,0,0,13.9,13.3,96,1012,2.6,340,0
1978,3,8,6,20,0,20,14.3,13.4,94,1012,3.5,330,0
1978,3,8,7,99,1,99,14.6,13.3,92,1013,4.3,320,0
1978,3,8,8,190,1,189,15,13.3,90,1014,5.2,310,0
1978,3,8,9,277,1,276,14.8,12.9,88,1014,5.2,310,0
1978,3,8,10,337,2,335,14.6,12.3,86,1014,5.2,320,0
1978,3,8,11,398,2,396,14.4,11.7,84,1014,5.2,320,0
1978,3,8,12,414,1,413,14.4,11.4,82,1013,5.5,330,0
1978,3,8,13,359,0,359,14.4,11,80,1013,5.9,330,0
1978,3,8,14,325,1,324,14.4,10.6,78,1013,6.2,340,0
1978,3,8,15,240,0,240,13.7,10.2,79,1013,5.5,330,0
1978,3,8,16,132,1,132,12.9,9.4,79,1013,4.8,330,0
1978,3,8,17,37,0,36,12.2,8.9,80,1013,4.1,320,0
1978,3,8,18,0,0,0,11.8,8.9,82,1014,4.8,320,0
1978,3,8,19,0,0,0,11.5,8.9,84,1014,5.5,330,0
1978,3,8,20,0,0,0,11.1,8.9,86,1015,6.2,330,0
1978,3,8,21,0,0,0,10.7,8.5,86,1015,5.9,330,0
1978,3,8,22,0,0,0,10.4,8.2,86,1015,5.5,340,0
1978,3,8,23,0,0,0,10,7.8,86,1015,5.2,340,0
1978,3,9,0,0,0,0,9.1,7.4,89,1014,5,330,0
1978,3,9,1,0,0,0,8.1,7.1,93,1014,4.8,330,0
1978,3,9,2,0,0,0,7.2,6.7,96,1014,4.6,320,0
1978,3,9,3,0,0,0,7.4,6.4,93,1014,4.6,310,0
1978,3,9,4,0,0,0,7.6,5.9,89,1014,4.6,300,0
1978,3,9,5,0,0,0,7.8,5.6,86,1014,4.6,290,0
1978,3,9,6,21,0,21,7.8,4.8,81,1014,4.6,290,0
1978,3,9,7,109,1,109,7.8,3.8,76,1015,4.6,290,0
1978,3,9,8,217,1,217,7.8,2.8,71,1015,4.6,290,0
1978,3,9,9,280,0,280,8,2.9,70,1015,4.8,290,0
1978,3,9,10,355,1,354,8.1,2.8,69,1015,5,290,0
1978,3,9,11,408,1,407,8.3,2.8,68,1015,5.2,290,0
1978,3,9,12,394,0,393,8.3,3,69,1014,5.5,290,0
1978,3,9,13,393,2,392,8.3,3.2,70,1014,5.9,280,0
1978,3,9,14,345,1,344,8.3,3.3,71,1013,6.2,280,0
1978,3,9,15,234,0,234,8.3,3,69,1013,5.7,280,0
1978,3,9,16,152,1,151,8.3,2.7,68,1013,5.1,290,0
1978,3,9,17,46,0,46,8.3,2.2,66,1013,4.6,290,0
1978,3,9,18,1,0,1,7.9,2.2,67,1014,4.8,290,0
1978,3,9,19,0,0,0,7.6,1.9,67,1015,5,300,0
1978,3,9,20,0,0,0,7.2,1.7,68,1015,5.2,300,0
1978,3,9,21,0,0,0,7,1.7,69,1015,4.8,300,0
1978,3,9,22,0,0,0,6.9,1.8,70,1015,4.5,310,0
1978,3,9,23,0,0,0,6.7,1.7,71,1015,4.1,310,0
1978,3,10,0,0,0,0,6.5,1.6,71,1015,4.1,310,0
1978,3,10,1,0,0,0,6.3,1.4,71,1015,4.1,300,0
1978,3,10,2,0,0,0,6.1,1.1,71,1015,4.1,300,0
1978,3,10,3,0,0,0,6.1,1,70,1016,3.6,300,0
1978,3,10,4,0,0,0,6.1,0.8,69,1016,3.1,290,0
1978,3,10,5,0,0,0,6.1,0.6,68,1017,2.6,290,0
1978,3,10,6,25,43,19,7.2,1.3,66,1017,3.6,300,0
1978,3,10,7,167,364,76,8.3,2.1,65,1017,4.7,310,0
1978,3,10,8,433,823,61,9.4,2.8,63,1017,5.7,320,0
1978,3,10,9,630,894,76,11.1,3.9,61,1017,5.5,300,0
1978,3,10,10,783,938,87,12.7,5.2,60,1017,5.4,290,0
1978,3,10,11,861,948,92,14.4,6.1,58,1017,5.2,270,0
1978,3,10,12,879,955,93,15.2,6.8,57,1017,5,270,0
1978,3,10,13,823,945,89,15.9,6.9,55,1016,4.8,260,0
1978,3,10,14,696,912,81,16.7,7.2,54,1015,4.6,260,0
1978,3,10,15,514,853,68,15.9,6.6,54,1015,3.8,240,0
1978,3,10,16,292,728,49,15.2,6.3,55,1014,2.9,220,0
1978,3,10,17,76,402,27,14.4,5.6,55,1014,2.1,200,0
1978,3,10,18,3,5,1,13.3,6,61,1015,2.4,200,0
1978,3,10,19,0,0,0,12.2,6.5,68,1015,2.8,200,0
1978,3,10,20,0,0,0,11.1,6.7,74,1015,3.1,200,0
1978,3,10,21,0,0,0,10.2,6.2,76,1015,3.1,200,0
1978,3,10,22,0,0,0,9.2,5.6,78,1015,3.1,200,0
1978,3,10,23,0,0,0,8.3,5,80,1014,3.1,200,0
1978,3,11,0,0,0,0,8.5,5.4,81,1014,3.1,200,0
1978,3,11,1,0,0,0,8.7,5.8,82,1013,3.1,190,0
1978,3,11,2,0,0,0,8.9,6.1,83,1013,3.1,190,0
1978,3,11,3,0,0,0,8,5.7,85,1013,3.1,160,0
1978,3,11,4,0,0,0,7,5,87,1013,3.1,140,0
1978,3,11,5,0,0,0,6.1,4.4,89,1013,3.1,110,0
1978,3,11,6,36,94,25,9.1,6.7,85,1014,3.8,130,0
1978,3,11,7,159,241,97,12,9.1,82,1014,4.5,160,0
1978,3,11,8,320,421,128,15,11.1,78,1015,5.2,180,0
1978,3,11,9,422,269,254,16.5,11.5,72,1015,6.2,180,0
1978,3,11,10,470,241,290,17.9,11.3,65,1015,7.2,190,0
1978,3,11,11,430,161,299,19.4,11.1,59,1015,8.2,190,0
1978,3,11,12,451,208,279,20.2,11.7,58,1014,8,200,0
1978,3,11,13,589,312,346,20.9,11.8,56,1013,7.9,210,0
1978,3,11,14,604,586,208,21.7,12.2,55,1013,7.7,220,0
1978,3,11,15,326,255,192,20.8,12.8,60,1012,6.7,200,0
1978,3,11,16,145,38,133,19.8,13.1,65,1012,5.6,190,0
1978,3,11,17,41,3,41,18.9,13.3,70,1012,4.6,170,0
1978,3,11,18,1,0,1,18.7,13.8,73,1012,4.1,180,0
1978,3,11,19,0,0,0,18.5,14,75,1012,3.6,190,0
1978,3,11,20,0,0,0,18.3,14.4,78,1013,3.1,200,0
1978,3,11,21,0,0,0,18.1,14.6,80,1013,3.4,200,0
1978,3,11,22,0,0,0,18,14.9,82,1013,3.8,210,0
1978,3,11,23,0,0,0,17.8,15,84,1013,4.1,210,0
1978,3,12,0,0,0,0,18,15.3,84,1013,3.9,220,0
1978,3,12,1,0,0,0,18.1,15.4,84,1013,3.8,230,0
1978,3,12,2,0,0,0,18.3,15.6,84,1013,3.6,240,0
1978,3,12,3,0,0,0,17.9,15.2,84,1014,3.3,260,0
1978,3,12,4,0,0,0,17.6,14.9,84,1014,2.9,270,0
1978,3,12,5,0,0,0,17.2,14.4,84,1015,2.6,290,0
1978,3,12,6,39,133,23,17,13.2,78,1015,3.5,310,0
1978,3,12,7,157,337,69,16.9,11.6,71,1016,4.3,320,0
1978,3,12,8,358,516,121,16.7,10,65,1017,5.2,340,0
1978,3,12,9,450,370,218,17.6,10.3,62,1017,3.8,280,0
1978,3,12,10,438,300,213,18.5,10.6,60,1017,2.4,230,0
1978,3,12,11,636,409,301,19.4,10.6,57,1017,1,170,0
1978,3,12,12,516,165,379,20,11,56,1016,1.9,120,0
1978,3,12,13,580,377,285,20.5,10.9,54,1015,2.7,80,0
1978,3,12,14,495,388,231,21.1,11.1,53,1015,3.6,30,0
1978,3,12,15,417,392,211,20,10.5,54,1015,3.3,40,0
1978,3,12,16,149,35,137,18.9,9.7,55,1014,2.9,60,0
1978,3,12,17,49,86,39,17.8,8.9,56,1014,2.6,70,0
1978,3,12,18,1,1,0,17.6,10,61,1014,2.6,90,0
1978,3,12,19,0,0,0,17.4,10.8,65,1015,2.6,100,0
1978,3,12,20,0,0,0,17.2,11.7,70,1015,2.6,120,0
1978,3,12,21,0,0,0,17.2,13,76,1014,3.3,130,0
1978,3,12,22,0,0,0,17.2,13.9,81,1014,3.9,130,0
1978,3,12,23,0,0,0,17.2,15,87,1013,4.6,140,0
1978,3,13,0,0,0,0,17.6,15.4,87,1013,4.8,140,0
1978,3,13,1,0,0,0,17.9,15.7,87,1012,5,140,0
1978,3,13,2,0,0,0,18.3,16.1,87,1011,5.2,140,0
1978,3,13,3,0,0,0,18.3,15.9,86,1011,4,120,0
1978,3,13,4,0,0,0,18.3,15.8,85,1011,2.7,100,0
1978,3,13,5,0,0,0,18.3,15.6,84,1012,1.5,80,0
1978,3,13,6,31,12,30,19.6,16.1,80,1011,3.4,100,0
1978,3,13,7,127,111,98,20.9,16.7,77,1011,5.3,110,0
1978,3,13,8,301,238,190,22.2,17.2,73,1011,7.2,130,0
1978,3,13,9,451,322,247,22.8,17.3,71,1011,7.9,130,0
1978,3,13,10,519,347,257,23.3,17.1,68,1010,8.6,140,0
1978,3,13,11,312,7,306,23.9,17.2,66,1010,9.3,140,0
1978,3,13,12,434,1,434,23.5,17.3,68,1009,8.9,150,0
1978,3,13,13,291,6,286,23.2,17.2,69,1008,8.6,160,0
1978,3,13,14,266,3,264,22.8,17.2,71,1008,8.2,170,0
1978,3,13,15,199,10,194,22.6,17.5,73,1007,8.7,170,0
1978,3,13,16,132,7,130,22.4,17.6,74,1007,9.3,160,0
1978,3,13,17,43,1,43,22.2,17.8,76,1006,9.8,160,0
1978,3,13,18,1,0,1,22,17.8,77,1006,9.1,170,0
1978,3,13,19,0,0,0,21.9,17.9,78,1006,8.4,170,0
1978,3,13,20,0,0,0,21.7,17.8,79,1006,7.7,180,0
1978,3,13,21,0,0,0,21.9,18.3,80,1006,8.4,190,0
1978,3,13,22,0,0,0,22,18.6,81,1006,9.1,200,0
1978,3,13,23,0,0,0,22.2,18.9,82,1006,9.8,210,0
1978,3,14,0,0,0,0,22,18.8,82,1007,8.1,220,0
1978,3,14,1,0,0,0,21.9,18.5,81,1007,6.3,240,0
1978,3,14,2,0,0,0,21.7,18.3,81,1007,4.6,250,0
1978,3,14,3,0,0,0,20.6,17.6,83,1008,4.3,240,0
1978,3,14,4,0,0,0,19.4,16.8,85,1008,3.9,240,0
1978,3,14,5,0,0,0,18.3,16.1,87,1009,3.6,230,0
1978,3,14,6,26,16,24,19.4,16.3,82,1009,4.1,250,0
1978,3,14,7,173,320,86,20.6,16.2,76,1010,4.7,270,0
1978,3,14,8,369,471,148,21.7,16.1,71,1011,5.2,290,0
1978,3,14,9,546,574,180,23.5,15.1,59,1011,4.2,300,0
1978,3,14,10,735,729,182,25.4,13.3,47,1011,3.1,310,0
1978,3,14,11,801,722,204,27.2,10.6,35,1011,2.1,320,0
1978,3,14,12,784,599,282,27.4,10.2,34,1011,1.9,10,0
1978,3,14,13,744,670,216,27.6,10.4,34,1011,1.7,70,0
1978,3,14,14,537,444,233,27.8,10,33,1010,1.5,120,0
1978,3,14,15,399,399,186,26.9,11.8,39,1010,2,150,0
1978,3,14,16,188,155,135,25.9,13.4,46,1010,2.6,170,0
1978,3,14,17,36,13,34,25,14.4,52,1010,3.1,200,0
1978,3,14,18,1,0,1,23.1,15.7,63,1011,3.1,190,0
1978,3,14,19,0,0,0,21.3,16.3,73,1011,3.1,190,0
1978,3,14,20,0,0,0,19.4,16.7,84,1012,3.1,180,0
1978,3,14,21,0,0,0,18.9,16.3,85,1012,2.8,190,0
1978,3,14,22,0,0,0,18.3,15.9,86,1012,2.4,190,0
1978,3,14,23,0,0,0,17.8,15.6,87,1012,2.1,200,0
1978,3,15,0,0,0,0,16.7,14.6,87,1012,1.9,210,0
1978,3,15,1,0,0,0,15.5,13.4,87,1013,1.7,210,0
1978,3,15,2,0,0,0,14.4,12.2,87,1013,1.5,220,0
1978,3,15,3,0,0,0,14.4,12.1,86,1013,1.3,230,0
1978,3,15,4,0,0,0,14.4,11.9,85,1013,1.2,240,0
1978,3,15,5,0,0,0,14.4,11.7,84,1013,1,250,0
1978,3,15,6,26,5,25,16.1,12.1,77,1014,1.4,260,0
1978,3,15,7,178,272,104,17.7,12.2,70,1014,1.7,270,0
1978,3,15,8,337,420,138,19.4,12.2,63,1015,2.1,280,0
1978,3,15,9,552,510,225,21.6,12.2,55,1015,1.9,250,0
1978,3,15,10,736,719,188,23.9,11.6,46,1014,1.7,230,0
1978,3,15,11,812,765,177,26.1,10.6,38,1014,1.5,200,0
1978,3,15,12,734,607,224,26.5,10.3,36,1013,1.7,200,0
1978,3,15,13,719,647,206,26.8,9.7,34,1013,1.9,210,0
1978,3,15,14,518,439,215,27.2,8.9,32,1012,2.1,210,0
1978,3,15,15,412,412,191,26.5,9,33,1012,1.4,210,0
1978,3,15,16,207,218,131,25.7,9.1,35,1013,0.7,210,0
1978,3,15,17,27,1,27,25,8.9,36,1013,0,0,0
1978,3,15,18,2,1,2,23.3,9,40,1013,1.2,220,0
1978,3,15,19,0,0,0,21.7,8.6,43,1014,2.4,220,0
1978,3,15,20,0,0,0,20,8.3,47,1014,3.6,220,0
1978,3,15,21,0,0,0,19.6,7.4,45,1015,4.1,240,0
1978,3,15,22,0,0,0,19.3,6.8,44,1015,4.7,260,0
1978,3,15,23,0,0,0,18.9,5.6,42,1015,5.2,280,0
1978,3,16,0,0,0,0,18.5,7,47,1016,5.7,290,0
1978,3,16,1,0,0,0,18.2,8.5,53,1016,6.2,310,0
1978,3,16,2,0,0,0,17.8,9.4,58,1017,6.7,320,0
1978,3,16,3,0,0,0,15.8,8.3,61,1018,6.5,320,0
1978,3,16,4,0,0,0,13.7,6.8,63,1019,6.4,330,0
1978,3,16,5,0,0,0,11.7,5.6,66,1020,6.2,330,0
1978,3,16,6,34,18,32,11.7,5.4,65,1021,6.5,330,0
1978,3,16,7,176,268,101,11.7,5.4,65,1022,6.9,340,0
1978,3,16,8,356,375,177,11.7,5,64,1022,7.2,340,0
1978,3,16,9,474,321,267,12.2,4.9,61,1023,7.2,340,0
1978,3,16,10,712,604,250,12.8,4.8,58,1023,7.2,330,0
1978,3,16,11,847,804,177,13.3,4.4,55,1024,7.2,330,0
1978,3,16,12,836,721,228,14.6,4,49,1023,7.5,330,0
1978,3,16,13,763,726,185,15.9,3.7,44,1023,7.9,340,0
1978,3,16,14,638,670,175,17.2,2.8,38,1022,8.2,340,0
1978,3,16,15,450,533,162,16.3,1.6,37,1023,8.2,340,0
1978,3,16,16,176,146,125,15.3,0.7,37,1024,8.2,350,0
1978,3,16,17,71,53,64,14.4,-0.6,36,1025,8.2,350,0
1978,3,16,18,1,0,1,13.7,-0.6,37,1026,7,350,0
1978,3,16,19,0,0,0,12.9,-0.6,39,1027,5.8,340,0
1978,3,16,20,0,0,0,12.2,-1.1,40,1028,4.6,340,0
1978,3,16,21,0,0,0,10.7,-0.1,47,1028,3.1,330,0
1978,3,16,22,0,0,0,9.3,0.5,54,1028,1.5,310,0
1978,3,16,23,0,0,0,7.8,0.6,61,1029,0,0,0
1978,3,17,0,0,0,0,7.2,1.1,65,1029,0.5,280,0
1978,3,17,1,0,0,0,6.7,1.4,69,1029,1,270,0
1978,3,17,2,0,0,0,6.1,1.7,73,1029,1.5,250,0
1978,3,17,3,0,0,0,6.3,1.8,73,1029,1.9,250,0
1978,3,17,4,0,0,0,6.5,2.2,74,1029,2.2,260,0
1978,3,17,5,0,0,0,6.7,2.2,74,1029,2.6,260,0
1978,3,17,6,43,79,34,8.7,2.3,64,1030,4,280,0
1978,3,17,7,178,304,92,10.8,2.1,55,1030,5.3,290,0
1978,3,17,8,408,515,160,12.8,1.1,45,1031,6.7,310,0
1978,3,17,9,608,658,181,14.1,0.7,40,1031,6.5,310,0
1978,3,17,10,724,660,216,15.4,0,35,1031,6.4,320,0
1978,3,17,11,823,757,189,16.7,-1.1,30,1031,6.2,320,0
1978,3,17,12,821,726,206,17.4,-0.7,29,1030,6.2,320,0
1978,3,17,13,756,703,194,18.2,-1,27,1029,6.2,330,0
1978,3,17,14,589,567,195,18.9,-1.1,26,1028,6.2,330,0
1978,3,17,15,497,635,152,18.2,-0.5,28,1028,5,330,0
1978,3,17,16,230,321,117,17.4,-0.7,29,1027,3.8,340,0
1978,3,17,17,66,103,52,16.7,-0.6,31,1027,2.6,340,0
1978,3,17,18,2,1,2,14.8,1,39,1028,1.7,330,0
1978,3,17,19,0,0,0,13,2,47,1028,0.9,310,0
1978,3,17,20,0,0,0,11.1,2.2,55,1029,0,0,0
1978,3,17,21,0,0,0,10.9,2.5,56,1029,0.3,290,0
1978,3,17,22,0,0,0,10.8,2.9,58,1029,0.7,270,0
1978,3,17,23,0,0,0,10.6,2.8,59,1029,1,260,0
1978,3,18,0,0,0,0,10,3.5,64,1029,0.7,250,0
1978,3,18,1,0,0,0,9.5,4.1,69,1029,0.3,240,0
1978,3,18,2,0,0,0,8.9,4.4,74,1028,0,0,0
1978,3,18,3,0,0,0,8.7,4.9,77,1029,0.3,210,0
1978,3,18,4,0,0,0,8.5,5.3,80,1029,0.7,200,0
1978,3,18,5,0,0,0,8.3,5.6,83,1030,1,190,0
1978,3,18,6,41,70,33,10.7,7.1,78,1031,1.5,210,0
1978,3,18,7,169,259,95,13.2,8.3,72,1031,2.1,220,0
1978,3,18,8,372,368,193,15.6,9.4,67,1032,2.6,240,0
1978,3,18,9,515,421,240,17.3,8.7,57,1031,2.8,220,0
1978,3,18,10,737,688,204,18.9,7.7,48,1031,2.9,190,0
1978,3,18,11,694,493,279,20.6,5.6,38,1031,3.1,170,0
1978,3,18,12,696,522,251,21.1,6.3,38,1030,3.3,170,0
1978,3,18,13,713,627,209,21.7,6.8,38,1029,3.4,180,0
1978,3,18,14,602,575,200,22.2,7.2,38,1029,3.6,180,0
1978,3,18,15,495,685,121,21.1,7,40,1029,5,180,0
1978,3,18,16,290,618,71,20,7.1,43,1029,6.3,180,0
1978,3,18,17,82,323,37,18.9,6.7,45,1029,7.7,180,0
1978,3,18,18,4,11,2,17,7.4,53,1029,6.2,190,0
1978,3,18,19,0,0,0,15.2,7.8,61,1029,4.6,190,0
1978,3,18,20,0,0,0,13.3,7.8,69,1030,3.1,200,0
1978,3,18,21,0,0,0,12.4,7.5,72,1030,2.8,210,0
1978,3,18,22,0,0,0,11.5,7.1,74,1029,2.4,210,0
1978,3,18,23,0,0,0,10.6,6.7,77,1029,2.1,220,0
1978,3,19,0,0,0,0,11,7.3,78,1029,2.1,210,0
1978,3,19,1,0,0,0,11.3,7.8,79,1028,2.1,210,0
1978,3,19,2,0,0,0,11.7,8.3,80,1028,2.1,200,0
1978,3,19,3,0,0,0,10.9,8.2,83,1028,2.1,180,0
1978,3,19,4,0,0,0,10.2,8,86,1028,2.1,160,0
1978,3,19,5,0,0,0,9.4,7.8,89,1028,2.1,140,0
1978,3,19,6,40,121,27,12.6,9.3,80,1028,2.9,140,0
1978,3,19,7,225,589,53,15.7,10.3,70,1028,3.8,150,0
1978,3,19,8,450,764,75,18.9,11.1,61,1029,4.6,150,0
1978,3,19,9,659,863,91,20,10.7,55,1028,5.3,160,0
1978,3,19,10,813,906,107,21.1,10,49,1028,6,170,0
1978,3,19,11,897,926,114,22.2,8.9,43,1028,6.7,180,0
1978,3,19,12,906,926,114,22.4,8.5,41,1027,6.5,170,0
1978,3,19,13,840,906,110,22.6,8.4,40,1027,6.4,170,0
1978,3,19,14,715,877,100,22.8,7.8,38,1026,6.2,160,0
1978,3,19,15,530,814,84,21.5,8.1,42,1026,6,160,0
1978,3,19,16,307,685,62,20.2,8.6,47,1025,5.9,160,0
1978,3,19,17,88,373,35,18.9,8.3,51,1025,5.7,160,0
1978,3,19,18,5,8,3,17.8,9.2,57,1025,4.7,170,0
1978,3,19,19,0,0,0,16.7,9.9,64,1025,3.6,170,0
1978,3,19,20,0,0,0,15.6,10,70,1026,2.6,180,0
1978,3,19,21,0,0,0,15,10,72,1025,2.9,160,0
1978,3,19,22,0,0,0,14.5,9.8,73,1024,3.3,150,0
1978,3,19,23,0,0,0,13.9,9.4,75,1024,3.6,130,0
1978,3,20,0,0,0,0,13.2,9.5,78,1023,3.4,130,0
1978,3,20,1,0,0,0,12.4,9.1,80,1023,3.3,120,0
1978,3,20,2,0,0,0,11.7,8.9,83,1022,3.1,120,0
1978,3,20,3,0,0,0,12.2,9.4,83,1023,2.8,120,0
1978,3,20,4,0,0,0,12.8,10,83,1023,2.4,110,0
1978,3,20,5,0,0,0,13.3,10.6,83,1023,2.1,110,0
1978,3,20,6,29,11,28,15.3,11.9,80,1023,2.8,130,0
1978,3,20,7,142,66,123,17.4,13.2,76,1024,3.4,140,0
1978,3,20,8,357,367,175,19.4,14.4,73,1024,4.1,160,0
1978,3,20,9,484,365,242,20,14.2,69,1024,4.5,160,0
1978,3,20,10,437,141,327,20.5,13.7,65,1023,4.8,160,0
1978,3,20,11,387,8,380,21.1,13.3,61,1023,5.2,160,0
1978,3,20,12,425,96,343,21.7,13.6,60,1022,5.7,170,0
1978,3,20,13,330,85,261,22.2,13.6,58,1021,6.2,170,0
1978,3,20,14,454,206,309,22.8,13.9,57,1020,6.7,180,0
1978,3,20,15,250,116,186,21.7,13.9,61,1020,6.4,160,0
1978,3,20,16,184,96,149,20.5,14,66,1020,6,140,0
1978,3,20,17,60,77,48,19.4,13.9,70,1020,5.7,120,0
1978,3,20,18,1,1,1,19.2,14.1,72,1020,4.8,130,0
1978,3,20,19,0,0,0,19.1,14.4,74,1020,4,130,0
1978,3,20,20,0,0,0,18.9,14.4,76,1020,3.1,140,0
1978,3,20,21,0,0,0,18.5,14.6,78,1020,3.4,140,0
1978,3,20,22,0,0,0,18.2,14.5,79,1019,3.8,150,0
1978,3,20,23,0,0,0,17.8,14.4,81,1018,4.1,150,0
1978,3,21,0,0,0,0,17.6,14.5,82,1018,3.8,160,0
1978,3,21,1,0,0,0,17.4,14.5,83,1017,3.4,160,0
1978,3,21,2,0,0,0,17.2,14.4,84,1017,3.1,170,0
1978,3,21,3,0,0,0,17.4,14.9,85,1017,3.1,180,0
1978,3,21,4,0,0,0,17.6,15.3,86,1018,3.1,180,0
1978,3,21,5,0,0,0,17.8,15.6,87,1018,3.1,190,0
1978,3,21,6,23,2,23,18.7,16.3,86,1018,3.1,190,0
1978,3,21,7,93,10,90,19.7,17.1,85,1019,3.1,190,0
1978,3,21,8,182,11,177,20.6,17.8,84,1019,3.1,190,0
1978,3,21,9,333,0,333,21.9,17.3,75,1019,3.4,200,0
1978,3,21,10,296,9,288,23.1,16.7,67,1018,3.8,220,0
1978,3,21,11,367,4,364,24.4,15.6,58,1018,4.1,230,0
1978,3,21,12,379,16,366,23.1,15.7,63,1018,4.1,260,0
1978,3,21,13,365,9,358,21.9,15.8,68,1017,4.1,290,0
1978,3,21,14,413,204,268,20.6,15.6,73,1017,4.1,320,0
1978,3,21,15,375,263,229,20.8,15.8,73,1017,3.4,300,0
1978,3,21,16,242,294,136,20.9,15.9,73,1016,2.8,280,0
1978,3,21,17,71,190,43,21.1,16.1,73,1016,2.1,260,0
1978,3,21,18,4,7,3,19.3,15.2,77,1017,1.4,270,0
1978,3,21,19,0,0,0,17.4,13.9,80,1017,0.7,280,0
1978,3,21,20,0,0,0,15.6,12.8,84,1017,0,0,0
1978,3,21,21,0,0,0,15.6,13.1,85,1017,0,0,0
1978,3,21,22,0,0,0,15.6,13.3,86,1017,0,0,0
1978,3,21,23,0,0,0,15.6,13.3,87,1017,0,0,0
1978,3,22,0,0,0,0,14.3,12.4,88,1017,0,0,0
1978,3,22,1,0,0,0,13,11.3,89,1017,0,0,0
1978,3,22,2,0,0,0,11.7,10,90,1016,0,0,0
1978,3,22,3,0,0,0,12.2,10.6,90,1017,0,0,0
1978,3,22,4,0,0,0,12.8,11.2,90,1017,0,0,0
1978,3,22,5,0,0,0,13.3,11.7,90,1018,0,0,0
1978,3,22,6,34,27,31,15.3,13,86,1018,1.4,20,0
1978,3,22,7,155,221,88,17.4,14.3,82,1019,2.7,30,0
1978,3,22,8,402,450,175,19.4,15.6,78,1019,4.1,40,0
1978,3,22,9,582,537,222,20.5,15.5,73,1019,4.1,90,0
1978,3,22,10,580,275,363,21.7,15.3,67,1019,4.1,130,0
1978,3,22,11,693,461,298,22.8,15,62,1019,4.1,180,0
1978,3,22,12,554,210,373,23.5,15.3,60,1018,3.6,200,0
1978,3,22,13,739,566,278,24.3,15.5,58,1018,3.1,230,0
1978,3,22,14,514,395,234,25,15.6,56,1017,2.6,250,0
1978,3,22,15,418,402,195,24.1,14.8,56,1017,3.3,220,0
1978,3,22,16,251,345,125,23.1,14.2,57,1016,3.9,200,0
1978,3,22,17,78,111,61,22.2,13.3,57,1016,4.6,170,0
1978,3,22,18,3,2,3,21.1,14.1,64,1016,3.9,180,0
1978,3,22,19,0,0,0,20,14.6,71,1016,3.3,180,0
1978,3,22,20,0,0,0,18.9,15,78,1017,2.6,190,0
1978,3,22,21,0,0,0,18.5,15,80,1016,3.5,200,0
1978,3,22,22,0,0,0,18.2,15.1,82,1016,4.3,200,0
1978,3,22,23,0,0,0,17.8,15,84,1016,5.2,210,0
1978,3,23,0,0,0,0,17.8,14.9,83,1016,4.3,220,0
1978,3,23,1,0,0,0,17.8,14.7,82,1015,3.5,240,0
1978,3,23,2,0,0,0,17.8,14.4,81,1015,2.6,250,0
1978,3,23,3,0,0,0,17.8,14.5,81,1015,1.7,240,0
1978,3,23,4,0,0,0,17.8,14.5,81,1015,0.9,230,0
1978,3,23,5,0,0,0,17.8,14.4,81,1015,0,0,0
1978,3,23,6,35,14,33,18.2,14.5,79,1015,0.9,220,0
1978,3,23,7,83,10,80,18.5,14.6,78,1016,1.7,210,0
1978,3,23,8,181,5,179,18.9,14.4,76,1016,2.6,200,0
1978,3,23,9,272,6,268,20,14.8,72,1016,2.9,210,0
1978,3,23,10,453,138,344,21.1,15,68,1016,3.3,210,0
1978,3,23,11,445,147,319,22.2,15,64,1016,3.6,220,0
1978,3,23,12,635,273,398,23.1,15.5,62,1015,3.6,190,0
1978,3,23,13,444,152,319,24.1,15.9,60,1015,3.6,170,0
1978,3,23,14,485,330,250,25,16.1,58,1014,3.6,140,0
1978,3,23,15,373,386,157,24.3,16.1,60,1014,3.9,150,0
1978,3,23,16,269,493,88,23.5,15.8,62,1013,4.3,150,0
1978,3,23,17,88,277,46,22.8,15.6,64,1013,4.6,160,0
1978,3,23,18,8,20,5,21.5,15.6,69,1013,3.9,150,0
1978,3,23,19,0,0,0,20.2,15.2,73,1014,3.3,130,0
1978,3,23,20,0,0,0,18.9,15,78,1014,2.6,120,0
1978,3,23,21,0,0,0,18.7,14.4,76,1014,2.8,130,0
1978,3,23,22,0,0,0,18.5,14,75,1014,2.9,130,0
1978,3,23,23,0,0,0,18.3,13.3,73,1014,3.1,140,0
1978,3,24,0,0,0,0,18.3,13.4,73,1013,2.9,140,0
1978,3,24,1,0,0,0,18.3,13.4,73,1013,2.8,140,0
1978,3,24,2,0,0,0,18.3,13.3,73,1012,2.6,140,0
1978,3,24,3,0,0,0,18.3,14,76,1012,2.8,140,0
1978,3,24,4,0,0,0,18.3,14.4,78,1012,2.9,140,0
1978,3,24,5,0,0,0,18.3,15,81,1013,3.1,140,0
1978,3,24,6,26,0,26,18.7,15.6,82,1013,2.8,170,0
1978,3,24,7,103,4,102,19,16.1,83,1014,2.4,210,0
1978,3,24,8,123,6,120,19.4,16.7,84,1015,2.1,240,0
1978,3,24,9,224,4,222,19.4,16.1,81,1014,2.9,210,0
1978,3,24,10,359,89,287,19.4,15.7,79,1013,3.8,180,0
1978,3,24,11,453,118,351,19.4,15,76,1012,4.6,150,0
1978,3,24,12,547,94,465,20.9,15.9,73,1012,4.8,160,0
1978,3,24,13,657,387,340,22.4,16.5,69,1011,5,170,0
1978,3,24,14,484,249,306,23.9,17.2,66,1011,5.2,180,0
1978,3,24,15,492,596,158,23.3,15.9,63,1011,5,170,0
1978,3,24,16,255,305,142,22.8,14.7,60,1011,4.8,170,0
1978,3,24,17,87,267,46,22.2,13.3,57,1011,4.6,160,0
1978,3,24,18,4,5,3,21.1,13.8,63,1012,3.8,170,0
1978,3,24,19,0,0,0,20,14.4,70,1012,2.9,190,0
1978,3,24,20,0,0,0,18.9,14.4,76,1013,2.1,200,0
1978,3,24,21,0,0,0,18.2,14.7,80,1013,1.7,220,0
1978,3,24,22,0,0,0,17.4,14.5,83,1013,1.4,230,0
1978,3,24,23,0,0,0,16.7,14.4,87,1013,1,250,0
1978,3,25,0,0,0,0,16.9,14.2,84,1013,2.4,280,0
1978,3,25,1,0,0,0,17,13.7,81,1013,3.8,300,0
1978,3,25,2,0,0,0,17.2,13.3,78,1014,5.2,330,0
1978,3,25,3,0,0,0,16.5,12.7,78,1014,4.3,330,0
1978,3,25,4,0,0,0,15.7,11.9,78,1014,3.5,340,0
1978,3,25,5,0,0,0,15,11.1,78,1015,2.6,340,0
1978,3,25,6,17,2,17,15,11,77,1015,3.3,340,0
1978,3,25,7,110,11,106,15,10.8,76,1016,3.9,330,0
1978,3,25,8,237,1,236,15,10.6,75,1017,4.6,330,0
1978,3,25,9,253,12,245,15.4,10.4,72,1017,4.8,340,0
1978,3,25,10,312,7,306,15.7,10.3,70,1017,5,340,0
1978,3,25,11,341,6,336,16.1,10,67,1017,5.2,350,0
1978,3,25,12,618,403,265,16.8,10,64,1016,5.2,350,0
1978,3,25,13,726,567,259,17.6,10.3,62,1015,5.2,350,0
1978,3,25,14,731,885,96,18.3,10,59,1015,5.2,350,0
1978,3,25,15,550,832,81,17.9,9.8,59,1014,4.8,350,0
1978,3,25,16,320,700,60,17.6,9.3,58,1014,4.5,350,0
1978,3,25,17,101,421,36,17.2,8.9,58,1014,4.1,350,0
1978,3,25,18,5,9,3,16.5,8.7,60,1015,4.5,340,0
1978,3,25,19,0,0,0,15.7,8.7,63,1015,4.8,330,0
1978,3,25,20,0,0,0,15,8.3,65,1016,5.2,320,0
1978,3,25,21,0,0,0,15,7.8,62,1016,5,330,0
1978,3,25,22,0,0,0,15,7.1,59,1017,4.8,340,0
1978,3,25,23,0,0,0,15,6.1,56,1017,4.6,350,0
1978,3,26,0,0,0,0,14.4,5.2,54,1017,4.8,350,0
1978,3,26,1,0,0,0,13.9,4.5,53,1017,5,340,0
1978,3,26,2,0,0,0,13.3,3.3,51,1017,5.2,340,0
1978,3,26,3,0,0,0,11.6,2.6,54,1017,4.2,340,0
1978,3,26,4,0,0,0,10,2.1,58,1017,3.1,340,0
1978,3,26,5,0,0,0,8.3,1.1,61,1017,2.1,340,0
1978,3,26,6,62,266,32,9.4,2,60,1017,3.1,340,0
1978,3,26,7,170,199,106,10.6,2.7,58,1018,4.2,340,0
1978,3,26,8,317,229,197,11.7,3.3,57,1018,5.2,340,0
1978,3,26,9,544,500,201,13,4.7,57,1018,5.2,340,0
1978,3,26,10,728,706,160,14.3,5.7,56,1017,5.2,340,0
1978,3,26,11,853,851,111,15.6,6.7,56,1017,5.2,340,0
1978,3,26,12,854,837,119,16.5,7.2,54,1016,4.8,330,0
1978,3,26,13,811,851,107,17.4,7.2,51,1015,4.5,330,0
1978,3,26,14,689,791,120,18.3,7.2,49,1015,4.1,320,0
1978,3,26,15,486,596,149,17.8,6.7,48,1015,4.1,320,0
1978,3,26,16,298,623,65,17.2,5.8,47,1015,4.1,320,0
1978,3,26,17,101,435,32,16.7,5,46,1015,4.1,320,0
1978,3,26,18,9,22,6,15.4,5.1,50,1016,4.1,330,0
1978,3,26,19,0,0,0,14.1,5.2,55,1017,4.1,350,0
1978,3,26,20,0,0,0,12.8,5,59,1018,4.1,0,0
1978,3,26,21,0,0,0,12.1,4.8,61,1018,4.6,0,0
1978,3,26,22,0,0,0,11.3,4.8,64,1018,5.2,10,0
1978,3,26,23,0,0,0,10.6,4.4,66,1019,5.7,10,0
1978,3,27,0,0,0,0,9.8,3.8,66,1019,5.3,10,0
1978,3,27,1,0,0,0,9.1,3.1,66,1018,5,0,0
1978,3,27,2,0,0,0,8.3,2.2,66,1018,4.6,0,0
1978,3,27,3,0,0,0,7.2,1.9,69,1019,3.1,0,0
1978,3,27,4,0,0,0,6.1,1.6,73,1019,1.5,10,0
1978,3,27,5,0,0,0,5,1.1,76,1019,0,0,0
1978,3,27,6,64,280,31,7.6,2.3,69,1020,1.9,10,0
1978,3,27,7,269,637,60,10.2,3.3,62,1020,3.8,20,0
1978,3,27,8,503,796,85,12.8,3.9,55,1021,5.7,20,0
1978,3,27,9,707,875,103,13.7,4.6,54,1020,5,10,0
1978,3,27,10,852,911,114,14.7,5.2,53,1020,4.3,10,0
1978,3,27,11,928,925,120,15.6,5.6,52,1019,3.6,0,0
1978,3,27,12,936,925,120,16.7,6,49,1019,3.6,340,0
1978,3,27,13,876,917,116,17.8,6.1,46,1018,3.6,330,0
1978,3,27,14,744,883,106,18.9,6.1,43,1017,3.6,310,0
1978,3,27,15,556,820,89,18.5,6.1,44,1017,3.3,300,0
1978,3,27,16,328,697,66,18.2,5.8,44,1017,2.9,300,0
1978,3,27,17,103,400,39,17.8,5.6,45,1017,2.6,290,0
1978,3,27,18,7,14,5,15.8,6,52,1018,2.2,290,0
1978,3,27,19,0,0,0,13.7,5.9,59,1019,1.9,300,0
1978,3,27,20,0,0,0,11.7,5.6,66,1019,1.5,300,0
1978,3,27,21,0,0,0,12.2,5.8,65,1020,2.4,330,0
1978,3,27,22,0,0,0,12.8,6.4,65,1020,3.2,350,0
1978,3,27,23,0,0,0,13.3,6.7,64,1020,4.1,20,0
1978,3,28,0,0,0,0,12.9,6.7,66,1020,4.1,30,0
1978,3,28,1,0,0,0,12.6,6.7,67,1020,4.1,40,0
1978,3,28,2,0,0,0,12.2,6.7,69,1019,4.1,50,0
1978,3,28,3,0,0,0,11.3,6.1,70,1020,2.7,50,0
1978,3,28,4,0,0,0,10.3,5.1,70,1020,1.4,50,0
1978,3,28,5,0,0,0,9.4,4.4,71,1020,0,0,0
1978,3,28,6,70,390,25,11.6,5.5,66,1021,0.5,40,0
1978,3,28,7,288,727,47,13.9,6.5,61,1021,1,40,0
1978,3,28,8,520,855,66,16.1,7.2,56,1021,1.5,40,0
1978,3,28,9,717,917,80,17,7.7,54,1021,2.4,40,0
1978,3,28,10,860,948,89,18,8.3,53,1021,3.2,30,0
1978,3,28,11,939,964,93,18.9,8.3,51,1021,4.1,30,0
1978,3,28,12,947,965,94,19.6,8,47,1021,3.8,10,0
1978,3,28,13,885,955,90,20.4,7.4,43,1020,3.4,360,0
1978,3,28,14,756,929,82,21.1,6.7,39,1020,3.1,340,0
1978,3,28,15,568,874,69,20.7,6.3,39,1020,2.1,320,0
1978,3,28,16,341,766,51,20.4,6,39,1019,1,300,0
1978,3,28,17,113,501,31,20,5.6,39,1019,0,0,0
1978,3,28,18,11,35,6,18.5,7.6,49,1019,1.5,250,0
1978,3,28,19,0,0,0,17.1,9.3,60,1020,3.1,230,0
1978,3,28,20,0,0,0,15.6,10,70,1020,4.6,210,0
1978,3,28,21,0,0,0,14.8,9.8,72,1020,4.3,220,0
1978,3,28,22,0,0,0,14.1,9.4,73,1020,3.9,240,0
1978,3,28,23,0,0,0,13.3,8.9,75,1020,3.6,250,0
1978,3,29,0,0,0,0,12.8,8.7,76,1020,3.4,260,0
1978,3,29,1,0,0,0,12.2,8.1,76,1020,3.3,260,0
1978,3,29,2,0,0,0,11.7,7.8,77,1020,3.1,270,0
1978,3,29,3,0,0,0,11.5,8.4,81,1021,2.1,280,0
1978,3,29,4,0,0,0,11.3,9.1,86,1021,1,290,0
1978,3,29,5,2,2,1,11.1,9.4,90,1021,0,0,0
1978,3,29,6,70,352,29,13.7,10,78,1022,1.4,310,0
1978,3,29,7,285,690,53,16.3,10,66,1022,2.7,320,0
1978,3,29,8,515,816,79,18.9,9.4,54,1022,4.1,330,0
1978,3,29,9,626,702,136,20.2,9.5,50,1022,3.8,330,0
1978,3,29,10,767,709,188,21.5,9.1,45,1022,3.4,340,0
1978,3,29,11,818,655,241,22.8,8.9,41,1022,3.1,340,0
1978,3,29,12,638,415,269,23.3,8.2,38,1021,3.3,340,0
1978,3,29,13,722,517,290,23.9,7.6,35,1021,3.4,330,0
1978,3,29,14,515,260,326,24.4,6.7,32,1020,3.6,330,0
1978,3,29,15,276,115,210,23.7,7.4,35,1020,3.1,310,0
1978,3,29,16,197,104,157,22.9,7.9,38,1020,2.6,280,0
1978,3,29,17,71,21,67,22.2,8.3,41,1020,2.1,260,0
1978,3,29,18,2,1,2,20.9,8.6,45,1020,2.4,270,0
1978,3,29,19,0,0,0,19.6,8.3,48,1021,2.8,270,0
1978,3,29,20,0,0,0,18.3,8.3,52,1021,3.1,280,0
1978,3,29,21,0,0,0,17.6,8.2,54,1021,3.1,280,0
1978,3,29,22,0,0,0,16.8,8,56,1021,3.1,290,0
1978,3,29,23,0,0,0,16.1,7.8,58,1021,3.1,290,0
1978,3,30,0,0,0,0,15.9,8.4,61,1021,2.9,290,0
1978,3,30,1,0,0,0,15.8,9,64,1021,2.8,300,0
1978,3,30,2,0,0,0,15.6,9.4,67,1021,2.6,300,0
1978,3,30,3,0,0,0,14.7,9.5,71,1021,2.6,320,0
1978,3,30,4,0,0,0,13.7,9.6,76,1022,2.6,340,0
1978,3,30,5,0,0,0,12.8,9.4,80,1022,2.6,0,0
1978,3,30,6,44,9,43,15,10,72,1022,2.4,20,0
1978,3,30,7,138,39,124,17.2,10.1,63,1023,2.3,30,0
1978,3,30,8,320,78,278,19.4,10,55,1023,2.1,50,0
1978,3,30,9,391,83,333,21.1,10.6,51,1023,2.1,20,0
1978,3,30,10,458,91,383,22.7,10.5,46,1023,2.1,350,0
1978,3,30,11,602,265,368,24.4,10.6,42,1023,2.1,320,0
1978,3,30,12,698,364,374,25.3,10,38,1022,2.6,340,0
1978,3,30,13,574,271,347,26.3,9.2,34,1021,3.1,350,0
1978,3,30,14,656,571,240,27.2,8.3,30,1021,3.6,10,0
1978,3,30,15,423,291,256,26.7,8.2,31,1021,2.9,10,0
1978,3,30,16,259,270,156,26.1,7.7,31,1021,2.2,10,0
1978,3,30,17,79,73,67,25.6,7.8,32,1020,1.5,10,0
1978,3,30,18,5,1,4,22.3,8.5,41,1021,1.5,330,0
1978,3,30,19,0,0,0,18.9,8.6,51,1021,1.5,300,0
1978,3,30,20,0,0,0,15.6,7.8,60,1021,1.5,260,0
1978,3,30,21,0,0,0,16.1,8.4,60,1021,1.9,260,0
1978,3,30,22,0,0,0,16.7,8.9,60,1021,2.2,260,0
1978,3,30,23,0,0,0,17.2,9.4,60,1021,2.6,260,0
1978,3,31,0,0,0,0,16.5,9.7,64,1021,1.7,260,0
1978,3,31,1,0,0,0,15.7,9.8,68,1021,0.9,260,0
1978,3,31,2,0,0,0,15,10,72,1020,0,0,0
1978,3,31,3,0,0,0,13.9,9.8,76,1020,0.5,260,0
1978,3,31,4,0,0,0,12.8,9.3,79,1020,1,260,0
1978,3,31,5,2,3,1,11.7,8.9,83,1020,1.5,260,0
1978,3,31,6,72,311,33,15.6,10.8,73,1021,1.3,290,0
1978,3,31,7,285,649,61,19.4,12,62,1021,1.2,330,0
1978,3,31,8,513,790,85,23.3,12.8,52,1021,1,360,0
1978,3,31,9,711,863,102,25,12.6,46,1021,1.4,310,0
1978,3,31,10,860,907,113,26.6,11.6,39,1021,1.7,250,0
1978,3,31,11,935,920,119,28.3,10.6,33,1021,2.1,200,0
1978,3,31,12,878,878,94,28.5,10.7,33,1020,3.1,200,0
1978,3,31,13,829,864,103,28.7,10.4,32,1019,4.2,200,0
1978,3,31,14,736,853,112,28.9,10.6,32,1019,5.2,200,0
1978,3,31,15,506,679,115,27.6,9.5,32,1018,4.7,200,0
1978,3,31,16,313,626,73,26.3,8.3,32,1018,4.1,210,0
1978,3,31,17,101,355,41,25,7.2,32,1018,3.6,210,0
1978,3,31,18,10,17,8,21.7,8.7,43,1017,3.2,189,0
1978,3,31,19,0,0,0,19.1,9.3,52,1018,3,161,0
1978,3,31,20,0,0,0,17.2,9.9,62,1017,2.8,142,0
1978,3,31,21,0,0,0,16.5,10.9,69,1016,2.2,114,0
1978,3,31,22,0,0,0,16.1,11.7,74,1015,1.9,95,0
1978,3,31,23,0,0,0,16.1,12.2,78,1015,2,56,0
1988,4,1,0,0,0,0,16.6,13.4,81,1013,2.6,74,0
1988,4,1,1,0,0,0,16.9,14.1,83,1013,3,78,0
1988,4,1,2,0,0,0,17,14.7,86,1012,2.9,89,0
1988,4,1,3,0,0,0,16.6,15,90,1012,1.8,51,0
1988,4,1,4,0,0,0,15.4,14.4,93,1012,1.7,240,0
1988,4,1,5,2,6,1,15.7,15.2,96,1011,1.6,266,0
1988,4,1,6,59,74,49,18.3,18.3,100,1012,3.6,140,0
1988,4,1,7,266,493,92,21.1,19.4,90,1013,4.1,150,0
1988,4,1,8,284,194,178,23.3,20,82,1013,4.6,160,0
1988,4,1,9,450,224,290,25,20.6,76,1014,5.7,130,0
1988,4,1,10,633,351,342,25.6,20.6,74,1014,6.7,150,0
1988,4,1,11,864,681,255,25.6,21.1,77,1013,5.7,150,0
1988,4,1,12,662,425,280,26.7,21.7,74,1013,5.7,150,0
1988,4,1,13,588,256,372,26.7,21.7,74,1012,5.2,140,0
1988,4,1,14,299,3,297,25.6,21.1,77,1012,4.6,140,0
1988,4,1,15,276,32,257,25,21.1,79,1011,4.1,140,0
1988,4,1,16,124,1,124,25,20.6,76,1011,6.2,120,0
1988,4,1,17,29,5,28,23.3,22.2,94,1011,4.6,110,0
1988,4,1,18,3,0,3,22.8,21.7,94,1011,7.2,130,0
1988,4,1,19,0,0,0,18.9,18.9,100,1014,5.2,330,0
1988,4,1,20,0,0,0,20,20,100,1014,4.1,90,0
1988,4,1,21,0,0,0,19.4,17.8,90,1013,7.2,120,0
1988,4,1,22,0,0,0,19.4,18.3,93,1011,6.2,110,0
1988,4,1,23,0,0,0,20,20,100,1012,4.1,100,0
1988,4,2,0,0,0,0,20,20,100,1013,4.6,280,0
1988,4,2,1,0,0,0,20.6,20.6,100,1011,8.2,130,0
1988,4,2,2,0,0,0,21.1,19.4,90,1011,5.2,130,0
1988,4,2,3,0,0,0,21.7,21.1,97,1011,5.7,150,0
1988,4,2,4,0,0,0,22.2,22.2,100,1011,5.7,160,0
1988,4,2,5,0,0,0,18.9,18.9,100,1012,3.6,180,0
1988,4,2,6,28,6,27,18.3,18.3,100,1012,2.6,40,0
1988,4,2,7,54,4,52,18.9,18.9,100,1013,3.6,100,0
1988,4,2,8,197,28,181,18.9,18.9,100,1014,4.6,120,0
1988,4,2,9,509,187,375,20,19.4,97,1013,4.6,100,0
1988,4,2,10,455,154,327,21.1,19.4,90,1013,4.6,100,0
1988,4,2,11,443,89,363,21.1,19.4,90,1013,3.6,120,0
1988,4,2,12,316,4,313,21.7,19.4,87,1013,3.1,60,0
1988,4,2,13,327,9,320,21.1,20,93,1013,5.7,130,0
1988,4,2,14,157,12,148,20,19.4,97,1014,6.2,270,0
1988,4,2,15,161,7,157,19.4,18.9,97,1011,6.7,130,0
1988,4,2,16,92,2,91,20,19.4,97,1012,5.2,120,0
1988,4,2,17,50,2,50,20,19.4,97,1012,4.6,120,0
1988,4,2,18,6,0,6,20,19.4,97,1012,5.2,120,0
1988,4,2,19,0,0,0,20,18.9,93,1013,7.2,130,0
1988,4,2,20,0,0,0,20,18.3,90,1014,5.2,130,0
1988,4,2,21,0,0,0,19.4,18.3,93,1014,7.2,130,0
1988,4,2,22,0,0,0,19.4,17.8,90,1014,5.7,140,0
1988,4,2,23,0,0,0,19.4,17.8,90,1013,4.1,140,0
1988,4,3,0,0,0,0,18.3,17.2,93,1013,3.1,140,0
1988,4,3,1,0,0,0,18.9,17.2,90,1012,3.6,150,0
1988,4,3,2,0,0,0,19.4,17.8,90,1011,5.2,160,0
1988,4,3,3,0,0,0,19.4,18.9,97,1013,4.6,150,0
1988,4,3,4,0,0,0,20,18.3,90,1012,5.2,140,0
1988,4,3,5,2,0,2,19.4,18.9,97,1012,3.1,230,0
1988,4,3,6,28,1,28,20,18.9,93,1013,5.7,160,0
1988,4,3,7,97,35,84,19.4,18.3,93,1013,5.7,170,0
1988,4,3,8,129,69,90,19.4,17.8,90,1013,8.8,160,0
1988,4,3,9,249,106,172,19.4,17.2,87,1013,4.1,180,0
1988,4,3,10,520,90,445,20,17.2,84,1013,4.6,180,0
1988,4,3,11,402,23,381,20.6,18.3,87,1013,4.1,180,0
1988,4,3,12,385,5,380,21.1,17.8,81,1013,3.6,200,0
1988,4,3,13,349,11,339,21.1,18.3,84,1013,2.1,230,0
1988,4,3,14,285,11,277,21.7,18.9,84,1013,2.1,290,0
1988,4,3,15,262,10,257,21.7,18.9,84,1012,2.1,310,0
1988,4,3,16,139,73,111,22.2,18.9,82,1012,2.1,320,0
1988,4,3,17,92,144,66,21.7,18.3,81,1012,2.1,200,0
1988,4,3,18,11,6,11,20.6,18.9,90,1013,4.6,170,0
1988,4,3,19,0,0,0,19.4,18.3,93,1013,1.5,180,0
1988,4,3,20,0,0,0,19.4,18.3,93,1014,3.1,170,0
1988,4,3,21,0,0,0,17.2,16.7,97,1014,0,0,0
1988,4,3,22,0,0,0,16.7,16.7,100,1014,0,0,0
1988,4,3,23,0,0,0,15.6,15.6,100,1014,0,0,0
1988,4,4,0,0,0,0,15.6,15.6,100,1014,0,0,0
1988,4,4,1,0,0,0,15,15,100,1013,0,0,0
1988,4,4,2,0,0,0,13.9,13.9,100,1014,0,0,0
1988,4,4,3,0,0,0,13.3,13.3,100,1014,0,0,0
1988,4,4,4,0,0,0,13.3,13.3,100,1014,0,0,0
1988,4,4,5,1,3,1,13.3,13.3,100,1014,1.5,210,0
1988,4,4,6,81,270,41,15.6,15.6,100,1015,0,0,0
1988,4,4,7,280,557,76,20.6,12.8,61,1016,3.1,200,0
1988,4,4,8,455,550,145,21.7,18.3,81,1016,3.1,160,0
1988,4,4,9,659,740,123,23.3,18.9,76,1016,2.1,150,0
1988,4,4,10,851,842,143,24.4,18.3,69,1016,3.6,150,0
1988,4,4,11,890,823,147,25,20,74,1016,4.6,190,0
1988,4,4,12,895,827,146,26.1,20.6,72,1015,3.6,100,0
1988,4,4,13,719,578,226,26.7,18.3,60,1014,3.1,180,0
1988,4,4,14,702,767,132,26.7,18.9,63,1013,4.1,220,0
1988,4,4,15,455,475,177,26.7,17.8,58,1013,4.1,210,0
1988,4,4,16,300,499,103,26.1,17.8,60,1013,4.6,190,0
1988,4,4,17,109,359,44,25,17.8,64,1013,3.6,160,0
1988,4,4,18,11,18,8,22.8,17.2,71,1014,5.2,150,0
1988,4,4,19,0,0,0,21.1,17.8,81,1014,3.6,170,0
1988,4,4,20,0,0,0,20.6,18.3,87,1015,3.6,150,0
1988,4,4,21,0,0,0,20,18.9,93,1015,3.6,150,0
1988,4,4,22,0,0,0,18.9,18.3,97,1015,3.1,120,0
1988,4,4,23,0,0,0,18.9,17.8,93,1015,2.6,100,0
1988,4,5,0,0,0,0,18.3,17.8,97,1015,2.6,130,0
1988,4,5,1,0,0,0,18.3,18.3,100,1015,3.1,130,0
1988,4,5,2,0,0,0,17.8,17.8,100,1015,2.6,130,0
1988,4,5,3,0,0,0,17.8,17.8,100,1014,0,0,0
1988,4,5,4,0,0,0,17.8,17.8,100,1014,0,0,0
1988,4,5,5,5,5,4,17.8,17.8,100,1015,2.1,140,0
1988,4,5,6,89,310,42,20.6,20,97,1015,3.6,150,0
1988,4,5,7,301,611,75,22.8,21.1,90,1016,3.6,170,0
1988,4,5,8,496,702,98,25,22.2,85,1016,4.6,200,0
1988,4,5,9,673,703,162,24.4,22.2,88,1017,6.7,190,0
1988,4,5,10,628,425,269,26.7,22.2,77,1016,6.7,200,0
1988,4,5,11,765,483,328,27.8,22.2,72,1016,6.7,200,0
1988,4,5,12,569,212,377,27.2,22.2,74,1016,6.7,160,0
1988,4,5,13,334,38,302,26.7,21.7,74,1015,5.7,190,0
1988,4,5,14,285,47,251,26.1,21.7,77,1015,4.6,200,0
1988,4,5,15,401,328,208,26.7,21.7,74,1014,6.7,180,0
1988,4,5,16,155,23,146,26.7,21.7,74,1014,5.7,200,0
1988,4,5,17,77,97,59,25,21.1,79,1015,6.2,200,0
1988,4,5,18,6,4,6,24.4,21.7,85,1015,5.2,210,0
1988,4,5,19,0,0,0,23.9,21.7,87,1015,5.2,220,0
1988,4,5,20,0,0,0,23.3,22.2,94,1015,4.6,190,0
1988,4,5,21,0,0,0,23.3,22.2,94,1014,5.2,190,0
1988,4,5,22,0,0,0,22.8,21.7,94,1014,5.2,210,0
1988,4,5,23,0,0,0,22.8,21.7,94,1014,4.6,220,0
1988,4,6,0,0,0,0,22.8,21.7,94,1015,3.6,220,0
1988,4,6,1,0,0,0,22.8,21.7,94,1015,4.1,240,0
1988,4,6,2,0,0,0,22.2,21.7,97,1014,4.6,230,0
1988,4,6,3,0,0,0,22.8,21.7,94,1014,4.1,240,0
1988,4,6,4,0,0,0,22.8,21.7,94,1014,6.2,290,0
1988,4,6,5,3,0,3,20,16.7,81,1016,8.8,320,0
1988,4,6,6,55,25,51,19.4,15,76,1017,9.3,320,0
1988,4,6,7,267,362,131,18.9,10,57,1018,9.3,340,0
1988,4,6,8,482,510,191,18.3,10,59,1018,8.2,340,0
1988,4,6,9,627,483,274,20,8.9,49,1018,8.2,350,0
1988,4,6,10,801,683,222,20.6,7.2,42,1019,7.7,340,0
1988,4,6,11,870,743,195,20.6,6.7,41,1018,6.2,330,0
1988,4,6,12,892,671,279,21.7,6.7,38,1017,6.2,340,0
1988,4,6,13,786,622,254,22.2,6.1,35,1017,7.2,330,0
1988,4,6,14,626,521,237,22.8,4.4,30,1016,7.7,340,0
1988,4,6,15,490,419,242,22.8,3.3,28,1016,4.6,330,0
1988,4,6,16,196,109,153,22.2,3.9,30,1015,5.7,340,0
1988,4,6,17,87,61,76,20,4.4,36,1016,3.6,310,0
1988,4,6,18,8,1,8,19.4,4.4,37,1016,5.7,330,0
1988,4,6,19,0,0,0,18.9,5,40,1017,5.7,330,0
1988,4,6,20,0,0,0,17.8,4.4,42,1017,4.6,340,0
1988,4,6,21,0,0,0,16.7,5,46,1017,5.2,360,0
1988,4,6,22,0,0,0,16.1,4.4,46,1017,3.6,350,0
1988,4,6,23,0,0,0,15.6,5.6,52,1017,3.1,320,0
1988,4,7,0,0,0,0,13.3,8.9,75,1016,3.1,290,0
1988,4,7,1,0,0,0,12.2,9.4,83,1017,3.1,260,0
1988,4,7,2,0,0,0,12.2,7.8,75,1016,3.6,290,0
1988,4,7,3,0,0,0,13.3,9.4,78,1016,4.1,300,0
1988,4,7,4,0,0,0,12.2,9.4,83,1016,3.6,320,0
1988,4,7,5,5,1,4,13.9,5.6,58,1017,3.6,350,0
1988,4,7,6,86,205,53,16.1,6.1,52,1017,5.2,350,0
1988,4,7,7,296,514,101,17.8,6.1,47,1018,5.2,360,0
1988,4,7,8,527,671,142,18.9,5.6,42,1018,4.1,340,0
1988,4,7,9,726,756,170,19.4,5,39,1017,4.1,340,0
1988,4,7,10,872,804,188,20,4.4,36,1017,6.2,330,0
1988,4,7,11,941,813,201,20.6,6.7,41,1016,5.2,330,0
1988,4,7,12,951,821,201,21.1,5.6,36,1015,6.2,310,0
1988,4,7,13,881,800,193,22.2,6.7,37,1014,6.2,320,0
1988,4,7,14,745,759,176,22.8,6.1,34,1013,5.2,340,0
1988,4,7,15,551,679,148,23.9,7.2,34,1012,6.2,320,0
1988,4,7,16,323,526,112,22.8,7.2,37,1012,5.2,330,0
1988,4,7,17,105,243,60,22.2,9.4,44,1011,4.1,310,0
1988,4,7,18,11,4,11,20.6,7.8,44,1012,4.6,300,0
1988,4,7,19,0,0,0,18.3,10,59,1013,4.1,330,0
1988,4,7,20,0,0,0,17.8,10,61,1013,4.6,320,0
1988,4,7,21,0,0,0,17.2,10.6,65,1014,3.6,340,0
1988,4,7,22,0,0,0,17.8,10,61,1013,4.1,340,0
1988,4,7,23,0,0,0,16.7,9.4,63,1013,5.2,350,0
1988,4,8,0,0,0,0,17.8,8.3,54,1014,5.7,360,0
1988,4,8,1,0,0,0,17.2,7.2,52,1013,5.7,10,0
1988,4,8,2,0,0,0,16.7,7.8,56,1013,5.2,10,0
1988,4,8,3,0,0,0,16.7,8.3,58,1013,4.6,20,0
1988,4,8,4,0,0,0,15.6,8.3,62,1014,3.1,20,0
1988,4,8,5,7,3,7,15,7.8,62,1014,4.1,20,0
1988,4,8,6,94,246,53,17.2,7.2,52,1015,5.2,40,0
1988,4,8,7,309,560,95,18.3,6.7,47,1015,5.2,40,0
1988,4,8,8,539,705,131,18.9,7.2,47,1015,5.2,40,0
1988,4,8,9,737,786,156,19.4,7.2,45,1015,4.1,30,0
1988,4,8,10,878,827,172,20,7.8,45,1015,3.1,30,0
1988,4,8,11,956,840,188,21.7,6.1,37,1014,3.6,310,0
1988,4,8,12,958,840,188,22.8,7.8,38,1014,2.1,360,0
1988,4,8,13,870,748,225,23.3,7.2,36,1013,3.6,310,0
1988,4,8,14,695,654,203,25,7.2,32,1012,3.6,340,0
1988,4,8,15,426,400,187,25.6,6.1,29,1011,3.1,310,0
1988,4,8,16,242,267,134,25.6,6.7,30,1011,2.1,320,0
1988,4,8,17,101,96,83,22.2,9.4,44,1012,2.1,310,0
1988,4,8,18,9,2,9,17.2,9.4,61,1012,1.5,310,0
1988,4,8,19,0,0,0,16.1,8.3,60,1012,0,0,0
1988,4,8,20,0,0,0,16.1,8.9,63,1013,0,0,0
1988,4,8,21,0,0,0,16.1,11.1,72,1013,2.1,250,0
1988,4,8,22,0,0,0,15.6,11.7,78,1013,0,0,0
1988,4,8,23,0,0,0,15,13.9,93,1013,0,0,0
1988,4,9,0,0,0,0,14.4,13.9,97,1013,0,0,0
1988,4,9,1,0,0,0,14.4,14.4,100,1013,0,0,0
1988,4,9,2,0,0,0,13.9,13.9,100,1012,2.6,20,0
1988,4,9,3,0,0,0,14.4,13.3,93,1013,1.5,310,0
1988,4,9,4,0,0,0,15,13.3,90,1013,1.5,20,0
1988,4,9,5,7,0,7,14.4,13.3,93,1014,1.5,30,0
1988,4,9,6,60,19,57,17.8,15.6,87,1014,2.6,40,0
1988,4,9,7,160,54,139,20.6,15.6,73,1015,3.6,60,0
1988,4,9,8,325,120,255,21.1,15,68,1015,3.1,50,0
1988,4,9,9,329,59,285,21.7,15,66,1015,3.1,50,0
1988,4,9,10,367,4,363,21.7,16.1,71,1015,2.6,50,0
1988,4,9,11,814,449,403,23.3,16.1,64,1015,3.1,50,0
1988,4,9,12,426,58,373,23.9,15,58,1014,3.6,60,0
1988,4,9,13,395,115,297,25,14.4,52,1014,3.6,50,0
1988,4,9,14,348,30,326,24.4,13.3,50,1013,3.6,10,0
1988,4,9,15,213,28,197,23.3,12.2,50,1013,2.6,30,0
1988,4,9,16,185,67,158,22.2,12.2,53,1013,2.6,30,0
1988,4,9,17,47,9,45,21.1,13.9,64,1013,2.6,360,0
1988,4,9,18,8,0,8,18.9,13.9,73,1013,0,0,0
1988,4,9,19,0,0,0,17.2,12.2,73,1014,0,0,0
1988,4,9,20,0,0,0,16.7,12.8,78,1014,0,0,0
1988,4,9,21,0,0,0,16.7,13.3,81,1014,2.1,210,0
1988,4,9,22,0,0,0,16.7,15,90,1014,0,0,0
1988,4,9,23,0,0,0,16.1,16.1,100,1013,1.5,240,0
1988,4,10,0,0,0,0,16.7,16.7,100,1013,4.1,320,0
1988,4,10,1,0,0,0,16.1,15.6,97,1012,2.6,290,0
1988,4,10,2,0,0,0,15.6,15.6,100,1012,1.5,320,0
1988,4,10,3,0,0,0,16.1,15.6,97,1012,0,0,0
1988,4,10,4,0,0,0,15,15,100,1012,0,0,0
1988,4,10,5,10,8,9,15,15,100,1012,0,0,0
1988,4,10,6,94,137,70,18.9,17.8,93,1013,0,0,0
1988,4,10,7,161,71,133,21.1,16.7,76,1013,1.5,110,0
1988,4,10,8,441,391,212,22.2,16.1,69,1013,1.5,260,0
1988,4,10,9,617,604,167,23.9,13.3,52,1013,1.5,260,0
1988,4,10,10,768,620,235,25,13.9,50,1012,4.1,260,0
1988,4,10,11,745,549,240,25,14.4,52,1012,3.6,280,0
1988,4,10,12,645,421,257,23.9,13.9,54,1012,3.1,300,0
1988,4,10,13,770,610,242,25,13.9,50,1010,4.6,290,0
1988,4,10,14,687,723,141,25.6,12.8,45,1009,3.6,290,0
1988,4,10,15,593,870,72,25.6,8.3,34,1009,4.6,290,0
1988,4,10,16,366,773,52,24.4,7.8,35,1009,5.2,300,0
1988,4,10,17,124,360,55,22.2,8.9,43,1009,4.1,280,0
1988,4,10,18,17,22,14,20,10,53,1008,2.1,270,0
1988,4,10,19,0,0,0,18.3,14.4,78,1009,7.7,310,0
1988,4,10,20,0,0,0,17.8,13.9,78,1010,6.7,310,0
1988,4,10,21,0,0,0,15.6,13.9,90,1010,7.7,330,0
1988,4,10,22,0,0,0,15.6,13.3,87,1010,7.7,330,0
1988,4,10,23,0,0,0,15,12.8,87,1010,7.2,320,0
1988,4,11,0,0,0,0,14.4,12.2,87,1009,6.2,300,0
1988,4,11,1,0,0,0,11.7,10.6,93,1009,7.2,300,0
1988,4,11,2,0,0,0,10.6,8.3,86,1009,8.8,310,0
1988,4,11,3,0,0,0,9.4,8.3,93,1009,7.2,320,0
1988,4,11,4,0,0,0,8.9,6.7,86,1010,7.7,310,0
1988,4,11,5,4,0,4,8.9,6.1,83,1010,7.2,310,0
1988,4,11,6,85,62,74,8.3,4.4,77,1011,8.8,310,0
1988,4,11,7,304,477,116,10,3.9,66,1012,6.2,300,0
1988,4,11,8,480,487,193,11.1,3.9,61,1011,7.7,300,0
1988,4,11,9,717,750,155,12.8,2.8,51,1011,8.8,290,0
1988,4,11,10,811,623,274,13.9,0.6,40,1010,8.8,290,0
1988,4,11,11,675,370,335,13.9,0,39,1010,8.8,280,0
1988,4,11,12,699,387,342,12.2,1.1,47,1009,8.8,290,0
1988,4,11,13,494,168,348,13.9,2.2,46,1008,10.3,300,0
1988,4,11,14,329,203,176,12.8,1.1,45,1008,9.8,280,0
1988,4,11,15,477,435,216,13.3,2.2,47,1008,9.3,290,0
1988,4,11,16,163,32,150,12.2,1.1,47,1008,7.2,300,0
1988,4,11,17,60,37,53,11.1,1.7,53,1008,6.7,300,0
1988,4,11,18,8,1,8,10.6,2.2,57,1009,5.7,290,0
1988,4,11,19,0,0,0,10.6,2.8,59,1009,5.7,300,0
1988,4,11,20,0,0,0,9.4,3.3,66,1010,7.7,290,0
1988,4,11,21,0,0,0,9.4,3.9,69,1010,6.7,210,0
1988,4,11,22,0,0,0,9.4,4.4,71,1009,6.7,270,0
1988,4,11,23,0,0,0,9.4,5.6,77,1009,8.2,290,0
1988,4,12,0,0,0,0,9.4,5.6,77,1008,8.8,270,0
1988,4,12,1,0,0,0,10,6.1,77,1007,8.8,260,0
1988,4,12,2,0,0,0,10.6,6.1,74,1006,7.7,270,0
1988,4,12,3,0,0,0,10.6,6.1,74,1006,8.8,260,0
1988,4,12,4,0,0,0,11.7,5.6,66,1006,10.3,270,0
1988,4,12,5,6,5,5,11.7,5.6,66,1007,7.7,290,0
1988,4,12,6,104,212,65,12.2,5.6,64,1008,7.7,290,0
1988,4,12,7,315,538,101,14.4,6.1,58,1009,7.7,280,0
1988,4,12,8,555,807,77,16.1,7.2,56,1009,7.7,300,0
1988,4,12,9,735,860,88,17.2,7.8,54,1010,8.8,280,0
1988,4,12,10,905,934,97,18.9,7.2,47,1009,7.2,290,0
1988,4,12,11,983,954,102,20,6.7,42,1009,8.2,320,0
1988,4,12,12,990,959,102,21.1,6.7,39,1009,7.7,310,0
1988,4,12,13,921,947,98,22.2,7.2,38,1008,6.7,300,0
1988,4,12,14,750,855,101,22.2,7.2,38,1008,7.2,320,0
1988,4,12,15,590,848,79,22.2,7.2,38,1008,5.7,310,0
1988,4,12,16,368,756,58,22.2,8.3,41,1008,4.6,300,0
1988,4,12,17,138,521,36,20.6,8.9,47,1009,4.6,310,0
1988,4,12,18,19,60,11,16.7,9.4,63,1010,2.1,280,0
1988,4,12,19,0,0,0,16.1,10,67,1011,2.6,300,0
1988,4,12,20,0,0,0,14.4,8.3,67,1012,3.1,290,0
1988,4,12,21,0,0,0,12.8,10,83,1013,2.1,300,0
1988,4,12,22,0,0,0,11.7,10,90,1013,2.6,280,0
1988,4,12,23,0,0,0,11.7,10,90,1013,2.1,270,0
1988,4,13,0,0,0,0,10.6,10,96,1013,0,0,0
1988,4,13,1,0,0,0,10.6,9.4,93,1013,2.6,260,0
1988,4,13,2,0,0,0,10,8.9,93,1013,2.1,270,0
1988,4,13,3,0,0,0,10,8.9,93,1013,0,0,0
1988,4,13,4,0,0,0,9.4,8.3,93,1014,2.6,320,0
1988,4,13,5,15,39,10,8.9,8.3,96,1014,3.1,310,0
1988,4,13,6,127,469,39,14.4,12.2,87,1015,3.1,340,0
1988,4,13,7,353,723,63,17.8,10,61,1015,4.1,360,0
1988,4,13,8,578,830,84,19.4,10.6,57,1015,4.1,350,0
1988,4,13,9,773,893,99,21.1,10,49,1016,3.6,10,0
1988,4,13,10,911,926,108,22.2,9.4,44,1016,2.6,360,0
1988,4,13,11,986,942,113,23.3,8.3,38,1015,3.1,350,0
1988,4,13,12,988,943,113,24.4,8.3,36,1015,3.6,360,0
1988,4,13,13,916,927,109,24.4,9.4,39,1014,2.6,300,0
1988,4,13,14,783,898,99,26.1,8.9,34,1013,4.1,320,0
1988,4,13,15,592,840,85,25.6,10,38,1013,3.6,310,0
1988,4,13,16,367,734,64,25,10,39,1013,3.1,240,0
1988,4,13,17,138,493,40,23.3,10.6,45,1013,2.6,210,0
1988,4,13,18,19,52,12,21.7,10.6,49,1013,2.6,200,0
1988,4,13,19,0,0,0,19.4,12.2,63,1014,4.1,210,0
1988,4,13,20,0,0,0,18.9,11.7,63,1015,4.6,230,0
1988,4,13,21,0,0,0,17.2,11.1,68,1015,4.1,240,0
1988,4,13,22,0,0,0,16.7,10.6,67,1015,4.1,240,0
1988,4,13,23,0,0,0,15.6,11.1,75,1015,3.6,240,0
1988,4,14,0,0,0,0,15.6,11.1,75,1015,2.6,240,0
1988,4,14,1,0,0,0,11.7,11.1,96,1015,0,0,0
1988,4,14,2,0,0,0,11.7,11.1,96,1015,2.1,80,0
1988,4,14,3,0,0,0,11.1,11.1,100,1015,0,0,0
1988,4,14,4,0,0,0,11.7,11.7,100,1015,0,0,0
1988,4,14,5,17,51,11,11.1,11.1,100,1016,0,0,0
1988,4,14,6,132,479,41,15,14.4,97,1016,0,0,0
1988,4,14,7,359,735,60,20,14.4,71,1017,0,0,0
1988,4,14,8,585,852,76,22.2,11.7,51,1017,2.1,330,0
1988,4,14,9,778,909,89,24.4,9.4,39,1018,1.5,310,0
1988,4,14,10,907,930,98,25.6,12.8,45,1018,2.6,240,0
1988,4,14,11,915,811,161,26.1,11.7,41,1017,3.6,220,0
1988,4,14,12,876,714,211,26.7,10.6,37,1017,5.2,200,0
1988,4,14,13,766,630,216,26.1,11.7,41,1017,5.2,190,0
1988,4,14,14,700,681,180,26.7,11.1,38,1016,4.1,200,0
1988,4,14,15,554,643,164,25.6,10,38,1016,7.2,190,0
1988,4,14,16,298,467,105,24.4,11.1,43,1016,6.2,180,0
1988,4,14,17,115,292,57,22.8,9.4,43,1016,5.7,190,0
1988,4,14,18,22,70,13,20.6,9.4,49,1016,4.6,180,0
1988,4,14,19,0,0,0,18.9,12.2,65,1017,5.2,190,0
1988,4,14,20,0,0,0,18.3,14.4,78,1017,4.6,170,0
1988,4,14,21,0,0,0,17.2,15,87,1017,3.6,180,0
1988,4,14,22,0,0,0,16.1,15,93,1017,3.6,210,0
1988,4,14,23,0,0,0,15.6,15,97,1017,0,0,0
1988,4,15,0,0,0,0,13.9,13.9,100,1017,0,0,0
1988,4,15,1,0,0,0,13.9,13.9,100,1017,0,0,0
1988,4,15,2,0,0,0,11.1,11.1,100,1017,0,0,0
1988,4,15,3,0,0,0,11.1,11.1,100,1017,0,0,0
1988,4,15,4,0,0,0,10.6,10.6,100,1017,0,0,0
1988,4,15,5,10,7,9,10.6,10.6,100,1018,0,0,0
1988,4,15,6,91,152,61,14.4,14.4,100,1018,0,0,0
1988,4,15,7,318,555,91,19.4,16.7,84,1019,2.1,190,0
1988,4,15,8,388,340,183,21.1,16.7,76,1019,2.6,220,0
1988,4,15,9,682,557,258,22.2,16.1,69,1019,4.1,200,0
1988,4,15,10,755,594,237,23.3,16.1,64,1019,4.6,220,0
1988,4,15,11,730,485,279,24.4,15,56,1019,5.7,220,0
1988,4,15,12,841,594,286,25.6,15,52,1018,5.2,190,0
1988,4,15,13,636,433,257,26.1,15,51,1017,5.7,200,0
1988,4,15,14,523,381,232,25,14.4,52,1016,3.6,180,0
1988,4,15,15,473,380,242,24.4,15,56,1016,3.6,200,0
1988,4,15,16,357,575,118,25,13.9,50,1016,4.6,230,0
1988,4,15,17,115,291,56,22.8,13.9,57,1016,3.6,220,0
1988,4,15,18,12,13,10,21.1,14.4,66,1016,3.6,220,0
1988,4,15,19,0,0,0,19.4,13.9,70,1016,2.6,210,0
1988,4,15,20,0,0,0,18.3,13.9,76,1017,3.6,220,0
1988,4,15,21,0,0,0,17.8,14.4,81,1018,3.1,210,0
1988,4,15,22,0,0,0,16.1,15,93,1018,2.1,220,0
1988,4,15,23,0,0,0,16.7,15,90,1018,3.6,200,0
1988,4,16,0,0,0,0,16.1,15,93,1017,2.1,230,0
1988,4,16,1,0,0,0,13.3,13.3,100,1017,0,0,0
1988,4,16,2,0,0,0,12.8,12.8,100,1016,0,0,0
1988,4,16,3,0,0,0,11.7,11.7,100,1017,0,0,0
1988,4,16,4,0,0,0,12.2,12.2,100,1017,0,0,0
1988,4,16,5,7,7,6,11.1,11.1,100,1018,0,0,0
1988,4,16,6,115,313,53,15.6,15.6,100,1018,0,0,0
1988,4,16,7,128,2,127,18.9,17.8,93,1019,3.6,10,0
1988,4,16,8,236,25,221,20,17.2,84,1020,2.6,10,0
1988,4,16,9,527,239,344,21.1,17.2,79,1020,3.6,10,0
1988,4,16,10,499,132,384,22.8,17.2,71,1020,2.6,360,0
1988,4,16,11,594,93,507,22.8,17.2,71,1019,3.1,110,0
1988,4,16,12,338,43,298,23.3,16.7,66,1018,2.1,20,0
1988,4,16,13,474,95,390,24.4,16.7,62,1018,2.6,50,0
1988,4,16,14,404,88,336,24.4,16.1,60,1018,2.6,40,0
1988,4,16,15,330,80,281,22.8,16.7,69,1017,3.6,10,0
1988,4,16,16,212,172,140,22.2,16.7,71,1017,2.1,50,0
1988,4,16,17,91,89,73,22.2,16.7,71,1017,2.1,50,0
1988,4,16,18,15,8,14,20,15.6,76,1017,2.6,100,0
1988,4,16,19,0,0,0,20.6,17.2,81,1017,3.1,110,0
1988,4,16,20,0,0,0,19.4,17.2,87,1018,2.6,120,0
1988,4,16,21,0,0,0,19.4,17.8,90,1018,3.1,140,0
1988,4,16,22,0,0,0,19.4,17.8,90,1017,3.6,160,0
1988,4,16,23,0,0,0,19.4,18.9,97,1017,3.1,160,0
1988,4,17,0,0,0,0,19.4,18.9,97,1016,3.1,170,0
1988,4,17,1,0,0,0,19.4,18.9,97,1016,3.1,140,0
1988,4,17,2,0,0,0,19.4,19.4,100,1016,3.6,150,0
1988,4,17,3,0,0,0,19.4,18.9,97,1015,4.1,130,0
1988,4,17,4,0,0,0,19.4,18.9,97,1016,3.1,130,0
1988,4,17,5,5,0,5,20,19.4,97,1016,3.1,140,0
1988,4,17,6,77,9,75,20,20,100,1016,3.6,130,0
1988,4,17,7,204,165,136,21.1,20,93,1016,3.1,120,0
1988,4,17,8,343,151,251,22.8,18.3,76,1016,5.7,130,0
1988,4,17,9,425,204,269,25,19.4,71,1016,6.2,150,0
1988,4,17,10,592,377,261,25,20,74,1016,6.2,160,0
1988,4,17,11,662,352,332,26.1,20,69,1016,6.2,160,0
1988,4,17,12,692,351,363,26.1,20.6,72,1015,6.7,160,0
1988,4,17,13,692,475,274,26.7,20,67,1014,7.7,170,0
1988,4,17,14,642,488,267,25,19.4,71,1013,8.2,160,0
1988,4,17,15,558,720,117,25,20,74,1012,8.8,160,0
1988,4,17,16,320,518,102,24.4,19.4,74,1011,8.2,160,0
1988,4,17,17,133,327,65,23.3,19.4,79,1011,7.2,160,0
1988,4,17,18,17,24,14,22.2,20,87,1010,6.2,160,0
1988,4,17,19,0,0,0,21.7,20,90,1010,5.2,160,0
1988,4,17,20,0,0,0,21.7,20,90,1010,5.2,160,0
1988,4,17,21,0,0,0,21.7,19.4,87,1009,6.2,150,0
1988,4,17,22,0,0,0,22.2,20,87,1009,7.2,170,0
1988,4,17,23,0,0,0,22.2,20.6,90,1008,7.2,170,0
1988,4,18,0,0,0,0,22.2,20.6,90,1008,6.7,170,0
1988,4,18,1,0,0,0,22.8,21.1,90,1007,6.7,180,0
1988,4,18,2,0,0,0,22.8,20.6,87,1007,6.2,190,0
1988,4,18,3,0,0,0,20.6,19.4,93,1007,6.2,210,0
1988,4,18,4,0,0,0,21.1,20.6,97,1007,4.1,180,0
1988,4,18,5,13,11,12,21.1,20,93,1007,3.6,210,0
1988,4,18,6,69,38,62,21.7,20.6,93,1007,5.7,210,0
1988,4,18,7,128,7,125,22.2,21.1,94,1008,5.7,220,0
1988,4,18,8,238,6,234,22.8,20.6,87,1009,5.7,240,0
1988,4,18,9,311,15,299,25,21.7,82,1009,5.7,240,0
1988,4,18,10,607,346,303,26.1,21.7,77,1008,6.7,210,0
1988,4,18,11,622,288,352,27.2,21.1,69,1006,6.2,180,0
1988,4,18,12,430,37,396,25,20.6,76,1006,5.7,210,0
1988,4,18,13,873,672,281,26.1,21.7,77,1004,4.1,170,0
1988,4,18,14,383,89,314,26.1,21.7,77,1004,5.7,170,0
1988,4,18,15,477,435,210,25.6,21.7,79,1003,7.2,180,0
1988,4,18,16,210,68,181,25,21.1,79,1003,6.7,200,0
1988,4,18,17,86,34,79,23.9,21.7,87,1003,6.2,210,0
1988,4,18,18,14,8,13,22.8,21.1,90,1003,5.2,220,0
1988,4,18,19,0,0,0,22.8,21.1,90,1004,4.1,230,0
1988,4,18,20,0,0,0,21.7,20.6,93,1004,4.6,230,0
1988,4,18,21,0,0,0,21.1,20.6,97,1005,5.2,240,0
1988,4,18,22,0,0,0,21.1,20.6,97,1005,5.2,240,0
1988,4,18,23,0,0,0,21.1,19.4,90,1005,5.2,290,0
1988,4,19,0,0,0,0,20,18.3,90,1006,4.6,320,0
1988,4,19,1,0,0,0,18.3,15,81,1006,5.7,310,0
1988,4,19,2,0,0,0,17.2,13.3,78,1007,7.7,320,0
1988,4,19,3,0,0,0,16.1,13.9,87,1007,5.7,320,0
1988,4,19,4,0,0,0,15.6,13.3,87,1008,5.2,320,0
1988,4,19,5,14,14,13,15,12.8,87,1009,5.7,310,0
1988,4,19,6,133,220,86,15.6,12.8,84,1010,7.2,340,0
1988,4,19,7,178,53,155,16.1,12.2,78,1011,6.2,360,0
1988,4,19,8,412,245,262,16.7,11.7,73,1011,6.7,340,0
1988,4,19,9,468,355,195,18.3,11.7,65,1012,6.2,330,0
1988,4,19,10,618,378,284,20,12.2,61,1012,4.6,340,0
1988,4,19,11,846,594,288,20.6,12.8,61,1012,5.7,320,0
1988,4,19,12,921,840,132,20.6,12.8,61,1011,4.6,320,0
1988,4,19,13,872,869,105,21.7,12.8,57,1011,4.6,310,0
1988,4,19,14,752,854,93,22.8,13.9,57,1011,5.2,330,0
1988,4,19,15,565,791,78,22.8,13.3,55,1009,4.1,340,0
1988,4,19,16,371,737,59,22.8,13.9,57,1011,2.1,20,0
1988,4,19,17,149,515,41,20.6,12.2,59,1011,5.7,10,0
1988,4,19,18,22,65,14,18.9,12.2,65,1012,3.6,10,0
1988,4,19,19,0,0,0,17.8,12.2,70,1012,3.1,10,0
1988,4,19,20,0,0,0,17.8,12.2,70,1013,4.1,50,0
1988,4,19,21,0,0,0,17.2,11.1,68,1013,4.1,50,0
1988,4,19,22,0,0,0,16.7,10,65,1013,4.1,60,0
1988,4,19,23,0,0,0,15.6,9.4,67,1013,4.1,60,0
1988,4,20,0,0,0,0,14.4,8.3,67,1013,3.1,60,0
1988,4,20,1,0,0,0,13.3,8.9,75,1013,1.5,90,0
1988,4,20,2,0,0,0,11.1,10,93,1013,1.5,50,0
1988,4,20,3,0,0,0,10.6,10,96,1014,0,0,0
1988,4,20,4,0,0,0,10,10,100,1015,0,0,0
1988,4,20,5,21,55,14,10.6,10.6,100,1015,0,0,0
1988,4,20,6,148,486,45,16.1,12.8,81,1015,2.6,90,0
1988,4,20,7,376,715,71,18.3,12.2,68,1015,4.6,110,0
1988,4,20,8,596,815,93,20.6,12.8,61,1015,2.6,130,0
1988,4,20,9,787,877,108,21.7,11.7,53,1016,2.1,10,0
1988,4,20,10,919,906,118,22.8,13.3,55,1016,3.6,110,0
1988,4,20,11,923,864,109,23.3,13.9,56,1015,2.6,240,0
1988,4,20,12,944,879,116,24.4,13.9,52,1014,5.7,200,0
1988,4,20,13,842,796,139,24.4,13.3,50,1014,2.6,220,0
1988,4,20,14,688,713,137,24.4,14.4,54,1013,3.1,30,0
1988,4,20,15,588,800,95,24.4,14.4,54,1012,3.6,70,0
1988,4,20,16,366,690,72,23.9,15,58,1012,3.6,40,0
1988,4,20,17,144,459,47,21.7,15.6,68,1012,3.6,160,0
1988,4,20,18,22,53,15,21.7,15.6,68,1012,3.6,160,0
1988,4,20,19,0,0,0,20.6,16.7,79,1012,4.1,150,0
1988,4,20,20,0,0,0,20,16.7,81,1013,4.6,200,0
1988,4,20,21,0,0,0,18.9,17.2,90,1013,4.6,200,0
1988,4,20,22,0,0,0,18.3,17.2,93,1013,4.6,190,0
1988,4,20,23,0,0,0,18.3,17.2,93,1012,4.1,180,0
1988,4,21,0,0,0,0,17.8,17.2,97,1012,3.1,190,0
1988,4,21,1,0,0,0,16.7,16.7,100,1011,2.6,220,0
1988,4,21,2,0,0,0,17.2,16.7,97,1011,3.6,190,0
1988,4,21,3,0,0,0,16.7,16.7,100,1011,3.1,210,0
1988,4,21,4,0,0,0,16.7,16.1,97,1011,2.6,210,0
1988,4,21,5,23,13,22,16.7,16.7,100,1012,2.6,220,0
1988,4,21,6,135,374,54,18.3,17.8,97,1012,3.6,230,0
1988,4,21,7,354,585,102,20.6,18.9,90,1012,3.6,210,0
1988,4,21,8,516,601,143,22.2,18.3,79,1013,4.1,220,0
1988,4,21,9,701,728,135,24.4,18.3,69,1012,2.6,230,0
1988,4,21,10,724,599,193,26.1,16.7,56,1012,3.6,170,0
1988,4,21,11,668,415,276,27.2,19.4,63,1011,4.6,200,0
1988,4,21,12,754,393,384,28.3,18.9,57,1012,4.1,220,0
1988,4,21,13,500,171,349,27.8,16.7,51,1010,4.6,170,0
1988,4,21,14,612,436,274,28.3,13.9,41,1009,6.2,190,0
1988,4,21,15,419,304,231,27.8,14.4,44,1009,6.7,170,0
1988,4,21,16,265,124,212,25.6,16.7,58,1009,6.7,180,0
1988,4,21,17,75,20,71,23.9,18.9,74,1009,5.2,170,0
1988,4,21,18,20,12,18,22.2,18.9,82,1009,5.7,180,0
1988,4,21,19,0,0,0,21.1,18.9,87,1009,4.1,180,0
1988,4,21,20,0,0,0,20.6,18.9,90,1010,3.6,180,0
1988,4,21,21,0,0,0,20.6,18.9,90,1009,4.1,170,0
1988,4,21,22,0,0,0,20,18.9,93,1009,3.6,150,0
1988,4,21,23,0,0,0,21.7,20,90,1009,4.1,160,0
1988,4,22,0,0,0,0,21.7,20.6,93,1008,2.6,170,0
1988,4,22,1,0,0,0,22.2,21.1,94,1007,6.2,170,0
1988,4,22,2,0,0,0,22.2,21.1,94,1006,6.2,180,0
1988,4,22,3,0,0,0,22.8,21.7,94,1007,4.6,190,0
1988,4,22,4,0,0,0,22.2,22.2,100,1007,3.6,160,0
1988,4,22,5,15,1,15,22.8,22.8,100,1007,4.6,180,0
1988,4,22,6,86,6,85,23.3,22.8,97,1009,3.6,190,0
1988,4,22,7,158,5,156,23.9,22.8,94,1009,4.1,180,0
1988,4,22,8,219,1,218,25.6,23.3,88,1009,5.2,190,0
1988,4,22,9,390,6,385,25.6,23.3,88,1009,5.7,190,0
1988,4,22,10,510,140,385,27.8,23.9,79,1008,6.7,180,0
1988,4,22,11,722,435,311,27.8,23.9,79,1008,7.7,190,0
1988,4,22,12,400,12,388,27.2,23.9,82,1007,6.2,180,0
1988,4,22,13,330,4,326,27.2,23.9,82,1007,4.1,190,0
1988,4,22,14,317,6,313,27.2,23.9,82,1007,5.2,160,0
1988,4,22,15,215,10,209,27.2,23.9,82,1007,6.2,180,0
1988,4,22,16,204,99,162,26.1,23.9,88,1007,7.2,180,0
1988,4,22,17,52,1,52,25,23.9,94,1007,5.2,190,0
1988,4,22,18,10,0,10,24.4,23.3,94,1007,4.6,180,0
1988,4,22,19,0,0,0,24.4,23.3,94,1007,4.6,190,0
1988,4,22,20,0,0,0,23.9,23.3,97,1007,4.6,180,0
1988,4,22,21,0,0,0,23.9,22.8,94,1008,5.2,170,0
1988,4,22,22,0,0,0,23.9,23.3,97,1008,5.2,170,0
1988,4,22,23,0,0,0,23.9,22.8,94,1008,5.7,190,0
1988,4,23,0,0,0,0,23.9,22.8,94,1008,4.6,210,0
1988,4,23,1,0,0,0,23.9,22.8,94,1008,2.6,230,0
1988,4,23,2,0,0,0,23.3,22.8,97,1007,4.1,190,0
1988,4,23,3,0,0,0,23.3,22.8,97,1008,2.6,200,0
1988,4,23,4,0,0,0,22.8,22.8,100,1008,2.6,180,0
1988,4,23,5,11,0,11,22.8,22.8,100,1009,4.1,170,0
1988,4,23,6,57,3,56,22.8,22.8,100,1010,4.1,170,0
1988,4,23,7,159,8,156,23.9,22.8,94,1011,3.6,180,0
1988,4,23,8,228,0,228,24.4,22.8,91,1011,3.1,210,0
1988,4,23,9,383,70,328,26.1,22.8,82,1010,6.7,180,0
1988,4,23,10,248,6,242,25.6,22.8,85,1010,7.2,190,0
1988,4,23,11,349,12,337,27.2,23.3,79,1010,4.6,210,0
1988,4,23,12,400,90,314,28.9,23.3,72,1010,4.1,190,0
1988,4,23,13,431,5,426,28.3,23.9,77,1009,6.2,180,0
1988,4,23,14,355,5,351,27.2,23.9,82,1008,6.7,170,0
1988,4,23,15,298,82,247,27.8,23.9,79,1008,6.7,180,0
1988,4,23,16,208,99,165,26.7,23.3,82,1009,5.7,190,0
1988,4,23,17,119,228,70,25.6,22.8,85,1008,6.2,180,0
1988,4,23,18,16,2,15,25,22.8,88,1009,4.1,210,0
1988,4,23,19,0,0,0,25,22.8,88,1009,4.1,190,0
1988,4,23,20,0,0,0,24.4,22.2,88,1010,3.6,200,0
1988,4,23,21,0,0,0,23.9,22.8,94,1010,4.6,200,0
1988,4,23,22,0,0,0,23.3,22.8,97,1010,3.6,210,0
1988,4,23,23,0,0,0,23.3,22.8,97,1010,2.6,200,0
1988,4,24,0,0,0,0,23.3,22.8,97,1010,3.6,230,0
1988,4,24,1,0,0,0,23.3,22.8,97,1010,4.1,270,0
1988,4,24,2,0,0,0,22.8,22.2,97,1010,2.6,270,0
1988,4,24,3,0,0,0,22.8,22.8,100,1010,3.1,280,0
1988,4,24,4,0,0,0,22.2,22.2,100,1010,2.1,300,0
1988,4,24,5,16,11,15,21.7,21.7,100,1011,2.6,320,0
1988,4,24,6,135,280,72,22.8,22.2,97,1012,4.6,340,0
1988,4,24,7,338,548,97,24.4,21.7,85,1012,5.2,330,0
1988,4,24,8,565,696,127,25.6,19.4,69,1012,3.6,340,0
1988,4,24,9,771,793,149,27.2,20,65,1012,3.1,20,0
1988,4,24,10,902,828,162,28.3,17.2,51,1012,3.1,60,0
1988,4,24,11,825,648,210,30.6,12.8,34,1011,3.6,40,0
1988,4,24,12,915,703,248,31.1,10,27,1011,1.5,270,0
1988,4,24,13,817,703,191,31.1,10.6,28,1010,2.6,60,0
1988,4,24,14,600,483,224,30.6,8.3,25,1010,3.6,350,0
1988,4,24,15,485,388,243,31.1,8.3,24,1010,1.5,30,0
1988,4,24,16,339,448,145,29.4,7.2,25,1008,3.1,40,0
1988,4,24,17,101,184,61,27.8,11.7,37,1008,2.6,50,0
1988,4,24,18,16,19,13,26.1,22.2,79,1009,4.1,190,0
1988,4,24,19,0,0,0,25.6,22.2,82,1010,5.2,160,0
1988,4,24,20,0,0,0,24.4,22.8,91,1010,4.1,180,0
1988,4,24,21,0,0,0,24.4,23.3,94,1010,4.6,180,0
1988,4,24,22,0,0,0,23.3,22.8,97,1009,4.6,170,0
1988,4,24,23,0,0,0,23.9,22.8,94,1008,5.2,200,0
1988,4,25,0,0,0,0,23.3,22.8,97,1008,3.6,210,0
1988,4,25,1,0,0,0,23.9,22.8,94,1008,2.1,300,0
1988,4,25,2,0,0,0,23.9,22.8,94,1008,2.1,240,0
1988,4,25,3,0,0,0,23.3,22.2,94,1007,3.1,200,0
1988,4,25,4,0,0,0,23.3,22.2,94,1008,2.1,160,0
1988,4,25,5,18,6,17,23.3,22.2,94,1008,3.1,220,0
1988,4,25,6,128,201,81,23.9,22.2,90,1009,4.6,210,0
1988,4,25,7,178,58,153,24.4,22.2,88,1009,5.7,200,0
1988,4,25,8,315,74,268,25,21.1,79,1009,5.7,200,0
1988,4,25,9,728,761,130,27.2,21.1,69,1008,7.2,180,0
1988,4,25,10,797,645,220,27.8,21.7,69,1008,4.6,200,0
1988,4,25,11,651,269,396,27.8,21.7,69,1007,5.7,190,0
1988,4,25,12,621,235,398,28.3,21.7,67,1006,5.2,220,0
1988,4,25,13,772,572,261,28.9,21.7,65,1006,6.7,210,0
1988,4,25,14,486,252,290,28.3,21.7,67,1005,7.2,220,0
1988,4,25,15,429,334,220,27.8,22.2,72,1005,6.7,200,0
1988,4,25,16,305,367,146,27.2,21.7,72,1005,7.2,210,0
1988,4,25,17,134,261,76,26.7,21.1,72,1005,6.2,240,0
1988,4,25,18,20,37,16,24.4,21.1,82,1006,4.1,220,0
1988,4,25,19,0,0,0,23.9,21.7,87,1006,3.6,220,0
1988,4,25,20,0,0,0,22.8,21.7,94,1007,4.6,220,0
1988,4,25,21,0,0,0,22.2,21.7,97,1007,4.1,230,0
1988,4,25,22,0,0,0,22.2,21.7,97,1007,4.1,240,0
1988,4,25,23,0,0,0,21.7,21.1,97,1007,4.1,270,0
1988,4,26,0,0,0,0,21.7,20.6,93,1007,4.1,300,0
1988,4,26,1,0,0,0,20.6,16.7,79,1007,4.1,320,0
1988,4,26,2,0,0,0,19.4,16.1,81,1007,3.1,330,0
1988,4,26,3,0,0,0,18.3,16.7,90,1007,3.6,340,0
1988,4,26,4,0,0,0,17.2,16.1,93,1008,3.1,340,0
1988,4,26,5,21,27,18,17.8,17.2,97,1009,3.1,340,0
1988,4,26,6,129,187,85,20.6,18.9,90,1010,3.6,10,0
1988,4,26,7,298,318,156,22.2,18.9,82,1010,4.1,350,0
1988,4,26,8,557,671,131,23.9,18.3,71,1010,2.1,20,0
1988,4,26,9,785,832,129,24.4,15,56,1010,4.6,50,0
1988,4,26,10,918,863,144,26.1,15,51,1010,3.6,80,0
1988,4,26,11,991,887,146,27.2,15,47,1010,2.6,10,0
1988,4,26,12,978,870,150,27.2,13.9,44,1009,4.6,360,0
1988,4,26,13,918,871,140,28.3,12.8,38,1009,0,0,0
1988,4,26,14,780,833,129,28.9,15,43,1008,3.1,20,0
1988,4,26,15,598,780,110,29.4,13.9,39,1008,1.5,70,0
1988,4,26,16,374,665,84,29.4,15,42,1009,0,0,0
1988,4,26,17,134,338,59,27.2,18.3,58,1009,0,0,0
1988,4,26,18,23,44,18,22.2,16.7,71,1009,0,0,0
1988,4,26,19,0,0,0,21.1,15.6,71,1010,0,0,0
1988,4,26,20,0,0,0,19.4,15.6,78,1011,0,0,0
1988,4,26,21,0,0,0,19.4,17.2,87,1011,1.5,100,0
1988,4,26,22,0,0,0,18.3,17.2,93,1012,2.1,240,0
1988,4,26,23,0,0,0,17.8,17.2,97,1012,1.5,280,0
1988,4,27,0,0,0,0,17.2,17.2,100,1012,2.1,270,0
1988,4,27,1,0,0,0,16.1,16.1,100,1011,0,0,0
1988,4,27,2,0,0,0,15.6,15.6,100,1011,0,0,0
1988,4,27,3,0,0,0,16.7,16.7,100,1012,1.5,260,0
1988,4,27,4,0,0,0,14.4,14.4,100,1013,0,0,0
1988,4,27,5,23,19,21,16.1,16.1,100,1013,2.1,250,0
1988,4,27,6,144,313,70,20.6,20,97,1014,0,0,0
1988,4,27,7,363,553,116,25,20,74,1014,3.1,40,0
1988,4,27,8,588,683,153,27.8,17.2,53,1015,3.1,350,0
1988,4,27,9,771,748,179,25.6,17.2,60,1016,6.2,20,0
1988,4,27,10,905,789,195,25,17.2,62,1016,7.2,360,0
1988,4,27,11,974,808,203,26.1,16.7,56,1016,7.7,350,0
1988,4,27,12,975,811,202,26.7,15.6,51,1016,6.2,20,0
1988,4,27,13,904,793,195,27.2,15,47,1015,3.6,10,0
1988,4,27,14,767,752,178,27.2,15.6,49,1014,3.6,40,0
1988,4,27,15,580,683,151,27.2,15,47,1014,5.2,340,0
1988,4,27,16,356,555,114,26.7,13.3,44,1014,3.1,10,0
1988,4,27,17,136,304,68,25.6,15.6,54,1014,4.1,350,0
1988,4,27,18,21,15,19,23.9,15,58,1015,4.6,350,0
1988,4,27,19,0,0,0,23.9,13.3,52,1016,5.2,10,0
1988,4,27,20,0,0,0,23.3,7.2,36,1017,5.7,10,0
1988,4,27,21,0,0,0,22.8,7.2,37,1017,5.7,20,0
1988,4,27,22,0,0,0,21.1,7.2,41,1017,4.6,20,0
1988,4,27,23,0,0,0,20,9.4,51,1018,4.1,20,0
1988,4,28,0,0,0,0,20,9.4,51,1017,5.7,30,0
1988,4,28,1,0,0,0,19.4,8.3,49,1017,4.6,40,0
1988,4,28,2,0,0,0,18.9,7.8,49,1017,6.2,40,0
1988,4,28,3,0,0,0,18.3,7.2,49,1018,5.7,40,0
1988,4,28,4,0,0,0,17.8,5,43,1019,6.2,40,0
1988,4,28,5,19,11,18,17.8,4.4,42,1020,6.2,40,0
1988,4,28,6,136,287,67,18.3,3.9,39,1020,6.2,40,0
1988,4,28,7,402,717,79,19.4,5,39,1021,8.2,50,0
1988,4,28,8,600,745,124,20.6,5,36,1021,7.2,70,0
1988,4,28,9,767,801,131,22.2,5.6,34,1021,5.7,80,0
1988,4,28,10,929,876,139,23.3,6.1,33,1021,5.2,60,0
1988,4,28,11,994,896,138,23.9,3.9,27,1021,6.2,50,0
1988,4,28,12,948,798,186,24.4,5,29,1020,7.2,40,0
1988,4,28,13,932,812,204,25.6,5,27,1019,4.1,80,0
1988,4,28,14,750,721,184,25.6,3.9,25,1018,4.6,70,0
1988,4,28,15,539,573,178,26.1,3.9,24,1017,3.6,40,0
1988,4,28,16,223,54,199,25,4.4,27,1018,3.1,20,0
1988,4,28,17,113,105,89,23.3,8.9,40,1017,3.6,200,0
1988,4,28,18,20,5,20,22.2,9.4,44,1018,2.6,200,0
1988,4,28,19,0,0,0,20.6,11.1,55,1018,4.1,160,0
1988,4,28,20,0,0,0,20,11.7,59,1018,3.6,140,0
1988,4,28,21,0,0,0,19.4,11.1,59,1019,4.1,160,0
1988,4,28,22,0,0,0,17.8,11.7,68,1018,2.6,90,0
1988,4,28,23,0,0,0,16.1,11.7,75,1018,2.6,110,0
1988,4,29,0,0,0,0,14.4,12.2,87,1018,2.1,70,0
1988,4,29,1,0,0,0,15,12.2,84,1018,0,0,0
1988,4,29,2,0,0,0,14.4,12.2,87,1017,2.1,50,0
1988,4,29,3,0,0,0,15,12.2,84,1017,0,0,0
1988,4,29,4,0,0,0,17.2,14.4,84,1017,2.6,80,0
1988,4,29,5,22,4,21,17.8,14.4,81,1018,3.6,90,0
1988,4,29,6,73,3,72,20,14.4,71,1019,4.1,80,0
1988,4,29,7,250,134,189,21.7,15,66,1019,4.1,70,0
1988,4,29,8,523,512,194,23.3,13.9,56,1019,7.2,80,0
1988,4,29,9,289,21,273,23.3,11.7,48,1018,8.2,110,0
1988,4,29,10,358,8,351,23.3,11.7,48,1018,8.2,110,0
1988,4,29,11,387,3,385,23.9,12.2,48,1017,8.2,130,0
1988,4,29,12,374,7,367,22.8,11.7,50,1017,8.8,130,0
1988,4,29,13,415,3,412,21.7,12.2,55,1016,7.7,120,0
1988,4,29,14,294,4,291,21.1,12.2,57,1014,7.2,120,0
1988,4,29,15,242,3,241,20.6,12.8,61,1014,6.2,110,0
1988,4,29,16,116,1,115,19.4,13.9,70,1014,5.2,120,0
1988,4,29,17,50,0,50,17.2,16.1,93,1014,3.6,110,0
1988,4,29,18,11,0,11,17.2,15.6,90,1015,3.1,130,0
1988,4,29,19,0,0,0,16.7,16.1,97,1016,4.1,130,0
1988,4,29,20,0,0,0,16.7,15,90,1016,3.1,100,0
1988,4,29,21,0,0,0,15.6,14.4,93,1016,6.7,80,0
1988,4,29,22,0,0,0,15,13.3,90,1014,5.2,100,0
1988,4,29,23,0,0,0,15,13.3,90,1012,6.2,130,0
1988,4,30,0,0,0,0,15.6,14.4,93,1013,4.1,120,0
1988,4,30,1,0,0,0,15.6,14.4,93,1011,6.2,130,0
1988,4,30,2,0,0,0,15.6,14.4,93,1009,7.2,90,0
1988,4,30,3,0,0,0,16.1,14.4,90,1008,8.8,100,0
1988,4,30,4,0,0,0,16.7,13.9,84,1010,7.2,80,0
1988,4,30,5,21,0,21,17.2,14.4,84,1011,6.2,80,0
1988,4,30,6,60,0,60,16.7,15.6,93,1012,8.2,80,0
1988,4,30,7,127,1,127,16.1,15.6,97,1013,4.1,70,0
1988,4,30,8,188,0,188,15.6,15.6,100,1013,6.2,60,0
1988,4,30,9,218,1,217,15.6,15,97,1013,8.2,60,0
1988,4,30,10,255,1,254,15.6,14.4,93,1014,8.8,70,0
1988,4,30,11,269,1,268,16.1,15,93,1013,9.3,60,0
1988,4,30,12,261,1,260,16.7,15,90,1013,8.8,60,0
1988,4,30,13,252,0,252,16.7,15,90,1013,8.2,50,0
1988,4,30,14,398,1,398,17.8,14.4,81,1012,6.7,80,0
1988,4,30,15,166,0,165,17.2,12.8,75,1012,8.8,80,0
1988,4,30,16,126,1,125,16.7,13.9,84,1012,6.2,80,0
1988,4,30,17,58,0,58,16.7,13.9,84,1013,5.7,80,0
1988,4,30,18,15,3,15,17.2,14.7,85,1013,4,85,0
1988,4,30,19,0,0,0,18,14.6,80,1013,4.2,69,0
1988,4,30,20,0,0,0,18.4,15,80,1014,3.5,78,0
1988,4,30,21,0,0,0,18.8,15,78,1013,3.7,83,0
1988,4,30,22,0,0,0,19.1,15.5,79,1013,3.6,91,0
1988,4,30,23,0,0,0,19.4,15.9,80,1013,3.4,103,0
1985,5,1,0,0,0,0,20.6,16.8,78,1013,3.3,127,0
1985,5,1,1,0,0,0,20.8,17.1,79,1013,3.3,145,0
1985,5,1,2,0,0,0,21.2,17.2,77,1013,3.2,164,0
1985,5,1,3,0,0,0,21,17.5,80,1013,2.6,181,0
1985,5,1,4,0,0,0,21.2,17.7,80,1012,3.5,169,0
1985,5,1,5,28,49,22,21.5,18.5,83,1013,2.3,196,0
1985,5,1,6,161,406,61,23.9,20.6,82,1014,2.1,230,0
1985,5,1,7,334,286,204,25,18.9,69,1014,3.6,230,0
1985,5,1,8,317,103,251,26.1,17.2,58,1014,6.2,230,0
1985,5,1,9,711,593,239,27.8,17.8,55,1014,6.7,220,0
1985,5,1,10,618,259,384,27.8,17.2,53,1013,6.7,250,0
1985,5,1,11,727,362,380,28.3,17.2,51,1012,6.2,230,0
1985,5,1,12,671,274,409,29.4,16.1,45,1012,7.7,230,0
1985,5,1,13,549,256,320,28.9,15.6,44,1011,8.8,210,0
1985,5,1,14,611,335,347,28.9,15.6,44,1011,7.7,230,0
1985,5,1,15,282,78,232,28.9,21.1,63,1010,7.7,220,0
1985,5,1,16,328,506,105,28.3,17.2,51,1010,6.2,220,0
1985,5,1,17,151,418,55,26.7,18.3,60,1010,6.2,210,0
1985,5,1,18,22,37,17,25.6,19.4,69,1010,4.1,210,0
1985,5,1,19,0,0,0,25,19.4,71,1011,4.1,200,0
1985,5,1,20,0,0,0,22.8,19.4,82,1011,3.1,200,0
1985,5,1,21,0,0,0,22.8,19.4,82,1011,4.1,190,0
1985,5,1,22,0,0,0,22.2,20,87,1011,3.6,200,0
1985,5,1,23,0,0,0,22.2,20,87,1011,3.1,200,0
1985,5,2,0,0,0,0,22.2,20,87,1010,3.6,210,0
1985,5,2,1,0,0,0,22.2,20.6,90,1010,3.1,210,0
1985,5,2,2,0,0,0,21.7,20.6,93,1010,3.1,190,0
1985,5,2,3,0,0,0,22.2,20.6,90,1009,4.1,210,0
1985,5,2,4,0,0,0,21.1,20,93,1010,4.1,260,0
1985,5,2,5,21,8,20,21.1,20,93,1010,3.1,290,0
1985,5,2,6,143,149,106,22.2,18.9,82,1011,3.6,320,0
1985,5,2,7,361,508,128,23.3,18.3,74,1011,5.7,320,0
1985,5,2,8,607,739,130,24.4,17.8,67,1011,3.1,310,0
1985,5,2,9,673,538,244,25.6,18.3,64,1010,2.6,310,0
1985,5,2,10,610,372,273,26.1,16.1,54,1011,5.7,270,0
1985,5,2,11,876,562,335,26.7,14.4,47,1010,7.2,260,0
1985,5,2,12,817,516,322,27.8,16.1,49,1011,5.2,280,0
1985,5,2,13,645,352,328,27.2,15,47,1010,6.2,300,0
1985,5,2,14,445,143,332,26.7,16.7,54,1009,5.7,320,0
1985,5,2,15,255,8,250,25.6,15.6,54,1009,4.1,310,0
1985,5,2,16,189,15,182,25,16.1,58,1010,5.7,310,0
1985,5,2,17,66,6,65,23.9,16.1,62,1010,6.2,310,0
1985,5,2,18,12,0,12,22.8,15,62,1011,5.2,330,0
1985,5,2,19,0,0,0,22.2,15,64,1011,6.7,330,0
1985,5,2,20,0,0,0,21.1,14.4,66,1012,6.7,350,0
1985,5,2,21,0,0,0,20.6,15,71,1012,6.7,340,0
1985,5,2,22,0,0,0,20,14.4,71,1012,6.7,340,0
1985,5,2,23,0,0,0,19.4,14.4,73,1012,5.7,350,0
1985,5,3,0,0,0,0,18.9,14.4,76,1011,5.7,350,0
1985,5,3,1,0,0,0,18.3,14.4,78,1011,5.2,350,0
1985,5,3,2,0,0,0,17.8,13.9,78,1011,3.6,360,0
1985,5,3,3,0,0,0,18.3,14.4,78,1011,3.6,360,0
1985,5,3,4,0,0,0,18.3,14.4,78,1012,4.1,10,0
1985,5,3,5,17,2,16,18.3,13.3,73,1012,4.6,350,0
1985,5,3,6,74,3,74,18.3,13.3,73,1013,4.6,350,0
1985,5,3,7,170,5,168,18.3,13.3,73,1013,4.6,360,0
1985,5,3,8,261,2,260,18.3,13.9,76,1014,4.6,360,0
1985,5,3,9,394,2,392,19.4,13.3,68,1014,4.6,10,0
1985,5,3,10,413,86,335,20.6,13.9,66,1014,5.2,350,0
1985,5,3,11,675,342,346,21.1,13.9,64,1014,5.7,340,0
1985,5,3,12,509,140,374,21.7,13.9,61,1013,5.2,10,0
1985,5,3,13,448,121,339,22.2,13.9,59,1013,4.6,340,0
1985,5,3,14,480,79,418,21.1,13.3,61,1013,6.2,350,0
1985,5,3,15,208,26,192,20,13.3,66,1013,6.2,350,0
1985,5,3,16,145,10,141,20,13.3,66,1013,6.2,340,0
1985,5,3,17,70,10,68,20,12.8,63,1013,7.2,30,0
1985,5,3,18,24,33,20,19.4,13.3,68,1014,4.1,10,0
1985,5,3,19,0,0,0,18.9,13.3,70,1014,4.1,10,0
1985,5,3,20,0,0,0,18.9,13.9,73,1015,3.1,10,0
1985,5,3,21,0,0,0,16.7,13.9,84,1015,2.1,340,0
1985,5,3,22,0,0,0,15.6,14.4,93,1015,2.1,320,0
1985,5,3,23,0,0,0,15,13.9,93,1014,2.6,270,0
1985,5,4,0,0,0,0,14.4,12.8,90,1014,3.1,290,0
1985,5,4,1,0,0,0,14.4,13.3,93,1013,3.6,290,0
1985,5,4,2,0,0,0,14.4,13.3,93,1013,1.5,290,0
1985,5,4,3,0,0,0,13.9,13.3,97,1014,1.5,270,0
1985,5,4,4,0,0,0,15.6,13.9,90,1014,2.6,10,0
1985,5,4,5,26,15,25,17.2,14.4,84,1015,2.6,30,0
1985,5,4,6,151,275,81,18.9,15.6,81,1015,3.6,30,0
1985,5,4,7,369,504,136,20.6,16.1,76,1016,5.7,50,0
1985,5,4,8,554,584,174,21.7,15.6,68,1016,4.6,20,0
1985,5,4,9,734,657,207,22.8,14.4,60,1016,4.1,10,0
1985,5,4,10,860,705,219,23.3,13.9,56,1016,4.6,30,0
1985,5,4,11,926,717,235,24.4,13.3,50,1016,5.7,10,0
1985,5,4,12,886,596,314,25.6,13.9,49,1016,5.7,30,0
1985,5,4,13,867,640,290,25.6,13.3,47,1015,3.6,40,0
1985,5,4,14,740,649,226,25.6,15,52,1015,3.6,30,0
1985,5,4,15,515,449,229,25.6,16.1,56,1014,4.6,40,0
1985,5,4,16,327,391,152,25,15.6,56,1014,4.6,30,0
1985,5,4,17,128,169,88,24.4,15,56,1015,4.1,60,0
1985,5,4,18,18,4,18,23.3,15.6,62,1015,4.1,140,0
1985,5,4,19,0,0,0,22.2,17.2,73,1015,3.6,100,0
1985,5,4,20,0,0,0,22.2,18.3,79,1016,3.6,110,0
1985,5,4,21,0,0,0,21.7,18.3,81,1016,3.6,110,0
1985,5,4,22,0,0,0,20.6,17.8,84,1016,2.6,100,0
1985,5,4,23,0,0,0,20,17.2,84,1016,3.1,110,0
1985,5,5,0,0,0,0,20.6,18.3,87,1015,3.6,120,0
1985,5,5,1,0,0,0,20.6,17.8,84,1015,3.1,110,0
1985,5,5,2,0,0,0,20.6,17.8,84,1015,3.6,120,0
1985,5,5,3,0,0,0,20,17.8,87,1015,3.1,110,0
1985,5,5,4,0,0,0,19.4,17.2,87,1016,2.1,90,0
1985,5,5,5,14,4,14,20.6,17.8,84,1016,2.1,90,0
1985,5,5,6,153,306,75,22.8,18.3,76,1017,3.6,110,0
1985,5,5,7,252,244,138,24.4,17.8,67,1017,7.2,110,0
1985,5,5,8,486,337,266,25.6,17.8,62,1017,7.2,110,0
1985,5,5,9,369,47,330,26.1,17.8,60,1018,5.7,100,0
1985,5,5,10,415,87,336,26.7,17.8,58,1018,5.7,110,0
1985,5,5,11,295,8,288,27.2,18.3,58,1017,5.7,100,0
1985,5,5,12,319,0,319,27.2,17.8,56,1017,9.8,130,0
1985,5,5,13,228,8,220,26.1,17.8,60,1017,6.7,140,0
1985,5,5,14,364,3,362,25.6,17.8,62,1016,7.2,130,0
1985,5,5,15,304,81,252,23.3,18.9,76,1016,4.1,210,0
1985,5,5,16,102,4,100,22.8,18.9,79,1016,4.6,240,0
1985,5,5,17,50,0,50,21.7,18.3,81,1016,3.6,250,0
1985,5,5,18,15,0,15,21.7,18.9,84,1016,0,0,0
1985,5,5,19,0,0,0,22.2,19.4,84,1016,2.1,220,0
1985,5,5,20,0,0,0,22.2,18.9,82,1016,3.1,110,0
1985,5,5,21,0,0,0,21.7,19.4,87,1017,3.6,110,0
1985,5,5,22,0,0,0,21.7,19.4,87,1016,3.6,120,0
1985,5,5,23,0,0,0,21.7,20,90,1016,3.6,120,0
1985,5,6,0,0,0,0,21.7,19.4,87,1016,3.1,120,0
1985,5,6,1,0,0,0,21.7,20,90,1016,3.6,130,0
1985,5,6,2,0,0,0,22.2,20,87,1016,4.1,120,0
1985,5,6,3,0,0,0,22.2,20,87,1016,3.6,130,0
1985,5,6,4,0,0,0,22.2,20,87,1016,3.6,130,0
1985,5,6,5,28,33,25,21.7,19.4,87,1017,2.6,190,0
1985,5,6,6,137,146,99,23.3,20,82,1018,3.1,130,0
1985,5,6,7,392,654,85,25.6,19.4,69,1018,4.1,150,0
1985,5,6,8,519,497,194,26.7,18.9,63,1018,5.7,150,0
1985,5,6,9,711,604,225,27.2,20,65,1018,4.1,140,0
1985,5,6,10,758,552,255,28.3,18.9,57,1018,5.2,190,0
1985,5,6,11,899,704,219,28.9,18.9,55,1017,5.2,180,0
1985,5,6,12,887,672,239,28.9,19.4,57,1017,6.2,170,0
1985,5,6,13,780,605,233,28.9,19.4,57,1016,4.6,150,0
1985,5,6,14,709,586,244,28.9,19.4,57,1016,5.7,150,0
1985,5,6,15,560,583,187,28.3,20,61,1015,6.2,150,0
1985,5,6,16,348,493,126,27.8,19.4,61,1015,7.2,160,0
1985,5,6,17,154,393,60,26.7,19.4,65,1015,4.1,160,0
1985,5,6,18,24,53,18,25,20,74,1016,4.6,170,0
1985,5,6,19,0,0,0,24.4,20.6,79,1016,4.1,150,0
1985,5,6,20,0,0,0,23.9,20.6,82,1016,3.6,150,0
1985,5,6,21,0,0,0,23.9,20.6,82,1017,3.6,150,0
1985,5,6,22,0,0,0,23.3,20.6,85,1016,3.1,170,0
1985,5,6,23,0,0,0,23.3,20.6,85,1016,3.1,150,0
1985,5,7,0,0,0,0,23.3,20.6,85,1016,3.1,140,0
1985,5,7,1,0,0,0,22.8,20.6,87,1016,3.6,130,0
1985,5,7,2,0,0,0,22.2,20.6,90,1015,3.6,120,0
1985,5,7,3,0,0,0,22.8,20.6,87,1015,3.1,130,0
1985,5,7,4,0,0,0,21.1,19.4,90,1015,2.6,130,0
1985,5,7,5,12,1,12,21.7,20,90,1016,3.6,170,0
1985,5,7,6,125,72,106,21.7,20,90,1016,3.1,180,0
1985,5,7,7,226,92,183,22.8,20.6,87,1016,3.1,150,0
1985,5,7,8,290,9,284,24.4,20.6,79,1017,3.6,150,0
1985,5,7,9,398,97,319,23.9,20.6,82,1017,3.1,140,0
1985,5,7,10,770,472,339,25,21.1,79,1016,3.6,180,0
1985,5,7,11,578,225,361,27.8,21.1,67,1016,4.1,160,0
1985,5,7,12,539,47,493,27.2,21.1,69,1016,5.2,190,0
1985,5,7,13,590,153,451,26.7,20.6,69,1015,5.2,180,0
1985,5,7,14,200,1,199,26.1,21.1,74,1014,4.1,170,0
1985,5,7,15,232,27,214,23.9,20.6,82,1013,4.1,140,0
1985,5,7,16,203,71,171,26.1,21.7,77,1013,4.1,150,0
1985,5,7,17,110,59,96,25.6,20.6,74,1012,4.6,170,0
1985,5,7,18,24,28,21,25,20.6,76,1012,4.1,160,0
1985,5,7,19,0,0,0,24.4,20.6,79,1013,5.2,200,0
1985,5,7,20,0,0,0,22.8,20.6,87,1014,4.1,210,0
1985,5,7,21,0,0,0,22.8,21.1,90,1014,3.6,210,0
1985,5,7,22,0,0,0,22.2,20.6,90,1015,4.1,200,0
1985,5,7,23,0,0,0,22.2,20.6,90,1015,3.6,200,0
1985,5,8,0,0,0,0,22.2,20.6,90,1015,3.1,210,0
1985,5,8,1,0,0,0,21.7,20.6,93,1015,3.1,240,0
1985,5,8,2,0,0,0,21.7,20.6,93,1014,2.6,210,0
1985,5,8,3,0,0,0,21.1,20,93,1015,3.1,210,0
1985,5,8,4,0,0,0,21.7,20.6,93,1014,2.1,220,0
1985,5,8,5,31,86,22,21.7,20.6,93,1014,3.6,230,0
1985,5,8,6,176,453,57,23.3,21.1,87,1015,4.6,240,0
1985,5,8,7,146,62,117,24.4,21.1,82,1015,5.2,250,0
1985,5,8,8,444,276,262,26.7,20.6,69,1015,5.2,260,0
1985,5,8,9,412,71,355,27.2,20.6,67,1015,5.2,250,0
1985,5,8,10,230,9,221,27.2,20,65,1015,5.7,300,0
1985,5,8,11,402,0,402,28.3,20,61,1014,3.6,260,0
1985,5,8,12,484,247,246,27.2,19.4,63,1013,3.6,260,0
1985,5,8,13,531,147,398,25.6,20.6,74,1013,5.2,270,0
1985,5,8,14,525,264,315,26.1,17.8,60,1012,3.6,220,0
1985,5,8,15,246,66,203,25.6,20,72,1012,3.6,230,0
1985,5,8,16,221,70,190,25,21.1,79,1012,3.1,240,0
1985,5,8,17,72,4,71,24.4,20.6,79,1013,4.1,270,0
1985,5,8,18,19,1,19,23.3,17.2,69,1013,5.7,270,0
1985,5,8,19,0,0,0,22.2,17.2,73,1014,3.6,300,0
1985,5,8,20,0,0,0,21.1,17.2,79,1014,3.6,340,0
1985,5,8,21,0,0,0,20.6,17.2,81,1014,2.6,220,0
1985,5,8,22,0,0,0,18.3,17.2,93,1013,1.5,350,0
1985,5,8,23,0,0,0,19.4,17.8,90,1013,2.6,230,0
1985,5,9,0,0,0,0,19.4,17.2,87,1014,3.6,290,0
1985,5,9,1,0,0,0,18.9,17.2,90,1014,3.1,240,0
1985,5,9,2,0,0,0,18.3,16.7,90,1014,3.1,250,0
1985,5,9,3,0,0,0,18.3,16.7,90,1014,3.1,310,0
1985,5,9,4,0,0,0,18.3,17.2,93,1014,3.1,260,0
1985,5,9,5,34,31,30,18.3,17.2,93,1014,3.1,270,0
1985,5,9,6,199,488,69,21.1,18.9,87,1015,2.1,300,0
1985,5,9,7,276,278,144,22.8,18.3,76,1015,2.1,50,0
1985,5,9,8,560,562,190,23.9,18.3,71,1015,2.1,30,0
1985,5,9,9,720,667,180,24.4,17.8,67,1015,3.1,250,0
1985,5,9,10,889,813,144,25,18.3,67,1015,4.1,20,0
1985,5,9,11,919,839,106,26.1,18.3,62,1015,4.6,350,0
1985,5,9,12,901,711,214,27.2,17.8,56,1014,4.6,300,0
1985,5,9,13,875,785,163,27.8,17.8,55,1014,4.1,340,0
1985,5,9,14,765,732,181,26.7,16.1,52,1013,3.1,360,0
1985,5,9,15,560,614,165,27.8,15.6,47,1013,4.1,350,0
1985,5,9,16,359,559,104,27.8,16.1,49,1013,3.6,360,0
1985,5,9,17,162,421,59,26.1,15.6,52,1013,2.1,10,0
1985,5,9,18,22,43,17,23.9,16.1,62,1013,1.5,20,0
1985,5,9,19,0,0,0,24.4,16.7,62,1014,4.1,10,0
1985,5,9,20,0,0,0,23.3,16.7,66,1015,4.6,10,0
1985,5,9,21,0,0,0,22.2,16.7,71,1015,4.1,30,0
1985,5,9,22,0,0,0,21.7,17.2,76,1015,3.1,50,0
1985,5,9,23,0,0,0,21.1,17.2,79,1015,4.6,40,0
1985,5,10,0,0,0,0,20.6,16.7,79,1014,3.6,40,0
1985,5,10,1,0,0,0,20,16.7,81,1014,3.1,40,0
1985,5,10,2,0,0,0,19.4,17.2,87,1014,3.1,40,0
1985,5,10,3,0,0,0,18.9,17.2,90,1014,2.6,70,0
1985,5,10,4,0,0,0,18.3,16.7,90,1014,2.1,80,0
1985,5,10,5,23,26,20,19.4,16.7,84,1015,3.1,60,0
1985,5,10,6,161,240,96,21.7,17.8,79,1015,0,0,0
1985,5,10,7,349,408,155,23.9,18.3,71,1015,1.5,60,0
1985,5,10,8,592,575,212,25.6,17.8,62,1016,1.5,40,0
1985,5,10,9,612,384,301,26.7,17.8,58,1016,3.1,50,0
1985,5,10,10,728,379,380,26.7,17.8,58,1015,4.1,360,0
1985,5,10,11,939,713,247,27.8,16.7,51,1015,2.1,340,0
1985,5,10,12,699,401,311,28.3,17.2,51,1014,4.1,10,0
1985,5,10,13,837,659,237,28.3,16.7,49,1014,5.2,20,0
1985,5,10,14,736,662,206,28.3,16.1,48,1013,4.1,70,0
1985,5,10,15,568,561,206,26.7,17.8,58,1013,4.6,160,0
1985,5,10,16,293,268,171,27.8,18.3,57,1012,2.6,160,0
1985,5,10,17,90,34,82,26.7,17.8,58,1012,2.1,130,0
1985,5,10,18,17,2,17,23.9,19.4,76,1013,2.1,150,0
1985,5,10,19,0,0,0,22.8,19.4,82,1013,3.1,130,0
1985,5,10,20,0,0,0,22.8,19.4,82,1013,3.6,140,0
1985,5,10,21,0,0,0,22.8,19.4,82,1013,3.1,140,0
1985,5,10,22,0,0,0,22.2,19.4,84,1013,2.6,220,0
1985,5,10,23,0,0,0,21.7,19.4,87,1013,2.1,220,0
1985,5,11,0,0,0,0,21.7,19.4,87,1012,2.6,180,0
1985,5,11,1,0,0,0,20,18.3,90,1012,0,0,0
1985,5,11,2,0,0,0,20.6,18.9,90,1012,0,0,0
1985,5,11,3,0,0,0,20,18.3,90,1012,2.1,140,0
1985,5,11,4,0,0,0,20,18.3,90,1012,0,0,0
1985,5,11,5,38,118,25,19.4,16.7,84,1013,0,0,0
1985,5,11,6,189,497,55,23.9,21.1,85,1013,2.1,130,0
1985,5,11,7,399,541,141,25.6,21.1,77,1013,3.6,160,0
1985,5,11,8,588,577,206,26.1,21.1,74,1013,5.2,170,0
1985,5,11,9,620,404,291,27.8,19.4,61,1014,6.2,170,0
1985,5,11,10,564,169,409,28.3,20,61,1013,4.1,160,0
1985,5,11,11,828,580,264,29.4,20,57,1013,5.2,190,0
1985,5,11,12,804,546,276,28.9,19.4,57,1012,7.2,170,0
1985,5,11,13,750,552,248,30,18.3,50,1012,7.2,180,0
1985,5,11,14,616,482,229,29.4,18.9,53,1011,6.7,170,0
1985,5,11,15,435,319,228,28.9,16.7,48,1011,6.7,170,0
1985,5,11,16,360,492,134,28.3,17.8,53,1011,6.7,170,0
1985,5,11,17,142,284,71,27.2,18.9,60,1011,5.7,190,0
1985,5,11,18,31,54,24,25.6,19.4,69,1011,4.1,190,0
1985,5,11,19,0,0,0,25,20,74,1012,4.6,200,0
1985,5,11,20,0,0,0,24.4,20.6,79,1012,4.1,190,0
1985,5,11,21,0,0,0,23.9,20.6,82,1012,2.6,190,0
1985,5,11,22,0,0,0,23.3,20.6,85,1012,3.1,180,0
1985,5,11,23,0,0,0,23.3,20.6,85,1011,3.6,160,0
1985,5,12,0,0,0,0,23.3,20.6,85,1011,2.6,140,0
1985,5,12,1,0,0,0,22.8,20.6,87,1011,3.6,150,0
1985,5,12,2,0,0,0,21.7,20,90,1011,2.1,120,0
1985,5,12,3,0,0,0,20.6,19.4,93,1011,1.5,170,0
1985,5,12,4,0,0,0,22.8,20.6,87,1012,3.1,150,0
1985,5,12,5,15,0,15,23.9,22.2,90,1012,3.1,140,0
1985,5,12,6,69,10,67,24.4,22.2,88,1013,3.1,150,0
1985,5,12,7,288,157,213,25.6,22.2,82,1013,3.6,170,0
1985,5,12,8,491,218,346,26.7,20.6,69,1013,5.7,180,0
1985,5,12,9,661,352,375,28.3,20.6,63,1014,6.2,180,0
1985,5,12,10,697,289,431,28.3,20.6,63,1014,4.1,190,0
1985,5,12,11,873,460,426,29.4,18.9,53,1013,5.2,160,0
1985,5,12,12,881,455,440,30,18.9,51,1013,6.7,190,0
1985,5,12,13,784,455,369,30.6,18.3,48,1012,7.2,170,0
1985,5,12,14,629,362,339,30,18.9,51,1012,6.2,190,0
1985,5,12,15,517,350,290,29.4,17.2,48,1011,5.7,180,0
1985,5,12,16,310,236,202,28.9,17.8,51,1012,4.6,190,0
1985,5,12,17,114,77,94,27.8,18.3,57,1011,4.6,170,0
1985,5,12,18,20,2,20,25.6,18.9,67,1012,4.1,180,0
1985,5,12,19,0,0,0,25,20,74,1012,3.6,190,0
1985,5,12,20,0,0,0,24.4,20.6,79,1012,4.1,160,0
1985,5,12,21,0,0,0,23.9,20.6,82,1012,2.6,140,0
1985,5,12,22,0,0,0,23.3,20,82,1012,3.1,190,0
1985,5,12,23,0,0,0,22.8,20,84,1012,3.1,210,0
1985,5,13,0,0,0,0,22.2,20,87,1013,3.1,220,0
1985,5,13,1,0,0,0,23.3,19.4,79,1011,7.2,140,0
1985,5,13,2,0,0,0,23.3,20.6,85,1012,2.6,220,0
1985,5,13,3,0,0,0,22.8,20.6,87,1011,5.2,110,0
1985,5,13,4,0,0,0,22.8,20.6,87,1013,3.1,270,0
1985,5,13,5,19,2,18,22.2,20.6,90,1013,0,0,0
1985,5,13,6,42,2,41,22.8,21.1,90,1014,1.5,260,0
1985,5,13,7,157,0,157,23.9,21.7,87,1014,0,0,0
1985,5,13,8,261,11,254,25,21.7,82,1014,2.6,100,0
1985,5,13,9,461,34,433,26.1,21.7,77,1014,4.1,150,0
1985,5,13,10,561,204,373,27.2,19.4,63,1011,6.7,140,0
1985,5,13,11,443,5,439,26.7,18.9,63,1011,6.7,150,0
1985,5,13,12,318,122,199,27.2,19.4,63,1010,7.7,170,0
1985,5,13,13,424,117,318,27.8,20,63,1010,6.2,180,0
1985,5,13,14,460,187,310,27.8,20.6,65,1010,4.1,170,0
1985,5,13,15,525,448,235,27.8,20.6,65,1010,4.1,130,0
1985,5,13,16,213,114,160,27.8,20,63,1011,4.1,140,0
1985,5,13,17,112,79,92,27.2,19.4,63,1011,3.6,140,0
1985,5,13,18,25,13,24,26.1,20,69,1012,3.1,130,0
1985,5,13,19,0,0,0,26.1,20,69,1012,4.6,140,0
1985,5,13,20,0,0,0,25.6,20.6,74,1013,3.1,150,0
1985,5,13,21,0,0,0,25.6,20.6,74,1013,3.6,130,0
1985,5,13,22,0,0,0,25,21.1,79,1013,2.6,120,0
1985,5,13,23,0,0,0,23.9,20.6,82,1012,3.1,120,0
1985,5,14,0,0,0,0,23.3,20.6,85,1011,3.6,150,0
1985,5,14,1,0,0,0,23.3,21.1,87,1010,3.6,150,0
1985,5,14,2,0,0,0,23.3,21.1,87,1010,5.2,160,0
1985,5,14,3,0,0,0,23.9,21.7,87,1011,3.6,140,0
1985,5,14,4,0,0,0,23.9,21.7,87,1012,2.1,220,0
1985,5,14,5,19,3,18,23.9,21.7,87,1012,3.1,170,0
1985,5,14,6,127,35,117,25,21.7,82,1012,4.1,170,0
1985,5,14,7,242,118,185,26.7,21.7,74,1012,5.2,180,0
1985,5,14,8,482,411,208,27.8,21.1,67,1013,4.6,170,0
1985,5,14,9,692,563,232,28.9,21.1,63,1013,5.2,200,0
1985,5,14,10,908,703,260,29.4,20.6,59,1013,6.7,200,0
1985,5,14,11,863,584,294,30,20.6,57,1013,6.2,210,0
1985,5,14,12,763,387,387,30.6,20,53,1013,7.2,170,0
1985,5,14,13,681,365,348,30.6,19.4,52,1012,6.2,170,0
1985,5,14,14,344,69,288,28.9,20.6,61,1012,5.7,170,0
1985,5,14,15,506,330,291,29.4,19.4,55,1013,5.2,200,0
1985,5,14,16,138,3,136,27.8,21.1,67,1014,4.1,220,0
1985,5,14,17,95,54,81,27.8,21.1,67,1014,3.6,190,0
1985,5,14,18,23,2,22,25,20,74,1014,5.2,360,0
1985,5,14,19,0,0,0,23.3,20,82,1014,3.6,70,0
1985,5,14,20,0,0,0,24.4,18.3,69,1015,3.1,110,0
1985,5,14,21,0,0,0,23.9,18.9,74,1015,3.6,110,0
1985,5,14,22,0,0,0,23.3,19.4,79,1015,1.5,210,0
1985,5,14,23,0,0,0,22.8,20,84,1015,0,0,0
1985,5,15,0,0,0,0,22.8,20.6,87,1014,0,0,0
1985,5,15,1,0,0,0,22.2,20.6,90,1014,2.1,270,0
1985,5,15,2,0,0,0,21.7,20.6,93,1015,0,0,0
1985,5,15,3,0,0,0,20.6,20,97,1015,1.5,290,0
1985,5,15,4,0,0,0,22.2,21.1,94,1015,2.1,250,0
1985,5,15,5,23,12,22,23.3,21.1,87,1017,4.6,360,0
1985,5,15,6,61,4,60,23.3,19.4,79,1017,7.2,360,0
1985,5,15,7,224,50,200,22.8,17.8,74,1018,6.2,30,0
1985,5,15,8,353,55,316,23.9,16.1,62,1018,5.2,30,0
1985,5,15,9,508,193,350,25,16.1,58,1018,5.2,360,0
1985,5,15,10,884,747,195,26.1,15.6,52,1018,7.2,360,0
1985,5,15,11,993,840,175,26.7,15,49,1018,6.7,10,0
1985,5,15,12,923,756,187,27.2,15.6,49,1018,4.1,340,0
1985,5,15,13,706,431,311,27.8,15.6,47,1017,3.1,20,0
1985,5,15,14,717,564,263,26.7,15,49,1017,2.6,320,0
1985,5,15,15,562,595,175,28.3,16.1,48,1016,3.1,290,0
1985,5,15,16,370,513,131,28.3,15.6,46,1016,3.1,340,0
1985,5,15,17,163,353,72,26.7,15.6,51,1016,3.1,340,0
1985,5,15,18,26,24,24,24.4,14.4,54,1016,2.6,330,0
1985,5,15,19,0,0,0,23.9,13.9,54,1016,2.6,340,0
1985,5,15,20,0,0,0,22.8,13.9,57,1017,2.1,350,0
1985,5,15,21,0,0,0,21.1,13.9,64,1017,2.6,340,0
1985,5,15,22,0,0,0,22.2,13.9,59,1016,2.6,350,0
1985,5,15,23,0,0,0,22.2,13.3,57,1016,2.6,10,0
1985,5,16,0,0,0,0,21.1,13.3,61,1016,3.1,360,0
1985,5,16,1,0,0,0,21.1,12.8,59,1016,3.1,360,0
1985,5,16,2,0,0,0,18.3,12.8,70,1016,2.1,360,0
1985,5,16,3,0,0,0,15.6,12.2,81,1016,1.5,350,0
1985,5,16,4,0,0,0,15,13.3,90,1016,0,0,0
1985,5,16,5,29,29,25,16.1,13.3,84,1017,0,0,0
1985,5,16,6,180,335,87,23.9,14.4,56,1017,3.6,40,0
1985,5,16,7,403,549,136,25,11.7,43,1018,2.6,360,0
1985,5,16,8,619,644,188,26.1,10.6,38,1018,3.1,350,0
1985,5,16,9,804,715,219,27.2,8.9,32,1018,3.1,40,0
1985,5,16,10,933,771,221,27.8,9.4,32,1017,3.6,40,0
1985,5,16,11,995,776,237,28.9,8.9,29,1016,4.6,360,0
1985,5,16,12,992,784,229,28.9,10,31,1015,4.1,40,0
1985,5,16,13,919,772,212,30,11.1,31,1014,0,0,0
1985,5,16,14,778,721,196,30.6,10.6,29,1013,2.1,350,0
1985,5,16,15,556,597,166,30.6,11.1,30,1012,1.5,340,0
1985,5,16,16,299,325,147,29.4,13.9,39,1012,4.6,160,0
1985,5,16,17,151,265,82,28.3,15,44,1011,5.2,180,0
1985,5,16,18,27,11,26,25.6,16.1,56,1011,3.6,180,0
1985,5,16,19,0,0,0,23.9,16.1,62,1011,3.1,210,0
1985,5,16,20,0,0,0,23.3,16.1,64,1011,3.6,230,0
1985,5,16,21,0,0,0,22.8,17.2,71,1011,4.1,230,0
1985,5,16,22,0,0,0,22.2,17.8,76,1011,4.6,230,0
1985,5,16,23,0,0,0,22.2,18.3,79,1010,4.1,250,0
1985,5,17,0,0,0,0,22.8,19.4,82,1010,6.2,240,0
1985,5,17,1,0,0,0,22.8,20,84,1009,6.7,250,0
1985,5,17,2,0,0,0,22.2,20,87,1009,5.7,250,0
1985,5,17,3,0,0,0,22.2,20,87,1010,4.6,290,0
1985,5,17,4,0,0,0,21.7,19.4,87,1010,3.6,300,0
1985,5,17,5,38,4,38,22.2,14.4,62,1010,5.2,340,0
1985,5,17,6,150,150,108,23.3,13.3,54,1011,5.7,20,0
1985,5,17,7,371,357,197,23.9,11.7,46,1011,3.6,350,0
1985,5,17,8,588,487,261,24.4,11.7,45,1011,5.2,320,0
1985,5,17,9,549,282,318,25,12.8,47,1011,4.6,360,0
1985,5,17,10,836,531,345,25.6,12.8,45,1010,5.7,310,0
1985,5,17,11,884,512,384,26.1,13.3,45,1010,6.2,320,0
1985,5,17,12,913,608,321,27.2,13.3,42,1009,5.2,320,0
1985,5,17,13,875,626,302,28.3,12.8,38,1008,5.7,330,0
1985,5,17,14,711,507,301,28.3,12.8,38,1007,5.2,300,0
1985,5,17,15,359,81,306,27.8,12.2,38,1007,6.2,330,0
1985,5,17,16,242,153,170,27.2,12.8,41,1007,5.7,330,0
1985,5,17,17,127,117,97,26.7,13.3,44,1007,4.1,300,0
1985,5,17,18,19,2,19,25,11.7,43,1008,5.7,320,0
1985,5,17,19,0,0,0,23.3,12.8,52,1009,3.6,330,0
1985,5,17,20,0,0,0,22.8,12.8,53,1009,3.1,310,0
1985,5,17,21,0,0,0,22.2,12.8,55,1009,2.6,320,0
1985,5,17,22,0,0,0,21.1,12.8,59,1010,2.6,340,0
1985,5,17,23,0,0,0,21.7,12.8,57,1009,3.1,10,0
1985,5,18,0,0,0,0,22.2,12.8,55,1009,4.6,30,0
1985,5,18,1,0,0,0,20.6,12.2,59,1010,6.2,30,0
1985,5,18,2,0,0,0,20,12.8,63,1010,5.7,40,0
1985,5,18,3,0,0,0,19.4,11.7,61,1010,4.6,50,0
1985,5,18,4,0,0,0,18.9,11.7,63,1010,4.6,50,0
1985,5,18,5,39,107,27,18.9,12.2,65,1010,4.1,40,0
1985,5,18,6,202,500,61,20.6,12.8,61,1011,5.2,60,0
1985,5,18,7,407,597,116,21.1,12.8,59,1011,5.2,40,0
1985,5,18,8,597,671,146,21.7,11.7,53,1012,5.2,50,0
1985,5,18,9,733,618,226,22.2,12.2,53,1012,4.6,40,0
1985,5,18,10,778,558,262,22.8,11.7,50,1011,4.1,40,0
1985,5,18,11,821,533,299,23.3,12.2,50,1011,3.1,10,0
1985,5,18,12,337,25,313,23.9,11.1,45,1011,3.1,360,0
1985,5,18,13,570,120,460,23.9,12.8,50,1011,3.6,280,0
1985,5,18,14,384,74,324,23.3,12.2,50,1010,2.6,280,0
1985,5,18,15,344,15,334,25,12.2,45,1010,3.6,290,0
1985,5,18,16,197,53,172,23.3,12.8,52,1010,1.5,260,0
1985,5,18,17,127,208,72,22.8,12.2,52,1010,2.1,270,0
1985,5,18,18,16,20,14,20.6,16.1,76,1010,1.5,280,0
1985,5,18,19,0,0,0,19.4,16.7,84,1010,0,0,0
1985,5,18,20,0,0,0,19.4,16.7,84,1010,1.5,210,0
1985,5,18,21,0,0,0,20.6,16.1,76,1010,2.1,220,0
1985,5,18,22,0,0,0,18.9,16.7,87,1010,0,0,0
1985,5,18,23,0,0,0,18.9,16.1,84,1010,0,0,0
1985,5,19,0,0,0,0,19.4,14.4,73,1009,3.1,80,0
1985,5,19,1,0,0,0,17.8,12.8,73,1009,0,0,0
1985,5,19,2,0,0,0,17.2,12.8,75,1010,0,0,0
1985,5,19,3,0,0,0,16.1,13.3,84,1010,0,0,0
1985,5,19,4,0,0,0,15,13.9,93,1010,0,0,0
1985,5,19,5,45,102,34,15,13.3,90,1011,0,0,0
1985,5,19,6,184,403,70,21.1,15.6,71,1012,4.1,60,0
1985,5,19,7,440,755,71,23.3,16.1,64,1012,4.1,80,0
1985,5,19,8,549,579,159,25,16.1,58,1012,4.1,90,0
1985,5,19,9,705,593,218,26.1,15.6,52,1012,3.6,160,0
1985,5,19,10,869,729,194,27.2,15,47,1012,3.1,140,0
1985,5,19,11,994,843,171,27.8,13.9,43,1012,3.1,140,0
1985,5,19,12,769,527,255,28.3,13.9,41,1011,3.1,130,0
1985,5,19,13,765,546,264,28.9,16.1,46,1011,4.6,150,0
1985,5,19,14,814,812,157,27.8,15.6,47,1010,2.6,200,0
1985,5,19,15,390,99,325,28.3,16.1,48,1010,3.6,120,0
1985,5,19,16,256,160,180,26.7,15.6,51,1010,5.2,150,0
1985,5,19,17,89,42,78,25.6,16.7,58,1010,5.7,80,0
1985,5,19,18,30,46,25,24.4,16.7,62,1010,4.1,110,0
1985,5,19,19,0,0,0,23.3,17.2,69,1010,4.6,110,0
1985,5,19,20,0,0,0,22.8,18.3,76,1011,4.1,110,0
1985,5,19,21,0,0,0,22.2,18.3,79,1011,3.6,100,0
1985,5,19,22,0,0,0,21.7,18.3,81,1011,2.1,110,0
1985,5,19,23,0,0,0,20.6,18.3,87,1012,2.1,90,0
1985,5,20,0,0,0,0,19.4,17.8,90,1012,1.5,340,0
1985,5,20,1,0,0,0,19.4,17.8,90,1011,0,0,0
1985,5,20,2,0,0,0,18.9,17.8,93,1011,2.1,350,0
1985,5,20,3,0,0,0,18.3,17.8,97,1011,0,0,0
1985,5,20,4,0,0,0,18.3,17.8,97,1011,0,0,0
1985,5,20,5,31,43,27,18.9,17.8,93,1012,0,0,0
1985,5,20,6,161,225,96,23.9,20.6,82,1013,2.1,340,0
1985,5,20,7,378,480,142,25,20,74,1013,1.5,140,0
1985,5,20,8,537,406,263,26.1,20.6,72,1013,4.1,340,0
1985,5,20,9,652,398,324,25.6,20.6,74,1013,3.6,360,0
1985,5,20,10,865,677,238,27.2,20.6,67,1014,5.2,320,0
1985,5,20,11,934,723,226,28.9,20,59,1014,4.1,10,0
1985,5,20,12,934,762,191,29.4,18.9,53,1013,5.2,360,0
1985,5,20,13,872,740,192,29.4,17.8,50,1013,2.1,300,0
1985,5,20,14,789,753,180,30,17.2,46,1012,3.6,30,0
1985,5,20,15,603,675,158,30,16.1,43,1012,3.6,10,0
1985,5,20,16,387,566,120,30,16.7,45,1012,2.1,210,0
1985,5,20,17,166,341,75,29.4,17.2,48,1012,2.6,130,0
1985,5,20,18,27,36,23,27.8,17.8,55,1012,3.1,150,0
1985,5,20,19,0,0,0,26.1,20.6,72,1013,4.6,190,0
1985,5,20,20,0,0,0,25.6,21.1,77,1013,4.1,180,0
1985,5,20,21,0,0,0,24.4,21.7,85,1013,3.1,200,0
1985,5,20,22,0,0,0,23.9,20.6,82,1014,3.6,220,0
1985,5,20,23,0,0,0,21.7,19.4,87,1014,1.5,30,0
1985,5,21,0,0,0,0,20.6,19.4,93,1014,0,0,0
1985,5,21,1,0,0,0,20.6,19.4,93,1013,1.5,50,0
1985,5,21,2,0,0,0,20.6,19.4,93,1013,2.1,100,0
1985,5,21,3,0,0,0,21.7,20.6,93,1013,3.1,150,0
1985,5,21,4,0,0,0,20.6,19.4,93,1013,0,0,0
1985,5,21,5,40,88,30,21.7,20.6,93,1013,2.6,160,0
1985,5,21,6,172,245,101,25,21.7,82,1014,2.6,180,0
1985,5,21,7,329,256,203,26.7,21.1,72,1014,4.6,130,0
1985,5,21,8,475,281,286,27.2,21.7,72,1014,4.6,180,0
1985,5,21,9,550,231,360,28.3,21.7,67,1014,5.7,170,0
1985,5,21,10,810,512,335,28.3,21.7,67,1013,5.7,180,0
1985,5,21,11,842,473,379,27.2,21.1,69,1013,6.7,190,0
1985,5,21,12,233,6,227,20,17.2,84,1014,7.2,270,0
1985,5,21,13,246,25,223,19.4,17.8,90,1014,1.5,110,0
1985,5,21,14,429,136,319,20.6,18.3,87,1013,2.6,120,0
1985,5,21,15,413,182,294,21.1,18.9,87,1012,4.6,140,0
1985,5,21,16,335,369,160,23.3,19.4,79,1011,4.6,150,0
1985,5,21,17,182,455,60,22.8,18.3,76,1011,5.2,170,0
1985,5,21,18,32,86,23,22.2,19.4,84,1011,3.6,190,0
1985,5,21,19,0,0,0,21.1,18.9,87,1011,4.1,220,0
1985,5,21,20,0,0,0,21.7,19.4,87,1012,4.1,180,0
1985,5,21,21,0,0,0,22.2,20,87,1013,3.6,190,0
1985,5,21,22,0,0,0,21.7,20,90,1012,3.1,220,0
1985,5,21,23,0,0,0,21.7,20.6,93,1013,3.1,210,0
1985,5,22,0,0,0,0,21.7,20.6,93,1012,2.6,220,0
1985,5,22,1,0,0,0,21.1,20,93,1012,1.5,290,0
1985,5,22,2,0,0,0,20.6,20,97,1012,1.5,300,0
1985,5,22,3,0,0,0,20,18.9,93,1012,0,0,0
1985,5,22,4,0,0,0,20.6,20,97,1012,0,0,0
1985,5,22,5,23,4,22,20.6,19.4,93,1012,1.5,270,0
1985,5,22,6,92,57,75,22.8,21.7,94,1012,1.5,260,0
1985,5,22,7,339,261,211,23.3,22.2,94,1013,2.6,290,0
1985,5,22,8,414,207,274,25,21.1,79,1013,3.6,200,0
1985,5,22,9,626,353,335,27.8,20.6,65,1013,4.1,190,0
1985,5,22,10,775,434,372,29.4,20,57,1013,5.2,200,0
1985,5,22,11,659,209,454,29.4,20.6,59,1013,6.2,210,0
1985,5,22,12,708,273,441,30.6,20.6,55,1012,5.2,200,0
1985,5,22,13,818,518,342,31.1,20,52,1012,6.7,200,0
1985,5,22,14,650,425,305,30.6,19.4,52,1012,6.7,230,0
1985,5,22,15,500,315,292,30.6,20,53,1011,5.7,240,0
1985,5,22,16,349,349,183,30,20.6,57,1011,4.1,230,0
1985,5,22,17,130,154,88,28.3,20,61,1011,4.6,240,0
1985,5,22,18,24,8,24,27.2,20.6,67,1012,3.1,230,0
1985,5,22,19,0,0,0,26.1,20.6,72,1012,3.6,220,0
1985,5,22,20,0,0,0,25,21.1,79,1012,3.6,200,0
1985,5,22,21,0,0,0,24.4,21.1,82,1013,3.6,230,0
1985,5,22,22,0,0,0,23.9,21.1,85,1013,3.1,230,0
1985,5,22,23,0,0,0,23.9,21.7,87,1014,3.6,210,0
1985,5,23,0,0,0,0,23.3,21.7,90,1014,3.1,210,0
1985,5,23,1,0,0,0,23.3,21.7,90,1013,3.6,220,0
1985,5,23,2,0,0,0,23.3,21.7,90,1014,3.6,210,0
1985,5,23,3,0,0,0,22.8,21.1,90,1014,2.6,250,0
1985,5,23,4,0,0,0,22.2,21.1,94,1014,0,0,0
1985,5,23,5,41,19,39,22.8,21.7,94,1014,1.5,290,0
1985,5,23,6,139,86,114,23.9,22.2,90,1015,2.6,270,0
1985,5,23,7,266,77,228,25,20.6,76,1015,5.2,350,0
1985,5,23,8,396,143,299,23.9,18.9,74,1016,4.1,10,0
1985,5,23,9,148,4,145,21.7,17.8,79,1017,8.2,340,0
1985,5,23,10,293,11,282,20,17.8,87,1016,4.6,30,0
1985,5,23,11,372,144,231,21.1,18.3,84,1015,5.2,40,0
1985,5,23,12,217,12,205,22.2,17.8,76,1016,2.1,150,0
1985,5,23,13,247,6,241,21.1,18.9,87,1015,1.5,100,0
1985,5,23,14,418,149,297,21.1,18.9,87,1015,2.6,180,0
1985,5,23,15,320,116,243,22.2,18.3,79,1014,3.1,190,0
1985,5,23,16,371,517,124,23.3,18.3,74,1014,3.6,200,0
1985,5,23,17,154,304,72,22.8,18.3,76,1014,2.6,200,0
1985,5,23,18,33,16,31,20.6,18.3,87,1013,2.1,270,0
1985,5,23,19,0,0,0,20,17.8,87,1013,1.5,250,0
1985,5,23,20,0,0,0,18.9,17.2,90,1014,1.5,290,0
1985,5,23,21,0,0,0,19.4,18.3,93,1014,2.6,270,0
1985,5,23,22,0,0,0,19.4,17.8,90,1014,2.6,260,0
1985,5,23,23,0,0,0,19.4,18.3,93,1014,1.5,220,0
1985,5,24,0,0,0,0,20,18.9,93,1014,2.1,220,0
1985,5,24,1,0,0,0,20,18.9,93,1014,2.6,240,0
1985,5,24,2,0,0,0,19.4,18.3,93,1014,2.1,250,0
1985,5,24,3,0,0,0,19.4,18.3,93,1013,2.1,260,0
1985,5,24,4,0,0,0,18.9,17.8,93,1014,2.1,280,0
1985,5,24,5,40,119,27,20,18.9,93,1014,2.1,290,0
1985,5,24,6,200,483,59,22.8,20,84,1014,3.6,330,0
1985,5,24,7,420,655,96,24.4,12.2,47,1015,4.6,340,0
1985,5,24,8,540,634,111,25,17.8,64,1015,5.2,340,0
1985,5,24,9,694,644,162,25.6,16.7,58,1015,3.6,330,0
1985,5,24,10,904,783,176,25.6,16.1,56,1015,4.6,360,0
1985,5,24,11,945,845,117,26.7,15.6,51,1014,5.7,360,0
1985,5,24,12,970,869,120,27.2,14.4,46,1014,4.1,350,0
1985,5,24,13,874,820,118,27.8,14.4,44,1013,5.2,360,0
1985,5,24,14,765,807,108,28.3,12.8,38,1012,6.7,350,0
1985,5,24,15,636,794,109,27.8,12.2,38,1012,5.2,330,0
1985,5,24,16,422,703,86,27.8,10.6,34,1012,5.2,320,0
1985,5,24,17,191,475,60,26.7,11.1,38,1012,3.1,350,0
1985,5,24,18,34,75,26,24.4,11.7,45,1012,3.1,350,0
1985,5,24,19,0,0,0,22.8,10.6,46,1012,3.1,360,0
1985,5,24,20,0,0,0,23.3,10,43,1013,3.6,350,0
1985,5,24,21,0,0,0,22.8,11.7,50,1013,3.6,360,0
1985,5,24,22,0,0,0,22.8,11.7,50,1013,2.6,20,0
1985,5,24,23,0,0,0,21.7,12.2,55,1012,2.6,10,0
1985,5,25,0,0,0,0,21.1,12.2,57,1012,2.1,10,0
1985,5,25,1,0,0,0,20,12.2,61,1011,2.6,20,0
1985,5,25,2,0,0,0,16.7,12.8,78,1012,2.1,250,0
1985,5,25,3,0,0,0,15.6,12.8,84,1012,1.5,240,0
1985,5,25,4,0,0,0,15,12.8,87,1012,1.5,290,0
1985,5,25,5,48,218,25,16.1,13.9,87,1013,1.5,290,0
1985,5,25,6,224,594,50,22.8,15.6,64,1014,0,0,0
1985,5,25,7,451,763,73,24.4,13.3,50,1014,3.6,20,0
1985,5,25,8,663,844,91,25.6,11.7,42,1014,3.1,40,0
1985,5,25,9,841,892,104,26.1,9.4,35,1014,2.6,10,0
1985,5,25,10,963,916,112,26.7,10,35,1014,5.2,330,0
1985,5,25,11,1022,923,116,26.7,10,35,1013,3.6,360,0
1985,5,25,12,1018,921,116,27.2,11.7,38,1013,3.1,10,0
1985,5,25,13,955,914,111,27.8,11.7,37,1012,4.6,20,0
1985,5,25,14,826,887,103,27.8,11.7,37,1012,0,0,0
1985,5,25,15,648,841,90,27.8,11.7,37,1011,3.6,20,0
1985,5,25,16,434,755,71,28.3,12.2,37,1011,3.1,310,0
1985,5,25,17,210,587,48,26.7,11.7,39,1011,2.1,340,0
1985,5,25,18,44,187,23,23.9,12.2,48,1011,1.5,330,0
1985,5,25,19,0,0,0,21.1,12.2,57,1011,0,0,0
1985,5,25,20,0,0,0,20,13.3,66,1012,1.5,260,0
1985,5,25,21,0,0,0,19.4,12.8,66,1012,0,0,0
1985,5,25,22,0,0,0,18.3,15,81,1012,2.1,270,0
1985,5,25,23,0,0,0,17.2,14.4,84,1012,1.5,270,0
1985,5,26,0,0,0,0,17.8,13.3,75,1012,1.5,270,0
1985,5,26,1,0,0,0,16.1,12.8,81,1011,0,0,0
1985,5,26,2,0,0,0,15.6,13.3,87,1012,0,0,0
1985,5,26,3,0,0,0,15.6,13.9,90,1012,1.5,270,0
1985,5,26,4,0,0,0,16.1,15,93,1012,0,0,0
1985,5,26,5,34,37,30,17.2,15.6,90,1013,1.5,250,0
1985,5,26,6,170,239,100,23.3,18.9,76,1013,2.1,260,0
1985,5,26,7,426,646,105,25.6,16.7,58,1014,2.1,260,0
1985,5,26,8,604,706,125,26.7,17.2,56,1014,3.6,320,0
1985,5,26,9,818,818,143,27.8,13.3,41,1013,2.1,20,0
1985,5,26,10,886,782,160,28.3,12.8,38,1013,4.1,30,0
1985,5,26,11,1012,862,166,28.9,10.6,32,1013,5.2,340,0
1985,5,26,12,1005,857,165,29.4,11.1,32,1012,3.6,10,0
1985,5,26,13,933,838,159,30,12.2,34,1012,4.1,10,0
1985,5,26,14,810,812,147,29.4,11.1,32,1012,4.1,340,0
1985,5,26,15,631,757,128,29.4,11.7,33,1011,2.1,40,0
1985,5,26,16,418,659,101,29.4,10.6,31,1011,2.6,350,0
1985,5,26,17,194,459,67,28.3,12.8,38,1011,2.6,120,0
1985,5,26,18,39,95,28,26.7,14.4,47,1011,4.1,160,0
1985,5,26,19,0,0,0,24.4,15.6,58,1012,4.1,170,0
1985,5,26,20,0,0,0,23.3,16.1,64,1012,3.6,180,0
1985,5,26,21,0,0,0,22.2,16.7,71,1013,3.1,190,0
1985,5,26,22,0,0,0,21.7,16.7,73,1012,2.1,180,0
1985,5,26,23,0,0,0,20.6,15.6,73,1012,3.1,200,0
1985,5,27,0,0,0,0,20.6,15.6,73,1012,3.1,210,0
1985,5,27,1,0,0,0,17.8,15,84,1012,1.5,260,0
1985,5,27,2,0,0,0,17.8,15.6,87,1013,0,0,0
1985,5,27,3,0,0,0,16.7,13.9,84,1013,0,0,0
1985,5,27,4,0,0,0,17.2,15,87,1013,0,0,0
1985,5,27,5,44,113,32,18.3,15.6,84,1014,0,0,0
1985,5,27,6,212,489,68,22.8,17.8,74,1014,4.1,120,0
1985,5,27,7,421,653,97,25.6,16.1,56,1014,1.5,90,0
1985,5,27,8,606,651,164,26.7,14.4,47,1014,2.6,140,0
1985,5,27,9,787,756,163,27.8,12.2,38,1014,3.6,120,0
1985,5,27,10,873,674,247,28.3,12.2,37,1014,4.6,130,0
1985,5,27,11,932,715,230,28.3,13.9,41,1014,4.6,180,0
1985,5,27,12,925,664,275,28.9,13.9,40,1014,4.1,170,0
1985,5,27,13,876,746,188,28.3,13.3,40,1013,5.2,200,0
1985,5,27,14,762,738,159,28.3,12.8,38,1013,4.1,190,0
1985,5,27,15,550,581,163,28.3,12.8,38,1013,4.1,180,0
1985,5,27,16,399,587,115,27.8,14.4,44,1012,4.1,180,0
1985,5,27,17,180,384,73,26.7,15,49,1011,5.2,170,0
1985,5,27,18,31,58,24,25,15,54,1011,4.6,160,0
1985,5,27,19,0,0,0,23.9,14.4,56,1011,4.6,170,0
1985,5,27,20,0,0,0,22.8,15.6,64,1012,4.1,190,0
1985,5,27,21,0,0,0,21.7,16.1,71,1013,3.1,210,0
1985,5,27,22,0,0,0,21.7,16.1,71,1013,3.1,230,0
1985,5,27,23,0,0,0,19.4,15.6,78,1013,2.1,280,0
1985,5,28,0,0,0,0,18.3,15.6,84,1013,0,0,0
1985,5,28,1,0,0,0,17.8,15.6,87,1013,0,0,0
1985,5,28,2,0,0,0,18.3,16.1,87,1013,0,0,0
1985,5,28,3,0,0,0,18.3,16.1,87,1013,2.1,70,0
1985,5,28,4,0,0,0,17.8,16.1,90,1014,0,0,0
1985,5,28,5,44,91,34,17.8,16.7,93,1014,0,0,0
1985,5,28,6,171,214,107,23.9,18.3,71,1014,1.5,150,0
1985,5,28,7,229,80,189,25.6,16.7,58,1014,2.1,200,0
1985,5,28,8,467,259,291,26.1,16.7,56,1015,3.1,190,0
1985,5,28,9,551,245,348,27.2,17.2,54,1015,4.1,190,0
1985,5,28,10,798,594,246,27.8,16.1,49,1015,3.1,220,0
1985,5,28,11,867,567,309,28.3,15.6,46,1014,1.5,230,0
1985,5,28,12,942,828,130,28.9,17.2,49,1013,2.1,150,0
1985,5,28,13,873,746,183,29.4,18.3,51,1013,3.6,150,0
1985,5,28,14,773,772,142,29.4,18.3,51,1012,3.6,200,0
1985,5,28,15,628,798,95,29.4,16.7,46,1011,5.7,160,0
1985,5,28,16,400,636,92,28.9,17.2,49,1011,5.7,170,0
1985,5,28,17,163,322,72,27.8,16.7,51,1012,5.2,200,0
1985,5,28,18,41,140,26,25.6,16.7,58,1012,4.6,210,0
1985,5,28,19,0,0,0,24.4,16.7,62,1012,4.1,210,0
1985,5,28,20,0,0,0,22.8,17.2,71,1013,3.6,210,0
1985,5,28,21,0,0,0,21.7,17.2,76,1013,1.5,210,0
1985,5,28,22,0,0,0,21.7,17.2,76,1012,3.1,210,0
1985,5,28,23,0,0,0,21.1,17.2,79,1012,3.1,200,0
1985,5,29,0,0,0,0,20.6,17.2,81,1012,1.5,220,0
1985,5,29,1,0,0,0,18.9,16.7,87,1012,1.5,270,0
1985,5,29,2,0,0,0,18.3,16.1,87,1012,3.1,250,0
1985,5,29,3,0,0,0,18.9,16.7,87,1012,1.5,250,0
1985,5,29,4,0,0,0,18.9,16.7,87,1012,1.5,240,0
1985,5,29,5,24,10,23,19.4,17.2,87,1013,1.5,220,0
1985,5,29,6,160,214,97,23.9,18.3,71,1014,3.1,200,0
1985,5,29,7,362,328,199,25.6,18.9,67,1014,4.1,200,0
1985,5,29,8,378,178,257,27.2,18.9,60,1014,5.2,210,0
1985,5,29,9,383,58,335,28.3,19.4,59,1014,5.2,200,0
1985,5,29,10,610,122,496,29.4,18.3,51,1014,6.2,230,0
1985,5,29,11,728,333,401,30.6,17.8,46,1013,4.6,230,0
1985,5,29,12,778,345,439,30.6,17.8,46,1012,4.6,190,0
1985,5,29,13,796,469,362,30.6,18.3,48,1012,6.7,230,0
1985,5,29,14,718,470,333,30,18.3,50,1011,6.7,180,0
1985,5,29,15,457,239,297,30,18.3,50,1011,5.7,200,0
1985,5,29,16,326,272,194,28.9,18.3,53,1011,6.2,210,0
1985,5,29,17,136,96,109,28.3,18.3,55,1011,5.7,220,0
1985,5,29,18,27,13,25,26.7,18.9,63,1011,4.6,220,0
1985,5,29,19,0,0,0,24.4,18.9,71,1012,3.6,200,0
1985,5,29,20,0,0,0,24.4,18.9,71,1012,4.6,190,0
1985,5,29,21,0,0,0,23.9,18.9,74,1013,4.6,190,0
1985,5,29,22,0,0,0,22.8,18.9,79,1012,3.6,210,0
1985,5,29,23,0,0,0,22.2,18.9,82,1012,3.1,230,0
1985,5,30,0,0,0,0,21.7,18.9,84,1012,2.1,190,0
1985,5,30,1,0,0,0,22.2,18.9,82,1012,2.6,200,0
1985,5,30,2,0,0,0,21.7,18.9,84,1012,3.1,210,0
1985,5,30,3,0,0,0,21.7,18.9,84,1012,3.1,200,0
1985,5,30,4,0,0,0,22.2,18.9,82,1012,2.6,180,0
1985,5,30,5,29,4,28,22.8,19.4,82,1012,2.6,190,0
1985,5,30,6,147,129,109,25,20,74,1013,3.6,190,0
1985,5,30,7,345,283,204,26.7,19.4,65,1013,5.2,190,0
1985,5,30,8,553,424,265,27.2,19.4,63,1013,6.2,220,0
1985,5,30,9,540,247,336,28.3,18.9,57,1013,5.2,210,0
1985,5,30,10,627,233,409,30,18.9,51,1013,5.7,230,0
1985,5,30,11,902,536,375,30.6,18.3,48,1013,6.2,220,0
1985,5,30,12,899,567,342,31.7,17.8,44,1012,6.7,190,0
1985,5,30,13,792,424,399,31.1,18.9,48,1011,6.2,200,0
1985,5,30,14,733,480,339,31.1,18.3,47,1011,5.7,220,0
1985,5,30,15,527,390,266,31.1,20,52,1011,4.6,210,0
1985,5,30,16,315,248,194,30,20,55,1010,5.2,210,0
1985,5,30,17,141,153,98,28.9,19.4,57,1011,5.2,210,0
1985,5,30,18,34,9,33,27.2,19.4,63,1011,4.6,200,0
1985,5,30,19,0,0,0,25.6,19.4,69,1011,5.2,200,0
1985,5,30,20,0,0,0,24.4,20,76,1012,4.1,210,0
1985,5,30,21,0,0,0,23.9,20,79,1013,4.1,200,0
1985,5,30,22,0,0,0,23.3,20,82,1013,3.6,210,0
1985,5,30,23,0,0,0,22.8,20,84,1013,3.6,200,0
1985,5,31,0,0,0,0,23.3,19.4,79,1012,5.2,200,0
1985,5,31,1,0,0,0,23.3,19.4,79,1011,4.6,190,0
1985,5,31,2,0,0,0,22.8,20.6,87,1012,4.6,200,0
1985,5,31,3,0,0,0,23.3,20.6,85,1012,4.1,200,0
1985,5,31,4,0,0,0,22.8,20,84,1013,3.6,220,0
1985,5,31,5,49,219,26,23.3,20.6,85,1013,3.6,200,0
1985,5,31,6,226,585,52,25,20.6,76,1013,5.2,220,0
1985,5,31,7,321,188,227,26.7,20.6,69,1014,6.2,220,0
1985,5,31,8,299,176,179,27.8,21.1,67,1014,5.7,230,0
1985,5,31,9,460,250,254,29.4,20.6,59,1015,6.2,230,0
1985,5,31,10,825,677,194,30.6,20.6,55,1014,7.2,250,0
1985,5,31,11,1006,902,119,31.1,20.6,53,1014,6.7,230,0
1985,5,31,12,994,891,119,31.7,20.6,52,1013,7.7,250,0
1985,5,31,13,937,887,115,32.8,20.6,49,1012,7.7,240,0
1985,5,31,14,814,862,106,32.8,21.1,50,1012,6.2,250,0
1985,5,31,15,639,815,93,32.2,21.1,52,1011,5.7,250,0
1985,5,31,16,433,736,74,31.1,21.1,55,1011,5.7,220,0
1985,5,31,17,214,574,51,30,21.7,61,1011,4.6,220,0
1985,5,31,18,45,196,24,27.1,21,69,1012,5,214,0
1985,5,31,19,0,0,0,25.1,20.9,77,1012,4.4,200,0
1985,5,31,20,0,0,0,24,20.7,81,1012,4.3,195,0
1985,5,31,21,0,0,0,23.5,20.6,84,1013,4.2,181,0
1985,5,31,22,0,0,0,23.1,20.5,85,1013,4.4,179,0
1985,5,31,23,0,0,0,22.8,20.4,86,1013,4.1,179,0
1968,6,1,0,0,0,0,22.7,20.1,85,1013,3.7,171,0
1968,6,1,1,0,0,0,22.5,20,86,1013,3.4,162,0
1968,6,1,2,0,0,0,20.8,18.9,88,1013,2.7,121,0
1968,6,1,3,0,0,0,20.8,19.1,90,1014,1.7,75,0
1968,6,1,4,0,0,0,19.2,17.7,91,1014,1.8,107,0
1968,6,1,5,41,78,32,19.4,18.2,92,1015,1.4,119,0
1968,6,1,6,195,384,81,25,21.1,79,1015,2.6,170,0
1968,6,1,7,409,577,120,26.7,21.7,74,1016,1.5,190,0
1968,6,1,8,626,687,158,27.8,21.7,69,1016,4.1,170,0
1968,6,1,9,746,703,165,28.3,20.6,62,1016,4.6,200,0
1968,6,1,10,885,694,238,29.4,21.1,61,1015,3.6,130,0
1968,6,1,11,921,654,277,30,21.7,61,1015,2.1,50,0
1968,6,1,12,912,715,209,30.6,22.2,61,1014,4.1,50,0
1968,6,1,13,820,576,285,28.9,20.6,61,1014,4.1,200,0
1968,6,1,14,501,225,316,28.9,20.6,61,1014,2.1,300,0
1968,6,1,15,231,5,227,27.2,20,64,1015,2.6,300,0
1968,6,1,16,230,129,166,24.4,20,76,1014,2.6,150,0
1968,6,1,17,97,69,78,26.1,21.7,76,1014,2.1,190,0
1968,6,1,18,37,40,33,25.6,21.1,76,1014,3.6,150,0
1968,6,1,19,0,0,0,24.4,21.1,81,1014,2.1,120,0
1968,6,1,20,0,0,0,24.4,21.1,81,1015,3.1,120,0
1968,6,1,21,0,0,0,23.9,20,79,1015,3.1,140,0
1968,6,1,22,0,0,0,22.8,19.4,81,1015,2.1,120,0
1968,6,1,23,0,0,0,22.8,19.4,81,1015,3.1,140,0
1968,6,2,0,0,0,0,22.8,20,84,1014,2.6,160,0
1968,6,2,1,0,0,0,21.1,18.9,87,1014,1.5,110,0
1968,6,2,2,0,0,0,17.8,17.2,97,1014,0,0,0
1968,6,2,3,0,0,0,17.8,17.2,97,1014,0,0,0
1968,6,2,4,0,0,0,17.2,16.1,93,1014,0,0,0
1968,6,2,5,43,118,31,17.8,17.2,97,1015,1,320,0
1968,6,2,6,210,459,73,23.9,21.1,84,1015,2.1,280,0
1968,6,2,7,426,628,112,26.1,21.1,74,1016,1.5,220,0
1968,6,2,8,588,607,175,26.7,21.1,71,1015,1,190,0
1968,6,2,9,751,653,211,28.3,20.6,62,1015,1.5,180,0
1968,6,2,10,873,734,190,29.4,22.2,65,1014,3.1,10,0
1968,6,2,11,902,645,267,29.4,22.2,65,1014,3.6,10,0
1968,6,2,12,871,561,319,29.4,22.2,65,1014,3.1,360,0
1968,6,2,13,820,661,208,30.6,22.2,61,1013,3.6,40,0
1968,6,2,14,710,592,223,30.6,22.2,61,1013,4.1,30,0
1968,6,2,15,394,348,160,30.6,22.2,61,1012,3.6,20,0
1968,6,2,16,286,269,154,28.9,20.6,61,1012,3.6,130,0
1968,6,2,17,127,113,95,28.3,20.6,62,1012,4.1,170,0
1968,6,2,18,31,15,29,27.2,20.6,67,1012,4.1,160,0
1968,6,2,19,0,0,0,25,21.1,79,1013,2.1,240,0
1968,6,2,20,0,0,0,23.9,20.6,81,1013,2.6,120,0
1968,6,2,21,0,0,0,22.2,20,87,1013,1,100,0
1968,6,2,22,0,0,0,21.1,19.4,90,1013,1.5,290,0
1968,6,2,23,0,0,0,21.1,19.4,90,1013,0,0,0
1968,6,3,0,0,0,0,20,19.4,97,1012,2.1,280,0
1968,6,3,1,0,0,0,20,19.4,97,1012,0,0,0
1968,6,3,2,0,0,0,19.4,18.3,93,1012,0,0,0
1968,6,3,3,0,0,0,19.4,18.3,93,1012,2.6,280,0
1968,6,3,4,0,0,0,20,19.4,97,1012,0,0,0
1968,6,3,5,38,36,34,19.4,18.3,93,1012,0,0,0
1968,6,3,6,186,301,96,26.1,22.8,81,1013,2.1,360,0
1968,6,3,7,398,496,150,27.8,22.2,71,1013,3.1,10,0
1968,6,3,8,610,611,194,28.3,21.7,67,1013,3.6,10,0
1968,6,3,9,788,681,224,29.4,21.7,63,1012,4.1,50,0
1968,6,3,10,913,720,242,30.6,21.1,57,1012,3.1,40,0
1968,6,3,11,977,737,252,31.1,18.3,47,1012,3.1,40,0
1968,6,3,12,870,633,247,31.7,20.6,52,1011,4.1,340,0
1968,6,3,13,864,675,236,32.8,21.7,52,1011,4.1,350,0
1968,6,3,14,779,676,222,32.2,20,48,1010,2.6,50,0
1968,6,3,15,604,610,192,32.2,19.4,47,1010,1.5,250,0
1968,6,3,16,391,492,148,30.6,21.1,57,1009,2.6,240,0
1968,6,3,17,180,296,94,29.4,20,57,1009,2.6,250,0
1968,6,3,18,36,31,33,26.7,20.6,69,1010,2.6,290,0
1968,6,3,19,0,0,0,25,20.6,76,1010,1.5,270,0
1968,6,3,20,0,0,0,23.9,20.6,81,1010,2.1,270,0
1968,6,3,21,0,0,0,23.3,20,81,1010,2.1,290,0
1968,6,3,22,0,0,0,22.8,20,84,1010,3.1,290,0
1968,6,3,23,0,0,0,23.9,20,79,1010,2.6,350,0
1968,6,4,0,0,0,0,23.3,20,81,1010,2.6,320,0
1968,6,4,1,0,0,0,21.7,19.4,87,1009,1.5,320,0
1968,6,4,2,0,0,0,23.9,20.6,81,1009,3.1,20,0
1968,6,4,3,0,0,0,22.8,20,84,1009,2.6,10,0
1968,6,4,4,0,0,0,23.9,20.6,81,1009,3.1,30,0
1968,6,4,5,46,145,30,25,21.1,79,1010,2.6,30,0
1968,6,4,6,215,497,66,27.2,22.2,74,1010,3.6,360,0
1968,6,4,7,434,678,95,28.3,22.2,69,1010,3.6,30,0
1968,6,4,8,641,766,119,29.4,22.8,67,1010,3.6,20,0
1968,6,4,9,812,816,136,30.6,23.3,65,1010,3.1,350,0
1968,6,4,10,935,848,146,31.1,22.2,59,1010,4.1,350,0
1968,6,4,11,1003,866,151,31.7,20,50,1010,2.6,10,0
1968,6,4,12,996,859,151,33.9,22.2,50,1009,2.1,360,0
1968,6,4,13,796,702,144,33.9,22.2,50,1009,2.6,360,0
1968,6,4,14,761,772,125,34.4,21.7,47,1008,4.1,360,0
1968,6,4,15,611,671,158,33.9,21.7,49,1008,2.6,330,0
1968,6,4,16,364,439,147,31.7,22.2,57,1007,1.5,330,0
1968,6,4,17,117,134,78,28.3,21.7,67,1007,2.6,320,0
1968,6,4,18,39,99,29,26.1,21.7,76,1008,2.6,280,0
1968,6,4,19,0,0,0,23.9,21.1,84,1008,0,0,0
1968,6,4,20,0,0,0,23.3,21.1,87,1009,2.6,250,0
1968,6,4,21,0,0,0,23.9,20.6,81,1009,2.1,250,0
1968,6,4,22,0,0,0,23.9,21.1,84,1009,1.5,280,0
1968,6,4,23,0,0,0,24.4,20.6,79,1009,2.1,240,0
1968,6,5,0,0,0,0,24.4,21.1,81,1009,1,140,0
1968,6,5,1,0,0,0,23.9,21.7,87,1009,1,120,0
1968,6,5,2,0,0,0,23.9,22.2,91,1009,3.1,20,0
1968,6,5,3,0,0,0,23.3,21.1,87,1009,1,50,0
1968,6,5,4,0,0,0,23.9,21.7,87,1010,2.6,360,0
1968,6,5,5,11,1,11,23.9,22.8,94,1010,3.6,70,0
1968,6,5,6,72,1,72,27.2,22.8,76,1011,4.1,40,0
1968,6,5,7,289,129,225,28.9,22.2,67,1011,4.1,40,0
1968,6,5,8,589,650,146,29.4,23.3,69,1011,3.1,50,0
1968,6,5,9,761,719,166,30.6,23.3,65,1011,3.6,60,0
1968,6,5,10,760,618,184,31.1,24.4,67,1011,4.6,30,0
1968,6,5,11,736,371,370,30.6,23.3,65,1011,4.1,70,0
1968,6,5,12,190,2,188,24.4,20,76,1010,3.1,110,0
1968,6,5,13,277,2,275,24.4,20.6,79,1010,3.6,240,0
1968,6,5,14,309,5,305,25,21.1,79,1010,4.1,230,0
1968,6,5,15,309,9,303,25.6,21.7,79,1010,1,190,0
1968,6,5,16,178,39,159,26.7,22.2,76,1010,1,340,0
1968,6,5,17,151,97,123,25.6,22.2,81,1010,2.6,330,0
1968,6,5,18,38,63,31,23.9,20.6,81,1010,1,260,0
1968,6,5,19,0,0,0,23.3,20.6,84,1010,0,0,0
1968,6,5,20,0,0,0,21.7,20,90,1011,0,0,0
1968,6,5,21,0,0,0,21.1,20,94,1011,1,250,0
1968,6,5,22,0,0,0,22.2,20.6,90,1011,0,0,0
1968,6,5,23,0,0,0,21.1,19.4,90,1011,1,70,0
1968,6,6,0,0,0,0,21.1,19.4,90,1010,1,210,0
1968,6,6,1,0,0,0,21.7,19.4,87,1010,1.5,100,0
1968,6,6,2,0,0,0,21.1,19.4,90,1010,2.1,80,0
1968,6,6,3,0,0,0,21.7,20,90,1010,0,0,0
1968,6,6,4,0,0,0,21.1,19.4,90,1011,1,150,0
1968,6,6,5,45,162,28,22.2,20,87,1011,1,60,0
1968,6,6,6,202,473,60,26.7,22.8,79,1012,2.6,100,0
1968,6,6,7,419,653,92,27.8,23.3,77,1012,3.1,140,0
1968,6,6,8,589,636,156,28.9,22.2,67,1012,3.1,110,0
1968,6,6,9,771,749,151,29.4,21.1,61,1012,4.1,160,0
1968,6,6,10,902,796,160,30.6,22.2,61,1012,2.6,160,0
1968,6,6,11,945,764,192,30.6,21.7,59,1012,1.5,290,0
1968,6,6,12,421,6,414,31.1,22.8,61,1011,4.6,40,0
1968,6,6,13,444,12,433,27.8,21.1,67,1011,6.2,160,0
1968,6,6,14,567,316,306,29.4,22.2,65,1010,5.2,130,0
1968,6,6,15,605,743,102,29.4,22.2,65,1010,5.2,160,0
1968,6,6,16,402,592,108,28.9,22.8,69,1010,4.1,190,0
1968,6,6,17,206,490,61,27.8,20.6,64,1009,2.6,190,0
1968,6,6,18,29,31,26,26.7,21.7,74,1010,2.6,210,0
1968,6,6,19,0,0,0,25.6,22.2,81,1010,2.6,220,0
1968,6,6,20,0,0,0,25.6,21.1,76,1010,3.1,190,0
1968,6,6,21,0,0,0,25,20.6,76,1010,1.5,210,0
1968,6,6,22,0,0,0,25,20.6,76,1010,2.6,210,0
1968,6,6,23,0,0,0,23.9,20.6,81,1010,1,360,0
1968,6,7,0,0,0,0,23.3,20.6,84,1010,1,230,0
1968,6,7,1,0,0,0,23.9,21.7,87,1010,1.5,270,0
1968,6,7,2,0,0,0,23.3,21.1,87,1010,1,220,0
1968,6,7,3,0,0,0,22.8,21.1,90,1011,1,310,0
1968,6,7,4,0,0,0,22.2,21.1,94,1011,0,0,0
1968,6,7,5,38,3,37,23.3,21.7,90,1011,1,250,0
1968,6,7,6,185,263,106,26.1,22.8,81,1012,1.5,200,0
1968,6,7,7,410,564,128,27.8,23.3,77,1012,2.6,190,0
1968,6,7,8,615,624,190,30,23.3,67,1012,2.6,290,0
1968,6,7,9,698,528,261,30,22.8,65,1012,2.6,240,0
1968,6,7,10,828,579,288,31.1,23.3,63,1012,3.1,300,0
1968,6,7,11,898,616,291,30.6,23.3,65,1011,2.6,320,0
1968,6,7,12,736,340,402,28.9,21.7,65,1011,5.7,300,0
1968,6,7,13,831,564,306,30.6,22.8,63,1011,2.6,340,0
1968,6,7,14,670,496,260,31.7,20.6,52,1011,3.1,220,0
1968,6,7,15,459,267,277,28.3,21.1,65,1010,4.1,260,0
1968,6,7,16,283,189,189,29.4,22.2,65,1011,3.1,230,0
1968,6,7,17,130,126,93,28.9,21.1,63,1011,2.1,310,0
1968,6,7,18,35,49,29,26.7,22.8,79,1011,1,20,0
1968,6,7,19,0,0,0,25,21.7,81,1011,1,250,0
1968,6,7,20,0,0,0,23.9,21.1,84,1012,1.5,280,0
1968,6,7,21,0,0,0,24.4,22.2,87,1012,1.5,340,0
1968,6,7,22,0,0,0,23.9,21.7,87,1012,1,290,0
1968,6,7,23,0,0,0,22.8,21.1,90,1012,1.5,280,0
1968,6,8,0,0,0,0,22.8,21.1,90,1011,0,0,0
1968,6,8,1,0,0,0,22.8,21.1,90,1011,2.1,200,0
1968,6,8,2,0,0,0,22.8,20.6,87,1011,1,160,0
1968,6,8,3,0,0,0,21.7,20,90,1011,0,0,0
1968,6,8,4,0,0,0,21.1,20,94,1011,0,0,0
1968,6,8,5,46,178,28,21.7,20.6,94,1012,0,0,0
1968,6,8,6,220,531,60,26.1,22.8,81,1013,3.1,230,0
1968,6,8,7,436,697,87,27.8,22.8,74,1014,3.6,240,0
1968,6,8,8,595,639,160,29.4,23.3,69,1014,3.6,210,0
1968,6,8,9,638,501,224,30,21.7,61,1014,3.6,240,0
1968,6,8,10,824,576,287,30.6,21.1,57,1014,3.1,220,0
1968,6,8,11,921,702,229,30.6,22.2,61,1014,3.6,210,0
1968,6,8,12,893,678,225,32.2,22.8,57,1013,3.6,270,0
1968,6,8,13,878,712,216,31.1,21.7,57,1012,3.1,200,0
1968,6,8,14,605,360,307,30.6,21.7,59,1012,3.1,200,0
1968,6,8,15,588,612,172,27.8,22.2,71,1012,4.1,120,0
1968,6,8,16,388,453,161,25.6,20,71,1012,8.2,160,0
1968,6,8,17,131,53,116,25.6,20.6,74,1012,5.2,180,0
1968,6,8,18,17,7,16,22.8,21.1,90,1013,4.1,200,0
1968,6,8,19,0,0,0,23.3,21.7,90,1013,4.1,280,0
1968,6,8,20,0,0,0,23.3,21.1,87,1013,3.6,200,0
1968,6,8,21,0,0,0,23.3,21.1,87,1014,3.1,180,0
1968,6,8,22,0,0,0,22.2,20.6,90,1014,2.1,240,0
1968,6,8,23,0,0,0,22.8,20,84,1013,1,220,0
1968,6,9,0,0,0,0,22.8,20.6,87,1013,2.1,220,0
1968,6,9,1,0,0,0,22.8,21.1,90,1013,2.1,210,0
1968,6,9,2,0,0,0,22.2,21.1,94,1013,0,0,0
1968,6,9,3,0,0,0,21.7,20.6,94,1013,0,0,0
1968,6,9,4,0,0,0,21.7,20.6,94,1014,0,0,0
1968,6,9,5,36,13,34,22.8,21.1,90,1014,0,0,0
1968,6,9,6,174,219,108,26.7,23.3,82,1015,0,0,0
1968,6,9,7,379,404,177,28.3,23.3,74,1016,0,0,0
1968,6,9,8,538,330,313,28.9,22.8,69,1016,2.1,250,0
1968,6,9,9,625,333,349,30,22.8,65,1016,2.6,190,0
1968,6,9,10,711,400,338,30.6,23.3,65,1015,3.1,160,0
1968,6,9,11,924,572,360,31.1,22.8,61,1015,4.1,170,0
1968,6,9,12,923,615,316,31.7,21.7,55,1015,2.1,130,0
1968,6,9,13,898,619,322,31.1,22.8,61,1014,4.6,220,0
1968,6,9,14,630,338,350,31.1,22.2,59,1013,3.6,220,0
1968,6,9,15,553,422,266,31.7,22.8,59,1013,4.1,250,0
1968,6,9,16,356,360,176,30.6,22.2,61,1013,2.1,210,0
1968,6,9,17,155,163,106,29.4,23.3,69,1013,1.5,230,0
1968,6,9,18,30,12,29,27.8,22.8,74,1013,3.6,230,0
1968,6,9,19,0,0,0,26.7,22.8,79,1013,2.6,160,0
1968,6,9,20,0,0,0,26.7,23.3,82,1013,2.1,200,0
1968,6,9,21,0,0,0,26.1,23.3,85,1014,1.5,210,0
1968,6,9,22,0,0,0,25.6,23.3,88,1014,2.6,220,0
1968,6,9,23,0,0,0,25.6,22.8,84,1014,2.6,210,0
1968,6,10,0,0,0,0,25,22.8,87,1013,2.1,200,0
1968,6,10,1,0,0,0,25,22.8,87,1013,2.6,200,0
1968,6,10,2,0,0,0,25,22.8,87,1013,2.1,220,0
1968,6,10,3,0,0,0,23.3,21.7,90,1014,0,0,0
1968,6,10,4,0,0,0,22.8,21.7,94,1014,0,0,0
1968,6,10,5,41,92,31,23.9,22.8,94,1014,0,0,0
1968,6,10,6,202,417,77,27.8,24.4,82,1014,1,190,0
1968,6,10,7,399,555,121,28.9,23.3,72,1015,1.5,240,0
1968,6,10,8,550,529,190,30.6,23.9,67,1015,2.1,200,0
1968,6,10,9,574,393,249,30,23.3,67,1015,2.1,200,0
1968,6,10,10,860,606,296,31.1,23.3,63,1015,0,0,0
1968,6,10,11,968,739,240,31.7,24.4,66,1014,2.6,70,0
1968,6,10,12,977,780,209,33.3,24.4,59,1014,1.5,360,0
1968,6,10,13,822,622,242,31.7,22.8,59,1013,1,180,0
1968,6,10,14,739,567,269,32.2,24.4,64,1013,5.2,200,0
1968,6,10,15,582,582,186,31.7,24.4,66,1013,5.2,200,0
1968,6,10,16,401,565,117,31.1,24.4,67,1012,4.6,240,0
1968,6,10,17,207,406,84,29.4,23.3,69,1012,3.1,230,0
1968,6,10,18,48,71,40,27.8,23.3,77,1012,2.6,220,0
1968,6,10,19,0,0,0,27.2,23.3,79,1012,2.6,210,0
1968,6,10,20,0,0,0,27.2,23.9,82,1013,3.6,210,0
1968,6,10,21,0,0,0,26.7,23.3,82,1013,3.1,230,0
1968,6,10,22,0,0,0,25.6,23.3,88,1014,1.5,230,0
1968,6,10,23,0,0,0,25,23.3,91,1014,3.1,250,0
1968,6,11,0,0,0,0,25,23.3,91,1013,0,0,0
1968,6,11,1,0,0,0,24.4,22.8,91,1013,2.6,280,0
1968,6,11,2,0,0,0,24.4,22.8,91,1013,0,0,0
1968,6,11,3,0,0,0,23.9,22.2,91,1013,0,0,0
1968,6,11,4,0,0,0,23.9,22.2,91,1013,1.5,220,0
1968,6,11,5,35,6,34,25,23.3,91,1014,1.5,260,0
1968,6,11,6,164,162,116,27.2,25,88,1014,3.1,280,0
1968,6,11,7,334,264,202,28.9,24.4,77,1014,4.1,250,0
1968,6,11,8,481,298,278,30,23.9,69,1014,2.6,280,0
1968,6,11,9,730,497,318,31.7,23.9,64,1014,2.6,300,0
1968,6,11,10,671,201,483,32.2,25,66,1014,2.6,350,0
1968,6,11,11,919,540,387,31.7,25,68,1014,2.1,360,0
1968,6,11,12,831,417,420,32.8,23.9,59,1013,2.6,270,0
1968,6,11,13,742,355,411,31.7,23.3,61,1012,4.6,250,0
1968,6,11,14,575,220,393,33.3,23.3,56,1012,3.6,250,0
1968,6,11,15,467,291,269,32.8,23.9,59,1011,4.6,260,0
1968,6,11,16,332,235,214,32.8,23.3,57,1011,3.1,280,0
1968,6,11,17,143,78,119,31.1,22.8,61,1012,3.6,260,0
1968,6,11,18,31,1,30,29.4,24.4,74,1012,3.1,250,0
1968,6,11,19,0,0,0,28.3,24.4,79,1013,2.6,30,0
1968,6,11,20,0,0,0,27.8,23.9,79,1013,1.5,70,0
1968,6,11,21,0,0,0,26.1,23.3,85,1014,1,30,0
1968,6,11,22,0,0,0,24.4,22.8,91,1014,0,0,0
1968,6,11,23,0,0,0,26.1,23.3,85,1014,2.1,80,0
1968,6,12,0,0,0,0,25.6,22.2,81,1013,1,110,0
1968,6,12,1,0,0,0,23.3,21.7,90,1013,0,0,0
1968,6,12,2,0,0,0,23.9,22.2,91,1013,0,0,0
1968,6,12,3,0,0,0,23.3,21.7,90,1013,1.5,240,0
1968,6,12,4,0,0,0,24.4,22.8,91,1014,1,250,0
1968,6,12,5,31,21,29,26.1,24.4,91,1014,3.1,280,0
1968,6,12,6,153,156,107,27.8,25,85,1015,3.6,290,0
1968,6,12,7,407,560,127,30,25.6,77,1015,3.1,300,0
1968,6,12,8,591,617,172,31.7,26.1,72,1015,4.1,280,0
1968,6,12,9,718,637,191,31.7,25,68,1015,4.1,290,0
1968,6,12,10,879,722,206,31.7,25,68,1014,7.2,270,0
1968,6,12,11,943,801,153,32.2,22.8,57,1014,4.6,260,0
1968,6,12,12,516,104,413,32.2,23.9,61,1013,5.2,270,0
1968,6,12,13,827,606,262,32.2,24.4,64,1013,5.7,210,0
1968,6,12,14,344,29,320,30.6,23.9,67,1012,6.7,240,0
1968,6,12,15,236,3,234,28.9,22.2,67,1011,6.7,250,0
1968,6,12,16,166,29,151,28.3,22.2,69,1014,3.1,300,0
1968,6,12,17,55,6,54,22.2,19.4,84,1016,5.7,360,0
1968,6,12,18,11,2,11,22.2,20,87,1015,4.6,330,0
1968,6,12,19,0,0,0,22.8,20.6,87,1014,1.5,280,0
1968,6,12,20,0,0,0,21.7,19.4,87,1014,3.1,280,0
1968,6,12,21,0,0,0,21.7,19.4,87,1014,3.1,280,0
1968,6,12,22,0,0,0,22.2,20,87,1014,3.1,250,0
1968,6,12,23,0,0,0,21.7,20,90,1014,2.1,270,0
1968,6,13,0,0,0,0,21.1,19.4,90,1014,2.6,300,0
1968,6,13,1,0,0,0,21.1,19.4,90,1014,3.1,250,0
1968,6,13,2,0,0,0,21.1,19.4,90,1014,3.6,290,0
1968,6,13,3,0,0,0,21.7,19.4,87,1014,3.6,290,0
1968,6,13,4,0,0,0,21.1,19.4,90,1014,3.1,250,0
1968,6,13,5,32,53,27,22.2,19.4,84,1015,3.6,300,0
1968,6,13,6,195,361,87,23.9,21.1,84,1015,3.1,300,0
1968,6,13,7,408,552,133,27.2,21.7,71,1015,4.6,350,0
1968,6,13,8,619,661,169,27.8,21.7,69,1015,3.1,20,0
1968,6,13,9,787,716,195,28.9,23.3,72,1015,4.1,360,0
1968,6,13,10,910,752,210,29.4,23.3,69,1015,2.1,40,0
1968,6,13,11,980,773,218,31.1,23.3,63,1015,3.6,30,0
1968,6,13,12,981,773,218,31.1,22.8,61,1014,4.1,20,0
1968,6,13,13,923,763,211,32.8,19.4,45,1014,3.1,70,0
1968,6,13,14,801,730,195,32.8,20,47,1013,2.6,50,0
1968,6,13,15,629,670,170,33.3,17.8,39,1013,1.5,20,0
1968,6,13,16,418,564,134,32.8,17.8,41,1012,2.6,360,0
1968,6,13,17,201,370,88,31.1,22.2,59,1012,1.5,320,0
1968,6,13,18,35,58,28,27.2,22.2,74,1012,1,350,0
1968,6,13,19,0,0,0,24.4,21.1,81,1013,1,300,0
1968,6,13,20,0,0,0,23.9,20.6,81,1013,0,0,0
1968,6,13,21,0,0,0,23.9,20.6,81,1013,0,0,0
1968,6,13,22,0,0,0,24.4,20.6,79,1013,1,150,0
1968,6,13,23,0,0,0,22.8,20.6,87,1013,0,0,0
1968,6,14,0,0,0,0,22.2,20.6,90,1013,0,0,0
1968,6,14,1,0,0,0,21.1,20,94,1013,0,0,0
1968,6,14,2,0,0,0,21.1,19.4,90,1013,1,20,0
1968,6,14,3,0,0,0,19.4,18.3,93,1013,1.5,260,0
1968,6,14,4,0,0,0,20,18.3,90,1014,0,0,0
1968,6,14,5,37,11,36,22.8,20.6,87,1014,0,0,0
1968,6,14,6,168,193,110,27.8,23.3,77,1015,2.1,290,0
1968,6,14,7,374,382,183,29.4,22.2,65,1015,3.6,50,0
1968,6,14,8,586,507,242,30.6,21.1,57,1016,3.1,30,0
1968,6,14,9,762,579,283,31.1,20.6,53,1016,3.6,30,0
1968,6,14,10,892,625,309,32.2,20,48,1016,5.2,60,0
1968,6,14,11,962,650,322,32.8,17.8,41,1015,4.6,50,0
1968,6,14,12,967,654,322,33.3,17.2,38,1015,4.1,40,0
1968,6,14,13,900,632,310,33.3,17.2,38,1015,3.1,20,0
1968,6,14,14,774,589,284,33.3,18.9,42,1014,4.6,40,0
1968,6,14,15,594,507,247,33.3,19.4,44,1014,5.2,20,0
1968,6,14,16,385,390,188,32.2,17.8,42,1014,4.1,140,0
1968,6,14,17,177,208,113,31.1,18.9,48,1014,4.1,170,0
1968,6,14,18,31,11,30,29.4,20,57,1014,4.1,140,0
1968,6,14,19,0,0,0,27.8,20,62,1014,3.6,150,0
1968,6,14,20,0,0,0,27.2,20.6,67,1015,4.1,140,0
1968,6,14,21,0,0,0,26.7,21.7,74,1016,3.6,140,0
1968,6,14,22,0,0,0,26.7,22.2,76,1016,4.1,160,0
1968,6,14,23,0,0,0,25.6,21.7,79,1015,3.1,140,0
1968,6,15,0,0,0,0,25,21.7,81,1015,3.1,160,0
1968,6,15,1,0,0,0,23.3,21.1,87,1016,2.1,220,0
1968,6,15,2,0,0,0,21.7,20,90,1016,0,0,0
1968,6,15,3,0,0,0,21.7,20,90,1017,0,0,0
1968,6,15,4,0,0,0,21.7,20.6,94,1017,0,0,0
1968,6,15,5,40,69,33,23.3,21.7,90,1018,0,0,0
1968,6,15,6,185,346,82,27.8,24.4,82,1018,2.6,100,0
1968,6,15,7,364,437,146,30,23.9,69,1019,1.5,50,0
1968,6,15,8,590,560,210,30,22.8,65,1019,1.5,140,0
1968,6,15,9,748,628,230,30,23.3,67,1018,2.1,90,0
1968,6,15,10,865,691,222,31.1,23.9,65,1018,3.6,70,0
1968,6,15,11,895,642,262,31.7,23.9,64,1017,5.2,30,0
1968,6,15,12,400,13,388,30,21.7,61,1017,10.3,80,0
1968,6,15,13,420,92,333,27.2,21.7,71,1017,1.5,170,0
1968,6,15,14,531,304,277,28.9,22.8,69,1017,1.5,220,0
1968,6,15,15,330,157,223,30.6,22.8,63,1016,5.2,160,0
1968,6,15,16,305,244,181,30,22.8,65,1016,4.6,160,0
1968,6,15,17,134,78,110,29.4,22.8,67,1016,4.1,170,0
1968,6,15,18,34,18,32,27.8,21.7,69,1017,4.1,170,0
1968,6,15,19,0,0,0,26.7,21.7,74,1017,2.1,110,0
1968,6,15,20,0,0,0,26.1,21.1,74,1017,2.1,120,0
1968,6,15,21,0,0,0,25.6,21.7,79,1018,2.1,120,0
1968,6,15,22,0,0,0,25.6,22.2,81,1018,2.6,140,0
1968,6,15,23,0,0,0,23.9,21.7,87,1018,0,0,0
1968,6,16,0,0,0,0,22.2,21.1,94,1017,0,0,0
1968,6,16,1,0,0,0,22.2,21.1,94,1017,1,310,0
1968,6,16,2,0,0,0,22.2,21.1,94,1017,0,0,0
1968,6,16,3,0,0,0,21.7,20.6,94,1017,0,0,0
1968,6,16,4,0,0,0,21.7,21.1,97,1017,0,0,0
1968,6,16,5,43,160,26,23.3,21.7,90,1017,0,0,0
1968,6,16,6,191,428,63,27.8,23.9,79,1018,1.5,80,0
1968,6,16,7,407,646,85,29.4,23.3,69,1018,2.1,160,0
1968,6,16,8,605,684,140,28.9,23.3,72,1018,3.1,140,0
1968,6,16,9,619,465,234,30,22.8,65,1018,2.6,120,0
1968,6,16,10,678,470,240,31.1,23.3,63,1018,2.6,100,0
1968,6,16,11,864,525,346,30.6,22.8,63,1017,2.6,30,0
1968,6,16,12,1033,808,235,26.7,21.1,71,1017,2.1,280,0
1968,6,16,13,330,134,205,24.4,21.1,81,1017,5.2,190,0
1968,6,16,14,601,417,254,24.4,20.6,79,1016,3.6,230,0
1968,6,16,15,372,85,314,26.1,22.2,79,1016,3.6,230,0
1968,6,16,16,184,5,182,27.2,22.2,74,1016,2.6,190,0
1968,6,16,17,83,20,77,26.7,22.8,79,1016,2.1,200,0
1968,6,16,18,20,1,20,25.6,22.8,84,1016,0,0,0
1968,6,16,19,0,0,0,25,22.8,87,1016,1.5,270,0
1968,6,16,20,0,0,0,25,22.8,87,1017,0,0,0
1968,6,16,21,0,0,0,24.4,22.2,87,1016,2.1,90,0
1968,6,16,22,0,0,0,24.4,22.2,87,1016,0,0,0
1968,6,16,23,0,0,0,23.9,22.2,91,1016,1,290,0
1968,6,17,0,0,0,0,23.3,21.7,90,1015,0,0,0
1968,6,17,1,0,0,0,22.2,21.1,94,1015,0,0,0
1968,6,17,2,0,0,0,21.7,20,90,1015,1,350,0
1968,6,17,3,0,0,0,21.1,20,94,1015,0,0,0
1968,6,17,4,0,0,0,21.7,20.6,94,1015,0,0,0
1968,6,17,5,39,121,26,22.8,21.7,94,1015,0,0,0
1968,6,17,6,209,472,69,27.8,23.3,77,1016,0,0,0
1968,6,17,7,402,579,113,28.9,22.8,69,1016,1,40,0
1968,6,17,8,603,616,186,30,23.3,67,1015,2.1,30,0
1968,6,17,9,664,493,257,27.8,23.3,77,1015,2.6,30,0
1968,6,17,10,742,538,242,30.6,22.8,63,1015,2.6,20,0
1968,6,17,11,828,542,293,30.6,22.8,63,1014,2.1,90,0
1968,6,17,12,824,566,265,31.1,22.8,61,1014,0,0,0
1968,6,17,13,161,2,160,21.7,19.4,87,1015,5.2,260,0
1968,6,17,14,177,11,168,22.2,20.6,90,1015,1.5,70,0
1968,6,17,15,126,0,126,22.8,21.1,90,1014,0,0,0
1968,6,17,16,98,8,94,23.9,22.2,91,1013,1,50,0
1968,6,17,17,49,0,49,24.4,22.2,87,1013,2.1,220,0
1968,6,17,18,36,1,36,23.9,22.2,91,1013,1.5,300,0
1968,6,17,19,0,0,0,22.8,21.7,94,1014,0,0,0
1968,6,17,20,0,0,0,22.8,21.7,94,1014,0,0,0
1968,6,17,21,0,0,0,23.3,21.7,90,1014,0,0,0
1968,6,17,22,0,0,0,22.8,21.1,90,1014,0,0,0
1968,6,17,23,0,0,0,23.3,21.7,90,1014,0,0,0
1968,6,18,0,0,0,0,22.8,21.1,90,1013,0,0,0
1968,6,18,1,0,0,0,22.2,21.1,94,1013,0,0,0
1968,6,18,2,0,0,0,21.7,20.6,94,1013,0,0,0
1968,6,18,3,0,0,0,21.1,20,94,1014,1.5,310,0
1968,6,18,4,0,0,0,22.2,20.6,90,1014,0,0,0
1968,6,18,5,26,0,26,23.3,21.7,90,1014,0,0,0
1968,6,18,6,130,94,102,27.2,24.4,85,1014,3.1,50,0
1968,6,18,7,234,57,206,27.2,22.8,76,1014,1.5,110,0
1968,6,18,8,444,230,288,29.4,23.3,69,1015,2.1,80,0
1968,6,18,9,635,237,439,29.4,22.2,65,1015,2.1,180,0
1968,6,18,10,496,143,363,29.4,23.3,69,1015,3.1,150,0
1968,6,18,11,502,47,455,30.6,23.3,65,1015,1.5,330,0
1968,6,18,12,581,136,446,29.4,22.8,67,1014,5.2,40,0
1968,6,18,13,742,405,363,26.1,22.2,79,1014,4.1,100,0
1968,6,18,14,624,346,336,27.8,22.8,74,1014,3.1,100,0
1968,6,18,15,272,1,271,26.7,22.2,76,1014,1.5,260,0
1968,6,18,16,141,4,139,27.2,22.8,76,1013,2.6,200,0
1968,6,18,17,79,2,78,27.8,22.8,74,1014,3.6,250,0
1968,6,18,18,30,0,30,25.6,22.2,81,1014,2.6,270,0
1968,6,18,19,0,0,0,24.4,22.2,87,1015,1.5,40,0
1968,6,18,20,0,0,0,23.3,21.7,90,1015,1.5,250,0
1968,6,18,21,0,0,0,23.3,21.7,90,1015,0,0,0
1968,6,18,22,0,0,0,22.8,21.1,90,1015,1,350,0
1968,6,18,23,0,0,0,22.8,21.1,90,1015,1,40,0
1968,6,19,0,0,0,0,22.2,20.6,90,1014,1,60,0
1968,6,19,1,0,0,0,22.2,21.1,94,1014,1,60,0
1968,6,19,2,0,0,0,21.7,20,90,1014,1,330,0
1968,6,19,3,0,0,0,21.7,20.6,94,1014,0,0,0
1968,6,19,4,0,0,0,22.2,20.6,90,1014,0,0,0
1968,6,19,5,46,65,39,22.8,21.1,90,1015,1,60,0
1968,6,19,6,194,266,115,27.2,23.3,79,1015,2.1,80,0
1968,6,19,7,392,474,156,28.9,23.3,72,1015,2.6,80,0
1968,6,19,8,456,225,304,28.9,23.9,74,1015,2.6,50,0
1968,6,19,9,709,574,236,30,23.3,67,1016,3.1,30,0
1968,6,19,10,835,606,271,28.3,23.3,74,1016,2.1,90,0
1968,6,19,11,381,112,271,23.3,20.6,84,1016,4.6,60,0
1968,6,19,12,752,405,352,30,23.9,69,1015,3.1,330,0
1968,6,19,13,622,260,379,30.6,22.8,63,1014,2.1,310,0
1968,6,19,14,383,77,318,30.6,22.8,63,1013,2.1,320,0
1968,6,19,15,297,5,293,30.6,22.2,61,1013,2.1,300,0
1968,6,19,16,178,3,177,30,22.8,65,1013,2.1,310,0
1968,6,19,17,85,11,82,28.9,23.3,72,1014,2.1,290,0
1968,6,19,18,21,2,21,26.7,23.9,85,1014,2.1,310,0
1968,6,19,19,0,0,0,25.6,22.2,81,1015,2.1,290,0
1968,6,19,20,0,0,0,25,22.2,84,1015,2.6,290,0
1968,6,19,21,0,0,0,26.7,21.7,74,1016,4.6,20,0
1968,6,19,22,0,0,0,26.1,21.1,74,1016,4.1,50,0
1968,6,19,23,0,0,0,25,21.1,79,1015,3.1,60,0
1968,6,20,0,0,0,0,23.9,20.6,81,1014,1.5,90,0
1968,6,20,1,0,0,0,23.3,20.6,84,1014,2.6,240,0
1968,6,20,2,0,0,0,22.8,20.6,87,1014,2.1,230,0
1968,6,20,3,0,0,0,22.8,21.1,90,1014,1.5,330,0
1968,6,20,4,0,0,0,22.8,21.1,90,1014,1.5,330,0
1968,6,20,5,28,0,28,23.3,21.7,90,1015,1.5,340,0
1968,6,20,6,81,2,80,26.1,23.3,85,1016,2.6,20,0
1968,6,20,7,168,3,167,26.1,23.3,85,1016,4.1,50,0
1968,6,20,8,269,3,267,26.1,22.8,81,1016,4.1,20,0
1968,6,20,9,342,1,341,27.2,22.8,76,1016,3.6,40,0
1968,6,20,10,431,0,431,28.9,23.3,72,1016,3.6,40,0
1968,6,20,11,456,0,455,28.9,23.3,72,1016,3.6,20,0
1968,6,20,12,453,0,453,28.3,22.8,72,1015,3.1,10,0
1968,6,20,13,463,0,463,28.9,23.3,72,1015,2.6,330,0
1968,6,20,14,395,1,394,29.4,23.3,69,1015,1.5,60,0
1968,6,20,15,309,0,308,28.3,22.8,72,1014,2.1,190,0
1968,6,20,16,214,0,214,27.8,22.8,74,1014,3.6,230,0
1968,6,20,17,111,0,110,27.2,23.3,79,1014,2.6,270,0
1968,6,20,18,36,0,36,26.1,22.8,81,1014,0,0,0
1968,6,20,19,0,0,0,25.6,22.8,84,1014,2.1,240,0
1968,6,20,20,0,0,0,25,22.2,84,1015,1.5,260,0
1968,6,20,21,0,0,0,25,22.2,84,1015,1.5,240,0
1968,6,20,22,0,0,0,24.4,22.2,87,1015,0,0,0
1968,6,20,23,0,0,0,24.4,22.2,87,1014,2.1,260,0
1968,6,21,0,0,0,0,24.4,21.7,84,1014,2.6,280,0
1968,6,21,1,0,0,0,24.4,21.7,84,1013,1,50,0
1968,6,21,2,0,0,0,23.9,21.7,87,1013,1,240,0
1968,6,21,3,0,0,0,23.3,21.7,90,1013,1,50,0
1968,6,21,4,0,0,0,23.9,21.1,84,1013,2.1,280,0
1968,6,21,5,28,0,28,23.9,21.7,87,1013,0,0,0
1968,6,21,6,149,146,106,27.2,22.8,76,1014,1,40,0
1968,6,21,7,199,73,163,28.3,23.3,74,1014,2.1,50,0
1968,6,21,8,267,7,262,27.8,22.8,74,1014,3.1,80,0
1968,6,21,9,390,9,382,27.8,23.3,77,1014,3.1,70,0
1968,6,21,10,531,164,379,28.9,23.3,72,1014,3.1,100,0
1968,6,21,11,315,12,303,29.4,22.8,67,1014,2.6,70,0
1968,6,21,12,446,99,349,29.4,22.8,67,1014,2.6,110,0
1968,6,21,13,257,13,245,25.6,18.9,67,1014,4.6,170,0
1968,6,21,14,192,10,183,24.4,21.7,84,1013,4.1,200,0
1968,6,21,15,147,2,145,25,22.2,84,1013,5.7,180,0
1968,6,21,16,194,4,191,25.6,21.7,79,1013,5.2,190,0
1968,6,21,17,109,2,108,25.6,21.7,79,1014,2.6,210,0
1968,6,21,18,24,1,24,24.4,21.7,84,1014,1.5,230,0
1968,6,21,19,0,0,0,24.4,21.7,84,1015,0,0,0
1968,6,21,20,0,0,0,23.3,21.7,90,1016,1,360,0
1968,6,21,21,0,0,0,23.3,21.7,90,1015,1.5,90,0
1968,6,21,22,0,0,0,22.8,21.1,90,1015,2.6,50,0
1968,6,21,23,0,0,0,23.3,21.1,87,1014,1,50,0
1968,6,22,0,0,0,0,23.9,21.7,87,1014,2.1,120,0
1968,6,22,1,0,0,0,23.9,21.7,87,1014,2.1,100,0
1968,6,22,2,0,0,0,24.4,21.7,84,1014,1.5,110,0
1968,6,22,3,0,0,0,24.4,21.7,84,1014,2.1,90,0
1968,6,22,4,0,0,0,22.8,21.1,90,1014,2.1,60,0
1968,6,22,5,29,1,29,23.9,22.2,91,1015,0,0,0
1968,6,22,6,52,9,49,26.1,22.8,81,1016,2.1,80,0
1968,6,22,7,186,16,178,26.7,23.3,82,1016,2.6,100,0
1968,6,22,8,208,0,208,28.3,23.3,74,1016,3.1,120,0
1968,6,22,9,393,8,387,28.9,22.8,69,1016,3.6,130,0
1968,6,22,10,374,8,367,26.7,21.1,71,1017,7.7,190,0
1968,6,22,11,378,2,376,26.1,22.2,79,1016,1.5,50,0
1968,6,22,12,374,1,374,28.3,22.2,69,1016,3.1,180,0
1968,6,22,13,406,2,403,29.4,22.2,65,1016,2.1,120,0
1968,6,22,14,429,85,358,30.6,23.3,65,1016,3.1,10,0
1968,6,22,15,223,10,216,28.9,23.3,72,1016,4.6,10,0
1968,6,22,16,155,6,152,28.9,23.3,72,1015,6.2,60,0
1968,6,22,17,56,2,56,25.6,21.7,79,1015,3.1,80,0
1968,6,22,18,22,0,22,25,22.2,84,1016,0,0,0
1968,6,22,19,1,0,1,24.4,22.2,87,1016,1.5,60,0
1968,6,22,20,0,0,0,25,22.2,84,1017,2.1,120,0
1968,6,22,21,0,0,0,24.4,22.2,87,1017,1.5,120,0
1968,6,22,22,0,0,0,24.4,22.2,87,1016,0,0,0
1968,6,22,23,0,0,0,23.3,21.7,90,1016,1,20,0
1968,6,23,0,0,0,0,23.3,21.7,90,1016,0,0,0
1968,6,23,1,0,0,0,22.8,21.1,90,1016,0,0,0
1968,6,23,2,0,0,0,23.3,21.7,90,1015,2.6,90,0
1968,6,23,3,0,0,0,23.9,21.7,87,1015,2.1,100,0
1968,6,23,4,0,0,0,22.8,21.1,90,1015,2.6,70,0
1968,6,23,5,43,27,40,24.4,22.8,91,1016,1,150,0
1968,6,23,6,192,284,108,27.8,24.4,82,1016,2.6,110,0
1968,6,23,7,377,432,163,29.4,24.4,74,1017,4.6,110,0
1968,6,23,8,585,597,182,30,23.3,67,1017,4.6,160,0
1968,6,23,9,681,512,259,31.1,24.4,67,1017,4.6,160,0
1968,6,23,10,633,228,421,30,23.9,69,1017,2.6,110,0
1968,6,23,11,580,229,355,32.2,23.3,59,1016,5.2,160,0
1968,6,23,12,363,2,361,32.8,22.8,55,1016,5.7,160,0
1968,6,23,13,313,2,311,32.2,23.9,61,1015,6.7,180,0
1968,6,23,14,288,4,285,31.1,23.3,63,1015,3.6,120,0
1968,6,23,15,312,2,310,31.7,23.9,64,1015,3.6,120,0
1968,6,23,16,180,6,177,30.6,23.3,65,1015,4.6,150,0
1968,6,23,17,87,1,87,30,23.3,67,1015,4.1,150,0
1968,6,23,18,28,0,28,28.9,23.3,72,1015,3.1,140,0
1968,6,23,19,1,0,1,27.8,23.3,77,1015,3.6,130,0
1968,6,23,20,0,0,0,27.2,23.3,79,1016,3.1,110,0
1968,6,23,21,0,0,0,27.2,23.3,79,1016,3.6,110,0
1968,6,23,22,0,0,0,27.2,23.3,79,1015,4.6,130,0
1968,6,23,23,0,0,0,27.2,23.3,79,1015,4.6,140,0
1968,6,24,0,0,0,0,26.7,23.3,82,1014,4.1,140,0
1968,6,24,1,0,0,0,26.7,23.3,82,1014,4.1,140,0
1968,6,24,2,0,0,0,26.7,23.3,82,1014,2.6,130,0
1968,6,24,3,0,0,0,26.1,23.3,85,1015,2.6,130,0
1968,6,24,4,0,0,0,26.1,23.3,85,1015,3.1,160,0
1968,6,24,5,27,8,26,26.1,23.3,85,1015,2.6,110,0
1968,6,24,6,112,87,87,27.8,23.9,79,1016,3.6,140,0
1968,6,24,7,316,290,173,30,24.4,72,1016,4.6,140,0
1968,6,24,8,538,462,227,30,24.4,72,1016,5.2,130,0
1968,6,24,9,661,534,222,31.1,24.4,67,1016,6.7,160,0
1968,6,24,10,801,632,213,32.2,24.4,64,1016,6.2,160,0
1968,6,24,11,1016,817,212,32.8,24.4,61,1016,7.2,160,0
1968,6,24,12,910,665,253,32.2,23.9,61,1016,7.7,180,0
1968,6,24,13,872,685,230,32.2,23.9,61,1015,7.2,160,0
1968,6,24,14,733,617,217,32.2,23.9,61,1015,6.7,160,0
1968,6,24,15,602,616,176,31.1,23.9,65,1014,6.2,180,0
1968,6,24,16,426,609,113,31.1,23.3,63,1014,4.1,190,0
1968,6,24,17,206,281,118,30.6,22.8,63,1014,5.2,180,0
1968,6,24,18,32,16,30,28.9,22.8,69,1014,5.2,180,0
1968,6,24,19,1,0,1,27.8,23.3,77,1015,2.6,190,0
1968,6,24,20,0,0,0,27.2,23.3,79,1015,3.1,190,0
1968,6,24,21,0,0,0,27.2,23.9,82,1015,3.1,150,0
1968,6,24,22,0,0,0,27.8,23.3,77,1015,4.1,190,0
1968,6,24,23,0,0,0,27.2,23.3,79,1015,4.1,180,0
1968,6,25,0,0,0,0,27.2,23.9,82,1014,4.1,180,0
1968,6,25,1,0,0,0,27.2,23.9,82,1014,4.6,200,0
1968,6,25,2,0,0,0,27.2,23.9,82,1014,3.6,190,0
1968,6,25,3,0,0,0,27.2,23.3,79,1014,3.1,180,0
1968,6,25,4,0,0,0,27.2,23.9,82,1015,3.1,180,0
1968,6,25,5,33,11,32,27.8,23.9,79,1015,2.6,150,0
1968,6,25,6,152,171,102,28.9,24.4,77,1015,3.1,180,0
1968,6,25,7,351,360,174,30,25,74,1015,5.7,170,0
1968,6,25,8,544,438,249,30.6,24.4,69,1015,6.2,170,0
1968,6,25,9,670,401,341,31.7,23.3,61,1016,6.7,190,0
1968,6,25,10,809,515,332,31.7,23.9,64,1015,5.7,180,0
1968,6,25,11,903,563,349,32.8,23.9,59,1015,6.7,180,0
1968,6,25,12,888,599,296,32.8,24.4,61,1014,5.7,200,0
1968,6,25,13,679,295,403,32.2,23.3,59,1014,5.2,200,0
1968,6,25,14,743,504,321,32.2,23.9,61,1014,5.2,210,0
1968,6,25,15,562,460,244,32.8,23.9,59,1013,5.7,220,0
1968,6,25,16,368,342,193,31.7,23.9,64,1013,4.6,210,0
1968,6,25,17,187,177,132,30.6,24.4,69,1013,6.2,210,0
1968,6,25,18,48,4,47,28.9,23.9,74,1013,4.1,210,0
1968,6,25,19,0,0,0,28.3,24.4,79,1013,4.1,210,0
1968,6,25,20,0,0,0,27.8,24.4,82,1013,5.7,190,0
1968,6,25,21,0,0,0,27.2,23.9,82,1014,4.1,210,0
1968,6,25,22,0,0,0,27.2,23.9,82,1013,5.2,200,0
1968,6,25,23,0,0,0,27.2,23.9,82,1013,2.6,200,0
1968,6,26,0,0,0,0,26.1,23.3,85,1013,2.6,210,0
1968,6,26,1,0,0,0,26.1,23.3,85,1013,3.1,230,0
1968,6,26,2,0,0,0,26.1,23.3,85,1013,2.6,240,0
1968,6,26,3,0,0,0,25.6,22.8,84,1013,2.6,220,0
1968,6,26,4,0,0,0,25.6,23.3,88,1013,2.6,190,0
1968,6,26,5,35,27,32,26.1,23.3,85,1013,2.1,230,0
1968,6,26,6,181,267,103,27.8,24.4,82,1014,4.1,220,0
1968,6,26,7,279,64,247,29.4,25,77,1014,5.2,260,0
1968,6,26,8,569,574,183,30,24.4,72,1014,5.2,270,0
1968,6,26,9,676,494,270,31.1,23.9,65,1014,5.7,300,0
1968,6,26,10,126,4,122,26.1,22.2,79,1015,5.2,250,0
1968,6,26,11,860,628,242,29.4,24.4,74,1014,2.1,290,0
1968,6,26,12,912,769,152,30.6,23.3,65,1013,4.1,200,0
1968,6,26,13,875,769,154,31.7,23.9,64,1012,5.2,220,0
1968,6,26,14,747,604,242,31.1,23.9,65,1011,5.2,200,0
1968,6,26,15,568,581,166,32.2,22.8,57,1011,6.7,230,0
1968,6,26,16,369,405,161,31.7,22.2,57,1011,5.2,240,0
1968,6,26,17,221,448,80,30.6,22.2,61,1011,4.6,240,0
1968,6,26,18,44,117,31,28.3,22.2,69,1012,4.1,240,0
1968,6,26,19,0,0,0,27.8,21.7,69,1012,4.1,230,0
1968,6,26,20,0,0,0,26.7,22.2,76,1013,3.1,250,0
1968,6,26,21,0,0,0,25,22.2,84,1014,1.5,250,0
1968,6,26,22,0,0,0,24.4,21.7,84,1014,2.6,280,0
1968,6,26,23,0,0,0,24.4,21.7,84,1014,2.6,290,0
1968,6,27,0,0,0,0,24.4,21.7,84,1014,3.1,280,0
1968,6,27,1,0,0,0,24.4,21.7,84,1013,3.1,300,0
1968,6,27,2,0,0,0,24.4,21.7,84,1014,3.6,290,0
1968,6,27,3,0,0,0,23.9,20,79,1014,3.6,350,0
1968,6,27,4,0,0,0,23.3,18.9,76,1015,5.2,360,0
1968,6,27,5,30,1,30,23.3,18.3,73,1015,3.1,360,0
1968,6,27,6,83,36,73,23.9,17.2,66,1015,4.1,10,0
1968,6,27,7,202,40,183,25,17.2,62,1016,4.1,30,0
1968,6,27,8,504,297,304,26.1,17.2,58,1016,4.1,50,0
1968,6,27,9,540,243,340,27.2,17.8,56,1016,4.1,20,0
1968,6,27,10,614,184,443,27.8,17.8,54,1016,4.6,360,0
1968,6,27,11,681,271,415,28.9,18.3,53,1015,4.1,360,0
1968,6,27,12,943,634,316,30,17.8,48,1015,2.6,340,0
1968,6,27,13,857,643,254,30.6,18.3,48,1014,3.1,290,0
1968,6,27,14,754,601,252,30.6,17.8,46,1014,2.6,360,0
1968,6,27,15,608,582,205,30.6,17.8,46,1013,2.6,20,0
1968,6,27,16,408,480,160,30,17.2,46,1013,3.1,340,0
1968,6,27,17,199,302,104,29.4,17.8,49,1013,1,320,0
1968,6,27,18,43,41,39,26.7,16.7,54,1013,1.5,270,0
1968,6,27,19,1,0,1,22.8,16.7,69,1013,2.6,280,0
1968,6,27,20,0,0,0,21.7,16.1,71,1014,3.1,280,0
1968,6,27,21,0,0,0,20,16.1,78,1015,1.5,320,0
1968,6,27,22,0,0,0,18.9,16.1,83,1015,0,0,0
1968,6,27,23,0,0,0,18.3,16.1,87,1015,1,290,0
1968,6,28,0,0,0,0,17.8,15.6,87,1014,2.1,350,0
1968,6,28,1,0,0,0,18.3,16.1,87,1014,1,310,0
1968,6,28,2,0,0,0,17.8,15.6,87,1015,1,320,0
1968,6,28,3,0,0,0,17.8,15.6,87,1015,0,0,0
1968,6,28,4,0,0,0,17.2,14.4,83,1015,1,360,0
1968,6,28,5,39,83,30,19.4,15.6,78,1016,1,270,0
1968,6,28,6,195,421,74,25,18.3,66,1016,2.1,90,0
1968,6,28,7,413,616,112,27.2,15.6,49,1016,2.6,90,0
1968,6,28,8,622,716,142,28.9,16.7,48,1017,1,70,0
1968,6,28,9,795,771,163,28.9,17.8,51,1016,3.6,210,0
1968,6,28,10,921,803,176,31.1,20,52,1016,3.1,10,0
1968,6,28,11,992,822,183,30.6,18.3,48,1016,2.1,110,0
1968,6,28,12,1003,830,183,31.1,16.1,40,1016,1.5,200,0
1968,6,28,13,941,814,178,31.7,16.7,40,1015,3.1,180,0
1968,6,28,14,820,782,165,32.2,17.2,41,1015,5.2,250,0
1968,6,28,15,647,724,145,32.2,19.4,47,1014,3.1,240,0
1968,6,28,16,440,628,116,31.7,20,50,1014,3.1,180,0
1968,6,28,17,223,455,79,31.1,21.1,55,1014,3.1,130,0
1968,6,28,18,49,126,35,28.3,20,60,1014,0,0,0
1968,6,28,19,1,0,1,27.2,22.2,74,1015,1.5,200,0
1968,6,28,20,0,0,0,27.2,22.2,74,1015,3.1,210,0
1968,6,28,21,0,0,0,26.7,22.2,76,1016,2.6,200,0
1968,6,28,22,0,0,0,26.1,22.2,79,1016,2.6,210,0
1968,6,28,23,0,0,0,26.1,22.8,81,1016,2.6,210,0
1968,6,29,0,0,0,0,24.4,21.7,84,1016,0,0,0
1968,6,29,1,0,0,0,23.3,21.1,87,1016,0,0,0
1968,6,29,2,0,0,0,23.9,22.2,91,1016,0,0,0
1968,6,29,3,0,0,0,22.8,21.1,90,1016,0,0,0
1968,6,29,4,0,0,0,22.2,21.1,94,1017,0,0,0
1968,6,29,5,37,66,30,23.9,22.2,91,1017,0,0,0
1968,6,29,6,190,389,78,27.8,24.4,82,1017,2.6,170,0
1968,6,29,7,378,470,148,29.4,24.4,74,1018,4.1,180,0
1968,6,29,8,567,585,175,30.6,24.4,69,1018,4.1,170,0
1968,6,29,9,719,670,170,32.2,24.4,64,1018,3.6,190,0
1968,6,29,10,943,768,231,32.2,23.9,61,1018,4.1,190,0
1968,6,29,11,918,653,274,32.8,23.9,59,1017,3.1,200,0
1968,6,29,12,786,516,275,32.8,25,64,1017,4.1,170,0
1968,6,29,13,520,117,410,32.2,24.4,64,1017,4.1,150,0
1968,6,29,14,709,459,324,32.8,23.9,59,1016,6.2,170,0
1968,6,29,15,357,88,296,26.7,21.7,74,1018,3.1,260,0
1968,6,29,16,257,111,200,26.1,22.2,79,1017,1,220,0
1968,6,29,17,181,126,141,26.7,22.2,76,1017,2.1,200,0
1968,6,29,18,27,20,25,26.7,22.2,76,1017,4.1,140,0
1968,6,29,19,0,0,0,27.2,22.2,74,1017,3.6,180,0
1968,6,29,20,0,0,0,27.2,22.8,76,1018,3.6,190,0
1968,6,29,21,0,0,0,27.2,23.3,79,1018,2.1,200,0
1968,6,29,22,0,0,0,26.1,22.8,81,1019,1.5,230,0
1968,6,29,23,0,0,0,26.1,23.3,85,1018,2.6,180,0
1968,6,30,0,0,0,0,25,22.2,84,1018,0,0,0
1968,6,30,1,0,0,0,23.3,21.1,87,1018,0,0,0
1968,6,30,2,0,0,0,23.3,21.7,90,1018,0,0,0
1968,6,30,3,0,0,0,23.3,21.7,90,1018,0,0,0
1968,6,30,4,0,0,0,22.8,21.1,90,1019,0,0,0
1968,6,30,5,36,44,32,23.9,22.2,91,1019,0,0,0
1968,6,30,6,184,341,87,28.3,23.9,77,1020,0,0,0
1968,6,30,7,355,398,161,29.4,23.9,72,1020,1,270,0
1968,6,30,8,570,560,196,30,23.9,69,1020,2.1,160,0
1968,6,30,9,772,727,177,31.7,20.6,52,1020,1,160,0
1968,6,30,10,866,681,234,31.7,23.9,64,1020,1.5,70,0
1968,6,30,11,924,666,269,31.7,24.4,66,1020,2.1,350,0
1968,6,30,12,1009,711,306,31.1,23.9,65,1019,4.6,190,0
1968,6,30,13,799,508,322,30.6,25,72,1019,2.1,350,0
1968,6,30,14,542,326,269,33.3,22.8,54,1018,4.1,160,0
1968,6,30,15,334,82,277,27.2,21.7,71,1019,7.2,140,0
1968,6,30,16,351,296,198,27.2,23.3,79,1019,2.1,260,0
1968,6,30,17,140,128,100,28.3,23.9,77,1018,3.1,140,0
1968,6,30,18,38,44,33,27.6,23.6,78,1018,2.7,155,0
1968,6,30,19,1,0,1,25.8,23.2,85,1018,0.1,36,0
1968,6,30,20,0,0,0,25.6,22.3,81,1017,1,174,0
1968,6,30,21,0,0,0,24.4,22.3,88,1016,0.1,71,0
1968,6,30,22,0,0,0,23.9,21.9,88,1016,0.2,89,0
1968,6,30,23,0,0,0,23.7,21.7,88,1015,0.2,107,0
1966,7,1,0,0,0,0,23.3,21.4,89,1014,0.3,143,0
1966,7,1,1,0,0,0,23,21.2,89,1013,0.5,164,0
1966,7,1,2,0,0,0,22.7,20.9,89,1012,0.8,187,0
1966,7,1,3,0,0,0,22.4,20.6,89,1011,1,214,0
1966,7,1,4,0,0,0,21.9,20.2,89,1011,1.1,236,0
1966,7,1,5,31,33,28,21.4,19.7,89,1011,1.3,266,0
1966,7,1,6,173,324,81,23.7,20.5,82,1010,2.2,320,0
1966,7,1,7,374,480,140,26.3,21.5,75,1011,2.9,350,0
1966,7,1,8,572,615,161,28.9,22.2,67,1011,3.6,20,0
1966,7,1,9,779,724,187,29.5,22.5,66,1011,3.9,20,0
1966,7,1,10,903,756,203,30,23,66,1011,4.3,30,0
1966,7,1,11,977,779,211,30.6,23.3,65,1011,4.6,30,0
1966,7,1,12,904,615,297,30.8,23.2,64,1011,4.6,30,0
1966,7,1,13,901,685,258,30.9,23.3,64,1010,4.6,40,0
1966,7,1,14,679,503,257,31.1,23.3,63,1010,4.6,40,0
1966,7,1,15,490,380,226,30.5,22.9,64,1010,4.4,90,0
1966,7,1,16,352,360,166,30,23,66,1010,4.3,140,0
1966,7,1,17,186,118,148,29.4,22.8,67,1010,4.1,190,0
1966,7,1,18,38,25,36,27.9,22.2,71,1010,3.4,210,0
1966,7,1,19,0,0,0,26.5,21.7,75,1010,2.8,240,0
1966,7,1,20,0,0,0,25,21.1,79,1011,2.1,260,0
1966,7,1,21,0,0,0,23.9,20.8,83,1011,2.1,300,0
1966,7,1,22,0,0,0,22.8,20.3,86,1011,2.1,350,0
1966,7,1,23,0,0,0,21.7,20,90,1011,2.1,30,0
1966,7,2,0,0,0,0,21.9,20,89,1011,2.1,340,0
1966,7,2,1,0,0,0,22,19.9,88,1011,2.1,290,0
1966,7,2,2,0,0,0,22.2,20,87,1011,2.1,240,0
1966,7,2,3,0,0,0,21.8,19.6,87,1011,1.4,250,0
1966,7,2,4,0,0,0,21.5,19.3,87,1011,0.7,250,0
1966,7,2,5,31,19,29,21.1,18.9,87,1012,0,0,0
1966,7,2,6,165,231,99,23.7,20.1,80,1012,0.9,270,0
1966,7,2,7,402,553,133,26.3,21.3,74,1012,1.7,270,0
1966,7,2,8,566,582,177,28.9,22.2,67,1013,2.6,280,0
1966,7,2,9,750,676,197,29.8,22.3,64,1013,2.4,270,0
1966,7,2,10,851,677,224,30.8,22.7,62,1013,2.3,260,0
1966,7,2,11,897,672,236,31.7,22.8,59,1013,2.1,250,0
1966,7,2,12,795,423,376,29.5,22.2,65,1013,2.4,280,0
1966,7,2,13,664,320,363,27.2,21.3,70,1012,2.8,320,0
1966,7,2,14,347,8,341,25,20.6,76,1012,3.1,350,0
1966,7,2,15,299,80,243,25.6,20.9,75,1012,2.9,320,0
1966,7,2,16,253,120,191,26.1,21.3,75,1012,2.8,300,0
1966,7,2,17,141,21,134,26.7,21.7,74,1012,2.6,270,0
1966,7,2,18,43,28,40,25,21.1,79,1012,1.7,260,0
1966,7,2,19,0,0,0,23.4,20.7,85,1013,0.9,240,0
1966,7,2,20,0,0,0,21.7,20,90,1013,0,0,0
1966,7,2,21,0,0,0,21.9,20.2,90,1013,0.3,210,0
1966,7,2,22,0,0,0,22,20.3,90,1013,0.7,200,0
1966,7,2,23,0,0,0,22.2,20.6,90,1014,1,180,0
1966,7,3,0,0,0,0,21.8,19.9,89,1014,0.7,160,0
1966,7,3,1,0,0,0,21.5,19.4,88,1014,0.3,140,0
1966,7,3,2,0,0,0,21.1,18.9,87,1014,0,0,0
1966,7,3,3,0,0,0,21.1,18.9,87,1014,0.5,100,0
1966,7,3,4,0,0,0,21.1,18.9,87,1014,1,80,0
1966,7,3,5,37,35,33,21.1,18.9,87,1015,1.5,60,0
1966,7,3,6,169,257,96,23.7,20.5,82,1015,2.4,100,0
1966,7,3,7,330,376,148,26.3,22,77,1015,3.2,140,0
1966,7,3,8,361,109,288,28.9,23.3,72,1016,4.1,180,0
1966,7,3,9,480,161,348,28.9,22.9,70,1016,4.1,190,0
1966,7,3,10,687,316,395,28.9,22.6,69,1015,4.1,200,0
1966,7,3,11,602,191,414,28.9,22.2,67,1015,4.1,210,0
1966,7,3,12,532,81,452,29.5,22.2,65,1015,3.8,190,0
1966,7,3,13,546,160,396,30,22.2,63,1015,3.4,180,0
1966,7,3,14,375,68,319,30.6,22.2,61,1014,3.1,160,0
1966,7,3,15,299,96,232,28.9,22.2,67,1014,3.1,190,0
1966,7,3,16,233,104,179,27.3,22,73,1014,3.1,210,0
1966,7,3,17,158,156,109,25.6,21.7,79,1014,3.1,240,0
1966,7,3,18,25,3,25,25.2,21.9,82,1014,2.9,200,0
1966,7,3,19,0,0,0,24.8,21.9,84,1014,2.8,150,0
1966,7,3,20,0,0,0,24.4,22.2,87,1015,2.6,110,0
1966,7,3,21,0,0,0,23.9,21.8,88,1015,1.7,100,0
1966,7,3,22,0,0,0,23.3,21.4,89,1015,0.9,90,0
1966,7,3,23,0,0,0,22.8,21.1,90,1015,0,0,0
1966,7,4,0,0,0,0,22.6,20.7,89,1015,0.3,80,0
1966,7,4,1,0,0,0,22.4,20.3,88,1015,0.7,70,0
1966,7,4,2,0,0,0,22.2,20,87,1015,1,60,0
1966,7,4,3,0,0,0,22.2,19.9,87,1015,1,70,0
1966,7,4,4,0,0,0,22.2,19.9,87,1015,1,70,0
1966,7,4,5,29,8,28,22.2,20,87,1015,1,80,0
1966,7,4,6,127,96,100,24.8,21.5,82,1015,1.5,110,0
1966,7,4,7,277,187,186,27.4,23,77,1016,2.1,130,0
1966,7,4,8,516,481,195,30,24.4,72,1016,2.6,160,0
1966,7,4,9,634,419,293,30.4,24.1,69,1016,3.5,170,0
1966,7,4,10,581,211,385,30.7,23.6,66,1015,4.3,180,0
1966,7,4,11,378,93,287,31.1,23.3,63,1015,5.2,190,0
1966,7,4,12,545,105,441,28.9,22.9,70,1015,4.2,150,0
1966,7,4,13,367,6,362,26.6,22.5,78,1015,3.1,100,0
1966,7,4,14,212,35,183,24.4,21.7,85,1015,2.1,60,0
1966,7,4,15,204,6,200,24.8,22.1,85,1015,2.1,60,0
1966,7,4,16,243,37,224,25.2,22.5,85,1014,2.1,70,0
1966,7,4,17,101,24,93,25.6,22.8,85,1014,2.1,70,0
1966,7,4,18,35,12,34,24.7,22.4,87,1014,1.9,70,0
1966,7,4,19,0,0,0,23.7,21.6,88,1015,1.7,70,0
1966,7,4,20,0,0,0,22.8,21.1,90,1015,1.5,70,0
1966,7,4,21,0,0,0,22.6,20.9,90,1015,1.3,80,0
1966,7,4,22,0,0,0,22.4,20.7,90,1015,1.2,90,0
1966,7,4,23,0,0,0,22.2,20.6,90,1015,1,100,0
1966,7,5,0,0,0,0,22.4,20.5,89,1014,0.7,110,0
1966,7,5,1,0,0,0,22.6,20.5,88,1014,0.3,120,0
1966,7,5,2,0,0,0,22.8,20.6,87,1014,0,0,0
1966,7,5,3,0,0,0,22.8,20.5,87,1014,0,0,0
1966,7,5,4,0,0,0,22.8,20.5,87,1014,0,0,0
1966,7,5,5,25,3,25,22.8,20.6,87,1015,0,0,0
1966,7,5,6,129,55,114,25,21.7,82,1015,0.7,170,0
1966,7,5,7,241,125,181,27.2,22.8,77,1015,1.4,180,0
1966,7,5,8,375,106,305,29.4,23.9,72,1015,2.1,190,0
1966,7,5,9,392,70,335,27,22.6,77,1015,1.9,220,0
1966,7,5,10,422,7,416,24.6,21.3,82,1016,1.7,260,0
1966,7,5,11,216,10,206,22.2,20,87,1016,1.5,290,0
1966,7,5,12,703,237,469,24.1,21.2,84,1016,2,250,0
1966,7,5,13,725,322,423,25.9,22.2,80,1015,2.6,210,0
1966,7,5,14,678,383,357,27.8,23.3,77,1015,3.1,170,0
1966,7,5,15,453,157,343,27.4,23.4,79,1015,3.4,170,0
1966,7,5,16,288,151,210,27.1,23.4,80,1015,3.8,180,0
1966,7,5,17,97,20,91,26.7,23.3,82,1015,4.1,180,0
1966,7,5,18,43,1,43,26.3,23.4,84,1014,3.8,180,0
1966,7,5,19,1,0,1,26,23.5,86,1014,3.4,170,0
1966,7,5,20,0,0,0,25.6,23.3,88,1014,3.1,170,0
1966,7,5,21,0,0,0,25.2,23.3,89,1014,2.8,170,0
1966,7,5,22,0,0,0,24.8,22.9,89,1014,2.4,170,0
1966,7,5,23,0,0,0,24.4,22.8,90,1014,2.1,170,0
1966,7,6,0,0,0,0,24.4,22.7,90,1014,2.1,200,0
1966,7,6,1,0,0,0,24.4,22.7,90,1014,2.1,240,0
1966,7,6,2,0,0,0,24.4,22.8,90,1015,2.1,270,0
1966,7,6,3,0,0,0,24.2,22.3,89,1015,1.7,240,0
1966,7,6,4,0,0,0,24.1,22,88,1015,1.4,220,0
1966,7,6,5,13,1,13,23.9,21.7,87,1015,1,190,0
1966,7,6,6,114,2,113,25.2,22.5,85,1016,1.5,210,0
1966,7,6,7,155,0,155,26.5,23.6,84,1016,2.1,230,0
1966,7,6,8,244,6,240,27.8,24.4,82,1017,2.6,250,0
1966,7,6,9,278,73,219,28.5,24.1,77,1016,2.8,250,0
1966,7,6,10,485,151,346,29.3,24,73,1016,2.9,240,0
1966,7,6,11,514,184,333,30,23.3,68,1016,3.1,240,0
1966,7,6,12,468,117,352,30.4,23.6,67,1016,2.9,230,0
1966,7,6,13,508,73,439,30.7,23.9,67,1015,2.8,210,0
1966,7,6,14,316,9,308,31.1,23.9,66,1015,2.6,200,0
1966,7,6,15,244,8,238,30.5,23.4,66,1014,2.4,210,0
1966,7,6,16,269,60,237,30,23.2,67,1014,2.3,210,0
1966,7,6,17,122,26,113,29.4,22.8,67,1013,2.1,220,0
1966,7,6,18,37,7,37,27.9,22.8,74,1013,1.4,220,0
1966,7,6,19,0,0,0,26.5,22.8,80,1014,0.7,230,0
1966,7,6,20,0,0,0,25,22.8,87,1014,0,0,0
1966,7,6,21,0,0,0,25.4,22.7,85,1014,1,230,0
1966,7,6,22,0,0,0,25.7,22.8,84,1014,2.1,240,0
1966,7,6,23,0,0,0,26.1,22.8,82,1015,3.1,240,0
1966,7,7,0,0,0,0,25.7,22.8,84,1015,3.1,240,0
1966,7,7,1,0,0,0,25.4,22.7,85,1014,3.1,240,0
1966,7,7,2,0,0,0,25,22.8,87,1014,3.1,240,0
1966,7,7,3,0,0,0,25,22.7,87,1015,2.6,240,0
1966,7,7,4,0,0,0,25,22.7,87,1015,2,250,0
1966,7,7,5,15,13,14,25,22.8,87,1015,1.5,250,0
1966,7,7,6,126,107,97,26.7,23.2,81,1015,2.9,250,0
1966,7,7,7,300,227,191,28.3,23.7,76,1016,4.3,250,0
1966,7,7,8,569,557,199,30,23.9,70,1016,5.7,250,0
1966,7,7,9,558,360,264,30.6,23.5,66,1016,5.3,260,0
1966,7,7,10,410,123,297,31.1,23.2,63,1016,5,270,0
1966,7,7,11,662,261,406,31.7,22.8,59,1016,4.6,280,0
1966,7,7,12,807,488,325,32.1,23.1,59,1015,4.1,300,0
1966,7,7,13,858,715,187,32.4,23.6,60,1015,3.6,320,0
1966,7,7,14,776,731,162,32.8,23.9,60,1014,3.1,340,0
1966,7,7,15,611,667,148,32.6,23.3,58,1014,2.8,310,0
1966,7,7,16,437,617,117,32.4,22.5,56,1013,2.4,270,0
1966,7,7,17,222,448,80,32.2,21.7,54,1013,2.1,240,0
1966,7,7,18,49,122,36,30.4,22.3,62,1013,1.9,240,0
1966,7,7,19,1,0,1,28.5,22.3,69,1013,1.7,250,0
1966,7,7,20,0,0,0,26.7,22.2,77,1014,1.5,250,0
1966,7,7,21,0,0,0,25.8,22.1,80,1014,1.5,230,0
1966,7,7,22,0,0,0,24.8,21.9,84,1014,1.5,210,0
1966,7,7,23,0,0,0,23.9,21.7,87,1014,1.5,190,0
1966,7,8,0,0,0,0,24.1,21.6,86,1014,1.3,210,0
1966,7,8,1,0,0,0,24.2,21.7,86,1014,1.2,240,0
1966,7,8,2,0,0,0,24.4,21.7,85,1014,1,260,0
1966,7,8,3,0,0,0,24.4,21.9,86,1014,1.4,270,0
1966,7,8,4,0,0,0,24.4,21.9,86,1015,1.7,280,0
1966,7,8,5,21,0,21,24.4,22.2,87,1015,2.1,290,0
1966,7,8,6,103,26,95,26.3,23.2,83,1015,2.6,290,0
1966,7,8,7,276,199,181,28.1,24.1,79,1016,3.1,300,0
1966,7,8,8,450,266,274,30,25,75,1016,3.6,300,0
1966,7,8,9,713,448,348,30.9,25,71,1016,3.4,310,0
1966,7,8,10,822,518,344,31.9,25.3,68,1016,3.3,320,0
1966,7,8,11,816,457,367,32.8,25,64,1016,3.1,330,0
1966,7,8,12,894,568,332,33.2,24.9,62,1015,3.3,340,0
1966,7,8,13,761,439,349,33.5,24.7,60,1015,3.4,360,0
1966,7,8,14,744,577,260,33.9,24.4,58,1014,3.6,10,0
1966,7,8,15,550,422,257,33.7,24.3,58,1014,3.3,330,0
1966,7,8,16,380,399,174,33.5,24.1,58,1014,2.9,280,0
1966,7,8,17,178,203,113,33.3,23.9,58,1013,2.6,240,0
1966,7,8,18,37,18,35,31.3,23.9,65,1014,2.2,240,0
1966,7,8,19,0,0,0,29.2,23.6,72,1014,1.9,240,0
1966,7,8,20,0,0,0,27.2,23.3,79,1015,1.5,240,0
1966,7,8,21,0,0,0,26.8,23.3,81,1015,1.7,250,0
1966,7,8,22,0,0,0,26.5,23.4,83,1015,1.9,250,0
1966,7,8,23,0,0,0,26.1,23.3,85,1015,2.1,260,0
1966,7,9,0,0,0,0,25.7,23.2,86,1015,2.3,270,0
1966,7,9,1,0,0,0,25.4,22.9,86,1015,2.4,270,0
1966,7,9,2,0,0,0,25,22.8,87,1015,2.6,280,0
1966,7,9,3,0,0,0,25,22.7,87,1015,2.2,290,0
1966,7,9,4,0,0,0,25,22.7,87,1015,1.9,290,0
1966,7,9,5,40,146,25,25,22.8,87,1016,1.5,300,0
1966,7,9,6,196,515,54,27.2,23.7,81,1016,2.4,310,0
1966,7,9,7,409,688,80,29.5,24.4,74,1016,3.2,310,0
1966,7,9,8,617,780,101,31.7,25,68,1017,4.1,320,0
1966,7,9,9,742,776,111,32.2,25,66,1016,4.1,340,0
1966,7,9,10,853,803,112,32.8,25.1,64,1016,4.1,350,0
1966,7,9,11,890,698,205,33.3,25,62,1016,4.1,10,0
1966,7,9,12,903,715,197,32.6,24.4,62,1016,4.1,60,0
1966,7,9,13,769,540,263,31.8,23.9,63,1015,4.1,100,0
1966,7,9,14,719,663,163,31.1,23.3,63,1015,4.1,150,0
1966,7,9,15,442,345,203,31.3,23.2,62,1015,3.6,170,0
1966,7,9,16,364,381,167,31.5,23.3,62,1015,3.1,180,0
1966,7,9,17,98,5,96,31.7,23.3,61,1015,2.6,200,0
1966,7,9,18,15,1,15,30.4,23.3,66,1015,2.4,250,0
1966,7,9,19,0,0,0,29.1,23.5,72,1015,2.3,310,0
1966,7,9,20,0,0,0,27.8,23.3,77,1015,2.1,0,0
1966,7,9,21,0,0,0,27.4,23.4,79,1015,1.9,20,0
1966,7,9,22,0,0,0,27.1,23.4,80,1016,1.7,40,0
1966,7,9,23,0,0,0,26.7,23.3,82,1016,1.5,60,0
1966,7,10,0,0,0,0,25.9,23,84,1016,1,50,0
1966,7,10,1,0,0,0,25.2,22.5,85,1016,0.5,50,0
1966,7,10,2,0,0,0,24.4,22.2,87,1016,0,0,0
1966,7,10,3,0,0,0,24.2,21.7,86,1016,0,0,0
1966,7,10,4,0,0,0,24.1,21.4,85,1016,0,0,0
1966,7,10,5,28,9,27,23.9,21.1,84,1016,0,0,0
1966,7,10,6,140,183,89,26.3,22.4,79,1017,0.9,20,0
1966,7,10,7,334,357,164,28.7,23.8,75,1017,1.7,20,0
1966,7,10,8,560,497,232,31.1,25,70,1017,2.6,10,0
1966,7,10,9,496,270,277,31.8,25.4,69,1017,3.6,10,0
1966,7,10,10,841,573,312,32.6,25.7,67,1017,4.7,20,0
1966,7,10,11,910,612,310,33.3,26.1,66,1017,5.7,20,0
1966,7,10,12,827,529,305,33.7,25.1,61,1017,5.2,50,0
1966,7,10,13,732,405,353,34,24,56,1017,4.6,90,0
1966,7,10,14,732,484,326,34.4,22.8,51,1016,4.1,120,0
1966,7,10,15,558,444,249,33.5,22.9,54,1016,4.1,120,0
1966,7,10,16,279,105,224,32.6,22.7,56,1016,4.1,120,0
1966,7,10,17,123,56,105,31.7,22.8,59,1016,4.1,120,0
1966,7,10,18,30,7,29,30.2,22.6,64,1016,3.2,110,0
1966,7,10,19,0,0,0,28.7,22.5,69,1016,2.4,100,0
1966,7,10,20,0,0,0,27.2,22.2,74,1017,1.5,90,0
1966,7,10,21,0,0,0,26.7,22.3,77,1016,1.7,100,0
1966,7,10,22,0,0,0,26.1,22.2,79,1016,1.9,100,0
1966,7,10,23,0,0,0,25.6,22.2,82,1015,2.1,110,0
1966,7,11,0,0,0,0,24.8,21.7,83,1015,1.9,80,0
1966,7,11,1,0,0,0,24.1,21,83,1016,1.7,60,0
1966,7,11,2,0,0,0,23.3,20.6,84,1016,1.5,30,0
1966,7,11,3,0,0,0,23.3,20.6,85,1016,1.3,20,0
1966,7,11,4,0,0,0,23.3,20.8,86,1017,1.2,10,0
1966,7,11,5,27,27,25,23.3,21.1,87,1017,1,0,0
1966,7,11,6,150,206,94,25.5,22.2,82,1017,2,10,0
1966,7,11,7,336,377,157,27.8,23.4,77,1017,3.1,20,0
1966,7,11,8,474,392,216,30,24.4,72,1017,4.1,30,0
1966,7,11,9,675,466,297,31.1,24.7,69,1017,4.5,20,0
1966,7,11,10,814,568,291,32.2,24.8,65,1017,4.8,20,0
1966,7,11,11,862,580,293,33.3,25,62,1017,5.2,10,0
1966,7,11,12,898,611,295,33.7,24,57,1016,5.2,30,0
1966,7,11,13,831,596,272,34,22.4,51,1016,5.2,50,0
1966,7,11,14,686,515,254,34.4,21.1,46,1015,5.2,70,0
1966,7,11,15,612,556,226,33.5,21.3,49,1015,5.5,100,0
1966,7,11,16,401,462,163,32.6,21.2,51,1015,5.9,120,0
1966,7,11,17,160,163,109,31.7,21.1,54,1015,6.2,150,0
1966,7,11,18,32,35,28,30,21.4,60,1016,4.8,140,0
1966,7,11,19,0,0,0,28.4,21.4,66,1016,3.5,120,0
1966,7,11,20,0,0,0,26.7,21.1,72,1016,2.1,110,0
1966,7,11,21,0,0,0,24.8,20.7,78,1016,1.7,60,0
1966,7,11,22,0,0,0,23,20.2,84,1016,1.4,0,0
1966,7,11,23,0,0,0,21.1,19.4,90,1016,1,310,0
1966,7,12,0,0,0,0,21.1,19.2,89,1016,1,310,0
1966,7,12,1,0,0,0,21.1,19.1,88,1015,1,320,0
1966,7,12,2,0,0,0,21.1,18.9,87,1015,1,320,0
1966,7,12,3,0,0,0,21.3,18.9,86,1015,1.2,310,0
1966,7,12,4,0,0,0,21.5,18.9,85,1016,1.3,310,0
1966,7,12,5,27,62,21,21.7,18.9,84,1016,1.5,300,0
1966,7,12,6,174,384,70,24.7,20.8,79,1016,2.7,340,0
1966,7,12,7,375,593,93,27.6,22.3,73,1016,4,10,0
1966,7,12,8,582,707,116,30.6,23.9,68,1016,5.2,50,0
1966,7,12,9,741,706,169,31.3,23.7,64,1016,5,60,0
1966,7,12,10,817,638,230,32.1,23.4,60,1016,4.8,70,0
1966,7,12,11,663,371,299,32.8,22.8,56,1016,4.6,80,0
1966,7,12,12,925,737,198,33,22.8,55,1015,5.5,80,0
1966,7,12,13,868,739,175,33.1,22.2,53,1015,6.3,70,0
1966,7,12,14,692,632,162,33.3,22.2,52,1014,7.2,70,0
1966,7,12,15,628,697,144,32.8,22.3,54,1014,6.9,90,0
1966,7,12,16,423,611,108,32.2,22,55,1014,6.5,110,0
1966,7,12,17,201,355,89,31.7,22.2,57,1014,6.2,130,0
1966,7,12,18,46,101,35,30.4,22,61,1014,5.2,120,0
1966,7,12,19,0,0,0,29.1,21.9,65,1014,4.1,120,0
1966,7,12,20,0,0,0,27.8,21.7,69,1015,3.1,110,0
1966,7,12,21,0,0,0,27.2,21.7,72,1015,2.9,110,0
1966,7,12,22,0,0,0,26.7,22.1,76,1015,2.8,120,0
1966,7,12,23,0,0,0,26.1,22.2,79,1015,2.6,120,0
1966,7,13,0,0,0,0,25.7,22,80,1014,2.2,120,0
1966,7,13,1,0,0,0,25.4,21.9,81,1014,1.9,110,0
1966,7,13,2,0,0,0,25,21.7,82,1014,1.5,110,0
1966,7,13,3,0,0,0,24.3,21.2,83,1014,1.3,90,0
1966,7,13,4,0,0,0,23.5,20.5,83,1015,1.2,70,0
1966,7,13,5,36,64,29,22.8,20,84,1015,1,50,0
1966,7,13,6,170,357,74,25.4,21.3,78,1016,1.9,80,0
1966,7,13,7,384,532,132,28,22.3,71,1016,2.7,110,0
1966,7,13,8,506,463,202,30.6,23.3,65,1016,3.6,140,0
1966,7,13,9,633,444,273,31.3,23.4,63,1016,3.6,150,0
1966,7,13,10,792,560,277,32.1,23.4,60,1016,3.6,160,0
1966,7,13,11,853,578,287,32.8,23.3,58,1016,3.6,170,0
1966,7,13,12,721,401,325,31.5,23.3,62,1016,5.3,140,0
1966,7,13,13,779,542,271,30.2,23.1,66,1015,7.1,110,0
1966,7,13,14,478,176,331,28.9,22.8,70,1015,8.8,80,0
1966,7,13,15,490,293,287,28.9,23.1,71,1015,5.9,100,0
1966,7,13,16,325,217,213,28.9,23.1,71,1014,2.9,120,0
1966,7,13,17,160,196,98,28.9,23.3,72,1014,0,0,0
1966,7,13,18,38,45,33,28.5,23.2,73,1014,0.7,170,0
1966,7,13,19,0,0,0,28.2,22.9,73,1015,1.4,190,0
1966,7,13,20,0,0,0,27.8,22.8,74,1015,2.1,210,0
1966,7,13,21,0,0,0,26.9,22.5,77,1015,1.4,220,0
1966,7,13,22,0,0,0,25.9,22,79,1015,0.7,220,0
1966,7,13,23,0,0,0,25,21.7,82,1015,0,0,0
1966,7,14,0,0,0,0,24.1,21.4,85,1015,0.5,240,0
1966,7,14,1,0,0,0,23.1,20.8,87,1014,1,240,0
1966,7,14,2,0,0,0,22.2,20.6,90,1014,1.5,250,0
1966,7,14,3,0,0,0,22.4,20.1,87,1014,1.5,250,0
1966,7,14,4,0,0,0,22.6,19.8,84,1015,1.5,250,0
1966,7,14,5,32,18,30,22.8,19.4,81,1015,1.5,250,0
1966,7,14,6,168,248,101,25.2,20.9,77,1016,2.5,270,0
1966,7,14,7,354,429,152,27.6,22.6,74,1016,3.6,290,0
1966,7,14,8,479,358,244,30,23.9,70,1017,4.6,310,0
1966,7,14,9,694,560,241,30.9,24.1,67,1016,4.4,310,0
1966,7,14,10,773,544,273,31.9,24,63,1016,4.3,300,0
1966,7,14,11,841,574,278,32.8,23.9,60,1016,4.1,300,0
1966,7,14,12,775,434,347,33.2,23.5,57,1015,3.8,320,0
1966,7,14,13,855,588,304,33.5,23.2,55,1014,3.4,340,0
1966,7,14,14,745,609,235,33.9,22.8,52,1014,3.1,360,0
1966,7,14,15,575,481,242,33.7,22.5,52,1013,2.4,360,0
1966,7,14,16,250,101,198,33.5,22.3,52,1013,1.7,350,0
1966,7,14,17,129,12,125,33.3,22.2,52,1013,1,350,0
1966,7,14,18,26,9,25,30.9,22.8,62,1013,1.2,320,0
1966,7,14,19,0,0,0,28.5,23,72,1013,1.3,300,0
1966,7,14,20,0,0,0,26.1,22.8,82,1013,1.5,270,0
1966,7,14,21,0,0,0,26.3,23,82,1013,1.9,270,0
1966,7,14,22,0,0,0,26.5,23.2,82,1013,2.2,260,0
1966,7,14,23,0,0,0,26.7,23.3,82,1013,2.6,260,0
1966,7,15,0,0,0,0,26.5,23.4,83,1013,2.8,270,0
1966,7,15,1,0,0,0,26.3,23.4,84,1013,2.9,270,0
1966,7,15,2,0,0,0,26.1,23.3,85,1013,3.1,280,0
1966,7,15,3,0,0,0,26.1,23.4,85,1013,3.1,280,0
1966,7,15,4,0,0,0,26.1,23.4,85,1014,3.1,280,0
1966,7,15,5,22,0,22,26.1,23.3,85,1014,3.1,280,0
1966,7,15,6,81,24,75,25,22.3,85,1015,3.6,230,0
1966,7,15,7,252,149,181,23.9,21,84,1015,4.1,180,0
1966,7,15,8,141,22,126,22.8,20,84,1016,4.6,130,0
1966,7,15,9,300,6,295,23.2,20.6,85,1016,4.8,170,0
1966,7,15,10,283,4,280,23.5,21,86,1016,5,210,0
1966,7,15,11,445,1,444,23.9,21.7,87,1016,5.2,250,0
1966,7,15,12,571,201,372,26.3,22.6,80,1015,4.7,260,0
1966,7,15,13,668,336,354,28.7,23.4,73,1014,4.1,280,0
1966,7,15,14,697,483,293,31.1,23.9,66,1013,3.6,290,0
1966,7,15,15,438,204,296,30.9,24.1,67,1012,2.7,310,0
1966,7,15,16,256,76,217,30.8,24.5,69,1012,1.9,320,0
1966,7,15,17,135,57,117,30.6,24.4,70,1012,1,340,0
1966,7,15,18,39,3,38,29.3,24.2,74,1013,1,340,0
1966,7,15,19,0,0,0,28,23.8,78,1014,1,330,0
1966,7,15,20,0,0,0,26.7,23.3,82,1014,1,330,0
1966,7,15,21,0,0,0,26.7,23.2,81,1014,1.2,280,0
1966,7,15,22,0,0,0,26.7,23,80,1014,1.3,230,0
1966,7,15,23,0,0,0,26.7,22.8,79,1014,1.5,180,0
1966,7,16,0,0,0,0,26.1,22.8,82,1014,1.5,200,0
1966,7,16,1,0,0,0,25.6,22.7,84,1014,1.5,220,0
1966,7,16,2,0,0,0,25,22.8,87,1014,1.5,240,0
1966,7,16,3,0,0,0,24.6,22.3,87,1014,1.3,220,0
1966,7,16,4,0,0,0,24.3,22,87,1014,1.2,210,0
1966,7,16,5,26,2,26,23.9,21.7,87,1015,1,190,0
1966,7,16,6,144,147,105,25.9,22.4,81,1015,1.9,200,0
1966,7,16,7,297,193,206,28,23.4,76,1015,2.7,200,0
1966,7,16,8,536,419,262,30,23.9,70,1016,3.6,210,0
1966,7,16,9,560,292,324,30.2,24.1,70,1016,3.4,260,0
1966,7,16,10,829,560,315,30.4,24.3,70,1016,3.3,320,0
1966,7,16,11,797,392,413,30.6,24.4,70,1016,3.1,10,0
1966,7,16,12,819,391,433,31.3,24.4,67,1015,3.1,70,0
1966,7,16,13,840,507,365,32.1,24.2,63,1015,3.1,130,0
1966,7,16,14,617,317,351,32.8,23.9,60,1014,3.1,190,0
1966,7,16,15,562,402,283,31.5,24.1,65,1014,3.1,190,0
1966,7,16,16,290,161,207,30.2,23.9,69,1014,3.1,200,0
1966,7,16,17,115,58,96,28.9,23.9,74,1015,3.1,200,0
1966,7,16,18,33,6,32,28.5,23.6,75,1015,3.8,200,0
1966,7,16,19,0,0,0,28.2,23.6,76,1016,4.5,200,0
1966,7,16,20,0,0,0,27.8,23.3,77,1016,5.2,200,0
1966,7,16,21,0,0,0,27.4,23.2,78,1016,4.3,210,0
1966,7,16,22,0,0,0,27.1,22.9,78,1017,3.5,210,0
1966,7,16,23,0,0,0,26.7,22.8,79,1017,2.6,220,0
1966,7,17,0,0,0,0,25.9,22.4,81,1017,2.2,250,0
1966,7,17,1,0,0,0,25.2,22.1,83,1017,1.9,280,0
1966,7,17,2,0,0,0,24.4,21.7,85,1017,1.5,310,0
1966,7,17,3,0,0,0,24.4,21.5,84,1017,1.7,280,0
1966,7,17,4,0,0,0,24.4,21.3,83,1017,1.9,240,0
1966,7,17,5,21,7,20,24.4,21.1,82,1017,2.1,210,0
1966,7,17,6,140,191,90,26.5,21.9,76,1017,2.8,210,0
1966,7,17,7,331,357,164,28.5,22.7,71,1017,3.4,220,0
1966,7,17,8,502,352,272,30.6,23.3,65,1018,4.1,220,0
1966,7,17,9,717,533,287,31.3,23.2,62,1018,4.3,240,0
1966,7,17,10,836,538,342,32.1,23.1,59,1018,4.4,270,0
1966,7,17,11,845,435,420,32.8,22.8,56,1018,4.6,290,0
1966,7,17,12,825,468,364,33,22.8,55,1017,3.6,250,0
1966,7,17,13,722,336,407,33.1,22.2,53,1017,2.5,220,0
1966,7,17,14,624,366,318,33.3,22.2,52,1016,1.5,180,0
1966,7,17,15,521,308,308,32,22.4,57,1016,1.5,130,0
1966,7,17,16,285,66,251,30.7,22.6,62,1016,1.5,70,0
1966,7,17,17,156,114,121,29.4,22.8,67,1016,1.5,20,0
1966,7,17,18,36,5,35,27.9,22.6,73,1016,1.3,350,0
1966,7,17,19,0,0,0,26.5,22.6,79,1016,1.2,320,0
1966,7,17,20,0,0,0,25,22.2,85,1017,1,290,0
1966,7,17,21,0,0,0,24.8,22.3,86,1017,1.2,270,0
1966,7,17,22,0,0,0,24.6,22.1,86,1016,1.3,240,0
1966,7,17,23,0,0,0,24.4,22.2,87,1016,1.5,220,0
1966,7,18,0,0,0,0,24.4,21.9,86,1016,1.3,220,0
1966,7,18,1,0,0,0,24.4,21.9,86,1016,1.2,220,0
1966,7,18,2,0,0,0,24.4,21.7,85,1016,1,220,0
1966,7,18,3,0,0,0,24.4,21.7,85,1016,1.5,230,0
1966,7,18,4,0,0,0,24.4,21.7,85,1016,2.1,250,0
1966,7,18,5,25,24,23,24.4,21.7,85,1016,2.6,260,0
1966,7,18,6,135,203,82,26.3,23,82,1016,3.3,280,0
1966,7,18,7,206,65,176,28.1,23.9,78,1016,3.9,310,0
1966,7,18,8,212,62,172,30,25,75,1017,4.6,330,0
1966,7,18,9,451,157,325,30.4,24.8,72,1016,4.4,0,0
1966,7,18,10,789,533,300,30.7,24.4,69,1016,4.3,30,0
1966,7,18,11,623,235,393,31.1,23.9,66,1016,4.1,60,0
1966,7,18,12,878,530,355,31.1,24.2,67,1015,3.9,120,0
1966,7,18,13,688,388,325,31.1,24.2,67,1015,3.8,180,0
1966,7,18,14,635,393,306,31.1,24.4,68,1014,3.6,240,0
1966,7,18,15,555,413,269,29.6,24.2,73,1014,3.6,230,0
1966,7,18,16,372,376,179,28.2,23.8,77,1014,3.6,230,0
1966,7,18,17,142,79,118,26.7,23.3,82,1014,3.6,220,0
1966,7,18,18,39,54,33,26.3,23.2,83,1014,2.7,230,0
1966,7,18,19,0,0,0,26,23.1,84,1014,1.9,250,0
1966,7,18,20,0,0,0,25.6,22.8,85,1014,1,260,0
1966,7,18,21,0,0,0,25,22.5,86,1013,1,250,0
1966,7,18,22,0,0,0,24.5,22,86,1013,1,240,0
1966,7,18,23,0,0,0,23.9,21.7,87,1013,1,230,0
1966,7,19,0,0,0,0,23.9,21.4,86,1013,1.2,230,0
1966,7,19,1,0,0,0,23.9,21.2,85,1013,1.3,230,0
1966,7,19,2,0,0,0,23.9,21.1,84,1013,1.5,230,0
1966,7,19,3,0,0,0,23.7,21,85,1013,1,240,0
1966,7,19,4,0,0,0,23.5,21,86,1013,0.5,260,0
1966,7,19,5,29,53,23,23.3,21.1,87,1013,0,0,0
1966,7,19,6,172,379,74,25.5,22.2,82,1013,0.7,280,0
1966,7,19,7,342,450,133,27.8,23.4,77,1013,1.4,300,0
1966,7,19,8,564,660,134,30,24.4,72,1013,2.1,310,0
1966,7,19,9,750,766,133,30.9,24.3,68,1013,2.1,320,0
1966,7,19,10,838,746,154,31.9,24.2,64,1012,2.1,340,0
1966,7,19,11,956,798,177,32.8,23.9,60,1012,2.1,350,0
1966,7,19,12,899,656,254,33.2,23.2,56,1012,2.1,350,0
1966,7,19,13,867,784,134,33.5,22.6,53,1011,2.1,340,0
1966,7,19,14,812,808,136,33.9,21.7,49,1011,2.1,340,0
1966,7,19,15,632,741,119,33.5,22,51,1010,1.9,300,0
1966,7,19,16,445,689,92,33.2,22,52,1010,1.7,250,0
1966,7,19,17,229,532,64,32.8,22.2,54,1010,1.5,210,0
1966,7,19,18,51,187,31,31.1,23,62,1010,2,210,0
1966,7,19,19,0,0,0,29.5,23.7,71,1010,2.6,200,0
1966,7,19,20,0,0,0,27.8,23.9,79,1011,3.1,200,0
1966,7,19,21,0,0,0,27.4,23.6,80,1010,2.9,210,0
1966,7,19,22,0,0,0,27.1,23.6,81,1010,2.8,230,0
1966,7,19,23,0,0,0,26.7,23.3,82,1010,2.6,240,0
1966,7,20,0,0,0,0,26.3,23,82,1011,2.8,230,0
1966,7,20,1,0,0,0,26,22.7,82,1011,2.9,230,0
1966,7,20,2,0,0,0,25.6,22.2,82,1012,3.1,220,0
1966,7,20,3,0,0,0,25.4,22.3,83,1011,2.9,220,0
1966,7,20,4,0,0,0,25.2,22.3,84,1011,2.8,230,0
1966,7,20,5,32,56,26,25,22.2,85,1011,2.6,230,0
1966,7,20,6,158,357,65,26.9,23.2,80,1011,3.3,240,0
1966,7,20,7,374,548,119,28.7,23.8,75,1012,3.9,250,0
1966,7,20,8,559,649,137,30.6,24.4,70,1012,4.6,260,0
1966,7,20,9,764,782,135,31.5,24.6,67,1012,4.1,250,0
1966,7,20,10,829,617,265,32.4,24.4,63,1012,3.6,230,0
1966,7,20,11,869,642,242,33.3,24.4,60,1012,3.1,220,0
1966,7,20,12,890,666,235,33.9,24.5,58,1011,3.6,230,0
1966,7,20,13,709,390,344,34.4,24.4,56,1011,4.1,230,0
1966,7,20,14,423,106,335,35,24.4,54,1011,4.6,240,0
1966,7,20,15,283,15,273,32.4,24.2,62,1011,4.8,220,0
1966,7,20,16,196,27,182,29.8,23.5,69,1011,5,200,0
1966,7,20,17,88,45,75,27.2,22.8,77,1011,5.2,180,0
1966,7,20,18,28,3,28,27.2,22.6,76,1011,4.8,180,0
1966,7,20,19,0,0,0,27.2,22.4,75,1012,4.5,170,0
1966,7,20,20,0,0,0,27.2,22.2,74,1012,4.1,170,0
1966,7,20,21,0,0,0,26.8,22.2,76,1012,3.6,190,0
1966,7,20,22,0,0,0,26.5,22.1,77,1012,3.1,200,0
1966,7,20,23,0,0,0,26.1,22.2,79,1011,2.6,220,0
1966,7,21,0,0,0,0,25.5,22,81,1012,2.2,240,0
1966,7,21,1,0,0,0,25,21.9,83,1012,1.9,250,0
1966,7,21,2,0,0,0,24.4,21.7,85,1012,1.5,270,0
1966,7,21,3,0,0,0,24.6,21.9,85,1012,1.9,270,0
1966,7,21,4,0,0,0,24.8,22.1,85,1013,2.2,270,0
1966,7,21,5,24,7,23,25,22.2,85,1013,2.6,270,0
1966,7,21,6,95,60,80,26.9,23.2,80,1013,2.9,280,0
1966,7,21,7,139,5,136,28.7,23.8,75,1014,3.3,280,0
1966,7,21,8,322,86,266,30.6,24.4,70,1014,3.6,290,0
1966,7,21,9,427,114,335,31,24.6,69,1014,3.4,300,0
1966,7,21,10,330,7,324,31.3,24.4,67,1013,3.3,300,0
1966,7,21,11,505,14,492,31.7,24.4,66,1013,3.1,310,0
1966,7,21,12,335,1,335,30.2,23.6,68,1013,3.4,340,0
1966,7,21,13,427,12,416,28.7,22.7,70,1013,3.8,20,0
1966,7,21,14,226,3,223,27.2,21.7,72,1013,4.1,50,0
1966,7,21,15,299,6,295,27,22,74,1013,3.9,100,0
1966,7,21,16,229,5,226,26.9,22.1,75,1013,3.8,150,0
1966,7,21,17,97,3,97,26.7,22.2,77,1013,3.6,200,0
1966,7,21,18,28,1,28,26.1,22.4,80,1013,2.7,230,0
1966,7,21,19,0,0,0,25.6,22.3,82,1013,1.9,270,0
1966,7,21,20,0,0,0,25,22.2,85,1013,1,300,0
1966,7,21,21,0,0,0,24.4,21.7,85,1013,1.2,340,0
1966,7,21,22,0,0,0,23.9,21,84,1013,1.3,20,0
1966,7,21,23,0,0,0,23.3,20.6,84,1013,1.5,60,0
1966,7,22,0,0,0,0,23.3,20.5,84,1013,1.5,20,0
1966,7,22,1,0,0,0,23.3,20.5,84,1013,1.5,350,0
1966,7,22,2,0,0,0,23.3,20.6,84,1013,1.5,310,0
1966,7,22,3,0,0,0,23.9,20.7,82,1013,1.3,300,0
1966,7,22,4,0,0,0,24.4,20.9,81,1013,1.2,290,0
1966,7,22,5,15,2,15,25,21.1,79,1014,1,280,0
1966,7,22,6,96,25,90,26.3,22,77,1014,1.7,300,0
1966,7,22,7,156,41,138,27.6,23,76,1014,2.4,320,0
1966,7,22,8,198,0,197,28.9,23.9,74,1014,3.1,340,0
1966,7,22,9,635,373,336,29.6,23.5,70,1014,3.1,350,0
1966,7,22,10,786,491,338,30.4,23.6,67,1014,3.1,350,0
1966,7,22,11,877,564,326,31.1,23.3,63,1014,3.1,360,0
1966,7,22,12,730,360,376,31.1,23.2,63,1014,3.3,320,0
1966,7,22,13,721,387,360,31.1,23.2,63,1013,3.4,270,0
1966,7,22,14,294,6,289,31.1,23.3,63,1013,3.6,230,0
1966,7,22,15,201,4,198,30.9,23.6,65,1013,3.1,220,0
1966,7,22,16,183,6,180,30.8,23.7,66,1013,2.6,210,0
1966,7,22,17,99,26,91,30.6,23.9,68,1013,2.1,200,0
1966,7,22,18,20,2,20,29.5,23.9,72,1013,2.1,200,0
1966,7,22,19,0,0,0,28.3,23.4,75,1014,2.1,200,0
1966,7,22,20,0,0,0,27.2,23.3,79,1014,2.1,200,0
1966,7,22,21,0,0,0,26.7,23,80,1014,1.9,170,0
1966,7,22,22,0,0,0,26.1,22.6,81,1014,1.7,140,0
1966,7,22,23,0,0,0,25.6,22.2,82,1014,1.5,110,0
1966,7,23,0,0,0,0,24.8,21.9,84,1014,1.5,90,0
1966,7,23,1,0,0,0,24.1,21.4,85,1013,1.5,80,0
1966,7,23,2,0,0,0,23.3,21.1,87,1013,1.5,60,0
1966,7,23,3,0,0,0,23.5,21,86,1014,1.3,30,0
1966,7,23,4,0,0,0,23.7,21,85,1014,1.2,10,0
1966,7,23,5,18,5,17,23.9,21.1,84,1015,1,340,0
1966,7,23,6,113,44,102,26.1,22,78,1015,2.6,30,0
1966,7,23,7,247,135,184,28.4,22.6,71,1015,4.1,70,0
1966,7,23,8,331,117,256,30.6,23.3,65,1016,5.7,120,0
1966,7,23,9,525,210,356,29.7,23.2,68,1016,4.3,130,0
1966,7,23,10,680,311,396,28.7,22.9,71,1016,2.9,140,0
1966,7,23,11,473,270,210,27.8,22.8,74,1016,1.5,150,0
1966,7,23,12,626,215,414,27.8,23.2,76,1015,2.2,110,0
1966,7,23,13,591,199,405,27.8,23.4,77,1015,2.9,70,0
1966,7,23,14,526,190,367,27.8,23.9,79,1015,3.6,30,0
1966,7,23,15,380,172,261,28,23.6,77,1015,3.6,60,0
1966,7,23,16,239,78,200,28.1,23,74,1015,3.6,80,0
1966,7,23,17,136,109,102,28.3,22.8,72,1015,3.6,110,0
1966,7,23,18,31,7,30,27.8,22.7,74,1015,3.4,110,0
1966,7,23,19,0,0,0,27.2,22.8,77,1016,3.3,120,0
1966,7,23,20,0,0,0,26.7,22.8,79,1016,3.1,120,0
1966,7,23,21,0,0,0,26.3,22.6,80,1016,2.8,120,0
1966,7,23,22,0,0,0,26,22.5,81,1016,2.4,110,0
1966,7,23,23,0,0,0,25.6,22.2,82,1016,2.1,110,0
1966,7,24,0,0,0,0,24.5,21.6,84,1016,1.7,50,0
1966,7,24,1,0,0,0,23.3,20.6,85,1016,1.4,360,0
1966,7,24,2,0,0,0,22.2,20,87,1016,1,300,0
1966,7,24,3,0,0,0,22,19.4,85,1016,1,320,0
1966,7,24,4,0,0,0,21.9,18.9,83,1016,1,340,0
1966,7,24,5,26,21,24,21.7,18.3,81,1016,1,0,0
1966,7,24,6,141,243,80,24.3,19.8,76,1016,2.4,20,0
1966,7,24,7,366,503,136,26.8,21.3,72,1017,3.8,40,0
1966,7,24,8,505,428,229,29.4,22.8,67,1017,5.2,60,0
1966,7,24,9,728,646,211,30.2,22.6,64,1017,5.5,50,0
1966,7,24,10,845,680,225,30.9,22.8,62,1017,5.9,50,0
1966,7,24,11,914,731,203,31.7,22.8,59,1017,6.2,40,0
1966,7,24,12,882,639,255,31.7,21.9,56,1017,5.9,40,0
1966,7,24,13,909,744,215,31.7,21,53,1016,5.5,50,0
1966,7,24,14,799,720,200,31.7,20,50,1016,5.2,50,0
1966,7,24,15,628,635,192,31.3,20,51,1015,4.3,40,0
1966,7,24,16,402,480,158,31,20,52,1015,3.5,40,0
1966,7,24,17,195,279,110,30.6,20,53,1015,2.6,30,0
1966,7,24,18,39,40,35,28.4,20.4,62,1015,2.1,20,0
1966,7,24,19,0,0,0,26.1,20.2,70,1015,1.5,20,0
1966,7,24,20,0,0,0,23.9,20,79,1016,1,10,0
1966,7,24,21,0,0,0,23.3,19.7,80,1016,0.7,10,0
1966,7,24,22,0,0,0,22.8,19.2,80,1015,0.3,10,0
1966,7,24,23,0,0,0,22.2,18.9,81,1015,0,0,0
1966,7,25,0,0,0,0,23.3,19.3,78,1015,0.9,20,0
1966,7,25,1,0,0,0,24.5,19.6,74,1015,1.7,20,0
1966,7,25,2,0,0,0,25.6,20,71,1014,2.6,20,0
1966,7,25,3,0,0,0,25.6,20.2,72,1014,2.6,30,0
1966,7,25,4,0,0,0,25.6,20.4,73,1015,2.6,30,0
1966,7,25,5,26,44,21,25.6,20.6,74,1015,2.6,40,0
1966,7,25,6,154,347,67,27.1,21.4,71,1015,3.5,40,0
1966,7,25,7,380,625,94,28.5,22,68,1016,4.3,40,0
1966,7,25,8,592,734,119,30,22.8,65,1016,5.2,40,0
1966,7,25,9,773,795,138,30.4,22.8,64,1016,4.8,20,0
1966,7,25,10,902,825,150,30.7,22.6,62,1016,4.5,10,0
1966,7,25,11,979,845,156,31.1,22.8,61,1015,4.1,350,0
1966,7,25,12,984,844,157,31.8,22.5,58,1015,4.1,360,0
1966,7,25,13,888,798,144,32.6,22.4,55,1014,4.1,0,0
1966,7,25,14,783,778,136,33.3,22.2,52,1013,4.1,10,0
1966,7,25,15,583,607,166,32.8,22.6,55,1013,3.9,20,0
1966,7,25,16,399,536,128,32.2,22.9,58,1013,3.8,20,0
1966,7,25,17,208,380,93,31.7,23.3,61,1012,3.6,30,0
1966,7,25,18,37,65,30,30.2,23.1,66,1012,3.3,40,0
1966,7,25,19,0,0,0,28.7,23.2,72,1013,2.9,40,0
1966,7,25,20,0,0,0,27.2,22.8,77,1013,2.6,50,0
1966,7,25,21,0,0,0,27.2,22.8,77,1013,3.3,40,0
1966,7,25,22,0,0,0,27.2,22.8,77,1012,3.9,20,0
1966,7,25,23,0,0,0,27.2,22.8,77,1012,4.6,10,0
1966,7,26,0,0,0,0,27,23.1,79,1012,5,10,0
1966,7,26,1,0,0,0,26.9,23.2,80,1011,5.3,20,0
1966,7,26,2,0,0,0,26.7,23.3,82,1011,5.7,20,0
1966,7,26,3,0,0,0,26.9,23.8,83,1010,6.5,20,0
1966,7,26,4,0,0,0,27,24.1,84,1010,7.4,20,0
1966,7,26,5,10,0,10,27.2,24.4,85,1010,8.2,20,0
1966,7,26,6,102,36,93,28.1,24.7,82,1010,7.7,20,0
1966,7,26,7,279,237,171,29.1,24.9,78,1010,7.2,20,0
1966,7,26,8,460,410,196,30,25,75,1010,6.7,20,0
1966,7,26,9,680,470,305,29.3,24.6,76,1010,6.5,40,0
1966,7,26,10,502,152,364,28.5,24.3,78,1010,6.4,50,0
1966,7,26,11,406,7,399,27.8,23.9,79,1011,6.2,70,0
1966,7,26,12,390,2,387,28.7,23.8,75,1011,5.9,90,0
1966,7,26,13,461,12,450,29.7,24.1,72,1011,5.5,100,0
1966,7,26,14,371,7,364,30.6,23.9,68,1011,5.2,120,0
1966,7,26,15,262,6,258,29.7,24.1,72,1010,4.3,100,0
1966,7,26,16,210,1,209,28.7,23.8,75,1010,3.5,90,0
1966,7,26,17,94,0,94,27.8,23.9,79,1010,2.6,70,0
1966,7,26,18,17,2,17,27.6,23.6,79,1011,3.3,90,0
1966,7,26,19,0,0,0,27.4,23.4,79,1011,3.9,110,0
1966,7,26,20,0,0,0,27.2,23.3,79,1011,4.6,130,0
1966,7,26,21,0,0,0,26.8,23.1,80,1011,3.9,120,0
1966,7,26,22,0,0,0,26.5,23,81,1011,3.3,120,0
1966,7,26,23,0,0,0,26.1,22.8,82,1012,2.6,110,0
1966,7,27,0,0,0,0,26.1,22.8,82,1011,2.6,110,0
1966,7,27,1,0,0,0,26.1,22.8,82,1011,2.6,100,0
1966,7,27,2,0,0,0,26.1,22.8,82,1011,2.6,100,0
1966,7,27,3,0,0,0,25.9,22,79,1011,3.3,130,0
1966,7,27,4,0,0,0,25.8,21.5,77,1011,3.9,160,0
1966,7,27,5,17,4,16,25.6,20.6,74,1012,4.6,190,0
1966,7,27,6,130,157,92,26.3,21.5,75,1012,4.4,200,0
1966,7,27,7,181,96,137,27.1,22.5,76,1013,4.3,200,0
1966,7,27,8,342,118,266,27.8,23.3,77,1013,4.1,210,0
1966,7,27,9,613,341,341,28.2,23.1,74,1013,3.4,210,0
1966,7,27,10,580,234,367,28.5,22.5,70,1013,2.8,220,0
1966,7,27,11,705,343,372,28.9,22.2,67,1013,2.1,220,0
1966,7,27,12,807,405,410,29.8,22.5,65,1013,2.4,230,0
1966,7,27,13,786,484,335,30.8,22.9,63,1012,2.8,230,0
1966,7,27,14,763,603,262,31.7,23.3,61,1012,3.1,240,0
1966,7,27,15,541,428,247,31.3,22.9,61,1011,3.1,220,0
1966,7,27,16,374,380,183,31,22.6,61,1011,3.1,210,0
1966,7,27,17,166,220,99,30.6,22.2,61,1011,3.1,190,0
1966,7,27,18,32,23,30,29.5,22.5,66,1011,3.1,190,0
1966,7,27,19,0,0,0,28.3,22.8,72,1012,3.1,180,0
1966,7,27,20,0,0,0,27.2,22.8,77,1013,3.1,180,0
1966,7,27,21,0,0,0,26.8,22.6,78,1013,2.8,200,0
1966,7,27,22,0,0,0,26.5,22.4,78,1013,2.4,220,0
1966,7,27,23,0,0,0,26.1,22.2,79,1013,2.1,240,0
1966,7,28,0,0,0,0,25.4,21.7,80,1013,1.7,230,0
1966,7,28,1,0,0,0,24.6,21.1,81,1013,1.4,220,0
1966,7,28,2,0,0,0,23.9,20.6,82,1013,1,210,0
1966,7,28,3,0,0,0,23.7,20.7,83,1013,0.7,230,0
1966,7,28,4,0,0,0,23.5,20.5,83,1013,0.3,250,0
1966,7,28,5,25,33,22,23.3,20.6,84,1014,0,0,0
1966,7,28,6,146,312,70,25.7,21.8,79,1014,0.9,300,0
1966,7,28,7,354,495,131,28.2,22.9,73,1015,1.7,320,0
1966,7,28,8,364,220,223,30.6,23.9,68,1015,2.6,340,0
1966,7,28,9,507,314,257,31,24.2,67,1015,2.8,340,0
1966,7,28,10,796,560,287,31.3,24.4,67,1014,2.9,350,0
1966,7,28,11,627,268,366,31.7,24.4,66,1014,3.1,350,0
1966,7,28,12,672,325,355,31.7,24.1,64,1014,3.6,290,0
1966,7,28,13,715,435,311,31.7,23.8,63,1014,4.1,240,0
1966,7,28,14,758,659,212,31.7,23.3,61,1014,4.6,180,0
1966,7,28,15,654,674,193,31.1,23.5,64,1013,4.6,180,0
1966,7,28,16,391,508,136,30.6,23.8,67,1013,4.6,190,0
1966,7,28,17,191,384,76,30,23.9,70,1012,4.6,190,0
1966,7,28,18,35,80,27,29.3,23.7,72,1013,4.3,190,0
1966,7,28,19,0,0,0,28.5,23.6,75,1013,3.9,200,0
1966,7,28,20,0,0,0,27.8,23.3,77,1013,3.6,200,0
1966,7,28,21,0,0,0,27.2,23,78,1013,3.3,210,0
1966,7,28,22,0,0,0,26.7,22.6,78,1013,2.9,210,0
1966,7,28,23,0,0,0,26.1,22.2,79,1014,2.6,220,0
1966,7,29,0,0,0,0,25.5,21.8,80,1014,2.2,230,0
1966,7,29,1,0,0,0,25,21.5,81,1014,1.9,230,0
1966,7,29,2,0,0,0,24.4,21.1,82,1014,1.5,240,0
1966,7,29,3,0,0,0,24.4,21.1,82,1014,1.3,240,0
1966,7,29,4,0,0,0,24.4,21.1,82,1014,1.2,240,0
1966,7,29,5,20,7,19,24.4,21.1,82,1015,1,240,0
1966,7,29,6,131,215,79,26.5,22.1,77,1015,2,240,0
1966,7,29,7,282,259,166,28.5,23.2,73,1015,3.1,250,0
1966,7,29,8,553,503,231,30.6,23.9,68,1016,4.1,250,0
1966,7,29,9,663,452,303,31.7,23.8,63,1015,3.9,230,0
1966,7,29,10,825,537,337,32.8,23.2,57,1015,3.8,220,0
1966,7,29,11,857,549,324,33.9,22.8,52,1015,3.6,200,0
1966,7,29,12,927,641,301,34.1,22.8,52,1014,3.8,210,0
1966,7,29,13,755,511,281,34.2,22.6,51,1014,3.9,230,0
1966,7,29,14,735,568,264,34.4,22.8,51,1013,4.1,240,0
1966,7,29,15,544,455,234,33.7,23.4,55,1013,4.8,240,0
1966,7,29,16,342,295,195,32.9,23.5,58,1012,5.5,240,0
1966,7,29,17,175,253,100,32.2,23.9,62,1012,6.2,240,0
1966,7,29,18,32,28,29,30.9,23.8,66,1012,5.3,240,0
1966,7,29,19,0,0,0,29.6,23.5,70,1013,4.5,230,0
1966,7,29,20,0,0,0,28.3,23.3,74,1013,3.6,230,0
1966,7,29,21,0,0,0,27.8,23,75,1013,3.3,230,0
1966,7,29,22,0,0,0,27.2,22.6,76,1014,2.9,230,0
1966,7,29,23,0,0,0,26.7,22.2,77,1014,2.6,230,0
1966,7,30,0,0,0,0,26.5,22.1,77,1014,2.8,230,0
1966,7,30,1,0,0,0,26.3,22,77,1014,2.9,220,0
1966,7,30,2,0,0,0,26.1,21.7,77,1014,3.1,220,0
1966,7,30,3,0,0,0,26.1,21.8,77,1014,2.9,220,0
1966,7,30,4,0,0,0,26.1,21.8,77,1014,2.8,230,0
1966,7,30,5,26,8,25,26.1,21.7,77,1015,2.6,230,0
1966,7,30,6,121,162,82,28,22.5,72,1015,3.6,240,0
1966,7,30,7,285,172,208,29.8,22.8,66,1015,4.7,260,0
1966,7,30,8,385,216,247,31.7,23.3,61,1016,5.7,270,0
1966,7,30,9,596,330,333,32.4,23.1,58,1015,5.3,260,0
1966,7,30,10,528,267,286,33.2,22.9,55,1015,5,260,0
1966,7,30,11,831,559,289,33.9,22.8,52,1015,4.6,250,0
1966,7,30,12,858,600,272,33.7,22.5,52,1015,4.4,260,0
1966,7,30,13,813,555,297,33.5,22.3,52,1014,4.3,280,0
1966,7,30,14,396,85,325,33.3,22.2,52,1014,4.1,290,0
1966,7,30,15,378,103,308,31.3,22.3,59,1014,3.6,270,0
1966,7,30,16,166,58,137,29.2,22,65,1014,3.1,260,0
1966,7,30,17,106,5,105,27.2,21.7,72,1014,2.6,240,0
1966,7,30,18,24,8,23,26.7,21.9,75,1014,2.2,260,0
1966,7,30,19,0,0,0,26.1,22.2,79,1014,1.9,270,0
1966,7,30,20,0,0,0,25.6,22.2,82,1014,1.5,290,0
1966,7,30,21,0,0,0,25.4,22.1,82,1014,1.3,260,0
1966,7,30,22,0,0,0,25.2,21.9,82,1015,1.2,240,0
1966,7,30,23,0,0,0,25,21.7,82,1015,1,210,0
1966,7,31,0,0,0,0,24.6,21.5,83,1015,1,250,0
1966,7,31,1,0,0,0,24.3,21.2,83,1015,1,300,0
1966,7,31,2,0,0,0,23.9,21.1,84,1015,1,340,0
1966,7,31,3,0,0,0,24.6,21.3,82,1015,1,20,0
1966,7,31,4,0,0,0,25.4,21.9,81,1015,1,60,0
1966,7,31,5,8,1,8,26.1,22.2,79,1015,1,100,0
1966,7,31,6,42,3,41,25.2,21.5,80,1016,2,110,0
1966,7,31,7,154,2,152,24.2,20.7,81,1017,3.1,130,0
1966,7,31,8,128,6,124,23.3,20,82,1018,4.1,140,0
1966,7,31,9,330,85,263,23.9,20.3,80,1018,4.5,160,0
1966,7,31,10,647,316,361,24.4,20.3,78,1017,4.8,180,0
1966,7,31,11,733,302,440,25,20.6,76,1017,5.2,200,0
1966,7,31,12,874,571,316,26.5,21.1,72,1017,4.5,200,0
1966,7,31,13,867,639,274,27.9,21.2,67,1016,3.8,210,0
1966,7,31,14,757,625,240,29.4,21.7,63,1015,3.1,210,0
1966,7,31,15,587,554,211,29.2,21.4,63,1015,2.9,220,0
1966,7,31,16,367,368,184,29.1,21.3,63,1014,2.8,240,0
1966,7,31,17,171,250,98,28.9,21.1,63,1014,2.6,250,0
1966,7,31,18,24,18,22,27,21.3,71,1014,1.8,233,0
1966,7,31,19,0,0,0,25.7,21.4,77,1014,1.3,219,0
1966,7,31,20,0,0,0,24.7,21.3,81,1015,1,81,0
1966,7,31,21,0,0,0,25.3,21.4,79,1015,1.7,194,0
1966,7,31,22,0,0,0,25.7,21.5,77,1015,2.2,190,0
1966,7,31,23,0,0,0,25.8,21.6,77,1015,2.4,189,0
1966,8,1,0,0,0,0,25.8,21.5,77,1015,2.3,191,0
1966,8,1,1,0,0,0,25.6,21.4,77,1015,2.1,196,0
1966,8,1,2,0,0,0,25.2,21.1,78,1015,1.8,207,0
1966,8,1,3,0,0,0,24.7,20.7,78,1015,1.4,224,0
1966,8,1,4,0,0,0,24,20.1,78,1016,0.9,247,0
1966,8,1,5,27,3,27,23.2,19.3,78,1016,0.3,27,0
1966,8,1,6,118,124,88,24.8,20.5,77,1016,1,320,0
1966,8,1,7,335,424,146,26.9,21.9,74,1016,2.1,340,0
1966,8,1,8,495,460,203,28.9,23.3,72,1017,3.1,0,0
1966,8,1,9,578,414,249,29.5,23.5,70,1017,3.1,0,0
1966,8,1,10,605,318,317,30,23.2,67,1016,3.1,10,0
1966,8,1,11,858,601,276,30.6,23.3,65,1016,3.1,10,0
1966,8,1,12,826,541,298,31.3,23.2,62,1016,3.1,20,0
1966,8,1,13,734,477,292,32.1,23.1,59,1015,3.1,40,0
1966,8,1,14,745,608,244,32.8,22.8,56,1015,3.1,50,0
1966,8,1,15,544,461,232,31.5,23.3,62,1015,3.6,90,0
1966,8,1,16,380,397,183,30.2,23.6,68,1015,4.1,120,0
1966,8,1,17,159,185,106,28.9,23.9,74,1015,4.6,160,0
1966,8,1,18,22,19,20,28.7,24.3,77,1015,4.1,160,0
1966,8,1,19,0,0,0,28.5,24.5,79,1015,3.6,170,0
1966,8,1,20,0,0,0,28.3,25,82,1015,3.1,170,0
1966,8,1,21,0,0,0,26.8,24.3,86,1015,2.8,150,0
1966,8,1,22,0,0,0,25.4,23.6,90,1015,2.4,130,0
1966,8,1,23,0,0,0,23.9,22.8,94,1015,2.1,110,0
1966,8,2,0,0,0,0,23.3,22.1,93,1015,1.4,110,0
1966,8,2,1,0,0,0,22.8,21.3,91,1014,0.7,110,0
1966,8,2,2,0,0,0,22.2,20.6,90,1014,0,0,0
1966,8,2,3,0,0,0,22.6,20.7,89,1014,0.7,120,0
1966,8,2,4,0,0,0,22.9,20.8,88,1014,1.4,120,0
1966,8,2,5,20,16,18,23.3,21.1,87,1014,2.1,120,0
1966,8,2,6,114,171,74,25,22.1,84,1015,2.1,160,0
1966,8,2,7,276,251,164,26.6,22.9,80,1015,2.1,200,0
1966,8,2,8,384,204,255,28.3,23.9,77,1015,2.1,240,0
1966,8,2,9,663,563,217,29.2,24.1,74,1015,2.3,220,0
1966,8,2,10,741,494,294,30.2,24.4,71,1015,2.4,210,0
1966,8,2,11,827,542,303,31.1,24.4,68,1015,2.6,190,0
1966,8,2,12,850,596,269,31.3,24.4,67,1014,2.6,200,0
1966,8,2,13,858,612,291,31.5,24.1,65,1014,2.6,210,0
1966,8,2,14,681,481,285,31.7,23.9,64,1013,2.6,220,0
1966,8,2,15,528,449,224,31.3,23.4,63,1012,2.6,210,0
1966,8,2,16,294,224,183,31,22.9,62,1012,2.6,200,0
1966,8,2,17,117,91,90,30.6,22.2,61,1012,2.6,190,0
1966,8,2,18,33,9,32,29.7,23.2,68,1012,2.6,190,0
1966,8,2,19,0,0,0,28.7,23.8,75,1012,2.6,200,0
1966,8,2,20,0,0,0,27.8,24.4,82,1012,2.6,200,0
1966,8,2,21,0,0,0,27.6,24.5,83,1012,3.3,200,0
1966,8,2,22,0,0,0,27.4,24.5,84,1012,3.9,210,0
1966,8,2,23,0,0,0,27.2,24.4,85,1013,4.6,210,0
1966,8,3,0,0,0,0,27,24.5,86,1012,3.9,210,0
1966,8,3,1,0,0,0,26.9,24.6,87,1012,3.3,200,0
1966,8,3,2,0,0,0,26.7,24.4,88,1012,2.6,200,0
1966,8,3,3,0,0,0,26.7,24.5,88,1012,2.9,200,0
1966,8,3,4,0,0,0,26.7,24.5,88,1012,3.3,210,0
1966,8,3,5,16,2,16,26.7,24.4,88,1012,3.6,210,0
1966,8,3,6,100,40,91,27.8,24.8,84,1012,4.1,210,0
1966,8,3,7,263,234,160,28.9,25.3,81,1012,4.7,200,0
1966,8,3,8,536,615,147,30,25.6,77,1012,5.2,200,0
1966,8,3,9,696,586,234,30.4,25.2,74,1011,5,210,0
1966,8,3,10,617,272,371,30.7,24.8,71,1011,4.8,230,0
1966,8,3,11,568,195,379,31.1,24.4,68,1011,4.6,240,0
1966,8,3,12,545,198,352,30.4,24.3,70,1010,4.6,260,0
1966,8,3,13,458,76,387,29.6,24,72,1010,4.6,270,0
1966,8,3,14,332,10,323,28.9,23.9,74,1010,4.6,290,0
1966,8,3,15,392,141,297,28.7,23.8,75,1010,3.9,270,0
1966,8,3,16,268,183,177,28.5,23.9,76,1010,3.3,260,0
1966,8,3,17,116,51,101,28.3,23.9,77,1010,2.6,240,0
1966,8,3,18,30,6,30,27.6,24,81,1010,2.4,230,0
1966,8,3,19,0,0,0,26.8,23.9,84,1011,2.3,210,0
1966,8,3,20,0,0,0,26.1,23.9,88,1011,2.1,200,0
1966,8,3,21,0,0,0,25.9,23.9,89,1011,2.3,200,0
1966,8,3,22,0,0,0,25.8,24,90,1011,2.4,210,0
1966,8,3,23,0,0,0,25.6,23.9,91,1012,2.6,210,0
1966,8,4,0,0,0,0,25.2,23.6,91,1011,2.4,220,0
1966,8,4,1,0,0,0,24.8,23.1,90,1011,2.3,220,0
1966,8,4,2,0,0,0,24.4,22.8,90,1011,2.1,230,0
1966,8,4,3,0,0,0,24.6,23,91,1011,2.8,230,0
1966,8,4,4,0,0,0,24.8,23.6,93,1011,3.4,220,0
1966,8,4,5,7,0,7,25,23.9,94,1011,4.1,220,0
1966,8,4,6,47,2,47,25.2,24,93,1012,4.3,230,0
1966,8,4,7,149,8,145,25.4,24,92,1012,4.4,230,0
1966,8,4,8,131,1,130,25.6,23.9,91,1012,4.6,240,0
1966,8,4,9,316,7,310,26.1,24.1,89,1012,5.6,240,0
1966,8,4,10,414,5,409,26.7,24.4,87,1012,6.7,240,0
1966,8,4,11,288,3,285,27.2,24.4,85,1012,7.7,240,0
1966,8,4,12,411,0,411,27.2,24.5,85,1012,6.9,240,0
1966,8,4,13,382,0,382,27.2,24.5,85,1012,6,240,0
1966,8,4,14,362,0,362,27.2,24.4,85,1012,5.2,240,0
1966,8,4,15,282,0,282,26.1,23.4,85,1012,5,250,0
1966,8,4,16,193,1,192,25,22.1,84,1012,4.8,260,0
1966,8,4,17,66,1,66,23.9,21.1,84,1012,4.6,270,0
1966,8,4,18,19,0,19,23.9,21.6,87,1012,3.9,250,0
1966,8,4,19,0,0,0,23.9,22.3,91,1012,3.3,240,0
1966,8,4,20,0,0,0,23.9,22.8,94,1012,2.6,220,0
1966,8,4,21,0,0,0,24.1,23.1,94,1012,2.6,220,0
1966,8,4,22,0,0,0,24.2,23.2,94,1012,2.6,220,0
1966,8,4,23,0,0,0,24.4,23.3,94,1013,2.6,220,0
1966,8,5,0,0,0,0,24.4,23.4,94,1013,2.4,240,0
1966,8,5,1,0,0,0,24.4,23.4,94,1013,2.3,250,0
1966,8,5,2,0,0,0,24.4,23.3,94,1013,2.1,270,0
1966,8,5,3,0,0,0,24.2,23.4,95,1013,2.1,260,0
1966,8,5,4,0,0,0,24.1,23.4,96,1013,2.1,240,0
1966,8,5,5,15,2,15,23.9,23.3,97,1014,2.1,230,0
1966,8,5,6,48,4,47,25.2,23.8,92,1014,2.3,260,0
1966,8,5,7,124,2,123,26.5,24.2,87,1014,2.4,290,0
1966,8,5,8,255,4,253,27.8,24.4,82,1014,2.6,320,0
1966,8,5,9,303,5,299,26.7,23.6,83,1014,2.6,310,0
1966,8,5,10,392,5,388,25.5,22.6,84,1015,2.6,290,0
1966,8,5,11,233,4,229,24.4,21.7,85,1015,2.6,280,0
1966,8,5,12,420,1,419,25.3,22.6,85,1014,2.8,270,0
1966,8,5,13,386,1,385,26.3,23.6,85,1014,2.9,260,0
1966,8,5,14,351,0,351,27.2,24.4,85,1013,3.1,250,0
1966,8,5,15,289,0,289,27.4,24.5,84,1013,2.8,250,0
1966,8,5,16,214,0,214,27.6,24.5,83,1013,2.4,240,0
1966,8,5,17,107,0,107,27.8,24.4,82,1013,2.1,240,0
1966,8,5,18,34,0,34,26.5,24,86,1013,2.1,230,0
1966,8,5,19,0,0,0,25.2,23.4,90,1013,2.1,210,0
1966,8,5,20,0,0,0,23.9,22.8,94,1013,2.1,200,0
1966,8,5,21,0,0,0,23.7,22.9,95,1013,1.9,200,0
1966,8,5,22,0,0,0,23.5,22.8,96,1013,1.7,190,0
1966,8,5,23,0,0,0,23.3,22.8,97,1013,1.5,190,0
1966,8,6,0,0,0,0,23.3,22.6,96,1013,1.5,240,0
1966,8,6,1,0,0,0,23.3,22.3,94,1013,1.5,290,0
1966,8,6,2,0,0,0,23.3,22.2,93,1013,1.5,340,0
1966,8,6,3,0,0,0,23.3,22.3,94,1013,1,330,0
1966,8,6,4,0,0,0,23.3,22.6,96,1013,0.5,320,0
1966,8,6,5,11,0,11,23.3,22.8,97,1013,0,0,0
1966,8,6,6,87,1,87,24.1,23.3,95,1013,0.7,310,0
1966,8,6,7,184,0,184,24.8,23.6,93,1013,1.4,300,0
1966,8,6,8,156,1,155,25.6,23.9,91,1013,2.1,290,0
1966,8,6,9,363,0,363,26.5,23.8,85,1013,2.1,270,0
1966,8,6,10,400,0,400,27.4,23.2,78,1013,2.1,260,0
1966,8,6,11,459,1,459,28.3,22.8,72,1013,2.1,240,0
1966,8,6,12,549,131,421,28.1,23.3,75,1012,1.9,180,0
1966,8,6,13,772,516,298,28,24,79,1012,1.7,130,0
1966,8,6,14,621,398,295,27.8,24.4,82,1011,1.5,70,0
1966,8,6,15,498,387,239,28,24.2,80,1011,2,110,0
1966,8,6,16,323,299,178,28.1,24.1,79,1010,2.6,160,0
1966,8,6,17,160,150,118,28.3,23.9,77,1010,3.1,200,0
1966,8,6,18,29,13,27,27.4,23.9,81,1010,2.9,200,0
1966,8,6,19,0,0,0,26.5,23.6,84,1010,2.8,200,0
1966,8,6,20,0,0,0,25.6,23.3,88,1011,2.6,200,0
1966,8,6,21,0,0,0,25,23.4,91,1010,2.6,210,0
1966,8,6,22,0,0,0,24.5,23.5,94,1010,2.6,220,0
1966,8,6,23,0,0,0,23.9,23.3,97,1010,2.6,230,0
1966,8,7,0,0,0,0,23.7,23,96,1010,2.6,230,0
1966,8,7,1,0,0,0,23.5,22.5,94,1010,2.6,230,0
1966,8,7,2,0,0,0,23.3,22.2,93,1010,2.6,230,0
1966,8,7,3,0,0,0,22.9,21.7,93,1010,1.7,230,0
1966,8,7,4,0,0,0,22.6,21.4,93,1010,0.9,220,0
1966,8,7,5,19,5,18,22.2,21.1,93,1010,0,0,0
1966,8,7,6,117,211,69,24.2,22.3,89,1010,0.7,220,0
1966,8,7,7,294,255,183,26.3,23.4,84,1010,1.4,210,0
1966,8,7,8,534,514,211,28.3,24.4,80,1011,2.1,210,0
1966,8,7,9,678,536,257,28.9,24.5,77,1010,2.4,260,0
1966,8,7,10,822,569,310,29.4,24.1,73,1010,2.8,300,0
1966,8,7,11,719,318,414,30,23.9,70,1010,3.1,350,0
1966,8,7,12,779,424,368,30.7,23.4,65,1010,2.8,340,0
1966,8,7,13,758,423,370,31.5,22.5,59,1009,2.4,320,0
1966,8,7,14,686,489,287,32.2,21.7,54,1009,2.1,310,0
1966,8,7,15,457,320,243,31.1,23,62,1009,2.4,270,0
1966,8,7,16,312,264,184,30,23.7,69,1009,2.8,220,0
1966,8,7,17,146,138,108,28.9,24.4,77,1009,3.1,180,0
1966,8,7,18,24,8,23,28,24.6,82,1009,2.9,180,0
1966,8,7,19,0,0,0,27,24.5,86,1009,2.8,190,0
1966,8,7,20,0,0,0,26.1,24.4,91,1010,2.6,190,0
1966,8,7,21,0,0,0,25.9,24.1,90,1010,2.2,200,0
1966,8,7,22,0,0,0,25.8,23.9,89,1010,1.9,200,0
1966,8,7,23,0,0,0,25.6,23.3,88,1010,1.5,210,0
1966,8,8,0,0,0,0,25.2,23.4,90,1010,1,180,0
1966,8,8,1,0,0,0,24.8,23.4,92,1010,0.5,150,0
1966,8,8,2,0,0,0,24.4,23.3,94,1010,0,0,0
1966,8,8,3,0,0,0,23.5,22.7,95,1010,0.3,90,0
1966,8,8,4,0,0,0,22.6,21.9,96,1010,0.7,60,0
1966,8,8,5,14,3,14,21.7,21.1,97,1011,1,30,0
1966,8,8,6,109,154,75,24.1,22.4,90,1011,0.7,20,0
1966,8,8,7,305,353,151,26.5,23.6,84,1011,0.3,20,0
1966,8,8,8,428,301,240,28.9,24.4,77,1012,0,0,0
1966,8,8,9,702,569,255,29.8,24.4,73,1012,1.2,0,0
1966,8,8,10,801,570,289,30.8,24.7,70,1012,2.4,360,0
1966,8,8,11,856,584,295,31.7,24.4,66,1012,3.6,350,0
1966,8,8,12,915,661,275,32.1,24.2,63,1011,3.4,0,0
1966,8,8,13,854,596,307,32.4,23.9,61,1011,3.3,10,0
1966,8,8,14,734,588,254,32.8,23.3,58,1011,3.1,20,0
1966,8,8,15,523,437,232,31.7,24.1,64,1011,4.1,60,0
1966,8,8,16,302,153,229,30.5,24.2,69,1011,5.2,100,0
1966,8,8,17,135,38,125,29.4,24.4,75,1011,6.2,140,0
1966,8,8,18,25,2,24,28.3,24.1,78,1011,5,150,0
1966,8,8,19,0,0,0,27.2,23.9,82,1012,3.8,170,0
1966,8,8,20,0,0,0,26.1,23.3,85,1013,2.6,180,0
1966,8,8,21,0,0,0,25.7,23.2,86,1012,2.4,180,0
1966,8,8,22,0,0,0,25.4,22.9,86,1012,2.3,180,0
1966,8,8,23,0,0,0,25,22.8,87,1012,2.1,180,0
1966,8,9,0,0,0,0,25,22.7,87,1012,2.4,180,0
1966,8,9,1,0,0,0,25,22.7,87,1012,2.8,170,0
1966,8,9,2,0,0,0,25,22.8,87,1013,3.1,170,0
1966,8,9,3,0,0,0,25,23.1,89,1013,2.9,180,0
1966,8,9,4,0,0,0,25,23.6,92,1013,2.8,180,0
1966,8,9,5,18,12,17,25,23.9,94,1014,2.6,190,0
1966,8,9,6,128,254,72,26.3,24.3,89,1014,2.6,190,0
1966,8,9,7,304,420,121,27.6,24.8,85,1014,2.6,200,0
1966,8,9,8,399,325,196,28.9,25,80,1015,2.6,200,0
1966,8,9,9,704,649,195,29.3,24.8,77,1015,3.5,190,0
1966,8,9,10,622,455,213,29.6,24.7,75,1014,4.3,180,0
1966,8,9,11,869,627,267,30,24.4,72,1014,5.2,170,0
1966,8,9,12,857,604,273,30,24.4,72,1014,5.9,180,0
1966,8,9,13,784,575,257,30,24.4,72,1014,6.5,200,0
1966,8,9,14,694,504,284,30,24.4,72,1013,7.2,210,0
1966,8,9,15,370,214,227,29.4,24.5,75,1013,6.2,210,0
1966,8,9,16,305,287,167,28.9,24.5,77,1013,5.1,220,0
1966,8,9,17,162,185,112,28.3,24.4,80,1013,4.1,220,0
1966,8,9,18,26,21,24,27.8,24.4,82,1013,3.8,200,0
1966,8,9,19,0,0,0,27.2,24.1,83,1014,3.4,190,0
1966,8,9,20,0,0,0,26.7,23.9,85,1014,3.1,170,0
1966,8,9,21,0,0,0,26.5,24,86,1014,3.3,170,0
1966,8,9,22,0,0,0,26.3,24,87,1013,3.4,180,0
1966,8,9,23,0,0,0,26.1,23.9,88,1013,3.6,180,0
1966,8,10,0,0,0,0,26.1,24.1,89,1013,3.6,180,0
1966,8,10,1,0,0,0,26.1,24.3,90,1013,3.6,180,0
1966,8,10,2,0,0,0,26.1,24.4,91,1013,3.6,180,0
1966,8,10,3,0,0,0,25.5,23.9,91,1013,3.8,180,0
1966,8,10,4,0,0,0,25,23.2,90,1014,3.9,170,0
1966,8,10,5,9,0,9,24.4,22.8,90,1014,4.1,170,0
1966,8,10,6,65,7,64,25.5,23,86,1014,4.5,170,0
1966,8,10,7,164,55,140,26.7,23.2,81,1015,4.8,160,0
1966,8,10,8,264,25,248,27.8,23.3,77,1015,5.2,160,0
1966,8,10,9,373,56,329,28,23.4,76,1015,4.8,190,0
1966,8,10,10,496,128,382,28.1,23.3,75,1015,4.5,220,0
1966,8,10,11,283,0,283,28.3,23.3,74,1015,4.1,250,0
1966,8,10,12,349,7,343,27.9,22.8,74,1015,4.1,240,0
1966,8,10,13,330,7,324,27.6,22.6,74,1014,4.1,240,0
1966,8,10,14,275,8,268,27.2,22.2,74,1014,4.1,230,0
1966,8,10,15,215,2,213,26.7,22.6,78,1014,3.6,220,0
1966,8,10,16,166,3,164,26.1,22.6,81,1014,3.1,200,0
1966,8,10,17,87,0,87,25.6,22.8,85,1014,2.6,190,0
1966,8,10,18,14,1,14,25,22.7,87,1014,2.2,160,0
1966,8,10,19,0,0,0,24.5,22.4,88,1014,1.9,140,0
1966,8,10,20,0,0,0,23.9,22.2,90,1014,1.5,110,0
1966,8,10,21,0,0,0,23.9,22,89,1014,1.3,140,0
1966,8,10,22,0,0,0,23.9,21.8,88,1014,1.2,170,0
1966,8,10,23,0,0,0,23.9,21.7,87,1014,1,200,0
1966,8,11,0,0,0,0,23.9,21.8,88,1014,1,170,0
1966,8,11,1,0,0,0,23.9,22,89,1014,1,130,0
1966,8,11,2,0,0,0,23.9,22.2,90,1014,1,100,0
1966,8,11,3,0,0,0,24.1,22.5,91,1014,1.2,100,0
1966,8,11,4,0,0,0,24.2,23,93,1014,1.3,90,0
1966,8,11,5,10,0,10,24.4,23.3,94,1014,1.5,90,0
1966,8,11,6,79,29,73,26.1,24.1,89,1014,2.2,120,0
1966,8,11,7,160,40,143,27.7,24.9,85,1014,2.9,140,0
1966,8,11,8,336,126,257,29.4,25.6,80,1015,3.6,170,0
1966,8,11,9,534,263,328,30.3,25.1,74,1015,3.8,170,0
1966,8,11,10,583,197,407,31.3,24.7,68,1014,3.9,180,0
1966,8,11,11,525,198,336,32.2,23.9,62,1014,4.1,180,0
1966,8,11,12,543,214,336,31.7,24.3,65,1014,3.9,180,0
1966,8,11,13,452,95,366,31.1,24.7,69,1013,3.8,180,0
1966,8,11,14,545,274,323,30.6,25,72,1013,3.6,180,0
1966,8,11,15,261,45,231,30,24.6,73,1013,3.6,180,0
1966,8,11,16,175,34,159,29.5,24.1,73,1013,3.6,170,0
1966,8,11,17,59,1,59,28.9,23.9,74,1013,3.6,170,0
1966,8,11,18,23,2,22,28.2,24.2,79,1013,3.1,150,0
1966,8,11,19,0,0,0,27.4,24.3,83,1014,2.6,130,0
1966,8,11,20,0,0,0,26.7,24.4,88,1014,2.1,110,0
1966,8,11,21,0,0,0,26.7,24.5,88,1014,2.1,120,0
1966,8,11,22,0,0,0,26.7,24.5,88,1014,2.1,120,0
1966,8,11,23,0,0,0,26.7,24.4,88,1014,2.1,130,0
1966,8,12,0,0,0,0,26.5,24.5,89,1014,2.3,140,0
1966,8,12,1,0,0,0,26.3,24.5,90,1014,2.4,140,0
1966,8,12,2,0,0,0,26.1,24.4,91,1014,2.6,150,0
1966,8,12,3,0,0,0,26.1,24.3,90,1014,2.6,140,0
1966,8,12,4,0,0,0,26.1,24.1,89,1014,2.6,130,0
1966,8,12,5,11,2,11,26.1,23.9,88,1014,2.6,120,0
1966,8,12,6,93,78,77,27.8,24.4,82,1015,3.5,140,0
1966,8,12,7,301,375,140,29.4,24.7,76,1015,4.3,160,0
1966,8,12,8,517,490,212,31.1,25,70,1016,5.2,180,0
1966,8,12,9,699,570,254,31.8,24.9,67,1015,5.5,170,0
1966,8,12,10,738,480,308,32.6,25.2,65,1015,5.9,150,0
1966,8,12,11,856,584,298,33.3,25,62,1015,6.2,140,0
1966,8,12,12,778,478,318,33.1,24.6,61,1015,6,150,0
1966,8,12,13,684,400,319,33,23.9,59,1014,5.9,160,0
1966,8,12,14,562,221,384,32.8,23.3,58,1014,5.7,170,0
1966,8,12,15,418,243,258,32.1,23.6,61,1014,5,170,0
1966,8,12,16,270,152,198,31.3,23.9,65,1014,4.3,170,0
1966,8,12,17,122,80,100,30.6,23.9,68,1014,3.6,170,0
1966,8,12,18,25,9,24,29.7,24.3,73,1014,3.8,160,0
1966,8,12,19,0,0,0,28.7,24.3,77,1015,3.9,160,0
1966,8,12,20,0,0,0,27.8,24.4,82,1015,4.1,150,0
1966,8,12,21,0,0,0,27.4,24.3,83,1015,3.6,140,0
1966,8,12,22,0,0,0,27.1,24.2,84,1015,3.1,130,0
1966,8,12,23,0,0,0,26.7,23.9,85,1015,2.6,120,0
1966,8,13,0,0,0,0,26.1,23.8,87,1015,2.2,110,0
1966,8,13,1,0,0,0,25.6,23.5,88,1015,1.9,110,0
1966,8,13,2,0,0,0,25,23.3,90,1015,1.5,100,0
1966,8,13,3,0,0,0,24.3,22.6,90,1016,1.3,90,0
1966,8,13,4,0,0,0,23.5,21.8,90,1016,1.2,70,0
1966,8,13,5,13,4,12,22.8,21.1,90,1016,1,60,0
1966,8,13,6,110,200,66,25.4,22.3,83,1017,2,90,0
1966,8,13,7,314,397,144,28,23.6,77,1017,3.1,110,0
1966,8,13,8,513,537,180,30.6,24.4,70,1017,4.1,140,0
1966,8,13,9,688,565,248,31.1,24.2,67,1017,4.1,140,0
1966,8,13,10,837,617,287,31.7,24.3,65,1017,4.1,150,0
1966,8,13,11,883,641,270,32.2,23.9,62,1017,4.1,150,0
1966,8,13,12,885,657,254,32.6,24.1,61,1016,4.5,160,0
1966,8,13,13,786,481,348,32.9,24.4,61,1016,4.8,160,0
1966,8,13,14,669,470,290,33.3,24.4,60,1015,5.2,170,0
1966,8,13,15,357,123,277,31.8,23.9,63,1015,4.5,150,0
1966,8,13,16,195,79,158,30.4,23.6,67,1015,3.8,120,0
1966,8,13,17,47,0,47,28.9,22.8,70,1015,3.1,100,0
1966,8,13,18,16,3,15,27.6,23,76,1015,2.1,100,0
1966,8,13,19,0,0,0,26.3,22.8,81,1016,1,110,0
1966,8,13,20,0,0,0,25,22.8,87,1016,0,0,0
1966,8,13,21,0,0,0,25.4,22.9,86,1016,0.7,110,0
1966,8,13,22,0,0,0,25.7,23.2,86,1017,1.4,120,0
1966,8,13,23,0,0,0,26.1,23.3,85,1017,2.1,120,0
1966,8,14,0,0,0,0,26.3,23.6,85,1017,2.4,130,0
1966,8,14,1,0,0,0,26.5,23.8,85,1017,2.8,150,0
1966,8,14,2,0,0,0,26.7,23.9,85,1017,3.1,160,0
1966,8,14,3,0,0,0,25.4,23.1,87,1017,2.4,140,0
1966,8,14,4,0,0,0,24.1,22,88,1017,1.7,120,0
1966,8,14,5,11,0,11,22.8,21.1,90,1017,1,100,0
1966,8,14,6,94,93,74,25.4,22.3,83,1017,1.4,130,0
1966,8,14,7,286,293,161,28,23.2,75,1018,1.7,170,0
1966,8,14,8,497,452,217,30.6,23.9,68,1018,2.1,200,0
1966,8,14,9,556,315,311,31.1,24.2,67,1018,2.3,250,0
1966,8,14,10,796,541,314,31.7,24.3,65,1018,2.4,300,0
1966,8,14,11,920,623,325,32.2,24.4,64,1017,2.6,350,0
1966,8,14,12,842,498,363,30.2,24.4,71,1017,2.9,30,0
1966,8,14,13,802,475,370,28.1,23.9,78,1016,3.3,70,0
1966,8,14,14,208,61,159,26.1,23.3,85,1016,3.6,110,0
1966,8,14,15,494,347,267,27.6,24,81,1016,3.6,130,0
1966,8,14,16,318,276,188,29.1,24.4,76,1015,3.6,140,0
1966,8,14,17,127,85,106,30.6,25,72,1015,3.6,160,0
1966,8,14,18,14,2,14,28.9,24.2,76,1016,2.9,170,0
1966,8,14,19,0,0,0,27.3,23.8,81,1017,2.2,170,0
1966,8,14,20,0,0,0,25.6,22.8,85,1017,1.5,180,0
1966,8,14,21,0,0,0,25,22.7,87,1017,1.3,180,0
1966,8,14,22,0,0,0,24.5,22.4,88,1017,1.2,190,0
1966,8,14,23,0,0,0,23.9,22.2,90,1017,1,190,0
1966,8,15,0,0,0,0,23.7,22,90,1016,0.7,210,0
1966,8,15,1,0,0,0,23.5,21.8,90,1016,0.3,220,0
1966,8,15,2,0,0,0,23.3,21.7,90,1016,0,0,0
1966,8,15,3,0,0,0,22.9,21.2,90,1016,0,0,0
1966,8,15,4,0,0,0,22.6,20.9,90,1017,0,0,0
1966,8,15,5,13,11,12,22.2,20.6,90,1017,0,0,0
1966,8,15,6,114,238,64,24.8,21.9,84,1017,1,310,0
1966,8,15,7,307,385,143,27.4,23.2,78,1018,2.1,320,0
1966,8,15,8,452,355,234,30,24.4,72,1018,3.1,340,0
1966,8,15,9,707,633,215,30.6,24.5,70,1018,2.9,330,0
1966,8,15,10,847,717,208,31.1,24.5,68,1018,2.8,330,0
1966,8,15,11,878,646,263,31.7,24.4,66,1017,2.6,320,0
1966,8,15,12,819,465,374,31.5,24.6,67,1017,3.1,280,0
1966,8,15,13,633,334,329,31.3,24.9,69,1017,3.6,250,0
1966,8,15,14,165,26,144,31.1,25,70,1016,4.1,210,0
1966,8,15,15,398,148,301,30.4,24.5,71,1016,3.9,220,0
1966,8,15,16,258,148,189,29.6,24.2,73,1016,3.8,240,0
1966,8,15,17,132,139,96,28.9,23.9,74,1015,3.6,250,0
1966,8,15,18,16,11,15,28.3,24.1,78,1016,3.3,230,0
1966,8,15,19,0,0,0,27.8,24.2,81,1017,2.9,210,0
1966,8,15,20,0,0,0,27.2,24.4,85,1017,2.6,190,0
1966,8,15,21,0,0,0,26.1,23.8,87,1017,2.2,200,0
1966,8,15,22,0,0,0,25,22.9,88,1017,1.9,210,0
1966,8,15,23,0,0,0,23.9,22.2,90,1017,1.5,220,0
1966,8,16,0,0,0,0,24.1,22.4,90,1017,1.9,230,0
1966,8,16,1,0,0,0,24.2,22.5,90,1016,2.2,250,0
1966,8,16,2,0,0,0,24.4,22.8,90,1016,2.6,260,0
1966,8,16,3,0,0,0,24.2,22.5,90,1017,2.4,270,0
1966,8,16,4,0,0,0,24.1,22.4,90,1017,2.3,270,0
1966,8,16,5,12,0,12,23.9,22.2,90,1017,2.1,280,0
1966,8,16,6,86,65,72,25.9,23,84,1018,2.1,290,0
1966,8,16,7,286,274,170,28,23.8,78,1018,2.1,300,0
1966,8,16,8,503,423,243,30,24.4,72,1018,2.1,310,0
1966,8,16,9,690,507,296,30.9,24.3,68,1018,2.6,320,0
1966,8,16,10,796,529,326,31.9,24.2,64,1018,3.1,330,0
1966,8,16,11,878,564,341,32.8,23.9,60,1018,3.6,340,0
1966,8,16,12,870,558,336,33.3,23.9,58,1017,2.9,340,0
1966,8,16,13,774,480,339,33.9,23.6,55,1016,2.2,330,0
1966,8,16,14,689,481,304,34.4,23.3,53,1015,1.5,330,0
1966,8,16,15,495,365,259,33.9,24.2,57,1015,2.2,280,0
1966,8,16,16,272,170,193,33.3,24.5,60,1015,2.9,240,0
1966,8,16,17,102,18,97,32.8,25,64,1015,3.6,190,0
1966,8,16,18,16,0,16,29.8,24.2,72,1016,3.3,210,0
1966,8,16,19,0,0,0,26.9,23,79,1016,2.9,240,0
1966,8,16,20,0,0,0,23.9,21.7,87,1017,2.6,260,0
1966,8,16,21,0,0,0,24.1,22,88,1017,2.2,240,0
1966,8,16,22,0,0,0,24.2,22.3,89,1017,1.9,220,0
1966,8,16,23,0,0,0,24.4,22.8,90,1017,1.5,200,0
1966,8,17,0,0,0,0,24.2,22.5,90,1016,1,210,0
1966,8,17,1,0,0,0,24.1,22.4,90,1016,0.5,220,0
1966,8,17,2,0,0,0,23.9,22.2,90,1015,0,0,0
1966,8,17,3,0,0,0,23.5,21.8,90,1015,0.9,230,0
1966,8,17,4,0,0,0,23.2,21.5,90,1015,1.7,240,0
1966,8,17,5,11,3,11,22.8,21.1,90,1015,2.6,250,0
1966,8,17,6,68,61,56,25,22.5,86,1016,2.8,290,0
1966,8,17,7,251,204,165,27.2,23.7,81,1016,2.9,320,0
1966,8,17,8,482,494,179,29.4,25,77,1016,3.1,0,0
1966,8,17,9,503,217,335,29.6,24.2,73,1016,2.8,30,0
1966,8,17,10,525,226,324,29.8,23.5,69,1016,2.4,60,0
1966,8,17,11,515,106,415,30,22.8,65,1016,2.1,90,0
1966,8,17,12,691,244,459,30.7,22.9,63,1015,2.6,120,0
1966,8,17,13,753,474,325,31.5,23.3,62,1014,3.1,140,0
1966,8,17,14,705,578,243,32.2,23.3,60,1013,3.6,170,0
1966,8,17,15,589,578,216,30.4,23.3,66,1013,2.9,110,0
1966,8,17,16,253,109,203,28.5,23.2,73,1014,2.2,60,0
1966,8,17,17,29,10,27,26.7,22.8,79,1014,1.5,0,0
1966,8,17,18,19,0,19,26.5,23,81,1014,1.5,10,0
1966,8,17,19,0,0,0,26.3,23.2,83,1015,1.5,10,0
1966,8,17,20,0,0,0,26.1,23.3,85,1015,1.5,20,0
1966,8,17,21,0,0,0,25.5,23.2,87,1015,1.3,10,0
1966,8,17,22,0,0,0,25,22.9,88,1014,1.2,10,0
1966,8,17,23,0,0,0,24.4,22.8,90,1014,1,0,0
1966,8,18,0,0,0,0,24,22.3,90,1014,1.2,350,0
1966,8,18,1,0,0,0,23.7,22,90,1014,1.3,350,0
1966,8,18,2,0,0,0,23.3,21.7,90,1014,1.5,340,0
1966,8,18,3,0,0,0,23.3,21.8,91,1014,1,10,0
1966,8,18,4,0,0,0,23.3,21.9,92,1014,0.5,30,0
1966,8,18,5,9,0,9,23.3,22.2,93,1014,0,0,0
1966,8,18,6,66,33,59,24.8,22.7,88,1014,1,80,0
1966,8,18,7,185,116,136,26.3,23.4,84,1015,2.1,110,0
1966,8,18,8,379,173,273,27.8,23.9,79,1015,3.1,130,0
1966,8,18,9,444,141,335,28.5,23.9,76,1015,3.4,130,0
1966,8,18,10,302,26,279,29.3,24,73,1015,3.8,140,0
1966,8,18,11,487,81,410,30,23.9,70,1015,4.1,140,0
1966,8,18,12,523,79,447,30.4,24.1,69,1015,3.9,150,0
1966,8,18,13,359,81,286,30.7,23.9,67,1014,3.8,170,0
1966,8,18,14,442,142,329,31.1,23.9,66,1014,3.6,180,0
1966,8,18,15,289,52,255,30.5,23.7,67,1014,4.1,160,0
1966,8,18,16,189,59,162,30,23.7,69,1013,4.7,150,0
1966,8,18,17,105,53,92,29.4,23.3,70,1013,5.2,130,0
1966,8,18,18,20,0,20,27.9,23.3,76,1014,4.2,100,0
1966,8,18,19,0,0,0,26.5,23,81,1015,3.1,80,0
1966,8,18,20,0,0,0,25,22.8,87,1016,2.1,50,0
1966,8,18,21,0,0,0,24.6,22.5,88,1015,2.1,50,0
1966,8,18,22,0,0,0,24.3,22.4,89,1015,2.1,60,0
1966,8,18,23,0,0,0,23.9,22.2,90,1015,2.1,60,0
1966,8,19,0,0,0,0,24.3,22.4,89,1015,2.3,80,0
1966,8,19,1,0,0,0,24.6,22.5,88,1014,2.4,100,0
1966,8,19,2,0,0,0,25,22.8,87,1014,2.6,120,0
1966,8,19,3,0,0,0,24.8,22.7,88,1015,2.4,110,0
1966,8,19,4,0,0,0,24.6,22.7,89,1015,2.3,110,0
1966,8,19,5,11,9,10,24.4,22.8,90,1016,2.1,100,0
1966,8,19,6,114,262,60,26.5,23.8,85,1016,2.8,120,0
1966,8,19,7,305,458,113,28.5,24.7,80,1017,3.4,150,0
1966,8,19,8,427,410,176,30.6,25.6,75,1017,4.1,170,0
1966,8,19,9,671,638,179,31.1,25.4,72,1017,4.6,170,0
1966,8,19,10,856,708,230,31.7,25.3,69,1016,5.2,170,0
1966,8,19,11,874,679,231,32.2,25,66,1016,5.7,170,0
1966,8,19,12,808,510,323,31.3,24.4,67,1016,5.7,170,0
1966,8,19,13,618,286,361,30.3,24,69,1015,5.7,180,0
1966,8,19,14,321,115,229,29.4,23.3,70,1015,5.7,180,0
1966,8,19,15,266,50,234,29,23.2,71,1015,5.2,200,0
1966,8,19,16,223,36,207,28.7,22.9,71,1016,4.6,210,0
1966,8,19,17,60,24,54,28.3,22.8,72,1016,4.1,230,0
1966,8,19,18,15,5,15,26.8,22.2,76,1016,3.4,170,0
1966,8,19,19,0,0,0,25.4,21.7,80,1017,2.8,120,0
1966,8,19,20,0,0,0,23.9,21.1,84,1017,2.1,60,0
1966,8,19,21,0,0,0,24.1,21.4,85,1017,2.1,10,0
1966,8,19,22,0,0,0,24.2,21.7,86,1018,2.1,330,0
1966,8,19,23,0,0,0,24.4,22.2,87,1018,2.1,280,0
1966,8,20,0,0,0,0,23.9,21.8,88,1017,1.4,250,0
1966,8,20,1,0,0,0,23.3,21.4,89,1017,0.7,230,0
1966,8,20,2,0,0,0,22.8,21.1,90,1017,0,0,0
1966,8,20,3,0,0,0,23.2,21.3,89,1017,1,170,0
1966,8,20,4,0,0,0,23.5,21.4,88,1017,2.1,150,0
1966,8,20,5,12,2,11,23.9,21.7,87,1017,3.1,120,0
1966,8,20,6,97,129,71,25.7,23,85,1018,3.8,120,0
1966,8,20,7,309,458,117,27.6,24.2,82,1018,4.5,130,0
1966,8,20,8,507,559,166,29.4,25.6,80,1018,5.2,130,0
1966,8,20,9,713,669,199,30.7,25.3,73,1018,5.4,140,0
1966,8,20,10,814,656,234,32,25.1,67,1018,5.5,160,0
1966,8,20,11,854,654,236,33.3,24.4,60,1018,5.7,170,0
1966,8,20,12,873,635,270,31.8,24.1,64,1018,6.5,180,0
1966,8,20,13,628,306,354,30.4,23.8,68,1017,7.4,200,0
1966,8,20,14,447,117,355,28.9,23.3,72,1017,8.2,210,0
1966,8,20,15,207,39,182,27.8,23,75,1017,6,170,0
1966,8,20,16,200,6,197,26.7,22.8,79,1016,3.7,130,0
1966,8,20,17,44,0,43,25.6,22.2,82,1016,1.5,90,0
1966,8,20,18,12,3,12,25.6,22.7,84,1016,1.7,100,0
1966,8,20,19,0,0,0,25.6,23.1,86,1017,1.9,100,0
1966,8,20,20,0,0,0,25.6,23.3,88,1017,2.1,110,0
1966,8,20,21,0,0,0,25.4,23.5,89,1017,2.3,110,0
1966,8,20,22,0,0,0,25.2,23.3,89,1016,2.4,120,0
1966,8,20,23,0,0,0,25,23.3,90,1016,2.6,120,0
1966,8,21,0,0,0,0,24.1,22.4,90,1016,1.7,120,0
1966,8,21,1,0,0,0,23.1,21.4,90,1016,0.9,120,0
1966,8,21,2,0,0,0,22.2,20.6,90,1016,0,0,0
1966,8,21,3,0,0,0,22,19.8,87,1017,0,0,0
1966,8,21,4,0,0,0,21.9,19.1,84,1017,0,0,0
1966,8,21,5,11,0,11,21.7,18.3,81,1018,0,0,0
1966,8,21,6,89,57,78,24.5,20.4,78,1018,1,130,0
1966,8,21,7,264,236,166,27.2,22.4,75,1018,2.1,130,0
1966,8,21,8,491,416,238,30,24.4,72,1018,3.1,130,0
1966,8,21,9,677,516,280,30.9,24.5,69,1018,3.6,140,0
1966,8,21,10,815,560,321,31.9,25,67,1018,4.1,140,0
1966,8,21,11,879,614,299,32.8,25,64,1018,4.6,150,0
1966,8,21,12,930,647,317,32.4,25,65,1017,4.8,160,0
1966,8,21,13,751,453,346,32.1,24.7,65,1017,5,160,0
1966,8,21,14,609,372,316,31.7,24.4,66,1016,5.2,170,0
1966,8,21,15,469,340,253,31.1,24.5,68,1016,4.7,170,0
1966,8,21,16,276,224,176,30.6,24.5,70,1016,4.1,180,0
1966,8,21,17,107,78,88,30,24.4,72,1016,3.6,180,0
1966,8,21,18,19,1,19,28.5,24.1,77,1016,2.9,210,0
1966,8,21,19,0,0,0,27.1,24,83,1016,2.2,240,0
1966,8,21,20,0,0,0,25.6,23.3,88,1017,1.5,270,0
1966,8,21,21,0,0,0,25.4,23.5,89,1017,1.5,250,0
1966,8,21,22,0,0,0,25.2,23.3,89,1017,1.5,230,0
1966,8,21,23,0,0,0,25,23.3,90,1017,1.5,210,0
1966,8,22,0,0,0,0,23.9,22,89,1017,1.5,250,0
1966,8,22,1,0,0,0,22.8,20.7,88,1017,1.5,290,0
1966,8,22,2,0,0,0,21.7,19.4,87,1017,1.5,330,0
1966,8,22,3,0,0,0,21.7,18.9,84,1017,1.3,320,0
1966,8,22,4,0,0,0,21.7,18.5,82,1017,1.2,310,0
1966,8,22,5,11,1,11,21.7,17.8,79,1017,1,300,0
1966,8,22,6,86,66,73,24.1,19.8,77,1018,1.5,280,0
1966,8,22,7,272,195,191,26.5,21.9,76,1018,2.1,260,0
1966,8,22,8,497,394,258,28.9,23.9,74,1019,2.6,240,0
1966,8,22,9,632,433,300,29.6,23.8,71,1019,2.8,280,0
1966,8,22,10,799,538,325,30.4,24.1,69,1019,2.9,330,0
1966,8,22,11,843,572,305,31.1,23.9,66,1019,3.1,10,0
1966,8,22,12,841,490,378,31.7,23.8,63,1018,3.1,0,0
1966,8,22,13,806,564,302,32.2,23.2,59,1018,3.1,350,0
1966,8,22,14,653,472,283,32.8,22.8,56,1017,3.1,340,0
1966,8,22,15,462,390,215,32.2,23.5,60,1017,2.6,310,0
1966,8,22,16,318,371,153,31.7,24.1,64,1017,2,290,0
1966,8,22,17,114,149,79,31.1,24.4,68,1017,1.5,260,0
1966,8,22,18,22,2,21,29.6,24.5,74,1017,1.7,250,0
1966,8,22,19,0,0,0,28.2,24.2,79,1018,1.9,250,0
1966,8,22,20,0,0,0,26.7,23.9,85,1018,2.1,240,0
1966,8,22,21,0,0,0,26.1,23.6,86,1018,2.3,250,0
1966,8,22,22,0,0,0,25.6,23.1,86,1018,2.4,250,0
1966,8,22,23,0,0,0,25,22.8,87,1018,2.6,260,0
1966,8,23,0,0,0,0,24.8,22.3,86,1018,2.4,270,0
1966,8,23,1,0,0,0,24.6,22.1,86,1018,2.3,270,0
1966,8,23,2,0,0,0,24.4,21.7,85,1018,2.1,280,0
1966,8,23,3,0,0,0,24.2,21.5,85,1018,2.1,290,0
1966,8,23,4,0,0,0,24.1,21.2,84,1018,2.1,310,0
1966,8,23,5,12,0,12,23.9,21.1,84,1018,2.1,320,0
1966,8,23,6,93,92,75,25.9,22,79,1018,2.4,340,0
1966,8,23,7,284,313,155,28,23.2,75,1019,2.8,350,0
1966,8,23,8,503,463,222,30,23.9,70,1019,3.1,10,0
1966,8,23,9,665,504,279,30.7,24.4,69,1019,3.6,10,0
1966,8,23,10,797,571,295,31.5,24.6,67,1019,4.1,10,0
1966,8,23,11,857,595,297,32.2,25,66,1019,4.6,10,0
1966,8,23,12,868,564,336,32.6,24.6,63,1018,4.6,10,0
1966,8,23,13,826,531,353,32.9,24.4,61,1018,4.6,10,0
1966,8,23,14,560,349,287,33.3,23.9,58,1017,4.6,10,0
1966,8,23,15,519,418,256,32.4,23.4,59,1017,4.4,10,0
1966,8,23,16,299,330,153,31.5,22.8,60,1017,4.3,10,0
1966,8,23,17,100,116,74,30.6,22.2,61,1017,4.1,10,0
1966,8,23,18,14,1,14,29.5,21.2,61,1017,4.3,10,0
1966,8,23,19,0,0,0,28.3,19.8,60,1018,4.4,20,0
1966,8,23,20,0,0,0,27.2,18.9,60,1018,4.6,20,0
1966,8,23,21,0,0,0,26.8,18.7,61,1018,5,20,0
1966,8,23,22,0,0,0,26.5,18.4,61,1018,5.3,10,0
1966,8,23,23,0,0,0,26.1,18.3,62,1018,5.7,10,0
1966,8,24,0,0,0,0,25.4,18.4,65,1018,6,20,0
1966,8,24,1,0,0,0,24.6,18.3,68,1017,6.4,20,0
1966,8,24,2,0,0,0,23.9,18.3,71,1017,6.7,30,0
1966,8,24,3,0,0,0,23.5,18,71,1017,6,30,0
1966,8,24,4,0,0,0,23.2,17.7,71,1018,5.3,30,0
1966,8,24,5,10,2,10,22.8,17.2,71,1018,4.6,30,0
1966,8,24,6,100,186,63,23.7,17.7,69,1018,4.8,20,0
1966,8,24,7,314,460,125,24.7,17.9,66,1018,5,20,0
1966,8,24,8,530,609,162,25.6,18.3,64,1018,5.2,10,0
1966,8,24,9,727,698,194,26.3,18.2,61,1018,4.7,10,0
1966,8,24,10,858,735,213,27.1,18.4,59,1018,4.1,10,0
1966,8,24,11,935,758,223,27.8,18.3,56,1018,3.6,10,0
1966,8,24,12,937,750,231,28.5,18.3,54,1017,3.8,350,0
1966,8,24,13,813,669,219,29.3,18.4,52,1017,3.9,340,0
1966,8,24,14,700,643,198,30,18.3,50,1016,4.1,320,0
1966,8,24,15,532,578,170,29.3,17.8,50,1016,3.8,330,0
1966,8,24,16,321,448,125,28.5,17.4,51,1016,3.4,330,0
1966,8,24,17,119,218,70,27.8,16.7,51,1015,3.1,340,0
1966,8,24,18,15,7,14,27.1,17,54,1016,4,350,0
1966,8,24,19,0,0,0,26.3,17.1,57,1016,4.8,350,0
1966,8,24,20,0,0,0,25.6,17.2,60,1017,5.7,0,0
1966,8,24,21,0,0,0,25,16.7,60,1017,5.7,0,0
1966,8,24,22,0,0,0,24.5,16.3,60,1016,5.7,10,0
1966,8,24,23,0,0,0,23.9,15.6,60,1016,5.7,10,0
1966,8,25,0,0,0,0,23.3,15.9,63,1016,5,10,0
1966,8,25,1,0,0,0,22.8,15.9,65,1016,4.3,20,0
1966,8,25,2,0,0,0,22.2,16.1,68,1015,3.6,20,0
1966,8,25,3,0,0,0,22,16.1,69,1016,3.8,20,0
1966,8,25,4,0,0,0,21.9,16.2,70,1016,3.9,10,0
1966,8,25,5,7,1,7,21.7,16.1,71,1017,4.1,10,0
1966,8,25,6,93,161,61,23,16.6,67,1017,4.1,10,0
1966,8,25,7,303,392,143,24.3,17.1,64,1018,4.1,20,0
1966,8,25,8,526,548,195,25.6,17.2,60,1018,4.1,20,0
1966,8,25,9,593,419,274,26.3,17.7,59,1018,4.5,10,0
1966,8,25,10,744,495,310,27.1,17.9,57,1018,4.8,10,0
1966,8,25,11,685,302,402,27.8,18.3,56,1018,5.2,0,0
1966,8,25,12,742,407,360,27.6,18.1,56,1017,4.8,360,0
1966,8,25,13,714,430,333,27.4,17.9,56,1017,4.5,350,0
1966,8,25,14,632,382,334,27.2,17.8,56,1016,4.1,350,0
1966,8,25,15,519,483,217,26.3,17.7,59,1016,3.9,350,0
1966,8,25,16,268,294,141,25.3,17.3,61,1016,3.8,340,0
1966,8,25,17,84,91,64,24.4,17.2,64,1016,3.6,340,0
1966,8,25,18,18,2,18,22.9,17.4,71,1016,2.7,330,0
1966,8,25,19,0,0,0,21.5,17.3,77,1017,1.9,310,0
1966,8,25,20,0,0,0,20,17.2,84,1017,1,300,0
1966,8,25,21,0,0,0,19.6,17.2,86,1017,1.2,290,0
1966,8,25,22,0,0,0,19.3,17.3,88,1017,1.3,280,0
1966,8,25,23,0,0,0,18.9,17.2,90,1017,1.5,270,0
1966,8,26,0,0,0,0,18.7,16.9,89,1017,1.5,270,0
1966,8,26,1,0,0,0,18.5,16.5,88,1017,1.5,270,0
1966,8,26,2,0,0,0,18.3,16.1,87,1017,1.5,270,0
1966,8,26,3,0,0,0,18.3,16.1,87,1017,1.3,280,0
1966,8,26,4,0,0,0,18.3,16.1,87,1017,1.2,280,0
1966,8,26,5,10,15,8,18.3,16.1,87,1018,1,290,0
1966,8,26,6,113,330,49,21.1,16.9,77,1018,2,320,0
1966,8,26,7,336,621,82,23.9,17.7,68,1019,3.1,350,0
1966,8,26,8,560,754,107,26.7,17.8,58,1019,4.1,20,0
1966,8,26,9,740,807,126,27.6,17.8,55,1019,4.1,10,0
1966,8,26,10,874,838,141,28.5,17.7,52,1019,4.1,10,0
1966,8,26,11,945,853,148,29.4,17.8,49,1019,4.1,0,0
1966,8,26,12,898,753,192,29.6,17.5,48,1019,3.9,10,0
1966,8,26,13,824,778,136,29.8,17,46,1018,3.8,20,0
1966,8,26,14,678,592,219,30,16.7,45,1018,3.6,30,0
1966,8,26,15,531,610,153,28.7,17.9,52,1017,3.1,20,0
1966,8,26,16,272,290,148,27.4,19,60,1017,2.6,20,0
1966,8,26,17,124,156,90,26.1,19.4,67,1017,2.1,10,0
1966,8,26,18,19,8,18,24.8,19.4,72,1017,1.7,30,0
1966,8,26,19,0,0,0,23.5,19,76,1018,1.4,60,0
1966,8,26,20,0,0,0,22.2,18.9,81,1018,1,80,0
1966,8,26,21,0,0,0,21.5,18.7,84,1018,0.7,80,0
1966,8,26,22,0,0,0,20.7,18.5,87,1018,0.3,80,0
1966,8,26,23,0,0,0,20,18.3,90,1018,0,0,0
1966,8,27,0,0,0,0,19.4,17.7,90,1018,0,0,0
1966,8,27,1,0,0,0,18.9,17.2,90,1018,0,0,0
1966,8,27,2,0,0,0,18.3,16.7,90,1017,0,0,0
1966,8,27,3,0,0,0,18.5,16.7,89,1017,0,0,0
1966,8,27,4,0,0,0,18.7,16.7,88,1018,0,0,0
1966,8,27,5,11,6,10,18.9,16.7,87,1018,0,0,0
1966,8,27,6,102,239,56,21.7,18.1,80,1018,1.4,60,0
1966,8,27,7,257,153,195,24.4,19,72,1019,2.7,50,0
1966,8,27,8,192,9,186,27.2,20,65,1019,4.1,50,0
1966,8,27,9,265,36,238,27.4,20.5,66,1019,3.9,60,0
1966,8,27,10,305,4,301,27.6,21.2,68,1019,3.8,70,0
1966,8,27,11,378,0,378,27.8,21.7,69,1019,3.6,80,0
1966,8,27,12,444,8,436,27.8,21.6,69,1018,3.6,80,0
1966,8,27,13,365,1,364,27.8,21.6,69,1018,3.6,80,0
1966,8,27,14,178,4,175,27.8,21.7,69,1017,3.6,80,0
1966,8,27,15,250,0,250,26.9,21.9,74,1017,2.9,70,0
1966,8,27,16,175,0,175,25.9,22.2,80,1016,2.2,50,0
1966,8,27,17,46,0,46,25,22.2,85,1016,1.5,40,0
1966,8,27,18,15,0,15,24.4,22.3,88,1016,1.5,30,0
1966,8,27,19,0,0,0,23.9,22.2,90,1017,1.5,30,0
1966,8,27,20,0,0,0,23.3,22.2,93,1017,1.5,20,0
1966,8,27,21,0,0,0,23.7,22,90,1017,1.9,30,0
1966,8,27,22,0,0,0,24,21.9,88,1017,2.2,40,0
1966,8,27,23,0,0,0,24.4,21.7,85,1016,2.6,50,0
1966,8,28,0,0,0,0,24.6,21.7,84,1016,2.4,50,0
1966,8,28,1,0,0,0,24.8,21.7,83,1015,2.3,50,0
1966,8,28,2,0,0,0,25,21.7,82,1015,2.1,50,0
1966,8,28,3,0,0,0,24.6,21.7,84,1015,2.8,60,0
1966,8,28,4,0,0,0,24.3,21.6,85,1015,3.4,60,0
1966,8,28,5,6,0,6,23.9,21.7,87,1015,4.1,70,0
1966,8,28,6,70,0,70,23.5,21.2,87,1016,5,60,0
1966,8,28,7,172,1,171,23.2,20.9,87,1016,5.8,50,0
1966,8,28,8,150,1,149,22.8,20.6,87,1016,6.7,40,0
1966,8,28,9,339,1,337,22.8,20.3,86,1016,6.7,40,0
1966,8,28,10,384,1,384,22.8,20.2,85,1016,6.7,30,0
1966,8,28,11,248,1,247,22.8,20,84,1016,6.7,30,0
1966,8,28,12,461,1,460,23.5,20.3,82,1016,6.4,30,0
1966,8,28,13,425,0,425,24.3,20.8,81,1015,6,30,0
1966,8,28,14,373,2,372,25,21.1,79,1015,5.7,30,0
1966,8,28,15,264,1,263,25,21.5,81,1014,5,30,0
1966,8,28,16,161,1,161,25,21.9,83,1014,4.3,20,0
1966,8,28,17,70,0,70,25,22.2,85,1014,3.6,20,0
1966,8,28,18,15,0,15,25,22.5,86,1014,3.9,30,0
1966,8,28,19,0,0,0,25,22.5,86,1014,4.3,40,0
1966,8,28,20,0,0,0,25,22.8,87,1014,4.6,50,0
1966,8,28,21,0,0,0,24.8,22.7,88,1014,4.1,50,0
1966,8,28,22,0,0,0,24.6,22.7,89,1014,3.6,60,0
1966,8,28,23,0,0,0,24.4,22.8,90,1014,3.1,60,0
1966,8,29,0,0,0,0,24,22.3,90,1014,2.8,50,0
1966,8,29,1,0,0,0,23.7,22,90,1013,2.4,50,0
1966,8,29,2,0,0,0,23.3,21.7,90,1013,2.1,40,0
1966,8,29,3,0,0,0,23.5,22,91,1013,1.7,60,0
1966,8,29,4,0,0,0,23.7,22.5,93,1014,1.4,70,0
1966,8,29,5,11,0,11,23.9,22.8,94,1014,1,90,0
1966,8,29,6,66,0,66,25.2,23.3,89,1014,1.9,80,0
1966,8,29,7,167,1,167,26.5,23.6,84,1015,2.7,70,0
1966,8,29,8,269,70,227,27.8,23.9,79,1015,3.6,60,0
1966,8,29,9,359,120,269,28.3,24.1,78,1015,3.3,80,0
1966,8,29,10,643,318,367,28.9,24.2,76,1015,2.9,100,0
1966,8,29,11,582,248,351,29.4,24.4,75,1015,2.6,120,0
1966,8,29,12,731,386,371,29.8,24.4,73,1014,2.9,100,0
1966,8,29,13,693,383,357,30.2,24.6,72,1014,3.3,80,0
1966,8,29,14,619,449,275,30.6,24.4,70,1013,3.6,60,0
1966,8,29,15,437,297,256,29.8,24.2,72,1013,3.3,70,0
1966,8,29,16,259,218,168,29.1,24.2,75,1013,2.9,70,0
1966,8,29,17,102,131,75,28.3,23.9,77,1013,2.6,80,0
1966,8,29,18,11,1,10,27.8,23.8,79,1014,2.6,80,0
1966,8,29,19,0,0,0,27.2,23.5,80,1014,2.6,70,0
1966,8,29,20,0,0,0,26.7,23.3,82,1015,2.6,70,0
1966,8,29,21,0,0,0,25.9,23.2,85,1015,2.1,90,0
1966,8,29,22,0,0,0,25.2,22.9,87,1015,1.5,100,0
1966,8,29,23,0,0,0,24.4,22.8,90,1015,1,120,0
1966,8,30,0,0,0,0,23.3,21.6,90,1015,0.7,110,0
1966,8,30,1,0,0,0,22.2,20.5,90,1014,0.3,100,0
1966,8,30,2,0,0,0,21.1,19.4,90,1014,0,0,0
1966,8,30,3,0,0,0,21.1,18.9,87,1014,0.5,70,0
1966,8,30,4,0,0,0,21.1,18.3,84,1015,1,60,0
1966,8,30,5,10,1,10,21.1,17.8,81,1015,1.5,50,0
1966,8,30,6,81,125,58,23.9,20.1,79,1015,1.9,70,0
1966,8,30,7,263,318,136,26.6,22.2,77,1016,2.2,90,0
1966,8,30,8,474,406,232,29.4,24.4,75,1016,2.6,110,0
1966,8,30,9,553,331,303,29.4,24.5,75,1016,4,90,0
1966,8,30,10,640,305,375,29.4,24.5,75,1016,5.3,80,0
1966,8,30,11,771,466,338,29.4,24.4,75,1016,6.7,60,0
1966,8,30,12,519,126,402,28.5,23.9,76,1015,7.4,50,0
1966,8,30,13,704,455,306,27.6,23.4,78,1015,8.1,50,0
1966,8,30,14,411,84,347,26.7,22.8,79,1014,8.8,40,0
1966,8,30,15,479,403,234,27.1,22.9,78,1014,6.7,80,0
1966,8,30,16,300,318,168,27.4,23.2,78,1014,4.7,130,0
1966,8,30,17,98,88,81,27.8,23.3,77,1014,2.6,170,0
1966,8,30,18,10,1,10,26.5,23,81,1014,2.2,140,0
1966,8,30,19,0,0,0,25.2,22.7,86,1014,1.9,100,0
1966,8,30,20,0,0,0,23.9,22.2,90,1015,1.5,70,0
1966,8,30,21,0,0,0,23,21.5,91,1015,1,70,0
1966,8,30,22,0,0,0,22,20.7,92,1015,0.5,60,0
1966,8,30,23,0,0,0,21.1,20,93,1015,0,0,0
1966,8,31,0,0,0,0,20.9,19.4,91,1014,0,0,0
1966,8,31,1,0,0,0,20.8,18.9,89,1014,0,0,0
1966,8,31,2,0,0,0,20.6,18.3,87,1014,0,0,0
1966,8,31,3,0,0,0,20.4,17.8,85,1014,0,0,0
1966,8,31,4,0,0,0,20.2,17.2,83,1014,0,0,0
1966,8,31,5,11,19,9,20,16.7,81,1015,0,0,0
1966,8,31,6,114,380,44,22.8,19,79,1015,1,40,0
1966,8,31,7,331,643,74,25.5,21,76,1015,2.1,30,0
1966,8,31,8,549,758,99,28.3,23.3,74,1015,3.1,30,0
1966,8,31,9,694,788,101,29.2,22.9,69,1015,3.1,30,0
1966,8,31,10,805,786,124,30.2,22.6,64,1015,3.1,20,0
1966,8,31,11,855,736,174,31.1,22.2,59,1015,3.1,20,0
1966,8,31,12,845,703,193,31.1,22.4,60,1014,2.9,20,0
1966,8,31,13,869,793,179,31.1,22.4,60,1013,2.8,30,0
1966,8,31,14,572,420,252,31.1,22.8,61,1013,2.6,30,0
1966,8,31,15,302,110,236,30,22.2,63,1013,2.2,60,0
1966,8,31,16,220,133,166,28.9,21.7,65,1013,1.9,90,0
1966,8,31,17,62,48,53,27.8,21.1,67,1013,1.5,120,0
1966,8,31,18,10,10,9,26.4,21.5,74,1013,1.2,99,0
1966,8,31,19,0,0,0,25.3,21.4,79,1013,1.1,88,0
1966,8,31,20,0,0,0,24.6,21.5,82,1014,1.1,15,0
1966,8,31,21,0,0,0,24.7,21.2,80,1014,1.5,19,0
1966,8,31,22,0,0,0,24.9,21.1,79,1014,1.9,24,0
1966,8,31,23,0,0,0,25.2,21.1,78,1014,2.2,29,0
1963,9,1,0,0,0,0,25.9,21.2,75,1014,3,39,0
1963,9,1,1,0,0,0,26,21.5,75,1014,3,44,0
1963,9,1,2,0,0,0,26,21.6,76,1014,2.8,49,0
1963,9,1,3,0,0,0,25.9,21.5,76,1014,2.9,53,0
1963,9,1,4,0,0,0,25.6,20.8,74,1014,3,42,0
1963,9,1,5,8,2,8,25.6,20.2,71,1015,3,63,0
1963,9,1,6,97,206,59,26.7,20,67,1015,4.6,68,0
1963,9,1,7,301,480,111,27.8,21.1,67,1016,4.1,68,0
1963,9,1,8,524,627,153,29.4,22.2,65,1016,3.6,45,0
1963,9,1,9,711,704,183,30.6,22.2,61,1016,3.1,68,0
1963,9,1,10,844,744,201,32.2,23.3,60,1016,3.1,68,0
1963,9,1,11,867,730,193,32.8,23.3,58,1015,5.7,23,0
1963,9,1,12,881,728,209,32.8,22.8,56,1015,4.1,45,0
1963,9,1,13,819,719,195,32.8,23.3,58,1014,4.6,68,0
1963,9,1,14,584,445,247,33.3,22.8,54,1014,4.6,68,0
1963,9,1,15,444,406,201,30.6,23.3,65,1014,3.1,158,0
1963,9,1,16,288,412,121,30,23.9,70,1014,3.1,203,0
1963,9,1,17,86,127,62,29.4,24.4,75,1013,2.6,203,0
1963,9,1,18,10,3,9,27.8,24.4,82,1014,2.1,203,0
1963,9,1,19,0,0,0,28.3,24.4,80,1015,1.5,203,0
1963,9,1,20,0,0,0,27.2,24.4,85,1015,2.1,135,0
1963,9,1,21,0,0,0,27.8,23.9,79,1015,2.1,135,0
1963,9,1,22,0,0,0,27.2,23.9,82,1015,3.1,135,0
1963,9,1,23,0,0,0,26.7,23.9,85,1015,2.6,135,0
1963,9,2,0,0,0,0,26.7,23.9,85,1015,1.5,135,0
1963,9,2,1,0,0,0,24.4,22.8,90,1015,0,0,0
1963,9,2,2,0,0,0,23.9,22.2,90,1015,0,0,0
1963,9,2,3,0,0,0,23.9,22.2,90,1015,0,0,0
1963,9,2,4,0,0,0,23.3,21.7,90,1015,0,0,0
1963,9,2,5,10,7,9,22.8,21.1,90,1016,0,0,0
1963,9,2,6,104,288,52,26.7,24.4,88,1017,1.5,68,0
1963,9,2,7,314,564,90,30,24.4,72,1017,2.6,68,0
1963,9,2,8,476,507,177,30,25.6,77,1017,4.1,68,0
1963,9,2,9,601,453,262,31.1,25.6,72,1018,4.1,68,0
1963,9,2,10,800,620,266,31.7,25.6,70,1017,4.1,45,0
1963,9,2,11,779,556,266,32.2,25,66,1017,6.2,45,0
1963,9,2,12,854,693,215,28.3,24.4,80,1017,2.6,68,0
1963,9,2,13,686,478,272,31.1,24.4,68,1017,4.1,135,0
1963,9,2,14,641,595,192,32.2,24.4,64,1016,5.2,135,0
1963,9,2,15,500,618,131,32.2,23.9,62,1016,5.2,158,0
1963,9,2,16,123,20,115,28.3,23.3,74,1016,2.1,135,0
1963,9,2,17,70,21,66,26.7,24.4,88,1016,1,45,0
1963,9,2,18,9,1,8,25.6,23.3,88,1016,1,45,0
1963,9,2,19,0,0,0,26.7,23.3,82,1017,2.1,90,0
1963,9,2,20,0,0,0,27.2,23.3,79,1017,2.1,135,0
1963,9,2,21,0,0,0,25,22.8,87,1018,0,0,0
1963,9,2,22,0,0,0,25.6,23.3,88,1017,2.1,90,0
1963,9,2,23,0,0,0,27.2,24.4,85,1018,2.1,135,0
1963,9,3,0,0,0,0,26.7,23.9,85,1017,2.1,135,0
1963,9,3,1,0,0,0,25,23.3,90,1017,0,0,0
1963,9,3,2,0,0,0,23.9,22.2,90,1017,1.5,0,0
1963,9,3,3,0,0,0,23.9,22.2,90,1017,0,0,0
1963,9,3,4,0,0,0,23.3,21.7,90,1017,0,0,0
1963,9,3,5,10,3,9,23.3,21.7,90,1017,1.5,68,0
1963,9,3,6,102,283,51,27.2,25,88,1018,2.1,68,0
1963,9,3,7,295,482,105,30,25.6,77,1019,3.1,68,0
1963,9,3,8,332,204,211,30,26.1,80,1019,4.6,45,0
1963,9,3,9,433,203,281,30.6,25.6,75,1019,2.6,68,0
1963,9,3,10,838,730,210,32.2,25.6,68,1019,5.2,68,0
1963,9,3,11,539,173,380,31.1,25,70,1018,3.6,68,0
1963,9,3,12,298,78,226,27.2,23.9,82,1018,5.2,158,0
1963,9,3,13,570,282,327,28.3,24.4,80,1018,2.6,180,0
1963,9,3,14,618,509,236,30,25.6,77,1017,3.1,225,0
1963,9,3,15,370,243,226,30.6,25,72,1017,5.2,158,0
1963,9,3,16,157,71,129,26.7,24.4,88,1017,2.1,248,0
1963,9,3,17,57,49,48,26.7,24.4,88,1017,0,0,0
1963,9,3,18,12,5,11,26.1,23.9,88,1017,0,0,0
1963,9,3,19,0,0,0,25.6,23.9,91,1018,0,0,0
1963,9,3,20,0,0,0,24.4,23.3,94,1018,1,338,0
1963,9,3,21,0,0,0,24.4,22.8,90,1018,0,0,0
1963,9,3,22,0,0,0,23.3,22.2,93,1018,1,270,0
1963,9,3,23,0,0,0,22.8,21.7,93,1018,1.5,338,0
1963,9,4,0,0,0,0,22.8,21.1,90,1018,0,0,0
1963,9,4,1,0,0,0,22.2,21.1,93,1017,0,0,0
1963,9,4,2,0,0,0,22.2,20.6,90,1017,0,0,0
1963,9,4,3,0,0,0,22.2,20,87,1017,0,0,0
1963,9,4,4,0,0,0,21.1,18.9,87,1017,0,0,0
1963,9,4,5,7,1,7,21.1,18.9,87,1017,1,248,0
1963,9,4,6,91,179,59,23.9,21.7,87,1017,0,0,0
1963,9,4,7,292,455,113,28.9,25,80,1018,2.6,0,0
1963,9,4,8,490,490,202,30,24.4,72,1018,1,0,0
1963,9,4,9,645,501,272,31.1,24.4,68,1018,2.1,45,0
1963,9,4,10,689,487,271,30,25,75,1018,2.6,23,0
1963,9,4,11,909,690,276,31.7,24.4,66,1018,2.6,0,0
1963,9,4,12,803,527,320,32.2,23.9,62,1017,3.6,23,0
1963,9,4,13,748,518,304,32.8,23.9,60,1016,4.1,338,0
1963,9,4,14,473,214,313,30.6,23.3,65,1016,2.6,113,0
1963,9,4,15,323,128,248,29.4,24.4,75,1015,3.1,203,0
1963,9,4,16,212,191,137,27.8,24.4,82,1016,2.1,225,0
1963,9,4,17,65,36,59,27.2,24.4,85,1015,1.5,248,0
1963,9,4,18,7,1,7,25.6,23.9,91,1015,2.1,225,0
1963,9,4,19,0,0,0,24.4,23.3,94,1016,1,0,0
1963,9,4,20,0,0,0,25,23.9,94,1016,2.1,225,0
1963,9,4,21,0,0,0,25.6,23.9,91,1015,2.6,225,0
1963,9,4,22,0,0,0,24.4,23.3,94,1015,2.1,270,0
1963,9,4,23,0,0,0,24.4,23.9,97,1015,0,0,0
1963,9,5,0,0,0,0,23.3,22.8,97,1015,1.5,0,0
1963,9,5,1,0,0,0,23.3,22.8,97,1015,0,0,0
1963,9,5,2,0,0,0,23.3,22.8,97,1015,0,0,0
1963,9,5,3,0,0,0,23.3,22.8,97,1015,0,0,0
1963,9,5,4,0,0,0,23.3,22.8,97,1015,0,0,0
1963,9,5,5,9,3,8,22.8,22.2,97,1015,1.5,270,0
1963,9,5,6,95,235,54,25,24.4,97,1016,1.5,248,0
1963,9,5,7,299,511,99,28.9,25.6,82,1016,2.6,338,0
1963,9,5,8,500,636,127,30,25.6,77,1016,3.1,338,0
1963,9,5,9,634,574,208,31.7,25.6,70,1016,3.6,315,0
1963,9,5,10,837,718,222,31.7,25,68,1015,4.6,0,0
1963,9,5,11,682,399,316,32.8,24.4,62,1015,4.1,338,0
1963,9,5,12,796,546,297,33.3,24.4,60,1014,2.1,0,0
1963,9,5,13,780,635,236,33.9,24.4,58,1013,4.6,0,0
1963,9,5,14,683,676,180,32.2,24.4,64,1012,2.6,338,0
1963,9,5,15,453,433,199,32.2,24.4,64,1012,4.6,180,0
1963,9,5,16,222,132,170,30.6,23.9,68,1011,3.6,158,0
1963,9,5,17,91,122,69,29.4,23.9,72,1012,3.1,203,0
1963,9,5,18,6,0,6,27.8,21.1,67,1014,6.2,23,0
1963,9,5,19,0,0,0,26.1,21.1,74,1013,2.6,203,0
1963,9,5,20,0,0,0,26.1,22.2,79,1014,2.1,225,0
1963,9,5,21,0,0,0,25,22.2,85,1014,3.1,293,0
1963,9,5,22,0,0,0,24.4,22.8,90,1013,2.6,293,0
1963,9,5,23,0,0,0,23.3,21.7,90,1013,2.1,338,0
1963,9,6,0,0,0,0,22.8,21.7,93,1013,1.5,248,0
1963,9,6,1,0,0,0,22.8,21.7,93,1013,1.5,0,0
1963,9,6,2,0,0,0,23.3,22.2,93,1012,1.5,270,0
1963,9,6,3,0,0,0,23.9,22.8,94,1012,1.5,315,0
1963,9,6,4,0,0,0,24.4,22.8,90,1012,2.1,0,0
1963,9,6,5,2,0,2,25,23.3,90,1013,2.1,23,0
1963,9,6,6,49,10,47,26.1,23.9,88,1014,1.5,23,0
1963,9,6,7,166,1,165,27.2,24.4,85,1014,2.6,23,0
1963,9,6,8,303,163,207,28.3,24.4,80,1015,3.1,23,0
1963,9,6,9,224,6,219,30,24.4,72,1015,3.1,45,0
1963,9,6,10,662,361,354,31.1,24.4,68,1015,3.1,23,0
1963,9,6,11,746,398,383,31.7,24.4,66,1014,2.1,0,0
1963,9,6,12,803,530,320,32.2,23.9,62,1013,3.6,338,0
1963,9,6,13,715,389,384,33.3,21.1,49,1013,1.5,90,0
1963,9,6,14,479,234,306,32.8,21.1,50,1013,2.1,113,0
1963,9,6,15,202,0,201,28.9,23.3,72,1013,2.6,113,0
1963,9,6,16,191,24,182,28.9,22.8,70,1013,2.6,135,0
1963,9,6,17,61,11,59,28.9,22.8,70,1013,2.6,135,0
1963,9,6,18,5,0,5,26.1,23.9,88,1013,2.1,248,0
1963,9,6,19,0,0,0,26.1,23.9,88,1013,2.6,225,0
1963,9,6,20,0,0,0,24.4,23.3,94,1014,2.1,293,0
1963,9,6,21,0,0,0,23.9,23.3,97,1014,0,0,0
1963,9,6,22,0,0,0,23.3,22.8,97,1014,1.5,270,0
1963,9,6,23,0,0,0,24.4,23.9,97,1014,0,0,0
1963,9,7,0,0,0,0,23.9,23.3,97,1014,0,0,0
1963,9,7,1,0,0,0,22.8,22.8,100,1014,1.5,293,0
1963,9,7,2,0,0,0,22.8,22.2,97,1014,0,0,0
1963,9,7,3,0,0,0,22.8,22.2,97,1014,0,0,0
1963,9,7,4,0,0,0,22.2,21.7,97,1014,0,0,0
1963,9,7,5,4,3,4,21.7,21.7,100,1015,0,0,0
1963,9,7,6,95,195,61,23.9,23.3,97,1016,0,0,0
1963,9,7,7,289,394,136,28.3,24.4,80,1016,1,23,0
1963,9,7,8,505,669,115,30.6,23.3,65,1016,1.5,68,0
1963,9,7,9,711,764,145,31.7,22.2,57,1016,2.1,248,0
1963,9,7,10,844,804,159,32.2,22.2,56,1015,2.1,113,0
1963,9,7,11,852,662,250,33.3,21.7,51,1015,3.1,203,0
1963,9,7,12,815,702,177,33.3,21.1,49,1014,3.1,225,0
1963,9,7,13,785,719,174,34.4,21.7,47,1014,4.1,225,0
1963,9,7,14,667,681,165,33.9,21.7,49,1013,3.1,180,0
1963,9,7,15,471,493,186,33.3,21.7,51,1013,3.6,225,0
1963,9,7,16,195,129,146,32.2,22.2,56,1013,3.1,225,0
1963,9,7,17,34,2,33,30.6,23.3,65,1013,2.6,225,0
1963,9,7,18,5,0,5,28.9,23.9,74,1013,2.1,248,0
1963,9,7,19,0,0,0,28.3,24.4,80,1014,3.1,225,0
1963,9,7,20,0,0,0,27.8,23.9,79,1014,2.6,113,0
1963,9,7,21,0,0,0,24.4,22.8,90,1015,7.2,248,0
1963,9,7,22,0,0,0,24.4,22.2,87,1014,2.6,135,0
1963,9,7,23,0,0,0,23.9,22.2,90,1015,3.1,158,0
1963,9,8,0,0,0,0,24.4,22.8,90,1014,2.1,180,0
1963,9,8,1,0,0,0,24.4,22.2,87,1014,3.1,158,0
1963,9,8,2,0,0,0,23.9,22.8,94,1014,1.5,180,0
1963,9,8,3,0,0,0,23.9,22.8,94,1014,1.5,135,0
1963,9,8,4,0,0,0,23.9,22.8,94,1014,2.1,203,0
1963,9,8,5,4,1,4,23.3,22.8,97,1015,0,0,0
1963,9,8,6,88,248,46,25,23.9,94,1015,0,0,0
1963,9,8,7,280,414,121,27.2,23.9,82,1016,1,45,0
1963,9,8,8,497,661,114,29.4,24.4,75,1016,1.5,338,0
1963,9,8,9,647,658,161,30.6,25,72,1016,1.5,23,0
1963,9,8,10,724,534,270,31.1,25.6,72,1015,2.1,68,0
1963,9,8,11,848,745,172,31.7,25.6,70,1015,3.1,45,0
1963,9,8,12,859,717,210,32.2,25,66,1014,3.6,45,0
1963,9,8,13,572,361,266,32.8,23.3,58,1014,2.6,23,0
1963,9,8,14,672,699,160,31.7,22.8,59,1013,3.1,23,0
1963,9,8,15,492,623,135,32.2,21.7,54,1013,2.6,45,0
1963,9,8,16,273,403,120,30.6,23.9,68,1014,4.1,203,0
1963,9,8,17,71,181,41,29.4,23.3,70,1014,3.6,203,0
1963,9,8,18,7,5,6,27.2,23.3,79,1014,3.6,180,0
1963,9,8,19,0,0,0,26.7,23.3,82,1014,2.6,225,0
1963,9,8,20,0,0,0,26.7,23.3,82,1015,2.1,225,0
1963,9,8,21,0,0,0,25,23.3,90,1015,1,248,0
1963,9,8,22,0,0,0,23.9,23.3,97,1015,2.1,338,0
1963,9,8,23,0,0,0,23.9,23.3,97,1015,0,0,0
1963,9,9,0,0,0,0,23.3,22.8,97,1014,1.5,270,0
1963,9,9,1,0,0,0,22.8,22.2,97,1014,0,0,0
1963,9,9,2,0,0,0,22.2,21.7,97,1014,1.5,68,0
1963,9,9,3,0,0,0,22.2,21.7,97,1014,0,0,0
1963,9,9,4,0,0,0,21.1,20.6,97,1015,1,338,0
1963,9,9,5,7,1,7,21.7,21.1,97,1015,0,0,0
1963,9,9,6,87,190,55,23.9,23.3,97,1015,0,0,0
1963,9,9,7,288,474,106,29.4,25.6,80,1016,1.5,45,0
1963,9,9,8,487,596,142,30.6,24.4,70,1016,4.1,68,0
1963,9,9,9,646,608,199,31.7,22.2,57,1016,2.6,68,0
1963,9,9,10,796,695,206,32.2,20.6,50,1016,4.1,45,0
1963,9,9,11,840,720,189,32.8,20.6,49,1015,3.1,45,0
1963,9,9,12,856,711,215,33.3,18.3,41,1015,2.6,0,0
1963,9,9,13,831,756,193,33.3,17.8,40,1014,2.6,338,0
1963,9,9,14,685,699,175,33.3,18.3,41,1013,2.6,45,0
1963,9,9,15,503,627,145,32.8,18.9,44,1013,2.6,68,0
1963,9,9,16,280,472,103,32.2,20,49,1013,2.1,68,0
1963,9,9,17,80,174,53,31.1,20.6,54,1013,3.1,158,0
1963,9,9,18,4,1,4,26.1,22.2,79,1013,1,338,0
1963,9,9,19,0,0,0,28.3,21.7,67,1014,3.1,180,0
1963,9,9,20,0,0,0,25.6,22.8,85,1014,1,248,0
1963,9,9,21,0,0,0,25.6,23.3,88,1014,3.1,225,0
1963,9,9,22,0,0,0,24.4,22.8,90,1014,2.6,248,0
1963,9,9,23,0,0,0,23.9,22.2,90,1014,1.5,225,0
1963,9,10,0,0,0,0,23.3,22.2,93,1014,1.5,293,0
1963,9,10,1,0,0,0,23.3,22.2,93,1014,2.1,293,0
1963,9,10,2,0,0,0,23.3,22.2,93,1014,2.1,270,0
1963,9,10,3,0,0,0,22.8,22.2,97,1014,1,270,0
1963,9,10,4,0,0,0,22.2,21.7,97,1014,1.5,315,0
1963,9,10,5,7,9,6,22.8,21.7,93,1014,2.1,293,0
1963,9,10,6,99,331,43,25.6,23.9,91,1015,1.5,270,0
1963,9,10,7,310,614,75,28.3,25,82,1015,2.6,293,0
1963,9,10,8,531,744,102,30.6,23.9,68,1016,3.1,338,0
1963,9,10,9,717,811,121,31.7,23.3,61,1016,3.1,0,0
1963,9,10,10,812,753,176,32.2,21.7,54,1015,3.6,0,0
1963,9,10,11,854,713,211,33.3,20.6,47,1015,3.1,338,0
1963,9,10,12,912,867,132,33.3,20.6,47,1014,3.1,0,0
1963,9,10,13,800,724,192,33.3,19.4,44,1013,1.5,23,0
1963,9,10,14,675,764,120,33.9,19.4,43,1013,3.6,23,0
1963,9,10,15,503,727,92,33.3,19.4,44,1013,2.6,338,0
1963,9,10,16,282,561,74,32.2,21.1,52,1013,3.1,225,0
1963,9,10,17,83,272,42,30.6,21.7,59,1013,2.6,203,0
1963,9,10,18,5,5,4,28.3,22.8,72,1014,3.6,203,0
1963,9,10,19,0,0,0,26.7,22.8,79,1014,3.6,225,0
1963,9,10,20,0,0,0,26.7,22.2,77,1014,3.6,225,0
1963,9,10,21,0,0,0,26.1,22.2,79,1014,3.6,225,0
1963,9,10,22,0,0,0,25.6,22.2,82,1014,2.6,225,0
1963,9,10,23,0,0,0,25,22.2,85,1014,2.6,203,0
1963,9,11,0,0,0,0,25,22.8,87,1014,2.1,225,0
1963,9,11,1,0,0,0,23.9,22.8,94,1014,1,315,0
1963,9,11,2,0,0,0,23.9,22.8,94,1014,1,270,0
1963,9,11,3,0,0,0,23.3,22.2,93,1015,1,90,0
1963,9,11,4,0,0,0,23.3,22.2,93,1015,1,158,0
1963,9,11,5,5,4,5,22.2,21.7,97,1015,1,315,0
1963,9,11,6,96,320,44,24.4,23.3,94,1016,1.5,0,0
1963,9,11,7,297,580,76,28.3,24.4,80,1016,2.1,338,0
1963,9,11,8,500,698,99,30.6,24.4,70,1017,2.1,0,0
1963,9,11,9,676,665,189,30.6,23.9,68,1017,2.1,315,0
1963,9,11,10,810,803,133,30.6,23.3,65,1017,2.1,23,0
1963,9,11,11,859,765,171,32.8,22.2,54,1016,2.1,248,0
1963,9,11,12,741,527,268,32.8,21.7,52,1016,2.6,135,0
1963,9,11,13,801,715,202,33.9,20.6,46,1016,3.6,158,0
1963,9,11,14,668,650,198,31.1,21.7,57,1016,4.1,90,0
1963,9,11,15,432,543,127,30,21.7,61,1015,6.2,135,0
1963,9,11,16,260,397,114,29.4,21.7,63,1016,4.1,180,0
1963,9,11,17,65,148,42,27.8,22.8,74,1015,2.1,225,0
1963,9,11,18,2,3,2,27.2,22.8,77,1015,2.6,203,0
1963,9,11,19,0,0,0,27.2,23.3,79,1016,2.1,203,0
1963,9,11,20,0,0,0,26.7,22.8,79,1016,2.6,203,0
1963,9,11,21,0,0,0,26.1,23.3,85,1016,1.5,203,0
1963,9,11,22,0,0,0,25.6,23.3,88,1016,2.1,225,0
1963,9,11,23,0,0,0,25.6,23.3,88,1017,1.5,225,0
1963,9,12,0,0,0,0,25.6,23.3,88,1017,1,293,0
1963,9,12,1,0,0,0,23.3,22.2,93,1017,1,45,0
1963,9,12,2,0,0,0,22.8,21.7,93,1017,1.5,270,0
1963,9,12,3,0,0,0,22.8,21.7,93,1017,1,23,0
1963,9,12,4,0,0,0,22.8,22.2,97,1017,0,0,0
1963,9,12,5,4,3,4,23.3,22.8,97,1017,1,90,0
1963,9,12,6,98,346,42,25.6,24.4,94,1017,0,0,0
1963,9,12,7,310,642,67,28.3,24.4,80,1018,1,158,0
1963,9,12,8,532,770,90,30,23.9,70,1018,2.1,180,0
1963,9,12,9,668,779,100,30.6,23.3,65,1018,2.1,203,0
1963,9,12,10,844,871,111,32.2,21.7,54,1017,4.1,158,0
1963,9,12,11,851,834,103,32.2,21.1,52,1017,1.5,113,0
1963,9,12,12,864,787,160,33.3,22.2,52,1017,1.5,225,0
1963,9,12,13,627,376,314,32.8,21.1,50,1015,1.5,0,0
1963,9,12,14,508,314,282,32.2,22.2,56,1015,1.5,68,0
1963,9,12,15,334,303,165,30,22.8,65,1015,3.1,180,0
1963,9,12,16,116,5,114,28.9,23.3,72,1015,1.5,293,0
1963,9,12,17,46,73,36,28.3,23.9,77,1015,1.5,225,0
1963,9,12,18,5,0,5,25.6,23.9,91,1016,1,315,0
1963,9,12,19,0,0,0,25,23.3,90,1016,1.5,203,0
1963,9,12,20,0,0,0,27.2,23.3,79,1011,3.6,113,0
1963,9,12,21,0,0,0,24.4,23.3,94,1016,0,0,0
1963,9,12,22,0,0,0,23.9,22.8,94,1016,0,0,0
1963,9,12,23,0,0,0,24.4,23.3,94,1016,0,0,0
1963,9,13,0,0,0,0,24.4,23.3,94,1016,0,0,0
1963,9,13,1,0,0,0,23.3,22.2,93,1016,0,0,0
1963,9,13,2,0,0,0,22.2,21.7,97,1015,1,315,0
1963,9,13,3,0,0,0,21.7,21.1,97,1015,1,270,0
1963,9,13,4,0,0,0,22.2,21.7,97,1016,0,0,0
1963,9,13,5,5,2,5,23.3,22.2,93,1016,0,0,0
1963,9,13,6,94,231,57,25,23.3,90,1016,0,0,0
1963,9,13,7,174,115,131,27.2,24.4,85,1017,1.5,0,0
1963,9,13,8,483,514,189,29.4,23.9,72,1017,4.1,0,0
1963,9,13,9,649,669,162,30,23.3,68,1017,4.1,23,0
1963,9,13,10,740,636,207,30.6,23.3,65,1016,2.1,23,0
1963,9,13,11,662,447,263,30.6,22.8,63,1016,4.6,23,0
1963,9,13,12,822,700,199,32.2,22.8,58,1015,5.2,270,0
1963,9,13,13,775,686,206,32.2,22.2,56,1014,3.6,203,0
1963,9,13,14,483,283,281,32.2,21.7,54,1013,2.1,203,0
1963,9,13,15,256,110,195,31.7,21.1,54,1013,4.1,225,0
1963,9,13,16,114,34,102,30,21.7,61,1013,2.6,225,0
1963,9,13,17,17,4,16,23.3,21.7,90,1015,4.1,315,0
1963,9,13,18,2,0,2,22.8,21.7,93,1016,2.6,23,0
1963,9,13,19,0,0,0,23.3,22.2,93,1015,4.1,68,0
1963,9,13,20,0,0,0,23.3,22.2,93,1015,3.6,68,0
1963,9,13,21,0,0,0,23.3,21.7,90,1015,2.6,90,0
1963,9,13,22,0,0,0,22.8,22.2,97,1015,2.6,270,0
1963,9,13,23,0,0,0,22.2,21.7,97,1015,2.1,338,0
1963,9,14,0,0,0,0,21.7,21.1,97,1015,0,0,0
1963,9,14,1,0,0,0,21.1,20.6,97,1014,1.5,338,0
1963,9,14,2,0,0,0,21.1,20.6,97,1014,1,315,0
1963,9,14,3,0,0,0,21.1,20.6,97,1014,0,0,0
1963,9,14,4,0,0,0,21.1,20.6,97,1014,0,0,0
1963,9,14,5,3,0,3,21.1,20.6,97,1014,1,23,0
1963,9,14,6,39,2,39,22.8,22.2,97,1015,0,0,0
1963,9,14,7,145,5,143,25,23.9,94,1016,3.6,68,0
1963,9,14,8,226,3,224,26.7,23.9,85,1016,4.1,68,0
1963,9,14,9,307,2,305,26.7,23.9,85,1016,3.1,68,0
1963,9,14,10,369,1,368,28.9,23.9,74,1016,2.1,68,0
1963,9,14,11,402,0,402,28.3,23.9,77,1015,3.1,45,0
1963,9,14,12,443,0,443,28.3,23.9,77,1015,3.6,23,0
1963,9,14,13,364,1,363,29.4,22.8,67,1014,2.6,23,0
1963,9,14,14,410,120,324,29.4,23.3,70,1014,3.1,68,0
1963,9,14,15,274,107,215,28.9,22.8,70,1014,3.1,45,0
1963,9,14,16,131,3,130,28.9,23.3,72,1013,2.6,68,0
1963,9,14,17,29,4,29,26.1,22.2,79,1014,3.6,135,0
1963,9,14,18,1,0,1,25,21.7,82,1014,1.5,113,0
1963,9,14,19,0,0,0,23.9,22.2,90,1015,1,68,0
1963,9,14,20,0,0,0,22.8,21.7,93,1015,0,0,0
1963,9,14,21,0,0,0,23.9,22.2,90,1015,0,0,0
1963,9,14,22,0,0,0,22.8,21.7,93,1015,0,0,0
1963,9,14,23,0,0,0,23.3,22.2,93,1015,1.5,90,0
1963,9,15,0,0,0,0,22.8,22.2,97,1014,0,0,0
1963,9,15,1,0,0,0,22.8,21.7,93,1014,1.5,68,0
1963,9,15,2,0,0,0,23.3,22.8,97,1014,0,0,0
1963,9,15,3,0,0,0,25,23.3,90,1014,2.6,68,0
1963,9,15,4,0,0,0,25,23.3,90,1014,3.6,90,0
1963,9,15,5,0,0,0,23.9,21.7,87,1015,2.6,68,0
1963,9,15,6,51,6,50,24.4,22.8,90,1015,3.1,68,0
1963,9,15,7,128,0,128,26.1,23.3,85,1016,4.6,68,0
1963,9,15,8,195,7,192,27.8,23.9,79,1016,6.2,68,0
1963,9,15,9,241,37,214,28.9,24.4,77,1016,5.7,68,0
1963,9,15,10,176,8,169,23.9,22.8,94,1017,5.7,135,0
1963,9,15,11,262,5,258,25.6,23.3,88,1016,3.6,135,0
1963,9,15,12,465,137,344,28.3,22.8,72,1015,6.2,90,0
1963,9,15,13,323,1,322,28.3,22.2,70,1014,7.7,90,0
1963,9,15,14,585,469,254,28.9,22.8,70,1014,4.1,90,0
1963,9,15,15,281,113,219,27.8,22.8,74,1014,6.7,90,0
1963,9,15,16,150,65,127,26.7,22.8,79,1015,4.6,113,0
1963,9,15,17,25,12,23,23.9,22.8,94,1015,4.1,90,0
1963,9,15,18,0,0,0,23.9,22.8,94,1015,3.1,68,0
1963,9,15,19,0,0,0,23.9,22.8,94,1015,3.6,68,0
1963,9,15,20,0,0,0,23.9,22.8,94,1016,4.6,68,0
1963,9,15,21,0,0,0,24.4,23.3,94,1016,4.1,68,0
1963,9,15,22,0,0,0,24.4,23.3,94,1015,4.1,68,0
1963,9,15,23,0,0,0,24.4,23.3,94,1015,5.2,68,0
1963,9,16,0,0,0,0,24.4,23.3,94,1015,5.7,68,0
1963,9,16,1,0,0,0,24.4,23.3,94,1015,3.1,68,0
1963,9,16,2,0,0,0,23.9,22.8,94,1015,5.2,68,0
1963,9,16,3,0,0,0,24.4,23.3,94,1015,4.6,68,0
1963,9,16,4,0,0,0,23.9,22.8,94,1015,6.7,68,0
1963,9,16,5,0,0,0,24.4,23.3,94,1015,5.2,68,0
1963,9,16,6,36,3,36,24.4,22.8,90,1016,6.7,68,0
1963,9,16,7,83,2,82,23.9,22.8,94,1017,6.2,68,0
1963,9,16,8,142,9,137,22.8,22.2,97,1017,4.1,68,0
1963,9,16,9,184,7,179,23.9,22.8,94,1017,4.6,45,0
1963,9,16,10,248,2,247,23.9,22.8,94,1018,1.5,45,0
1963,9,16,11,230,1,229,23.3,22.8,97,1018,5.2,45,0
1963,9,16,12,222,0,222,23.9,22.8,94,1017,6.2,68,0
1963,9,16,13,235,1,235,24.4,23.3,94,1016,5.2,68,0
1963,9,16,14,204,0,204,25,23.3,90,1016,6.7,68,0
1963,9,16,15,152,1,151,24.4,22.8,90,1016,6.7,68,0
1963,9,16,16,132,1,131,24.4,22.8,90,1015,6.2,68,0
1963,9,16,17,26,0,26,24.4,23.3,94,1016,7.2,90,0
1963,9,16,18,1,0,1,24.4,23.3,94,1016,4.6,68,0
1963,9,16,19,0,0,0,24.4,23.3,94,1016,3.6,90,0
1963,9,16,20,0,0,0,24.4,23.9,97,1016,4.6,68,0
1963,9,16,21,0,0,0,24.4,23.3,94,1016,3.6,68,0
1963,9,16,22,0,0,0,24.4,23.3,94,1016,2.6,68,0
1963,9,16,23,0,0,0,23.9,23.3,97,1016,3.6,68,0
1963,9,17,0,0,0,0,24.4,23.3,94,1016,4.6,90,0
1963,9,17,1,0,0,0,24.4,23.3,94,1015,4.1,113,0
1963,9,17,2,0,0,0,23.9,22.8,94,1015,4.1,113,0
1963,9,17,3,0,0,0,23.9,22.8,94,1015,3.6,68,0
1963,9,17,4,0,0,0,24.4,23.9,97,1016,4.6,90,0
1963,9,17,5,1,1,1,24.4,23.3,94,1016,5.7,68,0
1963,9,17,6,24,5,23,23.9,23.3,97,1017,6.2,68,0
1963,9,17,7,128,1,128,25,23.9,94,1017,6.7,68,0
1963,9,17,8,188,13,180,26.1,23.9,88,1018,6.2,68,0
1963,9,17,9,195,11,187,25.6,23.9,91,1018,5.7,68,0
1963,9,17,10,317,1,316,26.7,23.9,85,1018,5.2,113,0
1963,9,17,11,498,203,319,27.8,25,85,1017,5.2,113,0
1963,9,17,12,603,239,394,28.3,23.9,77,1017,6.7,113,0
1963,9,17,13,352,9,345,28.3,24.4,80,1016,6.2,113,0
1963,9,17,14,230,19,217,28.3,24.4,80,1016,6.2,113,0
1963,9,17,15,197,9,192,26.7,23.9,85,1016,4.6,113,0
1963,9,17,16,114,6,112,26.1,23.3,85,1016,4.6,113,0
1963,9,17,17,36,1,36,26.1,23.3,85,1015,4.1,90,0
1963,9,17,18,0,0,0,26.1,23.3,85,1016,4.6,68,0
1963,9,17,19,0,0,0,25,23.3,90,1016,4.1,68,0
1963,9,17,20,0,0,0,25.6,23.9,91,1017,4.6,68,0
1963,9,17,21,0,0,0,25,23.3,90,1017,4.6,90,0
1963,9,17,22,0,0,0,25,23.3,90,1017,5.2,68,0
1963,9,17,23,0,0,0,24.4,22.8,90,1016,3.1,68,0
1963,9,18,0,0,0,0,24.4,23.3,94,1017,5.2,68,0
1963,9,18,1,0,0,0,24.4,23.3,94,1016,4.1,90,0
1963,9,18,2,0,0,0,24.4,23.3,94,1016,4.6,68,0
1963,9,18,3,0,0,0,23.9,22.8,94,1016,3.6,68,0
1963,9,18,4,0,0,0,23.9,22.2,90,1016,5.2,68,0
1963,9,18,5,2,0,2,23.9,22.2,90,1017,3.6,90,0
1963,9,18,6,31,0,31,23.9,22.8,94,1017,3.6,68,0
1963,9,18,7,74,1,73,23.9,23.3,97,1017,4.1,68,0
1963,9,18,8,142,1,142,25,23.9,94,1017,3.6,68,0
1963,9,18,9,189,1,188,26.1,24.4,91,1017,5.2,68,0
1963,9,18,10,367,0,367,26.7,23.9,85,1017,5.7,68,0
1963,9,18,11,429,1,428,28.3,24.4,80,1016,3.6,90,0
1963,9,18,12,394,1,394,27.8,23.9,79,1016,5.2,90,0
1963,9,18,13,216,1,215,25,23.3,90,1016,3.6,113,0
1963,9,18,14,191,0,191,26.1,24.4,91,1015,3.6,68,0
1963,9,18,15,147,0,146,25.6,23.9,91,1015,4.1,90,0
1963,9,18,16,121,0,121,25.6,23.3,88,1015,3.6,90,0
1963,9,18,17,31,2,30,24.4,22.2,87,1015,3.1,68,0
1963,9,18,18,0,0,0,24.4,21.1,82,1015,3.1,68,0
1963,9,18,19,0,0,0,24.4,21.1,82,1015,2.6,68,0
1963,9,18,20,0,0,0,23.9,20.6,82,1016,2.1,68,0
1963,9,18,21,0,0,0,23.9,19.4,76,1016,3.1,68,0
1963,9,18,22,0,0,0,23.9,20,79,1016,3.6,68,0
1963,9,18,23,0,0,0,23.9,20.6,82,1015,3.6,68,0
1963,9,19,0,0,0,0,23.9,21.1,84,1015,2.6,68,0
1963,9,19,1,0,0,0,23.9,21.1,84,1014,3.1,68,0
1963,9,19,2,0,0,0,23.3,21.1,87,1014,3.1,68,0
1963,9,19,3,0,0,0,23.3,21.1,87,1014,3.1,68,0
1963,9,19,4,0,0,0,23.3,21.1,87,1014,3.1,68,0
1963,9,19,5,1,0,1,22.8,20.6,87,1014,3.1,68,0
1963,9,19,6,43,1,42,23.9,21.1,84,1015,4.1,68,0
1963,9,19,7,190,108,151,24.4,21.1,82,1015,3.6,68,0
1963,9,19,8,376,324,195,25.6,21.1,76,1015,4.6,45,0
1963,9,19,9,461,254,279,26.7,22.2,77,1015,4.1,68,0
1963,9,19,10,789,762,162,28.3,22.2,70,1015,5.7,68,0
1963,9,19,11,878,769,204,28.9,22.2,67,1015,5.7,68,0
1963,9,19,12,812,705,197,29.4,21.7,63,1014,5.2,68,0
1963,9,19,13,761,766,142,29.4,21.1,61,1013,4.6,113,0
1963,9,19,14,631,720,133,29.4,19.4,55,1013,4.1,90,0
1963,9,19,15,472,686,109,28.9,19.4,57,1013,3.1,68,0
1963,9,19,16,250,524,77,28.3,20,61,1013,2.6,90,0
1963,9,19,17,57,173,36,26.1,20,69,1013,2.6,135,0
1963,9,19,18,0,0,0,22.2,21.1,93,1014,0,0,0
1963,9,19,19,0,0,0,21.7,20.6,93,1014,0,0,0
1963,9,19,20,0,0,0,21.1,20,93,1014,0,0,0
1963,9,19,21,0,0,0,20.6,19.4,93,1014,0,0,0
1963,9,19,22,0,0,0,19.4,18.9,97,1014,0,0,0
1963,9,19,23,0,0,0,18.9,18.3,97,1013,1.5,338,0
1963,9,20,0,0,0,0,18.3,17.8,97,1012,0,0,0
1963,9,20,1,0,0,0,18.3,17.8,97,1012,0,0,0
1963,9,20,2,0,0,0,18.9,18.3,97,1012,2.1,0,0
1963,9,20,3,0,0,0,18.9,18.3,97,1012,1.5,0,0
1963,9,20,4,0,0,0,18.9,18.3,97,1012,2.1,0,0
1963,9,20,5,3,3,2,19.4,18.3,93,1013,2.1,45,0
1963,9,20,6,83,277,42,22.8,20,84,1013,3.6,45,0
1963,9,20,7,290,588,76,24.4,20,76,1014,4.1,68,0
1963,9,20,8,510,728,105,26.7,20,67,1014,4.1,68,0
1963,9,20,9,695,800,125,28.3,20.6,63,1014,4.1,68,0
1963,9,20,10,826,839,138,28.9,20,59,1013,4.1,23,0
1963,9,20,11,894,859,143,29.4,18.9,53,1013,4.6,45,0
1963,9,20,12,888,859,143,30,17.8,48,1012,4.6,45,0
1963,9,20,13,809,837,136,30,18.3,50,1011,3.1,23,0
1963,9,20,14,669,795,122,30.6,17.8,46,1011,3.1,0,0
1963,9,20,15,475,716,100,30,17.8,48,1011,2.1,23,0
1963,9,20,16,251,554,71,28.9,18.9,55,1011,0,0,0
1963,9,20,17,55,189,34,24.4,21.7,85,1011,1,338,0
1963,9,20,18,0,0,0,22.2,20.6,90,1011,1,315,0
1963,9,20,19,0,0,0,21.1,20.6,97,1011,0,0,0
1963,9,20,20,0,0,0,21.1,20,93,1011,1,315,0
1963,9,20,21,0,0,0,21.1,20,93,1011,1,248,0
1963,9,20,22,0,0,0,21.1,20,93,1011,1,0,0
1963,9,20,23,0,0,0,21.1,20,93,1011,0,0,0
1963,9,21,0,0,0,0,21.1,20,93,1011,1.5,270,0
1963,9,21,1,0,0,0,21.1,19.4,90,1010,1,203,0
1963,9,21,2,0,0,0,20,18.9,93,1010,0,0,0
1963,9,21,3,0,0,0,19.4,18.3,93,1010,1.5,270,0
1963,9,21,4,0,0,0,20,19.4,97,1010,0,0,0
1963,9,21,5,2,2,2,18.9,18.3,97,1011,1.5,0,0
1963,9,21,6,76,165,52,22.2,20,87,1011,2.6,45,0
1963,9,21,7,187,103,150,23.3,20.6,84,1012,2.1,23,0
1963,9,21,8,294,108,234,25.6,20.6,74,1012,3.6,45,0
1963,9,21,9,329,86,269,27.2,20,65,1013,2.6,23,0
1963,9,21,10,543,132,435,28.9,18.9,55,1012,3.1,23,0
1963,9,21,11,498,164,355,28.9,19.4,57,1012,3.1,45,0
1963,9,21,12,581,327,298,28.9,20.6,61,1012,3.1,23,0
1963,9,21,13,479,115,386,30.6,17.8,46,1011,4.1,68,0
1963,9,21,14,348,114,270,27.8,21.1,67,1011,2.6,23,0
1963,9,21,15,386,375,192,28.3,21.1,65,1011,2.1,45,0
1963,9,21,16,181,236,106,26.7,22.8,79,1011,1.5,0,0
1963,9,21,17,53,75,44,23.9,22.8,94,1010,1,338,0
1963,9,21,18,0,0,0,22.2,21.1,93,1011,0,0,0
1963,9,21,19,0,0,0,20.6,20,97,1011,1.5,315,0
1963,9,21,20,0,0,0,21.7,20.6,93,1012,0,0,0
1963,9,21,21,0,0,0,21.7,21.1,97,1012,0,0,0
1963,9,21,22,0,0,0,21.1,20.6,97,1012,0,0,0
1963,9,21,23,0,0,0,21.1,20.6,97,1012,0,0,0
1963,9,22,0,0,0,0,20,19.4,97,1012,1,293,0
1963,9,22,1,0,0,0,21.1,20.6,97,1012,1,338,0
1963,9,22,2,0,0,0,22.2,21.1,93,1012,1.5,0,0
1963,9,22,3,0,0,0,22.8,21.7,93,1012,0,0,0
1963,9,22,4,0,0,0,23.9,20,79,1012,2.6,158,0
1963,9,22,5,3,0,3,22.2,20,87,1012,2.1,68,0
1963,9,22,6,51,22,48,21.7,21.1,97,1012,0,0,0
1963,9,22,7,89,0,89,23.9,21.1,84,1013,4.1,45,0
1963,9,22,8,140,37,119,22.8,20.6,87,1014,2.6,68,0
1963,9,22,9,196,13,187,23.3,21.1,87,1014,2.6,68,0
1963,9,22,10,227,7,221,23.3,21.1,87,1014,5.2,45,0
1963,9,22,11,421,227,224,24.4,22.2,87,1013,3.6,45,0
1963,9,22,12,393,99,308,26.7,22.2,77,1013,3.1,45,0
1963,9,22,13,646,443,293,28.3,22.2,70,1012,4.6,23,0
1963,9,22,14,578,580,185,28.9,22.8,70,1012,4.1,0,0
1963,9,22,15,442,644,110,29.4,21.7,63,1012,2.6,23,0
1963,9,22,16,228,516,65,28.9,21.1,63,1012,1.5,315,0
1963,9,22,17,54,187,32,25,23.3,90,1012,1,338,0
1963,9,22,18,0,0,0,23.3,22.8,97,1012,1.5,225,0
1963,9,22,19,0,0,0,22.2,21.7,97,1012,0,0,0
1963,9,22,20,0,0,0,22.2,21.7,97,1013,0,0,0
1963,9,22,21,0,0,0,22.2,21.7,97,1013,1,0,0
1963,9,22,22,0,0,0,22.2,21.7,97,1013,1,0,0
1963,9,22,23,0,0,0,25,23.3,90,1013,3.6,45,0
1963,9,23,0,0,0,0,24.4,23.3,94,1013,4.1,23,0
1963,9,23,1,0,0,0,23.3,16.1,64,1013,3.1,23,0
1963,9,23,2,0,0,0,22.8,15.6,64,1013,4.1,45,0
1963,9,23,3,0,0,0,22.8,15.6,64,1013,3.6,23,0
1963,9,23,4,0,0,0,22.2,16.1,68,1013,3.1,45,0
1963,9,23,5,1,1,1,22.2,17.2,73,1013,3.1,45,0
1963,9,23,6,75,219,44,23.9,21.1,84,1014,4.1,68,0
1963,9,23,7,150,38,136,26.7,23.3,82,1014,6.2,90,0
1963,9,23,8,268,169,175,27.2,22.8,77,1015,5.7,90,0
1963,9,23,9,484,283,285,27.2,22.8,77,1015,7.2,90,0
1963,9,23,10,354,5,350,26.1,21.7,77,1015,8.2,68,0
1963,9,23,11,314,4,310,25.6,21.1,76,1015,7.2,90,0
1963,9,23,12,314,3,312,26.1,21.1,74,1015,6.7,90,0
1963,9,23,13,277,6,272,25.6,20.6,74,1015,6.2,90,0
1963,9,23,14,246,9,240,26.1,20.6,72,1015,5.2,90,0
1963,9,23,15,343,310,186,25.6,18.9,67,1014,5.7,90,0
1963,9,23,16,139,111,104,25,18.9,69,1015,6.2,90,0
1963,9,23,17,23,1,23,25,18.9,69,1015,4.1,90,0
1963,9,23,18,0,0,0,23.9,18.9,74,1015,2.6,68,0
1963,9,23,19,0,0,0,23.3,16.1,64,1016,5.2,68,0
1963,9,23,20,0,0,0,22.8,13.9,57,1016,4.6,68,0
1963,9,23,21,0,0,0,22.2,13.3,57,1016,3.6,68,0
1963,9,23,22,0,0,0,21.7,13.3,59,1016,5.2,68,0
1963,9,23,23,0,0,0,21.1,12.8,59,1016,5.2,68,0
1963,9,24,0,0,0,0,20.6,13.9,66,1016,5.2,68,0
1963,9,24,1,0,0,0,19.4,13.9,70,1016,4.1,68,0
1963,9,24,2,0,0,0,19.4,13.9,70,1016,4.1,45,0
1963,9,24,3,0,0,0,18.9,13.3,70,1016,4.6,68,0
1963,9,24,4,0,0,0,18.3,13.3,73,1017,5.2,68,0
1963,9,24,5,3,8,1,17.8,13.3,75,1017,5.2,68,0
1963,9,24,6,85,365,34,18.3,13.9,75,1017,6.7,45,0
1963,9,24,7,299,676,59,20,14.4,70,1018,7.2,68,0
1963,9,24,8,515,795,80,21.7,15,66,1018,6.7,68,0
1963,9,24,9,664,751,137,23.3,16.7,66,1018,7.2,68,0
1963,9,24,10,662,500,257,22.8,16.1,66,1018,7.7,68,0
1963,9,24,11,627,355,321,23.3,16.7,66,1018,7.2,68,0
1963,9,24,12,837,751,195,23.9,17.2,66,1017,7.2,68,0
1963,9,24,13,249,8,243,22.2,16.7,71,1017,5.7,68,0
1963,9,24,14,307,75,257,22.8,17.2,71,1016,7.7,68,0
1963,9,24,15,249,69,214,22.8,17.2,71,1016,4.6,68,0
1963,9,24,16,129,84,103,23.3,16.7,66,1016,5.2,90,0
1963,9,24,17,36,18,33,22.8,17.8,73,1016,4.1,68,0
1963,9,24,18,0,0,0,21.1,17.8,81,1017,2.6,45,0
1963,9,24,19,0,0,0,20,17.2,84,1017,2.1,45,0
1963,9,24,20,0,0,0,17.8,16.7,93,1017,1.5,23,0
1963,9,24,21,0,0,0,19.4,17.2,87,1017,2.6,45,0
1963,9,24,22,0,0,0,21.1,17.2,78,1017,3.6,45,0
1963,9,24,23,0,0,0,21.7,16.7,73,1017,4.1,45,0
1963,9,25,0,0,0,0,21.1,16.7,76,1017,4.1,68,0
1963,9,25,1,0,0,0,21.1,16.7,76,1017,4.6,68,0
1963,9,25,2,0,0,0,20,16.1,78,1016,4.6,68,0
1963,9,25,3,0,0,0,19.4,16.1,81,1016,4.1,68,0
1963,9,25,4,0,0,0,18.9,15.6,81,1017,4.1,68,0
1963,9,25,5,0,0,0,18.9,15.6,81,1017,5.2,68,0
1963,9,25,6,53,97,40,19.4,15.6,78,1017,5.2,68,0
1963,9,25,7,258,437,103,20.6,15.6,73,1018,6.2,45,0
1963,9,25,8,474,598,148,21.7,16.1,71,1018,5.2,45,0
1963,9,25,9,661,689,179,22.2,16.1,68,1018,5.2,45,0
1963,9,25,10,796,742,199,23.3,16.7,66,1018,4.6,45,0
1963,9,25,11,858,759,207,23.9,16.1,62,1017,3.6,45,0
1963,9,25,12,850,757,206,25,16.7,60,1016,3.6,45,0
1963,9,25,13,769,732,195,25.6,17.2,60,1015,3.1,90,0
1963,9,25,14,623,676,173,26.7,16.7,54,1015,2.6,45,0
1963,9,25,15,426,575,138,26.7,16.7,54,1014,2.1,68,0
1963,9,25,16,205,378,91,25.6,18.3,64,1014,2.6,45,0
1963,9,25,17,43,58,36,21.7,19.4,87,1015,1,0,0
1963,9,25,18,0,0,0,20,18.3,90,1015,0,0,0
1963,9,25,19,0,0,0,18.9,17.8,93,1015,1.5,338,0
1963,9,25,20,0,0,0,18.3,17.8,97,1015,1,0,0
1963,9,25,21,0,0,0,17.8,17.2,97,1015,1.5,45,0
1963,9,25,22,0,0,0,20,18.9,93,1015,2.6,23,0
1963,9,25,23,0,0,0,21.1,18.9,87,1015,2.6,45,0
1963,9,26,0,0,0,0,21.7,17.8,79,1014,2.6,45,0
1963,9,26,1,0,0,0,21.7,17.2,76,1014,3.1,45,0
1963,9,26,2,0,0,0,21.1,16.7,76,1014,3.6,68,0
1963,9,26,3,0,0,0,20.6,16.7,78,1014,4.1,68,0
1963,9,26,4,0,0,0,20.6,16.7,78,1014,3.6,68,0
1963,9,26,5,0,0,0,20.6,16.7,78,1015,3.1,68,0
1963,9,26,6,37,12,35,22.2,17.2,73,1015,5.2,45,0
1963,9,26,7,107,22,100,21.7,17.2,76,1016,5.7,68,0
1963,9,26,8,207,42,184,22.2,17.8,76,1016,5.7,68,0
1963,9,26,9,478,261,296,24.4,18.3,69,1016,5.7,68,0
1963,9,26,10,303,83,237,23.9,18.3,71,1016,4.1,45,0
1963,9,26,11,447,80,379,23.9,18.9,74,1016,5.2,45,0
1963,9,26,12,416,109,324,25,18.9,69,1015,4.6,45,0
1963,9,26,13,383,77,323,24.4,19.4,74,1014,3.6,45,0
1963,9,26,14,430,183,309,24.4,19.4,74,1014,3.1,45,0
1963,9,26,15,122,23,111,23.9,18.9,74,1014,3.1,45,0
1963,9,26,16,91,3,90,23.3,19.4,79,1014,2.6,45,0
1963,9,26,17,21,0,21,23.3,19.4,79,1014,3.1,45,0
1963,9,26,18,0,0,0,23.3,19.4,79,1014,4.1,45,0
1963,9,26,19,0,0,0,23.3,19.4,79,1015,3.6,45,0
1963,9,26,20,0,0,0,23.3,19.4,79,1014,5.2,45,0
1963,9,26,21,0,0,0,23.3,20,82,1013,5.2,45,0
1963,9,26,22,0,0,0,23.3,20,82,1014,4.1,0,0
1963,9,26,23,0,0,0,23.3,20,82,1013,3.6,45,0
1963,9,27,0,0,0,0,22.8,20,84,1013,3.1,23,0
1963,9,27,1,0,0,0,22.8,20,84,1012,4.1,45,0
1963,9,27,2,0,0,0,22.8,20,84,1012,4.6,45,0
1963,9,27,3,0,0,0,22.2,20,87,1012,3.6,45,0
1963,9,27,4,0,0,0,22.8,20,84,1012,4.1,45,0
1963,9,27,5,0,0,0,22.2,20.6,90,1011,5.2,45,0
1963,9,27,6,36,2,36,22.2,20.6,90,1012,3.1,45,0
1963,9,27,7,98,3,97,22.2,20,87,1012,5.2,68,0
1963,9,27,8,221,4,219,22.8,20.6,87,1012,4.1,45,0
1963,9,27,9,274,0,274,22.8,20.6,87,1012,4.6,68,0
1963,9,27,10,231,3,228,22.8,20.6,87,1012,3.6,68,0
1963,9,27,11,248,0,248,22.8,20.6,87,1011,3.1,68,0
1963,9,27,12,230,1,229,21.7,20.6,93,1011,5.2,68,0
1963,9,27,13,226,0,225,21.7,20,90,1010,4.6,68,0
1963,9,27,14,169,1,168,21.1,20,93,1010,4.6,68,0
1963,9,27,15,121,0,120,21.1,19.4,90,1009,4.6,45,0
1963,9,27,16,113,0,113,21.1,19.4,90,1009,3.6,68,0
1963,9,27,17,33,0,33,21.1,19.4,90,1009,3.6,45,0
1963,9,27,18,0,0,0,21.1,19.4,90,1009,3.1,45,0
1963,9,27,19,0,0,0,20.6,18.9,90,1010,4.6,23,0
1963,9,27,20,0,0,0,20,18.3,90,1010,4.6,45,0
1963,9,27,21,0,0,0,20,18.3,90,1010,4.1,45,0
1963,9,27,22,0,0,0,20,17.8,87,1009,4.1,68,0
1963,9,27,23,0,0,0,19.4,17.8,90,1009,4.1,23,0
1963,9,28,0,0,0,0,19.4,17.8,90,1008,3.6,45,0
1963,9,28,1,0,0,0,19.4,17.8,90,1007,3.1,23,0
1963,9,28,2,0,0,0,18.9,17.8,93,1006,3.6,0,0
1963,9,28,3,0,0,0,18.9,17.2,90,1006,3.1,23,0
1963,9,28,4,0,0,0,18.9,17.2,90,1006,4.1,23,0
1963,9,28,5,1,0,1,18.9,17.2,90,1006,4.1,0,0
1963,9,28,6,42,0,42,19.4,17.2,87,1006,3.6,0,0
1963,9,28,7,143,1,142,18.9,17.2,90,1006,3.6,0,0
1963,9,28,8,231,1,231,19.4,17.2,87,1006,4.1,0,0
1963,9,28,9,324,0,324,20,17.2,84,1006,4.6,0,0
1963,9,28,10,404,0,404,20,17.2,84,1006,4.1,0,0
1963,9,28,11,415,78,349,21.1,17.2,78,1005,4.6,0,0
1963,9,28,12,488,225,299,22.8,18.3,76,1004,4.1,0,0
1963,9,28,13,773,718,218,23.3,18.3,74,1003,3.6,0,0
1963,9,28,14,380,174,266,23.3,17.8,71,1003,3.6,0,0
1963,9,28,15,290,220,183,24.4,18.3,69,1003,3.6,338,0
1963,9,28,16,171,198,114,22.8,18.3,76,1003,3.1,0,0
1963,9,28,17,19,2,19,22.2,17.8,76,1003,4.6,0,0
1963,9,28,18,0,0,0,22.2,18.3,79,1004,3.1,0,0
1963,9,28,19,0,0,0,20,17.8,87,1004,2.1,0,0
1963,9,28,20,0,0,0,19.4,17.8,90,1005,1.5,338,0
1963,9,28,21,0,0,0,18.3,17.2,93,1005,0,0,0
1963,9,28,22,0,0,0,17.8,17.2,97,1006,2.1,338,0
1963,9,28,23,0,0,0,19.4,18.3,93,1006,2.1,338,0
1963,9,29,0,0,0,0,19.4,18.3,93,1005,3.1,338,0
1963,9,29,1,0,0,0,19.4,18.3,93,1005,2.6,338,0
1963,9,29,2,0,0,0,18.9,17.8,93,1005,2.1,293,0
1963,9,29,3,0,0,0,17.8,17.8,100,1005,2.6,293,0
1963,9,29,4,0,0,0,17.2,16.7,97,1006,2.6,270,0
1963,9,29,5,1,1,1,16.7,16.1,97,1007,2.1,248,0
1963,9,29,6,68,221,40,18.3,17.8,97,1007,2.6,270,0
1963,9,29,7,269,556,77,20.6,18.3,87,1009,3.6,315,0
1963,9,29,8,487,708,108,23.3,18.9,76,1009,4.1,293,0
1963,9,29,9,667,781,130,25,18.3,67,1009,4.6,293,0
1963,9,29,10,794,821,143,26.7,18.9,62,1009,5.2,270,0
1963,9,29,11,854,836,148,27.8,19.4,61,1008,4.1,270,0
1963,9,29,12,849,839,148,28.3,18.3,55,1007,4.1,293,0
1963,9,29,13,769,818,140,28.9,18.3,53,1007,4.1,270,0
1963,9,29,14,624,771,124,28.9,17.8,51,1006,4.1,270,0
1963,9,29,15,427,678,100,28.9,17.8,51,1007,4.1,270,0
1963,9,29,16,206,488,67,28.3,18.3,55,1007,5.7,293,0
1963,9,29,17,31,54,25,25,18.3,67,1008,2.1,248,0
1963,9,29,18,0,0,0,24.4,18.9,71,1010,5.7,0,0
1963,9,29,19,0,0,0,22.2,16.7,71,1011,8.2,0,0
1963,9,29,20,0,0,0,20.6,14.4,68,1013,7.7,0,0
1963,9,29,21,0,0,0,19.4,13.3,68,1014,7.7,0,0
1963,9,29,22,0,0,0,18.3,12.2,68,1014,7.2,23,0
1963,9,29,23,0,0,0,17.8,11.7,67,1015,6.2,23,0
1963,9,30,0,0,0,0,17.2,11.7,70,1015,4.6,23,0
1963,9,30,1,0,0,0,16.7,11.1,70,1015,5.7,45,0
1963,9,30,2,0,0,0,16.1,11.7,75,1015,3.6,23,0
1963,9,30,3,0,0,0,16.1,11.1,72,1016,6.2,45,0
1963,9,30,4,0,0,0,16.1,11.1,72,1016,4.1,45,0
1963,9,30,5,2,2,1,15.6,10.6,72,1017,5.2,23,0
1963,9,30,6,73,308,34,16.7,10.6,67,1017,5.2,23,0
1963,9,30,7,282,640,63,17.8,10,60,1018,6.2,23,0
1963,9,30,8,505,786,87,18.3,9.4,56,1019,6.2,23,0
1963,9,30,9,688,851,104,19.4,10.6,56,1019,5.2,23,0
1963,9,30,10,814,885,114,20,10,53,1019,4.6,23,0
1963,9,30,11,875,900,119,21.7,9.4,46,1018,4.6,0,0
1963,9,30,12,864,898,118,22.8,10,44,1017,5.2,0,0
1963,9,30,13,786,882,112,23.3,9.4,41,1017,5.2,0,0
1963,9,30,14,639,839,99,23.3,8.9,40,1017,4.1,0,0
1963,9,30,15,441,755,80,23.9,8.3,37,1017,4.1,0,0
1963,9,30,16,215,577,55,22.8,9.4,43,1017,3.1,0,0
1963,9,30,17,45,159,26,18.9,11.7,63,1017,2.6,0,0
1963,9,30,18,0,0,0,16.1,13.1,82,1017,2.6,10,0
1963,9,30,19,0,0,0,18.3,13.7,74,1017,3,19,0
1963,9,30,20,0,0,0,18.5,14.9,79,1017,2.6,29,0
1963,9,30,21,0,0,0,20.2,15.4,73,1016,3,48,0
1963,9,30,22,0,0,0,21.4,16.4,73,1015,2.9,61,0
1963,9,30,23,0,0,0,21.7,17.6,77,1015,2.6,64,0
1977,10,1,0,0,0,0,23.1,19.5,80,1013,2.6,71,0
1977,10,1,1,0,0,0,23.8,20.5,81,1013,2.6,88,0
1977,10,1,2,0,0,0,24.5,21.3,82,1013,2.6,120,0
1977,10,1,3,0,0,0,25.1,22.2,83,1012,2.7,138,0
1977,10,1,4,0,0,0,25.8,23.2,85,1012,2.8,162,0
1977,10,1,5,0,1,0,26.5,24.1,86,1012,3,181,0
1977,10,1,6,66,167,45,28.3,25.3,84,1012,3.4,200,0
1977,10,1,7,243,454,89,29.5,25.9,81,1012,3.8,210,0
1977,10,1,8,442,636,105,30.6,26.1,77,1013,4.1,210,0
1977,10,1,9,582,571,192,31.5,26.1,73,1012,4.6,210,0
1977,10,1,10,570,483,190,32.4,25.7,68,1012,5.2,220,0
1977,10,1,11,700,538,250,33.3,25.6,64,1012,5.7,220,0
1977,10,1,12,725,613,218,33.1,25.1,63,1012,6,220,0
1977,10,1,13,659,502,278,33,24.5,61,1011,6.4,230,0
1977,10,1,14,564,636,157,32.8,23.9,60,1011,6.7,230,0
1977,10,1,15,310,349,144,31.9,24.2,64,1011,5.7,220,0
1977,10,1,16,178,396,70,30.9,24.3,68,1012,4.6,220,0
1977,10,1,17,35,42,30,30,24.4,72,1013,3.6,210,0
1977,10,1,18,0,0,0,29.3,24.6,76,1013,3.4,210,0
1977,10,1,19,0,0,0,28.5,24.9,81,1013,3.3,210,0
1977,10,1,20,0,0,0,27.8,25,85,1014,3.1,210,0
1977,10,1,21,0,0,0,27.6,25,86,1013,3.1,210,0
1977,10,1,22,0,0,0,27.4,25,87,1013,3.1,210,0
1977,10,1,23,0,0,0,27.2,25,88,1013,3.1,210,0
1977,10,2,0,0,0,0,26.8,24.8,89,1013,3.1,210,0
1977,10,2,1,0,0,0,26.5,24.7,90,1014,3.1,200,0
1977,10,2,2,0,0,0,26.1,24.4,91,1014,3.1,200,0
1977,10,2,3,0,0,0,25.9,24.3,91,1014,2.6,210,0
1977,10,2,4,0,0,0,25.8,24.2,91,1015,2,220,0
1977,10,2,5,2,1,1,25.6,23.9,91,1015,1.5,230,0
1977,10,2,6,67,250,36,27.3,24.9,87,1016,2.4,240,0
1977,10,2,7,240,370,115,28.9,25.9,84,1016,3.2,250,0
1977,10,2,8,345,326,173,30.6,26.7,80,1017,4.1,260,0
1977,10,2,9,536,478,211,28.7,25.5,83,1017,3.2,270,0
1977,10,2,10,417,84,351,26.9,24.2,85,1017,2.4,270,0
1977,10,2,11,477,324,208,25,22.8,88,1017,1.5,280,0
1977,10,2,12,566,229,378,25.2,23.1,88,1017,1.5,310,0
1977,10,2,13,385,121,294,25.4,23.3,88,1017,1.5,340,0
1977,10,2,14,205,87,150,25.6,23.3,88,1017,1.5,10,0
1977,10,2,15,212,92,169,25.6,23.5,88,1017,1.5,10,0
1977,10,2,16,46,9,44,25.6,23.5,88,1017,1.5,10,0
1977,10,2,17,14,1,14,25.6,23.3,88,1017,1.5,10,0
1977,10,2,18,0,0,0,24.7,22.6,88,1017,3.1,10,0
1977,10,2,19,0,0,0,23.7,21.4,87,1018,4.6,20,0
1977,10,2,20,0,0,0,22.8,20.6,87,1018,6.2,20,0
1977,10,2,21,0,0,0,22.2,19,82,1019,6.2,20,0
1977,10,2,22,0,0,0,21.7,17.7,78,1020,6.2,20,0
1977,10,2,23,0,0,0,21.1,16.1,73,1021,6.2,20,0
1977,10,3,0,0,0,0,20.4,14.8,70,1021,6.5,20,0
1977,10,3,1,0,0,0,19.6,13.6,68,1021,6.9,30,0
1977,10,3,2,0,0,0,18.9,12.2,65,1021,7.2,30,0
1977,10,3,3,0,0,0,18.3,12.3,68,1021,6.5,30,0
1977,10,3,4,0,0,0,17.8,12.3,70,1022,5.9,30,0
1977,10,3,5,0,0,0,17.2,12.2,73,1022,5.2,30,0
1977,10,3,6,51,50,45,17.8,12.3,70,1023,6.2,30,0
1977,10,3,7,212,267,123,18.3,11.9,66,1023,7.2,30,0
1977,10,3,8,442,519,169,18.9,11.7,63,1024,8.2,30,0
1977,10,3,9,629,616,212,19.6,11.7,60,1023,7.2,20,0
1977,10,3,10,723,626,234,20.4,11.9,58,1023,6.2,20,0
1977,10,3,11,804,687,234,21.1,11.7,55,1022,5.2,10,0
1977,10,3,12,771,648,239,21.7,11.7,53,1022,5.5,10,0
1977,10,3,13,686,563,263,22.2,11.3,50,1021,5.9,10,0
1977,10,3,14,541,531,206,22.8,11.1,48,1020,6.2,10,0
1977,10,3,15,352,424,156,22.1,11.2,50,1020,5.7,10,0
1977,10,3,16,137,182,89,21.3,10.8,51,1020,5.1,10,0
1977,10,3,17,25,11,24,20.6,10.6,53,1020,4.6,10,0
1977,10,3,18,0,0,0,20.2,10.6,54,1020,4.8,10,0
1977,10,3,19,0,0,0,19.8,10.3,54,1021,5,20,0
1977,10,3,20,0,0,0,19.4,10,55,1021,5.2,20,0
1977,10,3,21,0,0,0,19,9.8,55,1021,5.2,30,0
1977,10,3,22,0,0,0,18.7,9.2,54,1021,5.2,40,0
1977,10,3,23,0,0,0,18.3,8.9,54,1020,5.2,50,0
1977,10,4,0,0,0,0,18.1,9,55,1020,5.7,50,0
1977,10,4,1,0,0,0,18,9.4,57,1020,6.2,60,0
1977,10,4,2,0,0,0,17.8,9.4,58,1020,6.7,60,0
1977,10,4,3,0,0,0,17.2,9.4,60,1020,6.5,60,0
1977,10,4,4,0,0,0,16.7,9.7,63,1021,6.4,60,0
1977,10,4,5,1,0,1,16.1,9.4,65,1021,6.2,60,0
1977,10,4,6,59,174,38,17.2,10.4,64,1021,5.9,60,0
1977,10,4,7,256,528,81,18.3,11.4,64,1022,5.5,60,0
1977,10,4,8,473,687,114,19.4,12.2,63,1022,5.2,60,0
1977,10,4,9,655,766,138,20.3,12.8,62,1022,5,50,0
1977,10,4,10,780,807,153,21.3,13.3,60,1021,4.8,40,0
1977,10,4,11,839,823,159,22.2,13.9,59,1021,4.6,30,0
1977,10,4,12,832,826,158,22.6,12.3,52,1021,4.1,30,0
1977,10,4,13,750,805,149,22.9,10.4,45,1020,3.6,40,0
1977,10,4,14,604,755,131,23.3,8.3,38,1020,3.1,40,0
1977,10,4,15,402,648,104,21.3,10.8,51,1020,2.6,30,0
1977,10,4,16,181,434,68,19.2,12.5,65,1020,2,20,0
1977,10,4,17,33,60,26,17.2,13.3,78,1019,1.5,10,0
1977,10,4,18,0,0,0,16.1,13.1,82,1020,1,10,0
1977,10,4,19,0,0,0,15,12.7,86,1020,0.5,20,0
1977,10,4,20,0,0,0,13.9,12.2,90,1021,0,0,0
1977,10,4,21,0,0,0,13.5,12.1,91,1021,0,0,0
1977,10,4,22,0,0,0,13.2,12,92,1020,0,0,0
1977,10,4,23,0,0,0,12.8,11.7,93,1020,0,0,0
1977,10,5,0,0,0,0,13,11.9,93,1020,0,0,0
1977,10,5,1,0,0,0,13.1,12,93,1020,0,0,0
1977,10,5,2,0,0,0,13.3,12.2,93,1020,0,0,0
1977,10,5,3,0,0,0,13.7,12.6,93,1020,0,0,0
1977,10,5,4,0,0,0,14,12.9,93,1021,0,0,0
1977,10,5,5,0,0,0,14.4,13.3,93,1021,0,0,0
1977,10,5,6,38,24,35,17,14.1,83,1021,1.4,60,0
1977,10,5,7,171,142,124,19.6,14.9,74,1022,2.7,70,0
1977,10,5,8,306,162,221,22.2,15,64,1022,4.1,70,0
1977,10,5,9,541,415,263,23.3,15.4,61,1022,4.5,60,0
1977,10,5,10,751,670,232,24.5,16,59,1021,4.8,60,0
1977,10,5,11,625,389,305,25.6,16.1,56,1021,5.2,50,0
1977,10,5,12,730,611,234,25.8,16.4,56,1021,5,70,0
1977,10,5,13,687,669,190,25.9,16.5,56,1020,4.8,80,0
1977,10,5,14,543,651,138,26.1,16.7,56,1019,4.6,100,0
1977,10,5,15,377,577,114,25,17,61,1020,4.1,100,0
1977,10,5,16,170,406,66,23.9,17.2,66,1020,3.6,110,0
1977,10,5,17,29,57,22,22.8,17.2,71,1020,3.1,110,0
1977,10,5,18,0,0,0,22.4,17.8,75,1020,2.9,100,0
1977,10,5,19,0,0,0,22.1,18.5,80,1021,2.8,90,0
1977,10,5,20,0,0,0,21.7,18.9,84,1021,2.6,80,0
1977,10,5,21,0,0,0,21.7,18.9,84,1021,2.2,70,0
1977,10,5,22,0,0,0,21.7,18.9,84,1021,1.9,70,0
1977,10,5,23,0,0,0,21.7,18.9,84,1021,1.5,60,0
1977,10,6,0,0,0,0,21.7,18.9,84,1021,1.5,60,0
1977,10,6,1,0,0,0,21.7,18.9,84,1020,1.5,50,0
1977,10,6,2,0,0,0,21.7,18.9,84,1020,1.5,50,0
1977,10,6,3,0,0,0,21.7,18.9,84,1020,1.7,50,0
1977,10,6,4,0,0,0,21.7,18.9,84,1021,1.9,60,0
1977,10,6,5,0,0,0,21.7,18.9,84,1021,2.1,60,0
1977,10,6,6,31,7,30,23,19,78,1022,2.8,60,0
1977,10,6,7,111,31,101,24.3,19.2,73,1022,3.4,60,0
1977,10,6,8,260,139,188,25.6,18.9,67,1023,4.1,60,0
1977,10,6,9,493,299,293,26.1,18.5,63,1023,3.8,50,0
1977,10,6,10,648,413,330,26.7,17.8,58,1022,3.4,40,0
1977,10,6,11,764,629,249,27.2,17.2,54,1022,3.1,30,0
1977,10,6,12,744,599,260,27.4,16.7,52,1021,2.8,10,0
1977,10,6,13,648,552,240,27.6,16.6,51,1021,2.4,360,0
1977,10,6,14,529,507,216,27.8,16.1,49,1020,2.1,340,0
1977,10,6,15,334,400,154,25.9,17.3,59,1020,1.7,360,0
1977,10,6,16,130,151,92,24.1,18.1,69,1020,1.4,10,0
1977,10,6,17,23,3,22,22.2,18.3,79,1020,1,30,0
1977,10,6,18,0,0,0,21.1,18.1,83,1020,0.7,30,0
1977,10,6,19,0,0,0,20,17.6,86,1020,0.3,40,0
1977,10,6,20,0,0,0,18.9,17.2,90,1020,0,0,0
1977,10,6,21,0,0,0,18.9,17.1,89,1020,0,0,0
1977,10,6,22,0,0,0,18.9,16.9,88,1020,0,0,0
1977,10,6,23,0,0,0,18.9,16.7,87,1019,0,0,0
1977,10,7,0,0,0,0,18.2,16.7,91,1019,0,0,0
1977,10,7,1,0,0,0,17.4,16.8,96,1019,0,0,0
1977,10,7,2,0,0,0,16.7,16.7,100,1018,0,0,0
1977,10,7,3,0,0,0,17.1,17,99,1018,0.3,60,0
1977,10,7,4,0,0,0,17.4,17.1,98,1019,0.7,70,0
1977,10,7,5,0,0,0,17.8,17.2,97,1019,1,70,0
1977,10,7,6,31,38,27,19.8,18.1,90,1019,1.4,80,0
1977,10,7,7,189,284,96,21.9,18.9,83,1019,1.7,80,0
1977,10,7,8,324,245,198,23.9,19.4,76,1019,2.1,90,0
1977,10,7,9,327,120,248,25,19.6,72,1018,2.6,110,0
1977,10,7,10,511,218,344,26.1,19.5,67,1018,3.1,120,0
1977,10,7,11,395,47,357,27.2,19.4,63,1017,3.6,140,0
1977,10,7,12,384,87,314,27.4,20,64,1017,3.6,140,0
1977,10,7,13,379,143,274,27.6,20.2,64,1016,3.6,150,0
1977,10,7,14,424,322,227,27.8,20.6,65,1015,3.6,150,0
1977,10,7,15,300,296,168,27.1,20.7,68,1015,3.4,150,0
1977,10,7,16,137,159,98,26.3,20.6,71,1014,3.3,160,0
1977,10,7,17,25,6,24,25.6,20.6,74,1014,3.1,160,0
1977,10,7,18,0,0,0,25,20.7,77,1014,3.3,160,0
1977,10,7,19,0,0,0,24.5,20.6,79,1014,3.4,150,0
1977,10,7,20,0,0,0,23.9,20.6,82,1014,3.6,150,0
1977,10,7,21,0,0,0,23.9,20.7,82,1014,3.6,150,0
1977,10,7,22,0,0,0,23.9,20.7,82,1013,3.6,160,0
1977,10,7,23,0,0,0,23.9,20.6,82,1013,3.6,160,0
1977,10,8,0,0,0,0,23.5,20.7,84,1013,3.4,160,0
1977,10,8,1,0,0,0,23.2,20.6,85,1012,3.3,150,0
1977,10,8,2,0,0,0,22.8,20.6,87,1012,3.1,150,0
1977,10,8,3,0,0,0,23.2,20.7,86,1012,2.9,150,0
1977,10,8,4,0,0,0,23.5,21,86,1012,2.8,160,0
1977,10,8,5,0,0,0,23.9,21.1,85,1013,2.6,160,0
1977,10,8,6,33,40,28,25,21.7,82,1013,3.6,170,0
1977,10,8,7,187,284,96,26.1,22.4,80,1013,4.7,170,0
1977,10,8,8,427,554,144,27.2,22.8,77,1013,5.7,180,0
1977,10,8,9,544,536,190,28.3,22.8,72,1012,5.5,190,0
1977,10,8,10,565,353,296,29.5,23,68,1011,5.4,200,0
1977,10,8,11,600,407,270,30.6,22.8,63,1011,5.2,210,0
1977,10,8,12,422,154,299,30,22.5,64,1010,5.4,210,0
1977,10,8,13,373,107,295,29.5,22.5,66,1010,5.5,200,0
1977,10,8,14,257,0,257,28.9,22.2,67,1009,5.7,200,0
1977,10,8,15,220,89,180,28.3,22.1,69,1009,5.5,200,0
1977,10,8,16,158,206,108,27.8,22.3,72,1009,5.4,190,0
1977,10,8,17,31,20,28,27.2,22.2,74,1009,5.2,190,0
1977,10,8,18,0,0,0,26.7,22.8,79,1009,4.7,200,0
1977,10,8,19,0,0,0,26.1,23,83,1009,4.1,200,0
1977,10,8,20,0,0,0,25.6,23.3,88,1010,3.6,210,0
1977,10,8,21,0,0,0,25.8,23.7,88,1010,3.4,220,0
1977,10,8,22,0,0,0,25.9,23.8,88,1010,3.3,220,0
1977,10,8,23,0,0,0,26.1,23.9,88,1010,3.1,230,0
1977,10,9,0,0,0,0,24.8,23.1,90,1010,2.8,260,0
1977,10,9,1,0,0,0,23.5,22,91,1010,2.4,280,0
1977,10,9,2,0,0,0,22.2,21.1,93,1010,2.1,310,0
1977,10,9,3,0,0,0,22.2,20.8,92,1010,3.5,330,0
1977,10,9,4,0,0,0,22.2,20.7,91,1011,4.8,350,0
1977,10,9,5,0,0,0,22.2,20.6,90,1012,6.2,10,0
1977,10,9,6,22,1,22,21.1,18.7,86,1013,5.9,10,0
1977,10,9,7,89,3,88,20,16.9,82,1014,5.5,10,0
1977,10,9,8,158,6,156,18.9,15,78,1015,5.2,10,0
1977,10,9,9,452,192,326,20.2,15.2,73,1015,4.7,20,0
1977,10,9,10,527,319,284,21.5,15.1,67,1014,4.1,20,0
1977,10,9,11,755,622,252,22.8,15,62,1014,3.6,30,0
1977,10,9,12,716,589,247,23.3,14.6,58,1014,3.9,30,0
1977,10,9,13,641,569,228,23.9,14.1,54,1013,4.3,30,0
1977,10,9,14,530,598,169,24.4,13.3,50,1013,4.6,30,0
1977,10,9,15,336,458,136,23.3,13.2,53,1013,3.9,20,0
1977,10,9,16,141,267,78,22.2,13,56,1013,3.3,20,0
1977,10,9,17,24,13,22,21.1,12.8,59,1013,2.6,10,0
1977,10,9,18,0,0,0,20.4,12.4,60,1013,2.4,20,0
1977,10,9,19,0,0,0,19.6,12.2,62,1014,2.3,20,0
1977,10,9,20,0,0,0,18.9,11.7,63,1014,2.1,30,0
1977,10,9,21,0,0,0,18.7,11.8,64,1014,2.4,40,0
1977,10,9,22,0,0,0,18.5,11.6,64,1014,2.8,50,0
1977,10,9,23,0,0,0,18.3,11.7,65,1014,3.1,60,0
1977,10,10,0,0,0,0,17.6,11.4,67,1014,3.1,60,0
1977,10,10,1,0,0,0,16.8,11.3,70,1014,3.1,70,0
1977,10,10,2,0,0,0,16.1,11.1,72,1013,3.1,70,0
1977,10,10,3,0,0,0,15.7,11.3,75,1013,2.8,70,0
1977,10,10,4,0,0,0,15.4,11.6,78,1014,2.4,70,0
1977,10,10,5,0,0,0,15,11.7,81,1014,2.1,70,0
1977,10,10,6,59,282,27,17.2,13,76,1014,2.3,70,0
1977,10,10,7,245,614,50,19.5,14.1,71,1015,2.4,80,0
1977,10,10,8,444,676,102,21.7,15,66,1015,2.6,80,0
1977,10,10,9,594,729,116,23,16.1,65,1015,2.8,110,0
1977,10,10,10,647,648,156,24.3,16.8,63,1014,2.9,130,0
1977,10,10,11,748,695,190,25.6,17.8,62,1014,3.1,160,0
1977,10,10,12,622,462,257,25.4,17.9,63,1013,3.1,130,0
1977,10,10,13,495,373,225,25.2,17.7,63,1013,3.1,90,0
1977,10,10,14,384,333,184,25,17.8,64,1012,3.1,60,0
1977,10,10,15,240,198,154,23.7,18.2,71,1012,3.1,60,0
1977,10,10,16,130,162,92,22.4,18.2,77,1012,3.1,70,0
1977,10,10,17,22,1,22,21.1,18.3,84,1013,3.1,70,0
1977,10,10,18,0,0,0,21.1,18.7,86,1013,3.4,90,0
1977,10,10,19,0,0,0,21.1,19.1,88,1013,3.8,100,0
1977,10,10,20,0,0,0,21.1,19.4,90,1013,4.1,120,0
1977,10,10,21,0,0,0,20.9,19.2,90,1013,3.9,80,0
1977,10,10,22,0,0,0,20.8,19.1,90,1013,3.8,50,0
1977,10,10,23,0,0,0,20.6,18.9,90,1013,3.6,10,0
1977,10,11,0,0,0,0,20.8,19.1,90,1013,3.3,40,0
1977,10,11,1,0,0,0,20.9,19.2,90,1012,2.9,70,0
1977,10,11,2,0,0,0,21.1,19.4,90,1011,2.6,100,0
1977,10,11,3,0,0,0,21.3,19.8,91,1012,3.8,70,0
1977,10,11,4,0,0,0,21.5,20.2,92,1012,5,30,0
1977,10,11,5,0,0,0,21.7,20.6,93,1013,6.2,0,0
1977,10,11,6,25,4,25,21.9,20.7,93,1013,5.3,20,0
1977,10,11,7,82,2,82,22,20.8,93,1014,4.5,30,0
1977,10,11,8,96,1,96,22.2,21.1,93,1014,3.6,50,0
1977,10,11,9,256,3,254,22.2,20.8,92,1014,3.4,50,0
1977,10,11,10,320,3,319,22.2,20.7,91,1014,3.3,40,0
1977,10,11,11,187,1,186,22.2,20.6,90,1014,3.1,40,0
1977,10,11,12,356,3,354,22,20.5,91,1014,3.3,30,0
1977,10,11,13,301,3,299,21.9,20.6,92,1014,3.4,10,0
1977,10,11,14,157,0,157,21.7,20.6,93,1014,3.6,0,0
1977,10,11,15,166,0,166,20.9,19.6,92,1015,4.5,360,0
1977,10,11,16,77,1,77,20.2,18.7,91,1015,5.3,350,0
1977,10,11,17,22,0,22,19.4,17.8,90,1016,6.2,350,0
1977,10,11,18,0,0,0,19,17,88,1017,5.9,360,0
1977,10,11,19,0,0,0,18.7,16.3,86,1018,5.5,0,0
1977,10,11,20,0,0,0,18.3,15.6,84,1018,5.2,10,0
1977,10,11,21,0,0,0,17.6,14.7,83,1019,5.2,0,0
1977,10,11,22,0,0,0,16.8,13.7,82,1019,5.2,360,0
1977,10,11,23,0,0,0,16.1,12.8,81,1019,5.2,350,0
1977,10,12,0,0,0,0,15.5,11.1,75,1019,5.7,360,0
1977,10,12,1,0,0,0,15,9.2,68,1020,6.2,0,0
1977,10,12,2,0,0,0,14.4,7.2,62,1020,6.7,10,0
1977,10,12,3,0,0,0,14.4,7,61,1021,7,10,0
1977,10,12,4,0,0,0,14.4,6.5,59,1021,7.4,0,0
1977,10,12,5,0,0,0,14.4,6.1,58,1021,7.7,0,0
1977,10,12,6,44,68,36,14.8,6.4,57,1022,7.5,0,0
1977,10,12,7,204,338,98,15.2,6.8,57,1023,7.4,0,0
1977,10,12,8,465,741,95,15.6,6.7,56,1024,7.2,0,0
1977,10,12,9,642,814,115,16.7,6.8,52,1024,7.2,350,0
1977,10,12,10,772,861,127,17.8,6.4,47,1023,7.2,350,0
1977,10,12,11,823,868,132,18.9,6.1,43,1023,7.2,340,0
1977,10,12,12,813,871,131,18.9,5.7,42,1022,7,340,0
1977,10,12,13,723,842,123,18.9,5.4,41,1021,6.9,340,0
1977,10,12,14,576,793,107,18.9,5,40,1021,6.7,340,0
1977,10,12,15,375,689,84,17.6,4.9,43,1021,6.9,340,0
1977,10,12,16,156,457,54,16.3,5,47,1022,7,350,0
1977,10,12,17,25,52,19,15,4.4,50,1022,7.2,350,0
1977,10,12,18,0,0,0,14.6,4.6,51,1023,7,350,0
1977,10,12,19,0,0,0,14.3,4.6,52,1023,6.9,350,0
1977,10,12,20,0,0,0,13.9,4.4,53,1024,6.7,350,0
1977,10,12,21,0,0,0,13.7,4,52,1024,5.8,0,0
1977,10,12,22,0,0,0,13.5,3.9,52,1024,5,10,0
1977,10,12,23,0,0,0,13.3,3.3,51,1024,4.1,20,0
1977,10,13,0,0,0,0,13.1,3.2,51,1024,4.5,20,0
1977,10,13,1,0,0,0,13,3.1,51,1024,4.8,20,0
1977,10,13,2,0,0,0,12.8,2.8,51,1024,5.2,20,0
1977,10,13,3,0,0,0,12.4,2.8,52,1024,5.2,30,0
1977,10,13,4,0,0,0,12.1,2.5,52,1024,5.2,30,0
1977,10,13,5,0,0,0,11.7,2.2,53,1024,5.2,40,0
1977,10,13,6,59,270,28,12.6,3,52,1024,5.7,30,0
1977,10,13,7,257,652,55,13.5,3.3,50,1025,6.2,20,0
1977,10,13,8,474,800,77,14.4,3.9,49,1025,6.7,10,0
1977,10,13,9,655,870,93,15.2,4.3,48,1025,6.5,10,0
1977,10,13,10,780,907,103,15.9,4.3,46,1024,6.4,20,0
1977,10,13,11,835,920,107,16.7,4.4,45,1024,6.2,20,0
1977,10,13,12,819,915,106,17.2,4.9,44,1023,5.3,0,0
1977,10,13,13,733,893,100,17.8,5.4,44,1022,4.5,340,0
1977,10,13,14,582,845,87,18.3,5.6,43,1021,3.6,320,0
1977,10,13,15,381,746,68,17,5.9,48,1021,3.3,320,0
1977,10,13,16,161,529,45,15.7,6.2,53,1021,2.9,320,0
1977,10,13,17,26,78,16,14.4,6.1,58,1021,2.6,320,0
1977,10,13,18,0,0,0,13.3,6.9,65,1021,2.1,310,0
1977,10,13,19,0,0,0,12.2,7.5,73,1021,1.5,300,0
1977,10,13,20,0,0,0,11.1,7.8,80,1022,1,290,0
1977,10,13,21,0,0,0,10.9,7.1,77,1021,1.4,320,0
1977,10,13,22,0,0,0,10.8,6.4,74,1021,1.7,340,0
1977,10,13,23,0,0,0,10.6,5.6,71,1021,2.1,10,0
1977,10,14,0,0,0,0,9.3,5.7,78,1021,1.9,20,0
1977,10,14,1,0,0,0,8,5.8,86,1021,1.7,20,0
1977,10,14,2,0,0,0,6.7,5.6,93,1021,1.5,30,0
1977,10,14,3,0,0,0,6.7,5.7,93,1021,1,40,0
1977,10,14,4,0,0,0,6.7,5.7,93,1022,0.5,40,0
1977,10,14,5,0,0,0,6.7,5.6,93,1022,0,0,0
1977,10,14,6,45,74,36,10,6.9,81,1023,1,50,0
1977,10,14,7,217,413,91,13.4,7.6,68,1023,2.1,60,0
1977,10,14,8,430,600,134,16.7,7.8,56,1024,3.1,60,0
1977,10,14,9,613,698,165,17.4,7.2,51,1024,2.8,40,0
1977,10,14,10,741,750,184,18.2,6.7,47,1023,2.4,10,0
1977,10,14,11,800,772,192,18.9,5.6,42,1023,2.1,350,0
1977,10,14,12,783,766,189,19.5,6.3,42,1022,2.1,350,0
1977,10,14,13,693,733,177,20,6.7,42,1021,2.1,340,0
1977,10,14,14,539,663,153,20.6,7.2,42,1020,2.1,340,0
1977,10,14,15,337,533,116,18.4,9.5,56,1020,1.4,330,0
1977,10,14,16,129,277,69,16.1,10.4,69,1020,0.7,320,0
1977,10,14,17,19,10,18,13.9,11.1,83,1020,0,0,0
1977,10,14,18,0,0,0,13,10.9,87,1021,0.5,300,0
1977,10,14,19,0,0,0,12,10.8,92,1021,1,290,0
1977,10,14,20,0,0,0,11.1,10.6,96,1021,1.5,280,0
1977,10,14,21,0,0,0,11.5,10.4,93,1021,1.5,270,0
1977,10,14,22,0,0,0,11.8,10.1,89,1021,1.5,270,0
1977,10,14,23,0,0,0,12.2,10,86,1021,1.5,260,0
1977,10,15,0,0,0,0,11.5,10.1,91,1021,1,270,0
1977,10,15,1,0,0,0,10.7,10,95,1021,0.5,280,0
1977,10,15,2,0,0,0,10,10,100,1021,0,0,0
1977,10,15,3,0,0,0,9.3,9.3,100,1021,0,0,0
1977,10,15,4,0,0,0,8.5,8.5,100,1022,0,0,0
1977,10,15,5,0,0,0,7.8,7.8,100,1022,0,0,0
1977,10,15,6,53,185,32,11.3,10.2,93,1022,0.7,320,0
1977,10,15,7,237,564,65,14.8,12.3,85,1023,1.4,330,0
1977,10,15,8,447,724,93,18.3,14.4,78,1023,2.1,340,0
1977,10,15,9,628,808,112,20,14.2,69,1023,1.9,310,0
1977,10,15,10,751,848,124,21.6,13.3,59,1022,1.7,270,0
1977,10,15,11,808,865,130,23.3,12.2,50,1021,1.5,240,0
1977,10,15,12,792,861,128,23.9,12.6,49,1021,1.9,260,0
1977,10,15,13,705,835,120,24.4,12.7,48,1020,2.2,270,0
1977,10,15,14,554,779,105,25,12.8,47,1019,2.6,290,0
1977,10,15,15,356,670,81,23.3,13.2,53,1020,2.2,280,0
1977,10,15,16,142,431,52,21.7,13.6,60,1020,1.9,280,0
1977,10,15,17,22,41,17,20,13.3,66,1020,1.5,270,0
1977,10,15,18,0,0,0,19.1,13.8,71,1020,1.7,260,0
1977,10,15,19,0,0,0,18.1,13.8,76,1020,1.9,260,0
1977,10,15,20,0,0,0,17.2,13.9,81,1020,2.1,250,0
1977,10,15,21,0,0,0,17,13.9,82,1020,2.6,280,0
1977,10,15,22,0,0,0,16.9,14,83,1021,3.1,310,0
1977,10,15,23,0,0,0,16.7,13.9,84,1021,3.6,340,0
1977,10,16,0,0,0,0,16.5,13.3,81,1021,3.9,350,0
1977,10,16,1,0,0,0,16.3,12.5,78,1022,4.3,0,0
1977,10,16,2,0,0,0,16.1,11.7,75,1022,4.6,10,0
1977,10,16,3,0,0,0,15.4,10.2,71,1023,4.6,10,0
1977,10,16,4,0,0,0,14.6,8.8,68,1023,4.6,20,0
1977,10,16,5,0,0,0,13.9,7.2,64,1024,4.6,20,0
1977,10,16,6,59,300,25,14.8,7.4,61,1024,4.4,20,0
1977,10,16,7,251,680,47,15.8,7.8,59,1024,4.3,20,0
1977,10,16,8,466,821,66,16.7,7.8,56,1025,4.1,20,0
1977,10,16,9,646,890,80,17.6,7.7,52,1024,3.8,360,0
1977,10,16,10,768,925,89,18.5,7.6,49,1024,3.4,330,0
1977,10,16,11,823,937,92,19.4,7.2,45,1023,3.1,310,0
1977,10,16,12,807,934,91,20,7.7,45,1022,3.1,320,0
1977,10,16,13,719,909,85,20.5,7.9,44,1021,3.1,330,0
1977,10,16,14,570,865,74,21.1,8.3,44,1020,3.1,340,0
1977,10,16,15,372,774,58,19.6,7.7,46,1020,2.6,340,0
1977,10,16,16,154,560,38,18.2,7,48,1020,2,330,0
1977,10,16,17,25,85,14,16.7,6.1,50,1020,1.5,330,0
1977,10,16,18,0,0,0,14.8,7.9,63,1021,1.7,330,0
1977,10,16,19,0,0,0,13,9.1,77,1021,1.9,320,0
1977,10,16,20,0,0,0,11.1,9.4,90,1022,2.1,320,0
1977,10,16,21,0,0,0,10.7,8.8,88,1022,1.9,340,0
1977,10,16,22,0,0,0,10.4,8,85,1022,1.7,10,0
1977,10,16,23,0,0,0,10,7.2,83,1022,1.5,30,0
1977,10,17,0,0,0,0,9.4,6.9,84,1022,1,30,0
1977,10,17,1,0,0,0,8.9,6.5,85,1022,0.5,40,0
1977,10,17,2,0,0,0,8.3,6.1,86,1022,0,0,0
1977,10,17,3,0,0,0,7.8,6,88,1022,0,0,0
1977,10,17,4,0,0,0,7.2,5.9,91,1022,0,0,0
1977,10,17,5,0,0,0,6.7,5.6,93,1022,0,0,0
1977,10,17,6,57,301,24,10.2,6.7,79,1022,1,60,0
1977,10,17,7,251,689,45,13.7,7,64,1023,2.1,70,0
1977,10,17,8,466,832,64,17.2,6.7,50,1023,3.1,70,0
1977,10,17,9,643,897,77,18.3,6.2,45,1023,3.3,60,0
1977,10,17,10,768,933,86,19.5,5.6,40,1022,3.4,40,0
1977,10,17,11,825,949,89,20.6,4.4,35,1022,3.6,30,0
1977,10,17,12,807,942,88,20.6,5.4,37,1021,3.4,30,0
1977,10,17,13,718,920,82,20.6,6.2,39,1020,3.3,40,0
1977,10,17,14,568,872,72,20.6,6.7,41,1020,3.1,40,0
1977,10,17,15,365,766,57,18,8.6,54,1020,2.1,20,0
1977,10,17,16,135,492,35,15.4,9.3,67,1020,1,350,0
1977,10,17,17,24,75,14,12.8,9.4,80,1019,0,0,0
1977,10,17,18,0,0,0,11.7,9.1,84,1020,0.3,300,0
1977,10,17,19,0,0,0,10.5,8.8,89,1020,0.7,280,0
1977,10,17,20,0,0,0,9.4,8.3,93,1020,1,250,0
1977,10,17,21,0,0,0,9.2,8.3,94,1020,0.7,250,0
1977,10,17,22,0,0,0,9.1,8.4,95,1020,0.3,250,0
1977,10,17,23,0,0,0,8.9,8.3,96,1019,0,0,0
1977,10,18,0,0,0,0,8.5,7.9,96,1019,0,0,0
1977,10,18,1,0,0,0,8.2,7.6,96,1019,0,0,0
1977,10,18,2,0,0,0,7.8,7.2,96,1019,0,0,0
1977,10,18,3,0,0,0,7.6,7.2,97,1019,0,0,0
1977,10,18,4,0,0,0,7.4,7.3,99,1019,0,0,0
1977,10,18,5,0,0,0,7.2,7.2,100,1019,0,0,0
1977,10,18,6,41,75,32,11.5,8.9,84,1020,1.2,230,0
1977,10,18,7,214,492,69,15.7,9.6,67,1020,2.4,220,0
1977,10,18,8,406,636,100,20,9.4,51,1020,3.6,220,0
1977,10,18,9,495,531,162,21.5,11,51,1020,3.6,240,0
1977,10,18,10,653,628,196,22.9,12,50,1019,3.6,270,0
1977,10,18,11,709,604,243,24.4,13.3,50,1019,3.6,290,0
1977,10,18,12,676,582,235,24.8,13.7,50,1018,3.4,300,0
1977,10,18,13,640,694,162,25.2,13.8,49,1017,3.3,310,0
1977,10,18,14,500,605,159,25.6,13.9,49,1016,3.1,320,0
1977,10,18,15,289,403,128,23.5,14.3,56,1016,2.1,310,0
1977,10,18,16,104,220,60,21.5,14.2,63,1016,1,290,0
1977,10,18,17,15,18,13,19.4,13.9,70,1016,0,0,0
1977,10,18,18,0,0,0,18.7,14.4,76,1016,0.9,260,0
1977,10,18,19,0,0,0,17.9,14.6,81,1016,1.7,250,0
1977,10,18,20,0,0,0,17.2,15,87,1017,2.6,230,0
1977,10,18,21,0,0,0,16.5,14.7,89,1017,2.2,230,0
1977,10,18,22,0,0,0,15.7,14.3,91,1016,1.9,240,0
1977,10,18,23,0,0,0,15,13.9,93,1016,1.5,240,0
1977,10,19,0,0,0,0,15.2,14.1,93,1016,1.7,240,0
1977,10,19,1,0,0,0,15.4,14.3,93,1016,1.9,250,0
1977,10,19,2,0,0,0,15.6,14.4,93,1016,2.1,250,0
1977,10,19,3,0,0,0,15.2,14.3,94,1016,1.7,260,0
1977,10,19,4,0,0,0,14.8,14,95,1016,1.4,270,0
1977,10,19,5,0,0,0,14.4,13.9,96,1017,1,280,0
1977,10,19,6,52,229,26,17,15.4,90,1017,1.7,280,0
1977,10,19,7,232,618,52,19.6,17,85,1018,2.4,280,0
1977,10,19,8,439,766,74,22.2,18.3,79,1018,3.1,280,0
1977,10,19,9,610,833,90,23.9,18.6,72,1018,3.4,290,0
1977,10,19,10,731,873,99,25.5,18.5,65,1017,3.8,300,0
1977,10,19,11,788,892,103,27.2,18.3,58,1017,4.1,310,0
1977,10,19,12,770,886,102,27.4,18.4,58,1016,3.4,300,0
1977,10,19,13,686,864,95,27.6,18.6,58,1016,2.8,290,0
1977,10,19,14,538,812,83,27.8,18.9,58,1015,2.1,280,0
1977,10,19,15,344,712,64,25.6,19.3,68,1015,1.4,280,0
1977,10,19,16,134,480,41,23.3,19.1,77,1015,0.7,270,0
1977,10,19,17,20,51,13,21.1,18.9,87,1015,0,0,0
1977,10,19,18,0,0,0,20.7,18.8,89,1016,0.7,270,0
1977,10,19,19,0,0,0,20.4,18.9,91,1016,1.4,260,0
1977,10,19,20,0,0,0,20,18.9,93,1017,2.1,260,0
1977,10,19,21,0,0,0,19.6,18.5,93,1017,2.3,310,0
1977,10,19,22,0,0,0,19.3,18.2,93,1017,2.4,0,0
1977,10,19,23,0,0,0,18.9,17.8,93,1017,2.6,50,0
1977,10,20,0,0,0,0,18.5,17.7,95,1017,2.1,20,0
1977,10,20,1,0,0,0,18.2,17.9,98,1017,1.5,340,0
1977,10,20,2,0,0,0,17.8,17.8,100,1017,1,310,0
1977,10,20,3,0,0,0,18,16.9,93,1017,1.2,0,0
1977,10,20,4,0,0,0,18.1,15.6,85,1018,1.3,60,0
1977,10,20,5,0,0,0,18.3,14.4,78,1018,1.5,110,0
1977,10,20,6,20,1,20,19.1,15,77,1019,1.5,110,0
1977,10,20,7,82,5,81,19.8,15.7,77,1020,1.5,120,0
1977,10,20,8,160,5,158,20.6,16.1,76,1020,1.5,120,0
1977,10,20,9,372,208,242,21.9,17.1,74,1020,1.7,80,0
1977,10,20,10,420,191,282,23.1,17.6,71,1020,1.9,40,0
1977,10,20,11,565,383,272,24.4,18.3,69,1019,2.1,0,0
1977,10,20,12,513,223,346,24.6,18.8,70,1019,2.4,10,0
1977,10,20,13,471,257,296,24.8,19,70,1018,2.8,20,0
1977,10,20,14,325,167,232,25,19.4,71,1018,3.1,30,0
1977,10,20,15,182,68,156,23.9,19,74,1018,2.9,50,0
1977,10,20,16,49,1,48,22.8,18.4,76,1018,2.8,70,0
1977,10,20,17,6,1,6,21.7,17.8,79,1018,2.6,90,0
1977,10,20,18,0,0,0,20.8,18,84,1019,2.2,80,0
1977,10,20,19,0,0,0,19.8,17.8,88,1019,1.9,80,0
1977,10,20,20,0,0,0,18.9,17.8,93,1019,1.5,70,0
1977,10,20,21,0,0,0,18.7,17.2,91,1019,1.9,80,0
1977,10,20,22,0,0,0,18.5,16.7,89,1019,2.2,100,0
1977,10,20,23,0,0,0,18.3,16.1,87,1019,2.6,110,0
1977,10,21,0,0,0,0,17.9,15.9,88,1019,2.1,100,0
1977,10,21,1,0,0,0,17.6,15.8,89,1019,1.5,90,0
1977,10,21,2,0,0,0,17.2,15.6,90,1019,1,80,0
1977,10,21,3,0,0,0,17,15.5,91,1019,1.5,80,0
1977,10,21,4,0,0,0,16.9,15.6,92,1020,2.1,70,0
1977,10,21,5,0,0,0,16.7,15.6,93,1020,2.6,70,0
1977,10,21,6,33,31,30,18.7,16.3,86,1021,2.9,90,0
1977,10,21,7,175,275,96,20.8,16.8,78,1021,3.3,100,0
1977,10,21,8,391,535,140,22.8,17.2,71,1021,3.6,120,0
1977,10,21,9,564,625,178,23.7,17.2,67,1021,3.8,100,0
1977,10,21,10,662,639,204,24.7,17.5,64,1021,3.9,80,0
1977,10,21,11,704,662,201,25.6,17.2,60,1021,4.1,60,0
1977,10,21,12,687,654,199,25.8,16.7,57,1020,4.1,70,0
1977,10,21,13,608,609,197,25.9,15.6,53,1020,4.1,70,0
1977,10,21,14,431,480,166,26.1,15,50,1020,4.1,80,0
1977,10,21,15,275,422,113,24.3,14.7,55,1020,3.8,90,0
1977,10,21,16,101,187,66,22.4,14.5,61,1020,3.4,100,0
1977,10,21,17,13,2,12,20.6,13.9,66,1020,3.1,110,0
1977,10,21,18,0,0,0,19.1,14.6,75,1020,2.1,100,0
1977,10,21,19,0,0,0,17.6,14.9,84,1020,1,100,0
1977,10,21,20,0,0,0,16.1,15,93,1021,0,0,0
1977,10,21,21,0,0,0,16.7,15.4,92,1021,0.5,80,0
1977,10,21,22,0,0,0,17.2,15.7,91,1020,1,80,0
1977,10,21,23,0,0,0,17.8,16.1,90,1020,1.5,70,0
1977,10,22,0,0,0,0,17.6,16.3,92,1020,1.7,60,0
1977,10,22,1,0,0,0,17.4,16.6,95,1020,1.9,60,0
1977,10,22,2,0,0,0,17.2,16.7,97,1019,2.1,50,0
1977,10,22,3,0,0,0,17.4,16.9,97,1019,2.4,50,0
1977,10,22,4,0,0,0,17.6,17.1,97,1019,2.8,60,0
1977,10,22,5,0,0,0,17.8,17.2,97,1019,3.1,60,0
1977,10,22,6,44,129,29,19.5,17.8,90,1020,3.1,70,0
1977,10,22,7,210,513,65,21.1,18.1,83,1020,3.1,80,0
1977,10,22,8,415,687,94,22.8,18.3,76,1021,3.1,90,0
1977,10,22,9,558,674,144,23.9,18.6,72,1020,4.3,90,0
1977,10,22,10,629,598,203,25,18.9,69,1020,5.5,90,0
1977,10,22,11,497,281,284,26.1,18.9,65,1019,6.7,90,0
1977,10,22,12,582,479,227,25.9,19.1,66,1019,6.4,80,0
1977,10,22,13,379,171,264,25.8,19,66,1019,6,70,0
1977,10,22,14,388,435,150,25.6,18.9,67,1018,5.7,60,0
1977,10,22,15,232,193,158,24.7,19.6,73,1018,5,70,0
1977,10,22,16,103,266,55,23.7,19.7,78,1018,4.3,80,0
1977,10,22,17,11,7,10,22.8,20,84,1018,3.6,90,0
1977,10,22,18,0,0,0,22.6,20.2,86,1018,3.4,90,0
1977,10,22,19,0,0,0,22.4,20.3,88,1018,3.3,80,0
1977,10,22,20,0,0,0,22.2,20.6,90,1018,3.1,80,0
1977,10,22,21,0,0,0,22.2,20.3,89,1018,3.3,90,0
1977,10,22,22,0,0,0,22.2,20.1,88,1018,3.4,110,0
1977,10,22,23,0,0,0,22.2,20,87,1018,3.6,120,0
1977,10,23,0,0,0,0,22.2,19.9,87,1017,3.8,110,0
1977,10,23,1,0,0,0,22.2,19.9,87,1017,3.9,110,0
1977,10,23,2,0,0,0,22.2,20,87,1016,4.1,100,0
1977,10,23,3,0,0,0,21.8,19.7,88,1017,3.4,80,0
1977,10,23,4,0,0,0,21.5,19.6,89,1017,2.8,50,0
1977,10,23,5,0,0,0,21.1,19.4,90,1018,2.1,30,0
1977,10,23,6,27,1,27,21.8,19.4,86,1018,2.9,50,0
1977,10,23,7,81,12,78,22.6,19.6,83,1018,3.8,70,0
1977,10,23,8,180,59,153,23.3,19.4,79,1018,4.6,90,0
1977,10,23,9,206,64,167,23.5,19.5,78,1018,5,100,0
1977,10,23,10,353,75,300,23.7,19.4,77,1017,5.3,100,0
1977,10,23,11,371,108,290,23.9,19.4,76,1017,5.7,110,0
1977,10,23,12,349,50,312,24.3,19.4,74,1017,5.9,100,0
1977,10,23,13,359,53,324,24.6,19.5,73,1016,6,90,0
1977,10,23,14,218,74,177,25,19.4,71,1016,6.2,80,0
1977,10,23,15,184,58,162,24.3,19.6,75,1016,5.3,80,0
1977,10,23,16,71,23,67,23.5,19.5,78,1016,4.5,70,0
1977,10,23,17,5,0,5,22.8,19.4,82,1016,3.6,70,0
1977,10,23,18,0,0,0,22.4,19.6,84,1016,3.1,70,0
1977,10,23,19,0,0,0,22.1,19.5,85,1016,2.6,60,0
1977,10,23,20,0,0,0,21.7,19.4,87,1017,2.1,60,0
1977,10,23,21,0,0,0,21.5,19.3,87,1017,2.6,60,0
1977,10,23,22,0,0,0,21.3,19.1,87,1017,3.1,70,0
1977,10,23,23,0,0,0,21.1,18.9,87,1017,3.6,70,0
1977,10,24,0,0,0,0,20.7,18.7,88,1016,3.8,70,0
1977,10,24,1,0,0,0,20.4,18.5,89,1016,3.9,60,0
1977,10,24,2,0,0,0,20,18.3,90,1016,4.1,60,0
1977,10,24,3,0,0,0,20.2,18.5,90,1016,3.8,50,0
1977,10,24,4,0,0,0,20.4,18.7,90,1016,3.4,50,0
1977,10,24,5,0,0,0,20.6,18.9,90,1016,3.1,40,0
1977,10,24,6,24,15,22,21,19.5,91,1016,2.9,50,0
1977,10,24,7,104,2,104,21.3,20,92,1017,2.8,70,0
1977,10,24,8,99,8,95,21.7,20.6,93,1017,2.6,80,0
1977,10,24,9,199,4,196,21.5,20.5,94,1017,3.1,80,0
1977,10,24,10,297,10,289,21.3,20.6,96,1016,3.6,90,0
1977,10,24,11,192,6,187,21.1,20.6,97,1016,4.1,90,0
1977,10,24,12,350,3,348,21.3,20.6,96,1015,4.3,80,0
1977,10,24,13,290,3,289,21.5,20.5,94,1015,4.4,70,0
1977,10,24,14,159,2,158,21.7,20.6,93,1014,4.6,60,0
1977,10,24,15,170,1,170,22.1,20.9,93,1014,4.6,70,0
1977,10,24,16,68,1,68,22.4,21.2,93,1014,4.6,90,0
1977,10,24,17,9,0,9,22.8,21.7,93,1014,4.6,100,0
1977,10,24,18,0,0,0,22.8,21.6,93,1014,4.1,100,0
1977,10,24,19,0,0,0,22.8,21.6,93,1014,3.6,110,0
1977,10,24,20,0,0,0,22.8,21.7,93,1014,3.1,110,0
1977,10,24,21,0,0,0,22.8,21.6,93,1014,2.9,110,0
1977,10,24,22,0,0,0,22.8,21.6,93,1013,2.8,120,0
1977,10,24,23,0,0,0,22.8,21.7,93,1013,2.6,120,0
1977,10,25,0,0,0,0,22.8,21.6,93,1013,2.8,140,0
1977,10,25,1,0,0,0,22.8,21.6,93,1012,2.9,170,0
1977,10,25,2,0,0,0,22.8,21.7,93,1012,3.1,190,0
1977,10,25,3,0,0,0,22.6,21.4,93,1013,2.8,240,0
1977,10,25,4,0,0,0,22.4,21.2,93,1013,2.4,300,0
1977,10,25,5,0,0,0,22.2,21.1,93,1013,2.1,350,0
1977,10,25,6,30,0,30,22,20.8,93,1014,2.1,340,0
1977,10,25,7,95,1,95,21.9,20.7,93,1015,2.1,340,0
1977,10,25,8,189,1,188,21.7,20.6,93,1016,2.1,330,0
1977,10,25,9,285,1,284,22.1,20.8,92,1015,2.9,320,0
1977,10,25,10,326,0,326,22.4,20.9,91,1015,3.8,320,0
1977,10,25,11,356,1,355,22.8,21.1,90,1015,4.6,310,0
1977,10,25,12,321,1,320,23.2,20.9,87,1015,4.1,320,0
1977,10,25,13,295,0,295,23.5,20.8,85,1014,3.6,330,0
1977,10,25,14,242,0,242,23.9,20.6,82,1014,3.1,340,0
1977,10,25,15,142,0,142,23.2,20.4,84,1014,3.1,330,0
1977,10,25,16,60,0,60,22.4,19.8,85,1015,3.1,330,0
1977,10,25,17,9,0,9,21.7,19.4,87,1015,3.1,320,0
1977,10,25,18,0,0,0,21.3,19.2,88,1015,3.1,320,0
1977,10,25,19,0,0,0,21,19.1,89,1016,3.1,330,0
1977,10,25,20,0,0,0,20.6,18.9,90,1016,3.1,330,0
1977,10,25,21,0,0,0,20.2,18.9,92,1016,2.6,320,0
1977,10,25,22,0,0,0,19.8,19,95,1016,2,310,0
1977,10,25,23,0,0,0,19.4,18.9,97,1016,1.5,300,0
1977,10,26,0,0,0,0,18.9,18.4,97,1016,1.7,310,0
1977,10,26,1,0,0,0,18.3,17.8,97,1015,1.9,320,0
1977,10,26,2,0,0,0,17.8,17.2,97,1015,2.1,330,0
1977,10,26,3,0,0,0,17.2,16.9,98,1015,1.7,340,0
1977,10,26,4,0,0,0,16.7,16.6,99,1016,1.4,340,0
1977,10,26,5,0,0,0,16.1,16.1,100,1016,1,350,0
1977,10,26,6,42,85,32,17.6,17.1,97,1017,1.4,340,0
1977,10,26,7,167,290,88,19.1,18,93,1017,1.7,320,0
1977,10,26,8,301,358,139,20.6,18.9,90,1018,2.1,310,0
1977,10,26,9,517,699,98,22.1,19.5,85,1017,2.6,300,0
1977,10,26,10,614,681,140,23.5,19.7,79,1017,3.1,280,0
1977,10,26,11,679,784,99,25,20,74,1016,3.6,270,0
1977,10,26,12,706,819,112,25.2,19.8,72,1015,3.6,290,0
1977,10,26,13,611,789,95,25.4,19.3,69,1015,3.6,300,0
1977,10,26,14,453,608,130,25.6,18.9,67,1014,3.6,320,0
1977,10,26,15,306,674,59,24.5,18.7,70,1014,3.1,320,0
1977,10,26,16,103,285,55,23.3,18.2,73,1014,2.6,310,0
1977,10,26,17,14,49,8,22.2,17.8,76,1014,2.1,310,0
1977,10,26,18,0,0,0,21.5,17.3,77,1015,2.6,330,0
1977,10,26,19,0,0,0,20.7,16.5,77,1015,3.1,350,0
1977,10,26,20,0,0,0,20,16.1,78,1016,3.6,10,0
1977,10,26,21,0,0,0,19.3,15.8,80,1016,2.9,0,0
1977,10,26,22,0,0,0,18.5,15.4,82,1016,2.2,350,0
1977,10,26,23,0,0,0,17.8,15,84,1016,1.5,340,0
1977,10,27,0,0,0,0,17.4,14.9,85,1016,1.9,350,0
1977,10,27,1,0,0,0,17.1,14.8,86,1015,2.2,10,0
1977,10,27,2,0,0,0,16.7,14.4,87,1015,2.6,20,0
1977,10,27,3,0,0,0,15.8,13.8,88,1015,2.6,20,0
1977,10,27,4,0,0,0,14.8,13,89,1016,2.6,20,0
1977,10,27,5,0,0,0,13.9,12.2,90,1016,2.6,20,0
1977,10,27,6,43,164,25,15.4,13.3,87,1016,2.8,20,0
1977,10,27,7,207,578,52,16.8,14.1,84,1017,2.9,10,0
1977,10,27,8,407,738,75,18.3,15,81,1017,3.1,10,0
1977,10,27,9,580,820,92,19.4,15.3,77,1017,2.9,10,0
1977,10,27,10,703,867,102,20.6,15.4,72,1017,2.8,0,0
1977,10,27,11,755,882,107,21.7,15.6,68,1016,2.6,0,0
1977,10,27,12,714,852,100,22.4,15.5,65,1015,2.4,350,0
1977,10,27,13,589,710,127,23.2,15.3,61,1015,2.3,350,0
1977,10,27,14,452,643,113,23.9,15,58,1014,2.1,340,0
1977,10,27,15,262,448,100,21.9,15.5,67,1014,1.9,310,0
1977,10,27,16,95,280,49,19.8,15.3,75,1014,1.7,270,0
1977,10,27,17,10,9,8,17.8,15,84,1014,1.5,240,0
1977,10,27,18,0,0,0,17.4,14.9,85,1014,1.9,260,0
1977,10,27,19,0,0,0,17.1,14.8,86,1015,2.2,280,0
1977,10,27,20,0,0,0,16.7,14.4,87,1015,2.6,300,0
1977,10,27,21,0,0,0,17.1,14.8,86,1015,2.1,300,0
1977,10,27,22,0,0,0,17.4,14.9,85,1015,1.5,310,0
1977,10,27,23,0,0,0,17.8,15,84,1015,1,310,0
1977,10,28,0,0,0,0,17.2,14.9,86,1015,1.5,330,0
1977,10,28,1,0,0,0,16.7,14.7,88,1015,2.1,340,0
1977,10,28,2,0,0,0,16.1,14.4,90,1015,2.6,360,0
1977,10,28,3,0,0,0,15.9,14.3,90,1015,2.8,350,0
1977,10,28,4,0,0,0,15.8,14.2,90,1015,2.9,330,0
1977,10,28,5,0,0,0,15.6,13.9,90,1016,3.1,320,0
1977,10,28,6,29,22,26,16.9,14.8,87,1016,2.9,330,0
1977,10,28,7,100,77,80,18.1,15.4,84,1017,2.8,350,0
1977,10,28,8,226,103,180,19.4,16.1,81,1017,2.6,360,0
1977,10,28,9,339,124,265,20.5,16.2,76,1017,2.8,360,0
1977,10,28,10,483,438,181,21.7,16.2,71,1016,2.9,360,0
1977,10,28,11,680,713,158,22.8,16.1,66,1016,3.1,360,0
1977,10,28,12,524,376,254,23,15.6,63,1016,2.8,350,0
1977,10,28,13,336,151,239,23.1,15.2,61,1015,2.4,330,0
1977,10,28,14,246,188,148,23.3,14.4,58,1015,2.1,320,0
1977,10,28,15,176,84,146,21.8,15.7,68,1015,1.7,320,0
1977,10,28,16,57,28,53,20.4,16.3,77,1015,1.4,330,0
1977,10,28,17,9,3,8,18.9,16.7,87,1015,1,330,0
1977,10,28,18,0,0,0,18,16.4,90,1015,0.7,330,0
1977,10,28,19,0,0,0,17,16.1,94,1015,0.3,340,0
1977,10,28,20,0,0,0,16.1,15.6,97,1015,0,0,0
1977,10,28,21,0,0,0,16.3,15.7,96,1015,0,0,0
1977,10,28,22,0,0,0,16.5,15.6,94,1015,0,0,0
1977,10,28,23,0,0,0,16.7,15.6,93,1014,0,0,0
1977,10,29,0,0,0,0,15.9,15,94,1014,0,0,0
1977,10,29,1,0,0,0,15.2,14.4,95,1014,0,0,0
1977,10,29,2,0,0,0,14.4,13.9,96,1014,0,0,0
1977,10,29,3,0,0,0,14.2,13.8,97,1014,0,0,0
1977,10,29,4,0,0,0,14.1,14,99,1014,0,0,0
1977,10,29,5,0,0,0,13.9,13.9,100,1014,0,0,0
1977,10,29,6,43,172,23,16.3,15.4,94,1015,0.7,30,0
1977,10,29,7,194,609,35,18.7,16.5,87,1015,1.4,40,0
1977,10,29,8,376,721,57,21.1,17.8,81,1016,2.1,40,0
1977,10,29,9,583,871,70,22,17.8,77,1016,2.4,30,0
1977,10,29,10,696,901,78,23,17.9,73,1015,2.8,30,0
1977,10,29,11,748,916,81,23.9,17.8,69,1015,3.1,20,0
1977,10,29,12,731,913,80,24.3,17.8,67,1014,3.1,20,0
1977,10,29,13,643,885,75,24.6,17.4,64,1014,3.1,10,0
1977,10,29,14,502,844,64,25,17.2,62,1014,3.1,10,0
1977,10,29,15,311,740,49,23.3,17.5,70,1014,2.1,10,0
1977,10,29,16,107,489,30,21.7,17.9,79,1014,1,10,0
1977,10,29,17,11,39,6,20,17.8,87,1014,0,0,0
1977,10,29,18,0,0,0,19.1,17.4,90,1014,0,0,0
1977,10,29,19,0,0,0,18.1,17.1,94,1015,0,0,0
1977,10,29,20,0,0,0,17.2,16.7,97,1015,0,0,0
1977,10,29,21,0,0,0,17,16.7,98,1015,0,0,0
1977,10,29,22,0,0,0,16.9,16.8,99,1014,0,0,0
1977,10,29,23,0,0,0,16.7,16.7,100,1014,0,0,0
1977,10,30,0,0,0,0,15.9,15.9,100,1014,0,0,0
1977,10,30,1,0,0,0,15.2,15.2,100,1014,0,0,0
1977,10,30,2,0,0,0,14.4,14.4,100,1014,0,0,0
1977,10,30,3,0,0,0,14.2,14.2,100,1014,0,0,0
1977,10,30,4,0,0,0,14.1,14.1,100,1015,0,0,0
1977,10,30,5,0,0,0,13.9,13.9,100,1015,0,0,0
1977,10,30,6,35,83,25,16.1,16,99,1015,0,0,0
1977,10,30,7,173,363,80,18.4,18.1,98,1016,0,0,0
1977,10,30,8,362,567,113,20.6,20,97,1016,0,0,0
1977,10,30,9,310,264,156,22.1,20,88,1016,0.9,20,0
1977,10,30,10,612,579,217,23.5,19.5,78,1015,1.7,20,0
1977,10,30,11,658,671,172,25,18.9,69,1015,2.6,20,0
1977,10,30,12,635,578,225,25,19.2,70,1014,2.8,30,0
1977,10,30,13,561,552,210,25,19.2,70,1014,2.9,40,0
1977,10,30,14,360,390,159,25,19.4,71,1013,3.1,50,0
1977,10,30,15,240,299,135,24.1,19.4,75,1013,3.1,60,0
1977,10,30,16,39,28,35,23.1,19.5,80,1014,3.1,70,0
1977,10,30,17,7,0,7,22.2,19.4,84,1014,3.1,80,0
1977,10,30,18,0,0,0,21.7,19.5,87,1014,2.8,90,0
1977,10,30,19,0,0,0,21.1,19.4,90,1014,2.4,90,0
1977,10,30,20,0,0,0,20.6,19.4,93,1014,2.1,100,0
1977,10,30,21,0,0,0,20.2,19.2,94,1014,1.4,100,0
1977,10,30,22,0,0,0,19.8,19.2,96,1014,0.7,100,0
1977,10,30,23,0,0,0,19.4,18.9,97,1014,0,0,0
1977,10,31,0,0,0,0,18.9,18.6,98,1014,0,0,0
1977,10,31,1,0,0,0,18.3,18.2,99,1014,0,0,0
1977,10,31,2,0,0,0,17.8,17.8,100,1014,0,0,0
1977,10,31,3,0,0,0,17.4,17.4,100,1014,0.5,90,0
1977,10,31,4,0,0,0,17.1,17.1,100,1015,1,90,0
1977,10,31,5,0,0,0,16.7,16.7,100,1015,1.5,90,0
1977,10,31,6,24,5,23,18.4,17.9,97,1015,1.7,90,0
1977,10,31,7,138,156,98,20,18.9,93,1016,1.9,90,0
1977,10,31,8,274,228,174,21.7,20,90,1016,2.1,90,0
1977,10,31,9,367,285,202,23.2,20,82,1016,2.3,100,0
1977,10,31,10,370,128,283,24.6,19.9,75,1016,2.4,110,0
1977,10,31,11,595,419,294,26.1,19.4,67,1016,2.6,120,0
1977,10,31,12,469,290,265,26.5,19.6,66,1015,3.1,110,0
1977,10,31,13,427,121,350,26.8,19.4,64,1014,3.6,100,0
1977,10,31,14,342,367,154,27.2,19.4,63,1014,4.1,90,0
1977,10,31,15,229,268,136,25.9,19.8,69,1014,4.3,100,0
1977,10,31,16,64,120,46,24.6,20.1,76,1014,4.4,110,0
1977,10,31,17,3,1,2,23.3,20,82,1014,4.6,120,0
1977,10,31,18,0,0,0,22.3,19.6,84,1015,4.3,131,0
1977,10,31,19,0,0,0,21.4,19,86,1016,4.1,136,0
1977,10,31,20,0,0,0,20.4,18.5,88,1017,3.9,149,0
1977,10,31,21,0,0,0,19.5,17.9,90,1018,4,157,0
1977,10,31,22,0,0,0,18.6,17.4,92,1018,4,171,0
1977,10,31,23,0,0,0,17.9,16.9,94,1019,3.9,184,0
1987,11,1,0,0,0,0,16.6,15.9,95,1021,3.4,216,0
1987,11,1,1,0,0,0,15.8,15.2,96,1021,2.6,143,0
1987,11,1,2,0,0,0,14.9,14.4,96,1022,2.1,114,0
1987,11,1,3,0,0,0,13.5,13.1,97,1023,1.6,86,0
1987,11,1,4,0,0,0,12.1,11.8,98,1024,1,57,0
1987,11,1,5,0,0,0,12.5,11.9,95,1025,2.3,337,0
1987,11,1,6,32,54,26,14.4,14.4,100,1026,3.6,20,0
1987,11,1,7,171,405,70,17.8,15,84,1026,3.6,40,0
1987,11,1,8,372,616,105,20,12.8,63,1026,4.6,40,0
1987,11,1,9,547,720,131,22.2,11.7,51,1026,4.6,50,0
1987,11,1,10,669,775,147,22.8,10,45,1026,5.2,50,0
1987,11,1,11,722,793,154,24.4,9.4,39,1025,5.2,40,0
1987,11,1,12,704,788,152,25.6,8.3,34,1024,5.2,40,0
1987,11,1,13,618,757,140,26.1,8.3,33,1023,4.6,50,0
1987,11,1,14,467,684,119,26.1,7.8,31,1023,3.6,70,0
1987,11,1,15,272,535,88,25.6,7.8,32,1023,2.6,60,0
1987,11,1,16,81,224,48,23.3,8.9,40,1023,1.5,90,0
1987,11,1,17,5,2,5,18.3,10,59,1023,0,0,0
1987,11,1,18,0,0,0,16.1,11.1,72,1023,0,0,0
1987,11,1,19,0,0,0,15,11.1,78,1023,0,0,0
1987,11,1,20,0,0,0,13.3,10.6,83,1023,0,0,0
1987,11,1,21,0,0,0,13.9,11.1,84,1023,0,0,0
1987,11,1,22,0,0,0,13.3,12.2,93,1023,0,0,0
1987,11,1,23,0,0,0,13.3,12.2,93,1023,0,0,0
1987,11,2,0,0,0,0,14.4,13.9,97,1022,0,0,0
1987,11,2,1,0,0,0,14.4,13.9,97,1022,0,0,0
1987,11,2,2,0,0,0,13.9,13.9,100,1021,1.5,350,0
1987,11,2,3,0,0,0,13.3,13.3,100,1021,2.6,360,0
1987,11,2,4,0,0,0,12.8,12.8,100,1021,2.6,360,0
1987,11,2,5,0,0,0,15.6,13.3,87,1021,3.1,20,0
1987,11,2,6,36,125,22,16.1,12.8,81,1022,2.6,40,0
1987,11,2,7,187,549,51,19.4,13.9,70,1022,4.6,50,0
1987,11,2,8,361,668,74,21.1,15,68,1022,4.1,30,0
1987,11,2,9,522,714,113,22.8,16.1,66,1022,4.6,50,0
1987,11,2,10,629,741,133,25,16.7,60,1021,4.6,50,0
1987,11,2,11,682,803,110,26.1,16.7,56,1020,4.1,60,0
1987,11,2,12,604,625,168,26.7,15.6,51,1019,6.2,70,0
1987,11,2,13,536,638,136,26.1,16.1,54,1019,7.7,100,0
1987,11,2,14,410,519,148,25.6,16.1,56,1018,5.7,110,0
1987,11,2,15,246,426,101,26.1,14.4,49,1018,5.2,110,0
1987,11,2,16,61,64,51,23.3,15.6,62,1018,5.2,100,0
1987,11,2,17,2,2,2,21.1,15.6,71,1018,3.1,110,0
1987,11,2,18,0,0,0,18.9,15.6,81,1018,0,0,0
1987,11,2,19,0,0,0,17.2,16.1,93,1019,0,0,0
1987,11,2,20,0,0,0,16.7,15.6,93,1019,2.1,360,0
1987,11,2,21,0,0,0,17.2,16.1,93,1019,0,0,0
1987,11,2,22,0,0,0,16.1,15.6,97,1018,2.1,360,0
1987,11,2,23,0,0,0,15.6,15,97,1018,2.6,350,0
1987,11,3,0,0,0,0,17.8,16.7,93,1017,3.1,10,0
1987,11,3,1,0,0,0,18.3,14.4,78,1017,3.1,360,0
1987,11,3,2,0,0,0,17.2,14.4,84,1016,2.6,40,0
1987,11,3,3,0,0,0,17.2,14.4,84,1016,3.1,20,0
1987,11,3,4,0,0,0,17.2,14.4,84,1016,3.1,20,0
1987,11,3,5,0,0,0,16.7,14.4,87,1017,2.6,20,0
1987,11,3,6,35,102,24,18.3,15,81,1017,4.1,40,0
1987,11,3,7,180,521,53,20,15,73,1017,4.6,30,0
1987,11,3,8,380,711,77,21.1,14.4,66,1017,6.2,50,0
1987,11,3,9,467,514,175,22.8,15.6,64,1017,6.2,70,0
1987,11,3,10,451,277,267,22.2,15.6,66,1017,6.2,70,0
1987,11,3,11,180,7,175,22.2,16.7,71,1016,5.7,60,0
1987,11,3,12,185,9,179,21.1,18.3,84,1015,6.7,60,0
1987,11,3,13,238,9,233,21.1,18.3,84,1014,5.2,70,0
1987,11,3,14,187,6,184,22.8,17.8,74,1013,4.1,60,0
1987,11,3,15,119,7,116,22.8,17.2,71,1013,3.1,70,0
1987,11,3,16,36,1,36,21.7,17.2,76,1013,2.6,50,0
1987,11,3,17,3,0,3,22.2,17.2,73,1014,4.1,80,0
1987,11,3,18,0,0,0,21.1,18.3,84,1014,3.1,100,0
1987,11,3,19,0,0,0,20.6,17.8,84,1014,5.7,90,0
1987,11,3,20,0,0,0,20.6,17.8,84,1014,4.6,70,0
1987,11,3,21,0,0,0,20,18.3,90,1014,2.1,360,0
1987,11,3,22,0,0,0,20,18.3,90,1013,2.1,340,0
1987,11,3,23,0,0,0,19.4,18.3,93,1013,0,0,0
1987,11,4,0,0,0,0,19.4,18.3,93,1012,0,0,0
1987,11,4,1,0,0,0,19.4,18.3,93,1012,2.6,350,0
1987,11,4,2,0,0,0,20,18.3,90,1012,2.6,340,0
1987,11,4,3,0,0,0,20.6,17.8,84,1012,3.6,20,0
1987,11,4,4,0,0,0,18.9,18.3,97,1012,4.1,360,0
1987,11,4,5,0,0,0,18.9,18.3,97,1012,5.7,10,0
1987,11,4,6,16,1,15,19.4,18.3,93,1012,5.2,10,0
1987,11,4,7,64,1,64,19.4,17.8,90,1013,6.7,10,0
1987,11,4,8,113,1,113,18.9,17.8,93,1014,5.2,360,0
1987,11,4,9,157,0,157,20,18.9,93,1014,5.7,10,0
1987,11,4,10,311,1,310,20,18.3,90,1013,4.6,10,0
1987,11,4,11,339,1,339,21.7,18.9,84,1012,5.7,10,0
1987,11,4,12,352,1,351,21.7,18.9,84,1011,5.2,360,0
1987,11,4,13,294,1,294,21.7,18.9,84,1011,5.2,10,0
1987,11,4,14,227,1,226,22.8,18.9,79,1011,4.6,20,0
1987,11,4,15,162,109,125,22.2,18.9,82,1011,3.1,40,0
1987,11,4,16,67,86,55,21.1,18.9,87,1011,2.1,350,0
1987,11,4,17,3,2,2,19.4,18.3,93,1012,2.6,350,0
1987,11,4,18,0,0,0,20,18.3,90,1012,2.1,350,0
1987,11,4,19,0,0,0,20,17.8,87,1013,2.1,360,0
1987,11,4,20,0,0,0,18.9,17.8,93,1013,2.1,350,0
1987,11,4,21,0,0,0,18.9,17.8,93,1013,2.1,360,0
1987,11,4,22,0,0,0,18.9,16.1,84,1013,3.1,350,0
1987,11,4,23,0,0,0,17.8,16.7,93,1013,2.1,20,0
1987,11,5,0,0,0,0,16.1,15.6,97,1013,2.1,290,0
1987,11,5,1,0,0,0,16.7,16.1,97,1013,3.1,330,0
1987,11,5,2,0,0,0,16.1,15,93,1013,3.1,330,0
1987,11,5,3,0,0,0,17.2,15,87,1014,4.1,350,0
1987,11,5,4,0,0,0,16.7,14.4,87,1014,3.1,340,0
1987,11,5,5,0,0,0,16.1,14.4,90,1015,2.6,340,0
1987,11,5,6,37,191,16,16.7,14.4,87,1016,2.1,320,0
1987,11,5,7,184,626,35,20,15,73,1017,4.6,360,0
1987,11,5,8,387,805,50,21.1,13.9,64,1017,5.2,10,0
1987,11,5,9,560,885,63,22.8,13.9,57,1018,6.2,360,0
1987,11,5,10,677,922,70,23.9,13.3,52,1018,5.2,10,0
1987,11,5,11,729,936,73,25.6,13.3,47,1017,5.7,10,0
1987,11,5,12,708,927,72,26.1,13.9,47,1017,6.7,360,0
1987,11,5,13,623,904,67,26.7,13.9,45,1016,6.7,360,0
1987,11,5,14,482,859,57,26.7,13.3,44,1016,5.7,10,0
1987,11,5,15,292,752,43,26.1,12.8,44,1016,5.2,10,0
1987,11,5,16,92,483,26,23.9,12.2,48,1017,5.2,350,0
1987,11,5,17,7,28,3,21.7,10.6,49,1018,4.1,350,0
1987,11,5,18,0,0,0,21.7,8.9,44,1019,5.7,350,0
1987,11,5,19,0,0,0,20.6,7.2,42,1020,5.7,340,0
1987,11,5,20,0,0,0,19.4,4.4,37,1021,7.7,360,0
1987,11,5,21,0,0,0,17.8,2.2,36,1022,6.7,20,0
1987,11,5,22,0,0,0,17.2,0.6,33,1022,8.2,30,0
1987,11,5,23,0,0,0,16.7,-2.8,27,1022,8.8,30,0
1987,11,6,0,0,0,0,15.6,-3.9,26,1022,7.7,30,0
1987,11,6,1,0,0,0,14.4,-3.3,29,1022,7.2,40,0
1987,11,6,2,0,0,0,13.9,-4.4,28,1022,8.8,40,0
1987,11,6,3,0,0,0,13.3,-5.6,27,1023,6.7,50,0
1987,11,6,4,0,0,0,12.8,-5.6,28,1024,7.2,60,0
1987,11,6,5,0,0,0,11.7,-5,31,1024,5.7,60,0
1987,11,6,6,34,117,21,11.7,-4.4,32,1025,6.7,50,0
1987,11,6,7,180,559,49,13.3,-2.8,33,1025,8.2,60,0
1987,11,6,8,385,756,71,13.9,-2.2,33,1026,6.2,50,0
1987,11,6,9,562,849,89,14.4,-3.3,29,1026,6.2,60,0
1987,11,6,10,680,888,99,16.1,-2.2,29,1026,5.2,50,0
1987,11,6,11,732,903,103,17.2,-0.6,30,1025,4.6,20,0
1987,11,6,12,715,899,102,18.9,-2.2,24,1024,4.6,30,0
1987,11,6,13,630,874,95,19.4,-3.3,21,1023,5.2,30,0
1987,11,6,14,478,811,80,20,-2.8,21,1023,3.1,60,0
1987,11,6,15,283,679,60,20,-3.3,21,1023,2.1,20,0
1987,11,6,16,82,353,35,16.7,2.8,40,1022,0,0,0
1987,11,6,17,4,7,3,12.2,0,43,1022,0,0,0
1987,11,6,18,0,0,0,10,3.3,64,1023,0,0,0
1987,11,6,19,0,0,0,9.4,4.4,71,1023,0,0,0
1987,11,6,20,0,0,0,7.8,4.4,80,1024,0,0,0
1987,11,6,21,0,0,0,8.3,5,80,1024,0,0,0
1987,11,6,22,0,0,0,7.8,5.6,86,1024,0,0,0
1987,11,6,23,0,0,0,7.8,5.6,86,1023,0,0,0
1987,11,7,0,0,0,0,7.8,6.1,89,1023,0,0,0
1987,11,7,1,0,0,0,7.8,6.7,93,1023,0,0,0
1987,11,7,2,0,0,0,10,7.8,86,1022,0,0,0
1987,11,7,3,0,0,0,10,8.3,90,1022,2.6,60,0
1987,11,7,4,0,0,0,10,8.3,90,1022,3.1,70,0
1987,11,7,5,0,0,0,9.4,8.3,93,1022,2.6,70,0
1987,11,7,6,24,18,22,11.7,10.6,93,1022,2.6,90,0
1987,11,7,7,145,305,74,16.1,13.3,84,1023,3.1,100,0
1987,11,7,8,318,442,136,20.6,13.9,66,1022,5.2,100,0
1987,11,7,9,472,529,179,22.8,13.9,57,1022,7.2,120,0
1987,11,7,10,520,412,252,23.3,14.4,58,1022,5.7,140,0
1987,11,7,11,382,110,305,22.8,14.4,60,1022,5.7,120,0
1987,11,7,12,337,92,274,23.3,14.4,58,1021,5.7,110,0
1987,11,7,13,260,46,232,23.3,15.6,62,1021,4.6,130,0
1987,11,7,14,255,121,196,22.8,16.1,66,1020,6.2,120,0
1987,11,7,15,151,138,107,21.7,16.1,71,1020,6.2,130,0
1987,11,7,16,39,1,38,21.7,16.1,71,1020,4.6,130,0
1987,11,7,17,0,0,0,21.1,16.7,76,1020,4.1,90,0
1987,11,7,18,0,0,0,19.4,16.7,84,1020,5.7,90,0
1987,11,7,19,0,0,0,19.4,16.7,84,1020,5.7,110,0
1987,11,7,20,0,0,0,19.4,16.7,84,1020,5.2,110,0
1987,11,7,21,0,0,0,18.9,16.1,84,1020,4.6,110,0
1987,11,7,22,0,0,0,18.9,16.1,84,1020,5.2,100,0
1987,11,7,23,0,0,0,18.3,16.1,87,1019,4.6,110,0
1987,11,8,0,0,0,0,17.8,16.7,93,1019,4.1,110,0
1987,11,8,1,0,0,0,17.8,16.7,93,1019,3.6,120,0
1987,11,8,2,0,0,0,17.8,16.7,93,1019,4.1,120,0
1987,11,8,3,0,0,0,18.3,16.7,90,1019,4.6,110,0
1987,11,8,4,0,0,0,17.8,16.1,90,1019,2.1,110,0
1987,11,8,5,0,0,0,18.9,17.2,90,1019,4.6,200,0
1987,11,8,6,13,2,13,19.4,17.8,90,1019,4.6,120,0
1987,11,8,7,88,49,77,21.7,18.3,81,1020,5.7,110,0
1987,11,8,8,124,41,107,22.8,18.3,76,1020,6.2,110,0
1987,11,8,9,259,35,239,24.4,18.9,71,1021,6.2,120,0
1987,11,8,10,524,402,264,25.6,18.9,67,1020,8.8,120,0
1987,11,8,11,484,270,298,26.1,17.8,60,1018,7.7,140,0
1987,11,8,12,526,375,273,26.1,18.3,62,1017,6.7,140,0
1987,11,8,13,345,99,285,25,18.9,69,1017,5.7,120,0
1987,11,8,14,152,23,140,25,18.9,69,1017,6.7,110,0
1987,11,8,15,63,1,62,23.9,18.9,74,1017,6.2,130,0
1987,11,8,16,32,1,32,22.8,18.3,76,1017,8.2,130,0
1987,11,8,17,0,0,0,22.2,18.9,82,1017,7.2,120,0
1987,11,8,18,0,0,0,21.7,18.9,84,1016,6.2,110,0
1987,11,8,19,0,0,0,21.7,18.3,81,1017,8.2,120,0
1987,11,8,20,0,0,0,21.7,18.9,84,1017,5.7,120,0
1987,11,8,21,0,0,0,20.6,19.4,93,1017,5.2,110,0
1987,11,8,22,0,0,0,21.1,19.4,90,1017,6.7,110,0
1987,11,8,23,0,0,0,20.6,19.4,93,1016,5.2,110,0
1987,11,9,0,0,0,0,20,19.4,97,1016,4.1,100,0
1987,11,9,1,0,0,0,20,19.4,97,1015,5.7,110,0
1987,11,9,2,0,0,0,20.6,19.4,93,1014,5.2,120,0
1987,11,9,3,0,0,0,20.6,19.4,93,1014,4.6,100,0
1987,11,9,4,0,0,0,20,19.4,97,1014,5.2,90,0
1987,11,9,5,0,0,0,20,19.4,97,1015,4.6,120,0
1987,11,9,6,11,1,11,20.6,19.4,93,1015,6.7,120,0
1987,11,9,7,85,3,84,21.1,20,93,1014,4.6,120,0
1987,11,9,8,136,47,117,22.2,20,87,1014,3.1,120,0
1987,11,9,9,291,81,246,22.8,20,84,1014,9.3,120,0
1987,11,9,10,383,168,275,24.4,20,76,1013,7.7,130,0
1987,11,9,11,317,9,311,23.3,20,82,1012,6.2,150,0
1987,11,9,12,174,2,172,23.3,20.6,85,1012,5.2,150,0
1987,11,9,13,238,7,234,23.9,20.6,82,1011,4.1,170,0
1987,11,9,14,323,168,242,23.9,20.6,82,1010,5.2,150,0
1987,11,9,15,182,189,122,24.4,19.4,74,1010,5.7,190,0
1987,11,9,16,56,85,45,23.3,18.9,76,1010,6.2,220,0
1987,11,9,17,0,1,0,21.7,18.3,81,1011,3.6,220,0
1987,11,9,18,0,0,0,20,17.2,84,1012,5.2,220,0
1987,11,9,19,0,0,0,18.9,16.1,84,1012,5.2,240,0
1987,11,9,20,0,0,0,18.9,15.6,81,1013,6.2,240,0
1987,11,9,21,0,0,0,18.9,14.4,76,1013,10.3,240,0
1987,11,9,22,0,0,0,18.3,14.4,78,1013,5.2,260,0
1987,11,9,23,0,0,0,17.8,13.9,78,1013,6.2,250,0
1987,11,10,0,0,0,0,16.7,13.3,81,1014,7.2,250,0
1987,11,10,1,0,0,0,16.1,13.3,84,1014,5.2,240,0
1987,11,10,2,0,0,0,16.1,12.8,81,1014,5.7,250,0
1987,11,10,3,0,0,0,15.6,12.2,81,1014,5.7,250,0
1987,11,10,4,0,0,0,15.6,12.2,81,1015,4.6,260,0
1987,11,10,5,0,0,0,15,12.2,84,1015,5.2,270,0
1987,11,10,6,13,2,13,15,12.2,84,1016,5.7,260,0
1987,11,10,7,42,1,42,15.6,12.8,84,1017,5.7,290,0
1987,11,10,8,157,4,155,15,12.8,87,1018,5.7,300,0
1987,11,10,9,146,0,145,13.9,12.8,93,1018,6.7,320,0
1987,11,10,10,164,5,161,13.3,11.1,87,1018,6.7,340,0
1987,11,10,11,175,7,171,11.1,10,93,1019,6.7,340,0
1987,11,10,12,164,6,160,10,8.3,90,1019,7.7,330,0
1987,11,10,13,263,1,263,10,6.7,80,1019,7.2,340,0
1987,11,10,14,196,3,195,10.6,6.7,77,1019,8.2,330,0
1987,11,10,15,129,1,128,10,6.7,80,1020,6.7,330,0
1987,11,10,16,47,0,47,10,6.1,77,1021,7.7,340,0
1987,11,10,17,2,0,2,9.4,5,74,1022,6.7,350,0
1987,11,10,18,0,0,0,9.4,5,74,1023,7.7,340,0
1987,11,10,19,0,0,0,9.4,5,74,1024,8.8,360,0
1987,11,10,20,0,0,0,8.9,4.4,74,1024,7.2,350,0
1987,11,10,21,0,0,0,8.9,3.3,69,1025,7.7,350,0
1987,11,10,22,0,0,0,8.9,3.3,69,1025,6.7,360,0
1987,11,10,23,0,0,0,8.9,3.3,69,1025,6.2,360,0
1987,11,11,0,0,0,0,8.3,2.8,68,1025,5.7,340,0
1987,11,11,1,0,0,0,7.8,1.7,66,1025,5.7,360,0
1987,11,11,2,0,0,0,6.1,1.1,71,1025,6.7,360,0
1987,11,11,3,0,0,0,6.1,0.6,68,1026,7.2,350,0
1987,11,11,4,0,0,0,5.6,0.6,71,1026,7.2,360,0
1987,11,11,5,0,0,0,5,0.6,73,1027,7.2,360,0
1987,11,11,6,20,40,16,5.6,0.6,71,1028,6.7,10,0
1987,11,11,7,150,424,58,6.7,0.6,65,1029,6.7,20,0
1987,11,11,8,318,573,90,8.3,0,56,1029,5.7,10,0
1987,11,11,9,489,655,135,8.9,-0.6,52,1029,5.7,350,0
1987,11,11,10,626,802,116,10,0,50,1028,5.7,340,0
1987,11,11,11,648,769,127,11.7,0,45,1027,7.7,330,0
1987,11,11,12,676,832,124,12.8,-0.6,40,1026,5.7,340,0
1987,11,11,13,529,638,149,13.9,-0.6,37,1025,6.7,350,0
1987,11,11,14,392,582,115,14.4,-0.6,36,1025,5.7,320,0
1987,11,11,15,185,238,111,13.3,-1.1,37,1025,6.2,350,0
1987,11,11,16,47,62,40,12.2,-0.6,42,1025,4.1,350,0
1987,11,11,17,2,0,2,11.7,0,45,1025,4.1,350,0
1987,11,11,18,0,0,0,11.7,-0.6,43,1026,5.2,360,0
1987,11,11,19,0,0,0,11.1,0,47,1027,4.1,10,0
1987,11,11,20,0,0,0,11.1,0.6,49,1027,5.7,10,0
1987,11,11,21,0,0,0,10.6,0.6,50,1027,5.7,10,0
1987,11,11,22,0,0,0,10,1.1,54,1027,5.7,10,0
1987,11,11,23,0,0,0,8.9,2.2,63,1026,4.6,40,0
1987,11,12,0,0,0,0,8.3,2.2,66,1026,4.6,20,0
1987,11,12,1,0,0,0,7.2,1.1,66,1026,4.1,50,0
1987,11,12,2,0,0,0,6.7,1.1,68,1025,3.6,50,0
1987,11,12,3,0,0,0,5,0.6,73,1026,2.6,50,0
1987,11,12,4,0,0,0,3.9,0,76,1026,2.6,50,0
1987,11,12,5,0,0,0,5,0,70,1026,3.6,50,0
1987,11,12,6,29,125,16,5.6,1.1,73,1026,3.6,50,0
1987,11,12,7,166,592,38,8.9,1.1,59,1027,5.2,60,0
1987,11,12,8,365,784,56,11.1,2.2,55,1027,3.6,60,0
1987,11,12,9,537,871,70,12.2,2.2,51,1027,4.6,120,0
1987,11,12,10,615,823,95,13.3,1.7,45,1026,3.6,10,0
1987,11,12,11,670,803,129,14.4,2.2,44,1025,0,0,0
1987,11,12,12,656,878,76,14.4,2.8,46,1024,3.6,30,0
1987,11,12,13,519,717,95,14.4,3.3,48,1023,3.6,40,0
1987,11,12,14,421,750,67,15.6,-0.6,34,1023,2.6,30,0
1987,11,12,15,253,641,54,15.6,-0.6,34,1022,2.6,360,0
1987,11,12,16,72,356,30,11.7,2.2,53,1022,2.6,30,0
1987,11,12,17,3,5,1,9.4,1.7,59,1022,0,0,0
1987,11,12,18,0,0,0,7.2,1.7,68,1023,0,0,0
1987,11,12,19,0,0,0,5.6,2.2,79,1023,0,0,0
1987,11,12,20,0,0,0,6.1,3.3,83,1023,0,0,0
1987,11,12,21,0,0,0,7.2,5,86,1023,2.6,180,0
1987,11,12,22,0,0,0,6.7,5,89,1022,2.1,190,0
1987,11,12,23,0,0,0,4.4,4.4,100,1022,2.1,250,0
1987,11,13,0,0,0,0,5.6,5,96,1022,1.5,240,0
1987,11,13,1,0,0,0,6.7,6.1,96,1022,2.6,260,0
1987,11,13,2,0,0,0,5.6,5.6,100,1022,1.5,230,0
1987,11,13,3,0,0,0,5,4.4,96,1021,2.1,240,0
1987,11,13,4,0,0,0,6.1,5.6,96,1021,0,0,0
1987,11,13,5,0,0,0,5.6,5,96,1021,0,0,0
1987,11,13,6,16,15,14,6.1,5.6,96,1022,0,0,0
1987,11,13,7,124,266,67,8.3,7.2,93,1022,2.1,70,0
1987,11,13,8,168,149,110,12.8,7.8,72,1022,2.1,350,0
1987,11,13,9,289,132,219,15,5.6,54,1023,2.6,40,0
1987,11,13,10,353,60,315,14.4,5,53,1022,3.1,70,0
1987,11,13,11,357,113,281,15,6.1,56,1020,3.1,90,0
1987,11,13,12,360,174,246,15.6,6.7,56,1020,3.1,60,0
1987,11,13,13,291,102,231,16.7,7.2,54,1019,0,0,0
1987,11,13,14,279,82,241,16.7,7.8,56,1019,1.5,30,0
1987,11,13,15,192,335,89,16.7,8.9,60,1019,2.1,20,0
1987,11,13,16,43,59,36,14.4,8.9,70,1019,2.1,40,0
1987,11,13,17,2,3,1,11.7,9.4,86,1019,0,0,0
1987,11,13,18,0,0,0,11.7,10,90,1019,0,0,0
1987,11,13,19,0,0,0,10.6,10,96,1019,0,0,0
1987,11,13,20,0,0,0,9.4,8.9,96,1019,0,0,0
1987,11,13,21,0,0,0,10,10,100,1019,2.1,80,0
1987,11,13,22,0,0,0,11.7,10.6,93,1018,0,0,0
1987,11,13,23,0,0,0,11.1,10.6,96,1018,0,0,0
1987,11,14,0,0,0,0,11.1,10.6,96,1018,0,0,0
1987,11,14,1,0,0,0,12.2,11.1,93,1018,0,0,0
1987,11,14,2,0,0,0,12.2,11.1,93,1017,0,0,0
1987,11,14,3,0,0,0,12.8,11.7,93,1017,0,0,0
1987,11,14,4,0,0,0,13.3,12.2,93,1017,2.1,60,0
1987,11,14,5,0,0,0,13.9,12.8,93,1017,1.5,40,0
1987,11,14,6,8,1,7,14.4,12.8,90,1018,0,0,0
1987,11,14,7,89,15,86,16.1,13.9,87,1018,3.1,60,0
1987,11,14,8,166,63,142,17.8,13.9,78,1019,3.1,100,0
1987,11,14,9,184,9,179,20,13.9,68,1019,5.2,100,0
1987,11,14,10,302,76,255,20.6,14.4,68,1019,5.7,110,0
1987,11,14,11,300,74,250,21.1,14.4,66,1018,5.2,130,0
1987,11,14,12,548,498,222,22.8,15,62,1017,7.2,110,0
1987,11,14,13,458,462,188,22.8,14.4,60,1017,7.7,150,0
1987,11,14,14,373,525,128,22.8,15,62,1016,7.2,120,0
1987,11,14,15,106,72,84,21.1,15.6,71,1016,5.7,120,0
1987,11,14,16,34,24,31,19.4,16.1,81,1016,4.6,90,0
1987,11,14,17,0,0,0,17.8,15.6,87,1017,3.1,90,0
1987,11,14,18,0,0,0,18.9,16.1,84,1017,5.2,120,0
1987,11,14,19,0,0,0,18.9,16.1,84,1017,6.2,120,0
1987,11,14,20,0,0,0,18.9,16.7,87,1017,5.2,120,0
1987,11,14,21,0,0,0,18.9,16.7,87,1017,5.2,110,0
1987,11,14,22,0,0,0,18.9,16.7,87,1017,6.2,120,0
1987,11,14,23,0,0,0,18.9,16.1,84,1017,7.2,130,0
1987,11,15,0,0,0,0,18.9,16.1,84,1017,4.6,130,0
1987,11,15,1,0,0,0,17.8,15.6,87,1017,5.2,120,0
1987,11,15,2,0,0,0,18.3,16.1,87,1016,5.2,110,0
1987,11,15,3,0,0,0,16.1,15,93,1017,3.1,50,0
1987,11,15,4,0,0,0,15.6,14.4,93,1017,3.1,70,0
1987,11,15,5,0,0,0,16.1,15.6,97,1017,3.1,70,0
1987,11,15,6,12,7,11,17.2,16.1,93,1018,3.1,90,0
1987,11,15,7,142,382,64,19.4,17.2,87,1018,5.7,80,0
1987,11,15,8,257,358,120,21.7,17.8,79,1019,6.7,100,0
1987,11,15,9,364,426,140,23.9,18.3,71,1019,7.2,110,0
1987,11,15,10,526,608,149,25,18.9,69,1018,6.2,130,0
1987,11,15,11,528,501,196,24.4,18.9,71,1017,10.3,130,0
1987,11,15,12,359,129,276,24.4,20,76,1016,8.2,150,0
1987,11,15,13,368,221,239,25.6,20,72,1016,10.3,120,0
1987,11,15,14,156,6,153,24.4,20,76,1015,10.3,120,0
1987,11,15,15,127,40,115,23.3,20,82,1015,7.7,120,0
1987,11,15,16,33,56,27,22.2,20,87,1015,6.7,120,0
1987,11,15,17,0,0,0,22.2,20,87,1015,7.2,120,0
1987,11,15,18,0,0,0,21.7,20,90,1016,7.7,120,0
1987,11,15,19,0,0,0,21.7,20,90,1016,6.7,130,0
1987,11,15,20,0,0,0,21.7,20,90,1015,7.2,140,0
1987,11,15,21,0,0,0,22.2,20,87,1016,7.7,140,0
1987,11,15,22,0,0,0,22.2,20,87,1015,7.2,140,0
1987,11,15,23,0,0,0,22.2,20,87,1014,7.2,120,0
1987,11,16,0,0,0,0,22.2,20,87,1013,8.2,130,0
1987,11,16,1,0,0,0,22.8,20,84,1012,8.8,140,0
1987,11,16,2,0,0,0,22.8,20,84,1012,10.8,160,0
1987,11,16,3,0,0,0,22.8,20,84,1013,8.8,150,0
1987,11,16,4,0,0,0,22.8,20,84,1012,10.8,160,0
1987,11,16,5,0,0,0,22.8,20,84,1012,11.8,150,0
1987,11,16,6,22,27,19,22.8,20,84,1012,10.8,150,0
1987,11,16,7,35,2,35,23.3,20.6,85,1012,10.3,150,0
1987,11,16,8,106,8,104,24.4,21.1,82,1012,12.4,140,0
1987,11,16,9,265,91,217,25.6,21.7,79,1013,13.9,140,0
1987,11,16,10,322,89,267,26.1,21.7,77,1012,11.8,160,0
1987,11,16,11,186,17,175,26.1,22.2,79,1011,9.8,150,0
1987,11,16,12,340,99,276,26.1,22.2,79,1010,10.3,170,0
1987,11,16,13,329,83,281,26.1,22.2,79,1009,8.8,150,0
1987,11,16,14,104,6,101,25,22.2,85,1009,9.8,170,0
1987,11,16,15,88,4,87,24.4,22.8,91,1009,9.8,180,0
1987,11,16,16,27,0,27,23.9,21.1,85,1010,7.2,180,0
1987,11,16,17,0,0,0,17.8,16.1,90,1013,5.7,300,0
1987,11,16,18,0,0,0,17.2,16.7,97,1012,1.5,110,0
1987,11,16,19,0,0,0,17.2,16.7,97,1013,3.1,120,0
1987,11,16,20,0,0,0,17.2,17.2,100,1013,4.1,120,0
1987,11,16,21,0,0,0,17.2,17.2,100,1012,2.1,40,0
1987,11,16,22,0,0,0,17.8,17.2,97,1014,3.1,120,0
1987,11,16,23,0,0,0,17.2,16.7,97,1012,0,0,0
1987,11,17,0,0,0,0,16.7,16.1,97,1012,2.6,230,0
1987,11,17,1,0,0,0,16.1,15.6,97,1013,4.6,260,0
1987,11,17,2,0,0,0,15,14.4,97,1014,3.1,260,0
1987,11,17,3,0,0,0,14.4,13.9,97,1014,2.6,280,0
1987,11,17,4,0,0,0,13.9,13.3,97,1015,3.6,310,0
1987,11,17,5,0,0,0,13.3,12.8,97,1015,2.1,290,0
1987,11,17,6,10,0,10,13.9,13.9,100,1016,3.6,290,0
1987,11,17,7,88,71,74,15,13.9,93,1017,1.5,260,0
1987,11,17,8,262,322,140,16.1,13.3,84,1018,3.1,270,0
1987,11,17,9,416,489,162,17.8,12.8,73,1019,4.6,290,0
1987,11,17,10,616,799,126,18.9,12.8,68,1019,5.2,350,0
1987,11,17,11,636,846,80,20,11.1,57,1018,4.6,300,0
1987,11,17,12,665,898,87,20.6,7.2,42,1017,3.6,290,0
1987,11,17,13,581,869,80,21.7,7.8,41,1016,4.6,320,0
1987,11,17,14,441,812,68,21.7,5.6,35,1016,5.2,350,0
1987,11,17,15,253,676,51,20.6,5.6,38,1016,3.6,320,0
1987,11,17,16,65,338,28,18.3,6.7,47,1017,2.1,330,0
1987,11,17,17,2,2,1,13.9,8.9,72,1018,0,0,0
1987,11,17,18,0,0,0,13.3,10,80,1019,2.1,330,0
1987,11,17,19,0,0,0,14.4,8.9,70,1020,2.6,350,0
1987,11,17,20,0,0,0,10.6,8.3,86,1020,2.1,350,0
1987,11,17,21,0,0,0,10,8.3,90,1020,0,0,0
1987,11,17,22,0,0,0,10,8.9,93,1021,0,0,0
1987,11,17,23,0,0,0,13.3,7.8,69,1021,3.1,30,0
1987,11,18,0,0,0,0,13.3,7.8,69,1021,3.6,30,0
1987,11,18,1,0,0,0,12.8,7.8,72,1021,3.1,40,0
1987,11,18,2,0,0,0,11.1,7.2,77,1021,3.1,40,0
1987,11,18,3,0,0,0,12.2,7.8,75,1021,4.1,30,0
1987,11,18,4,0,0,0,12.8,8.3,75,1022,3.6,10,0
1987,11,18,5,0,0,0,12.8,7.2,69,1023,3.6,50,0
1987,11,18,6,22,80,13,12.8,7.2,69,1024,4.6,60,0
1987,11,18,7,110,196,72,13.9,6.7,62,1025,7.7,60,0
1987,11,18,8,313,616,83,15,6.7,58,1025,7.7,60,0
1987,11,18,9,472,720,101,15,6.7,58,1026,6.7,50,0
1987,11,18,10,570,750,113,16.7,6.7,52,1025,6.2,50,0
1987,11,18,11,465,458,166,17.8,6.7,48,1024,5.7,50,0
1987,11,18,12,518,545,169,18.3,6.1,45,1023,4.6,40,0
1987,11,18,13,347,172,249,17.8,6.1,47,1023,5.2,70,0
1987,11,18,14,359,374,188,18.9,6.7,45,1022,3.1,40,0
1987,11,18,15,164,126,127,18.3,7.8,50,1023,2.1,40,0
1987,11,18,16,26,21,24,16.7,8.3,58,1023,2.6,30,0
1987,11,18,17,0,0,0,14.4,10,75,1023,1.5,50,0
1987,11,18,18,0,0,0,13.9,8.9,72,1024,2.6,70,0
1987,11,18,19,0,0,0,14.4,9.4,72,1024,3.6,60,0
1987,11,18,20,0,0,0,15.6,8.9,65,1024,4.1,60,0
1987,11,18,21,0,0,0,15.6,8.3,62,1024,3.6,70,0
1987,11,18,22,0,0,0,16.1,8.3,60,1024,4.1,50,0
1987,11,18,23,0,0,0,15.6,7.2,58,1023,4.6,60,0
1987,11,19,0,0,0,0,15,7.2,60,1023,4.6,50,0
1987,11,19,1,0,0,0,15,6.7,58,1022,5.2,50,0
1987,11,19,2,0,0,0,13.9,6.7,62,1023,4.6,50,0
1987,11,19,3,0,0,0,13.9,6.7,62,1022,4.1,50,0
1987,11,19,4,0,0,0,13.9,6.7,62,1022,4.1,60,0
1987,11,19,5,0,0,0,13.3,7.2,67,1023,4.1,40,0
1987,11,19,6,17,21,14,13.3,6.7,64,1023,4.6,30,0
1987,11,19,7,98,194,61,14.4,7.2,62,1023,4.1,10,0
1987,11,19,8,239,300,127,15.6,9.4,67,1024,6.2,350,0
1987,11,19,9,336,222,223,15,7.2,60,1025,6.7,350,0
1987,11,19,10,394,390,156,16.1,7.2,56,1024,4.6,20,0
1987,11,19,11,688,939,77,17.8,8.3,54,1024,6.2,350,0
1987,11,19,12,579,656,160,19.4,6.7,44,1022,5.2,10,0
1987,11,19,13,522,758,89,19.4,6.1,42,1022,5.7,20,0
1987,11,19,14,402,677,95,20,5.6,39,1022,5.7,20,0
1987,11,19,15,237,677,37,18.9,5,40,1022,4.1,20,0
1987,11,19,16,65,384,25,17.2,4.4,43,1022,4.1,20,0
1987,11,19,17,0,0,0,15.6,6.1,54,1023,3.6,10,0
1987,11,19,18,0,0,0,15,8.3,65,1024,3.6,10,0
1987,11,19,19,0,0,0,15,6.1,56,1025,4.6,10,0
1987,11,19,20,0,0,0,13.9,5.6,58,1025,5.2,350,0
1987,11,19,21,0,0,0,12.8,6.1,64,1026,5.2,350,0
1987,11,19,22,0,0,0,12.2,6.1,67,1026,3.6,10,0
1987,11,19,23,0,0,0,11.1,6.1,72,1026,3.6,350,0
1987,11,20,0,0,0,0,10.6,6.1,74,1025,3.6,350,0
1987,11,20,1,0,0,0,10.6,6.1,74,1025,4.6,350,0
1987,11,20,2,0,0,0,10,6.1,77,1025,4.1,360,0
1987,11,20,3,0,0,0,10,6.1,77,1025,4.1,350,0
1987,11,20,4,0,0,0,10,5.6,74,1025,4.1,350,0
1987,11,20,5,0,0,0,10,6.1,77,1026,6.7,350,0
1987,11,20,6,16,21,14,10,5.6,74,1027,4.1,360,0
1987,11,20,7,121,358,53,11.1,5.6,69,1028,5.7,360,0
1987,11,20,8,307,607,85,11.7,5,64,1028,4.1,350,0
1987,11,20,9,478,728,108,12.8,5,60,1028,7.2,360,0
1987,11,20,10,596,783,123,13.9,4.4,53,1027,4.6,350,0
1987,11,20,11,655,813,129,15,4.4,50,1026,5.7,350,0
1987,11,20,12,639,805,128,16.7,3.9,43,1025,6.7,340,0
1987,11,20,13,556,772,118,17.2,2.2,37,1025,6.2,340,0
1987,11,20,14,413,695,99,18.3,2.2,34,1024,6.7,340,0
1987,11,20,15,228,531,72,17.8,2.8,37,1024,5.7,350,0
1987,11,20,16,52,174,34,16.1,1.7,38,1024,4.1,350,0
1987,11,20,17,0,0,0,13.9,2.2,46,1025,3.1,340,0
1987,11,20,18,0,0,0,13.3,2.2,47,1025,4.6,340,0
1987,11,20,19,0,0,0,13.3,1.1,44,1026,4.1,350,0
1987,11,20,20,0,0,0,13.3,0,40,1026,5.7,350,0
1987,11,20,21,0,0,0,12.2,-0.6,42,1026,6.7,360,0
1987,11,20,22,0,0,0,11.7,0.6,47,1026,6.2,20,0
1987,11,20,23,0,0,0,10.6,1.7,55,1026,6.2,30,0
1987,11,21,0,0,0,0,10,-0.6,48,1026,5.7,30,0
1987,11,21,1,0,0,0,8.9,-2.2,46,1027,6.2,40,0
1987,11,21,2,0,0,0,7.2,-2.2,52,1027,5.7,40,0
1987,11,21,3,0,0,0,6.7,-2.2,54,1027,5.2,40,0
1987,11,21,4,0,0,0,7.2,-3.9,46,1027,6.7,60,0
1987,11,21,5,0,0,0,6.7,-3.3,49,1027,5.7,60,0
1987,11,21,6,22,107,11,7.2,-4.4,44,1027,5.7,60,0
1987,11,21,7,144,606,31,8.9,-3.3,42,1027,5.7,70,0
1987,11,21,8,342,814,46,10,-3.9,38,1028,6.7,80,0
1987,11,21,9,515,904,59,11.1,-5,32,1028,5.7,80,0
1987,11,21,10,636,948,67,12.2,-4.4,31,1027,4.1,40,0
1987,11,21,11,631,841,90,12.8,-1.1,39,1026,4.1,40,0
1987,11,21,12,621,846,86,13.9,-1.1,36,1025,4.6,20,0
1987,11,21,13,557,888,55,14.4,-0.6,36,1025,3.6,50,0
1987,11,21,14,428,839,51,15,-2.2,31,1024,2.1,70,0
1987,11,21,15,249,719,40,15,-3.3,28,1024,1.5,40,0
1987,11,21,16,68,416,23,11.7,-1.1,42,1024,0,0,0
1987,11,21,17,0,0,0,7.8,-2.2,50,1024,0,0,0
1987,11,21,18,0,0,0,10,-1.1,46,1024,0,0,0
1987,11,21,19,0,0,0,8.3,0,56,1024,3.1,130,0
1987,11,21,20,0,0,0,6.1,1.7,74,1024,2.6,120,0
1987,11,21,21,0,0,0,7.2,1.7,68,1024,2.1,120,0
1987,11,21,22,0,0,0,4.4,1.7,82,1023,0,0,0
1987,11,21,23,0,0,0,4.4,2.2,86,1023,2.1,130,0
1987,11,22,0,0,0,0,2.8,1.7,93,1022,0,0,0
1987,11,22,1,0,0,0,3.9,2.8,93,1022,0,0,0
1987,11,22,2,0,0,0,3.9,3.3,96,1022,0,0,0
1987,11,22,3,0,0,0,3.9,2.8,93,1022,0,0,0
1987,11,22,4,0,0,0,4.4,3.3,93,1022,0,0,0
1987,11,22,5,0,0,0,6.1,5,93,1022,0,0,0
1987,11,22,6,23,103,11,6.1,6.1,100,1022,1.5,70,0
1987,11,22,7,138,588,30,11.1,8.9,86,1022,3.6,80,0
1987,11,22,8,330,792,45,15.6,7.8,60,1023,4.6,100,0
1987,11,22,9,497,884,54,18.9,7.2,47,1023,6.2,120,0
1987,11,22,10,538,743,94,20.6,7.8,44,1022,5.2,110,0
1987,11,22,11,604,789,98,21.1,8.3,44,1021,5.7,160,0
1987,11,22,12,582,757,106,21.7,8.9,44,1020,6.2,190,0
1987,11,22,13,471,637,112,21.7,9.4,46,1020,7.2,160,0
1987,11,22,14,270,381,100,21.1,9.4,47,1020,4.6,170,0
1987,11,22,15,229,588,59,20.6,9.4,49,1020,6.2,160,0
1987,11,22,16,62,304,30,18.3,10,59,1020,4.6,170,0
1987,11,22,17,0,0,0,16.1,9.4,65,1020,3.6,120,0
1987,11,22,18,0,0,0,15,10.6,75,1020,4.1,110,0
1987,11,22,19,0,0,0,14.4,10.6,78,1020,3.6,120,0
1987,11,22,20,0,0,0,14.4,11.1,81,1021,4.1,130,0
1987,11,22,21,0,0,0,13.9,11.1,84,1020,4.1,120,0
1987,11,22,22,0,0,0,13.9,10.6,81,1021,3.1,120,0
1987,11,22,23,0,0,0,12.2,10.6,90,1020,2.6,100,0
1987,11,23,0,0,0,0,12.2,10.6,90,1020,2.6,110,0
1987,11,23,1,0,0,0,11.1,10,93,1020,2.6,80,0
1987,11,23,2,0,0,0,9.4,9.4,100,1020,2.1,60,0
1987,11,23,3,0,0,0,10,9.4,96,1020,2.1,70,0
1987,11,23,4,0,0,0,9.4,9.4,100,1021,1.5,40,0
1987,11,23,5,0,0,0,10.6,10.6,100,1021,2.6,70,0
1987,11,23,6,18,60,11,11.1,10.6,96,1021,3.1,110,0
1987,11,23,7,126,500,37,16.7,12.8,78,1021,4.6,130,0
1987,11,23,8,303,692,56,20.6,13.3,63,1022,4.6,150,0
1987,11,23,9,461,795,66,22.8,13.3,55,1022,4.6,140,0
1987,11,23,10,571,761,119,23.9,11.7,46,1022,4.1,160,0
1987,11,23,11,612,839,77,25.6,11.1,41,1021,4.6,140,0
1987,11,23,12,551,535,215,25.6,11.7,42,1021,5.2,170,0
1987,11,23,13,526,709,129,25,12.8,47,1020,5.2,140,0
1987,11,23,14,358,515,128,25,14.4,52,1020,7.2,150,0
1987,11,23,15,223,595,52,23.3,14.4,58,1021,5.2,150,0
1987,11,23,16,45,122,33,21.7,15.6,68,1021,5.7,130,0
1987,11,23,17,0,0,0,20,15,73,1021,5.2,120,0
1987,11,23,18,0,0,0,17.8,15,84,1022,3.6,110,0
1987,11,23,19,0,0,0,17.8,15.6,87,1022,4.1,120,0
1987,11,23,20,0,0,0,18.3,15.6,84,1022,4.1,120,0
1987,11,23,21,0,0,0,17.8,16.1,90,1022,3.6,130,0
1987,11,23,22,0,0,0,17.8,16.7,93,1022,4.1,130,0
1987,11,23,23,0,0,0,18.3,16.7,90,1022,4.1,120,0
1987,11,24,0,0,0,0,17.8,16.7,93,1022,3.1,130,0
1987,11,24,1,0,0,0,16.7,15.6,93,1022,3.1,120,0
1987,11,24,2,0,0,0,17.2,16.1,93,1022,3.1,130,0
1987,11,24,3,0,0,0,17.2,16.1,93,1022,3.6,130,0
1987,11,24,4,0,0,0,17.8,16.1,90,1022,4.1,120,0
1987,11,24,5,0,0,0,16.7,15.6,93,1022,3.6,110,0
1987,11,24,6,14,7,13,17.8,15.6,87,1022,4.6,120,0
1987,11,24,7,70,54,60,19.4,16.7,84,1022,5.7,120,0
1987,11,24,8,168,154,114,21.7,16.1,71,1022,6.2,120,0
1987,11,24,9,370,374,185,22.8,15,62,1023,7.2,120,0
1987,11,24,10,491,554,164,24.4,14.4,54,1023,7.7,150,0
1987,11,24,11,544,468,246,25.6,15,52,1022,7.7,160,0
1987,11,24,12,498,431,228,25,14.4,52,1022,6.2,140,0
1987,11,24,13,271,107,211,23.9,14.4,56,1021,6.2,140,0
1987,11,24,14,233,138,171,24.4,14.4,54,1021,5.7,130,0
1987,11,24,15,137,66,118,22.2,17.2,73,1021,5.7,100,0
1987,11,24,16,50,50,44,21.1,17.8,81,1021,4.6,110,0
1987,11,24,17,0,0,0,19.4,17.8,90,1021,4.1,100,0
1987,11,24,18,0,0,0,19.4,16.7,84,1021,4.6,110,0
1987,11,24,19,0,0,0,19.4,16.7,84,1021,4.6,120,0
1987,11,24,20,0,0,0,18.9,16.1,84,1020,6.2,120,0
1987,11,24,21,0,0,0,18.3,16.1,87,1020,4.1,120,0
1987,11,24,22,0,0,0,18.3,16.7,90,1020,4.1,110,0
1987,11,24,23,0,0,0,17.8,16.7,93,1020,3.6,110,0
1987,11,25,0,0,0,0,18.3,16.7,90,1019,3.6,120,0
1987,11,25,1,0,0,0,18.9,16.7,87,1019,4.6,130,0
1987,11,25,2,0,0,0,18.9,16.1,84,1018,4.6,130,0
1987,11,25,3,0,0,0,17.8,16.1,90,1018,4.1,120,0
1987,11,25,4,0,0,0,17.2,15.6,90,1018,3.1,120,0
1987,11,25,5,0,0,0,16.7,15.6,93,1018,2.6,120,0
1987,11,25,6,6,2,5,16.1,15.6,97,1018,3.1,100,0
1987,11,25,7,85,38,79,18.9,17.2,90,1018,4.1,110,0
1987,11,25,8,150,71,125,19.4,17.2,87,1018,2.6,110,0
1987,11,25,9,242,124,181,22.8,17.8,74,1018,4.6,130,0
1987,11,25,10,258,21,245,23.9,17.2,66,1018,4.6,140,0
1987,11,25,11,478,308,283,25,16.1,58,1017,6.2,190,0
1987,11,25,12,408,266,242,25,16.7,60,1016,6.7,180,0
1987,11,25,13,307,189,202,25,16.1,58,1016,5.2,170,0
1987,11,25,14,262,296,131,25,16.1,58,1015,6.2,170,0
1987,11,25,15,162,55,147,23.9,16.1,62,1015,5.2,170,0
1987,11,25,16,44,38,40,22.2,16.7,71,1015,4.6,140,0
1987,11,25,17,0,0,0,21.7,17.8,79,1015,4.1,140,0
1987,11,25,18,0,0,0,20.6,18.3,87,1015,3.1,140,0
1987,11,25,19,0,0,0,20,18.3,90,1014,5.2,120,0
1987,11,25,20,0,0,0,20,18.3,90,1014,5.7,150,0
1987,11,25,21,0,0,0,20,18.3,90,1015,3.6,140,0
1987,11,25,22,0,0,0,19.4,17.8,90,1015,0,0,0
1987,11,25,23,0,0,0,19.4,17.8,90,1015,1.5,30,0
1987,11,26,0,0,0,0,18.3,17.8,97,1015,2.6,60,0
1987,11,26,1,0,0,0,18.3,17.8,97,1015,2.1,60,0
1987,11,26,2,0,0,0,18.9,18.3,97,1015,1.5,180,0
1987,11,26,3,0,0,0,17.8,17.2,97,1014,0,0,0
1987,11,26,4,0,0,0,17.2,17.2,100,1014,2.6,90,0
1987,11,26,5,0,0,0,18.3,17.8,97,1015,1.5,70,0
1987,11,26,6,8,0,8,18.3,18.3,100,1015,2.6,70,0
1987,11,26,7,41,5,41,18.9,18.3,97,1016,1.5,10,0
1987,11,26,8,179,153,125,19.4,18.9,97,1016,2.6,40,0
1987,11,26,9,312,371,131,22.2,20,87,1016,3.1,150,0
1987,11,26,10,468,496,177,23.9,19.4,76,1016,3.6,200,0
1987,11,26,11,451,205,322,23.9,18.9,74,1015,2.1,200,0
1987,11,26,12,388,219,252,24.4,20,76,1014,3.1,310,0
1987,11,26,13,461,575,142,23.9,19.4,76,1013,2.6,330,0
1987,11,26,14,338,465,133,21.7,18.9,84,1013,3.1,40,0
1987,11,26,15,233,580,69,21.7,19.4,87,1013,3.1,50,0
1987,11,26,16,45,46,40,20.6,18.9,90,1013,2.1,80,0
1987,11,26,17,0,0,0,19.4,18.3,93,1014,1.5,110,0
1987,11,26,18,0,0,0,20,18.3,90,1014,1.5,140,0
1987,11,26,19,0,0,0,17.8,17.8,100,1014,1.5,300,0
1987,11,26,20,0,0,0,18.9,18.3,97,1014,1.5,310,0
1987,11,26,21,0,0,0,19.4,18.9,97,1015,0,0,0
1987,11,26,22,0,0,0,17.2,17.2,100,1014,1.5,360,0
1987,11,26,23,0,0,0,18.3,18.3,100,1014,1.5,320,0
1987,11,27,0,0,0,0,18.9,18.3,97,1014,0,0,0
1987,11,27,1,0,0,0,17.8,17.8,100,1013,0,0,0
1987,11,27,2,0,0,0,17.2,17.2,100,1013,1.5,80,0
1987,11,27,3,0,0,0,18.3,18.3,100,1013,2.1,60,0
1987,11,27,4,0,0,0,18.3,18.3,100,1013,1.5,360,0
1987,11,27,5,0,0,0,17.8,17.8,100,1013,3.1,30,0
1987,11,27,6,1,0,1,17.2,17.2,100,1014,2.6,20,0
1987,11,27,7,38,0,38,17.8,17.8,100,1014,2.1,20,0
1987,11,27,8,109,8,107,18.3,18.3,100,1014,4.1,40,0
1987,11,27,9,200,10,195,18.9,18.9,100,1015,3.6,90,0
1987,11,27,10,237,7,233,20.6,18.9,90,1014,3.6,100,0
1987,11,27,11,322,96,262,22.2,18.9,82,1013,3.1,120,0
1987,11,27,12,342,73,297,23.3,18.9,76,1012,3.6,100,0
1987,11,27,13,260,128,189,22.2,19.4,84,1011,3.1,20,0
1987,11,27,14,263,238,158,23.9,18.9,74,1011,4.1,120,0
1987,11,27,15,155,207,97,22.8,19.4,82,1011,3.6,80,0
1987,11,27,16,44,22,42,21.7,18.9,84,1011,4.6,110,0
1987,11,27,17,0,0,0,19.4,18.9,97,1011,5.2,110,0
1987,11,27,18,0,0,0,20,18.9,93,1012,5.7,100,0
1987,11,27,19,0,0,0,20,18.9,93,1012,3.6,120,0
1987,11,27,20,0,0,0,20,19.4,97,1012,3.6,120,0
1987,11,27,21,0,0,0,20,18.9,93,1012,3.6,150,0
1987,11,27,22,0,0,0,17.2,16.7,97,1011,6.2,270,0
1987,11,27,23,0,0,0,14.4,13.9,97,1012,5.2,270,0
1987,11,28,0,0,0,0,13.9,12.8,93,1012,6.2,310,0
1987,11,28,1,0,0,0,13.3,12.2,93,1012,5.7,300,0
1987,11,28,2,0,0,0,12.8,11.7,93,1012,6.7,310,0
1987,11,28,3,0,0,0,12.8,11.1,90,1012,7.7,320,0
1987,11,28,4,0,0,0,12.2,10.6,90,1013,6.7,330,0
1987,11,28,5,0,0,0,12.2,10,86,1014,7.2,320,0
1987,11,28,6,0,0,0,10.6,8.3,86,1015,6.7,320,0
1987,11,28,7,49,9,48,10.6,8.3,86,1015,6.7,330,0
1987,11,28,8,143,5,141,11.1,7.8,80,1016,6.7,340,0
1987,11,28,9,393,483,159,12.2,7.2,72,1016,5.7,330,0
1987,11,28,10,579,879,69,13.3,6.7,64,1016,6.7,330,0
1987,11,28,11,649,922,73,13.3,5.6,60,1015,6.2,350,0
1987,11,28,12,630,907,72,14.4,5.6,56,1014,5.7,350,0
1987,11,28,13,560,895,67,15.6,6.1,54,1013,5.2,340,0
1987,11,28,14,421,834,56,15.6,5,50,1013,4.6,350,0
1987,11,28,15,241,706,42,15.6,5,50,1013,4.1,350,0
1987,11,28,16,61,366,23,12.8,5.6,62,1014,2.1,290,0
1987,11,28,17,0,0,0,10.6,5,69,1014,4.1,290,0
1987,11,28,18,0,0,0,10.6,5,69,1015,3.6,300,0
1987,11,28,19,0,0,0,11.1,4.4,64,1016,4.1,290,0
1987,11,28,20,0,0,0,10.6,6.1,74,1016,4.1,310,0
1987,11,28,21,0,0,0,10.6,5,69,1016,4.1,320,0
1987,11,28,22,0,0,0,9.4,5,74,1017,3.1,320,0
1987,11,28,23,0,0,0,8.9,5.6,80,1017,2.6,310,0
1987,11,29,0,0,0,0,8.3,5,80,1016,3.1,290,0
1987,11,29,1,0,0,0,7.8,4.4,80,1016,2.6,340,0
1987,11,29,2,0,0,0,7.8,4.4,80,1016,3.1,310,0
1987,11,29,3,0,0,0,7.2,5.6,89,1016,2.6,340,0
1987,11,29,4,0,0,0,7.8,5,83,1016,3.1,350,0
1987,11,29,5,0,0,0,8.3,4.4,77,1016,3.6,30,0
1987,11,29,6,11,17,9,7.8,4.4,80,1017,0,0,0
1987,11,29,7,96,247,56,10.6,5.6,72,1017,3.1,10,0
1987,11,29,8,243,377,115,11.7,3.9,59,1017,4.6,350,0
1987,11,29,9,320,223,213,12.8,3.3,53,1018,3.6,350,0
1987,11,29,10,473,512,178,13.9,2.8,47,1017,4.6,300,0
1987,11,29,11,395,184,281,13.3,2.2,47,1015,4.6,350,0
1987,11,29,12,345,234,202,14.4,3.3,48,1014,5.2,340,0
1987,11,29,13,229,0,229,14.4,3.3,48,1014,4.1,330,0
1987,11,29,14,261,242,155,15,3.3,46,1013,4.1,320,0
1987,11,29,15,134,90,109,13.9,3.9,51,1013,3.1,310,0
1987,11,29,16,28,8,27,12.8,5,60,1013,0,0,0
1987,11,29,17,0,0,0,12.2,4.4,59,1013,2.1,230,0
1987,11,29,18,0,0,0,12.2,5,62,1013,2.1,280,0
1987,11,29,19,0,0,0,11.7,4.4,62,1014,2.6,290,0
1987,11,29,20,0,0,0,11.7,4.4,62,1014,2.1,270,0
1987,11,29,21,0,0,0,11.7,5.6,66,1014,2.6,270,0
1987,11,29,22,0,0,0,11.7,5.6,66,1014,3.1,250,0
1987,11,29,23,0,0,0,11.7,5,64,1014,4.1,240,0
1987,11,30,0,0,0,0,10.6,5.6,72,1014,3.6,250,0
1987,11,30,1,0,0,0,11.1,6.1,72,1014,4.6,270,0
1987,11,30,2,0,0,0,11.1,6.1,72,1013,4.1,250,0
1987,11,30,3,0,0,0,11.1,5.6,69,1013,4.1,250,0
1987,11,30,4,0,0,0,11.1,6.7,74,1013,4.6,270,0
1987,11,30,5,0,0,0,11.1,6.7,74,1013,4.6,260,0
1987,11,30,6,9,5,9,11.1,6.7,74,1013,5.2,290,0
1987,11,30,7,82,157,57,11.7,6.7,72,1013,5.7,270,0
1987,11,30,8,294,714,54,13.3,6.1,62,1013,4.6,320,0
1987,11,30,9,463,824,69,15,5,52,1013,4.6,320,0
1987,11,30,10,578,867,79,16.1,5.6,50,1013,4.6,330,0
1987,11,30,11,639,897,84,17.2,5,45,1012,6.2,280,0
1987,11,30,12,630,895,83,18.3,5,42,1010,6.7,270,0
1987,11,30,13,550,865,77,17.8,5,43,1009,5.2,280,0
1987,11,30,14,413,801,65,18.3,5.6,43,1009,5.7,280,0
1987,11,30,15,220,590,55,17.8,5,43,1009,6.2,300,0
1987,11,30,16,59,308,26,15.6,4.4,48,1009,4.1,270,0
1987,11,30,17,0,0,0,13.9,5.6,58,1010,2.6,280,0
1987,11,30,18,0,0,0,13.1,6.6,64,1010,2.7,268,0
1987,11,30,19,0,0,0,13,8.4,73,1010,2.8,290,0
1987,11,30,20,0,0,0,13.1,9.2,77,1010,2.9,278,0
1987,11,30,21,0,0,0,13.6,10.2,80,1010,3.2,309,0
1987,11,30,22,0,0,0,13.6,10.5,81,1010,3.3,308,0
1987,11,30,23,0,0,0,14.3,11.5,83,1009,3.3,317,0
1981,12,1,0,0,0,0,15.7,13.5,86,1008,3.4,313,0
1981,12,1,1,0,0,0,15.9,13.2,83,1008,3.6,308,0
1981,12,1,2,0,0,0,15.5,13.1,85,1007,3.2,304,0
1981,12,1,3,0,0,0,15.3,13.3,87,1007,3.2,284,0
1981,12,1,4,0,0,0,15.4,13.1,85,1007,3.2,297,0
1981,12,1,5,0,0,0,14.1,12.8,91,1007,0.5,45,0
1981,12,1,6,3,6,2,11.7,11.7,100,1008,2.6,250,0
1981,12,1,7,76,154,52,15.6,12.2,81,1008,2.6,260,0
1981,12,1,8,247,537,68,18.9,12.2,65,1009,3.6,250,0
1981,12,1,9,418,588,139,21.7,11.7,53,1009,4.1,270,0
1981,12,1,10,527,687,135,23.3,8.3,38,1008,6.2,290,0
1981,12,1,11,594,709,157,25,6.1,30,1007,5.2,270,0
1981,12,1,12,455,470,169,23.9,5.6,31,1007,5.2,310,0
1981,12,1,13,389,344,201,25,6.1,30,1006,6.7,230,0
1981,12,1,14,267,245,161,25,6.1,30,1007,5.2,250,0
1981,12,1,15,136,113,104,22.8,6.7,35,1007,2.6,280,0
1981,12,1,16,32,17,30,20.6,9.4,49,1007,2.1,280,0
1981,12,1,17,0,0,0,18.9,10.6,59,1008,2.6,250,0
1981,12,1,18,0,0,0,18.9,9.4,54,1009,4.1,270,0
1981,12,1,19,0,0,0,15,8.3,65,1010,3.6,290,0
1981,12,1,20,0,0,0,15.6,8.3,62,1011,3.1,310,0
1981,12,1,21,0,0,0,14.4,7.2,62,1012,4.1,320,0
1981,12,1,22,0,0,0,13.3,5.6,60,1013,3.6,310,0
1981,12,1,23,0,0,0,12.8,5,59,1013,3.1,320,0
1981,12,2,0,0,0,0,12.2,5,62,1013,3.6,320,0
1981,12,2,1,0,0,0,12.2,4.4,59,1013,3.6,320,0
1981,12,2,2,0,0,0,12.2,3.9,57,1014,5.2,340,0
1981,12,2,3,0,0,0,12.2,2.8,53,1014,5.2,350,0
1981,12,2,4,0,0,0,11.7,2.8,55,1014,4.1,350,0
1981,12,2,5,0,0,0,10.6,2.8,59,1015,2.6,340,0
1981,12,2,6,14,60,6,10,2.2,59,1015,2.1,340,0
1981,12,2,7,109,527,28,10.6,5,69,1016,3.1,270,0
1981,12,2,8,299,776,43,13.9,3.3,49,1017,3.6,310,0
1981,12,2,9,469,878,55,15,2.2,42,1017,3.6,350,0
1981,12,2,10,585,916,63,15.6,2.2,41,1016,0,0,0
1981,12,2,11,642,935,67,16.7,2.8,40,1016,3.1,300,0
1981,12,2,12,637,939,66,17.2,2.2,37,1015,2.1,330,0
1981,12,2,13,559,914,61,17.8,1.1,33,1015,4.6,340,0
1981,12,2,14,425,865,52,17.8,-1.1,28,1015,3.1,360,0
1981,12,2,15,243,738,38,17.2,-2.2,27,1015,3.1,320,0
1981,12,2,16,64,399,22,14.4,-1.1,35,1015,2.6,290,0
1981,12,2,17,0,0,0,12.8,0,42,1015,2.1,260,0
1981,12,2,18,0,0,0,10,0,50,1016,1.5,230,0
1981,12,2,19,0,0,0,8.3,1.1,61,1017,0,0,0
1981,12,2,20,0,0,0,8.3,2.8,68,1018,1.5,240,0
1981,12,2,21,0,0,0,6.7,3.3,80,1018,0,0,0
1981,12,2,22,0,0,0,6.7,2.8,76,1018,0,0,0
1981,12,2,23,0,0,0,7.2,4.4,83,1019,0,0,0
1981,12,3,0,0,0,0,7.8,4.4,80,1018,0,0,0
1981,12,3,1,0,0,0,6.1,4.4,89,1018,0,0,0
1981,12,3,2,0,0,0,6.7,4.4,86,1018,0,0,0
1981,12,3,3,0,0,0,8.9,4.4,74,1018,3.1,200,0
1981,12,3,4,0,0,0,8.9,4.4,74,1019,0,0,0
1981,12,3,5,0,0,0,7.2,4.4,83,1019,0,0,0
1981,12,3,6,14,68,6,6.7,4.4,86,1020,0,0,0
1981,12,3,7,109,556,25,12.2,9.4,83,1020,0,0,0
1981,12,3,8,296,787,39,17.8,8.3,54,1020,2.6,170,0
1981,12,3,9,464,881,51,20,8.3,47,1020,4.1,200,0
1981,12,3,10,584,927,58,21.7,8.3,43,1020,3.1,270,0
1981,12,3,11,644,950,62,22.8,5,32,1019,4.1,250,0
1981,12,3,12,635,949,61,23.9,4.4,28,1018,5.2,230,0
1981,12,3,13,553,911,59,23.3,5,31,1018,3.6,210,0
1981,12,3,14,422,868,47,23.3,5,31,1017,5.7,220,0
1981,12,3,15,243,749,35,21.7,4.4,33,1017,4.6,210,0
1981,12,3,16,64,421,20,19.4,6.1,42,1018,5.2,200,0
1981,12,3,17,0,0,0,17.2,8.3,56,1018,4.6,200,0
1981,12,3,18,0,0,0,16.1,8.3,60,1019,4.1,200,0
1981,12,3,19,0,0,0,15.6,8.3,62,1019,4.6,210,0
1981,12,3,20,0,0,0,15.6,8.3,62,1020,4.1,200,0
1981,12,3,21,0,0,0,15.6,8.9,65,1020,4.1,210,0
1981,12,3,22,0,0,0,15,9.4,70,1020,3.6,220,0
1981,12,3,23,0,0,0,15,9.4,70,1020,3.6,220,0
1981,12,4,0,0,0,0,14.4,10.6,78,1020,3.1,220,0
1981,12,4,1,0,0,0,15.6,11.7,78,1020,3.1,250,0
1981,12,4,2,0,0,0,15.6,12.8,84,1021,4.6,290,0
1981,12,4,3,0,0,0,15.6,12.2,81,1021,5.2,330,0
1981,12,4,4,0,0,0,15,8.3,65,1022,7.7,350,0
1981,12,4,5,0,0,0,13.3,7.2,67,1023,5.2,340,0
1981,12,4,6,10,33,6,12.8,3.9,55,1025,7.7,350,0
1981,12,4,7,101,462,33,13.3,2.8,49,1026,6.2,360,0
1981,12,4,8,288,729,51,14.4,1.1,41,1027,7.7,360,0
1981,12,4,9,459,843,66,15,0,36,1027,8.8,360,0
1981,12,4,10,581,895,76,15.6,-0.6,34,1026,6.7,340,0
1981,12,4,11,641,918,80,16.7,-1.1,30,1026,6.2,350,0
1981,12,4,12,630,914,79,17.2,-1.1,29,1025,6.7,350,0
1981,12,4,13,553,886,73,17.8,-1.1,28,1024,6.2,340,0
1981,12,4,14,416,822,62,17.8,-1.1,28,1024,7.2,360,0
1981,12,4,15,235,683,46,17.2,-1.1,29,1024,5.2,340,0
1981,12,4,16,60,326,25,15,-1.7,32,1025,5.7,360,0
1981,12,4,17,0,0,0,14.4,-1.1,35,1026,5.7,350,0
1981,12,4,18,0,0,0,13.3,-0.6,39,1027,4.6,360,0
1981,12,4,19,0,0,0,12.8,0.6,43,1028,5.2,20,0
1981,12,4,20,0,0,0,12.2,1.1,47,1029,6.2,10,0
1981,12,4,21,0,0,0,11.1,1.1,50,1029,5.7,20,0
1981,12,4,22,0,0,0,10.6,2.2,57,1029,4.6,10,0
1981,12,4,23,0,0,0,10.6,2.2,57,1029,5.2,20,0
1981,12,5,0,0,0,0,10,2.2,59,1028,6.2,20,0
1981,12,5,1,0,0,0,10,3.3,64,1028,4.1,10,0
1981,12,5,2,0,0,0,9.4,3.3,66,1028,5.7,10,0
1981,12,5,3,0,0,0,9.4,3.3,66,1028,5.2,20,0
1981,12,5,4,0,0,0,8.9,3.3,68,1028,5.2,30,0
1981,12,5,5,0,0,0,9.4,3.3,66,1028,6.2,50,0
1981,12,5,6,12,63,5,9.4,3.3,66,1028,5.2,40,0
1981,12,5,7,105,549,25,10,3.3,64,1029,6.2,50,0
1981,12,5,8,293,789,39,11.7,3.3,57,1029,6.7,60,0
1981,12,5,9,464,889,51,12.8,2.8,51,1029,6.2,60,0
1981,12,5,10,584,935,59,13.3,2.8,49,1029,4.1,40,0
1981,12,5,11,642,953,62,13.3,2.8,49,1027,4.6,20,0
1981,12,5,12,633,950,61,13.3,2.8,49,1026,2.6,40,0
1981,12,5,13,557,925,57,13.9,2.2,46,1026,1.5,360,0
1981,12,5,14,424,876,48,15,0,36,1025,3.1,40,0
1981,12,5,15,243,753,35,14.4,0,37,1025,2.6,330,0
1981,12,5,16,65,422,20,12.2,1.1,47,1025,0,0,0
1981,12,5,17,0,0,0,8.9,2.2,63,1025,0,0,0
1981,12,5,18,0,0,0,6.7,2.2,74,1025,0,0,0
1981,12,5,19,0,0,0,6.7,2.2,74,1025,0,0,0
1981,12,5,20,0,0,0,7.2,3.3,77,1025,1.5,290,0
1981,12,5,21,0,0,0,7.8,4.4,80,1025,0,0,0
1981,12,5,22,0,0,0,8.3,4.4,77,1025,0,0,0
1981,12,5,23,0,0,0,6.7,4.4,86,1025,0,0,0
1981,12,6,0,0,0,0,6.1,4.4,89,1025,0,0,0
1981,12,6,1,0,0,0,7.2,3.9,80,1024,1.5,90,0
1981,12,6,2,0,0,0,8.3,2.2,66,1024,0,0,0
1981,12,6,3,0,0,0,6.7,3.3,80,1024,0,0,0
1981,12,6,4,0,0,0,5.6,3.9,89,1024,0,0,0
1981,12,6,5,0,0,0,7.8,5,83,1024,0,0,0
1981,12,6,6,4,0,4,8.9,5.6,80,1024,2.1,90,0
1981,12,6,7,45,3,45,10,7.2,83,1025,2.6,90,0
1981,12,6,8,158,71,136,11.1,7.2,77,1026,2.6,80,0
1981,12,6,9,217,46,196,12.8,6.1,64,1026,2.6,60,0
1981,12,6,10,209,1,208,15,6.1,56,1025,2.6,60,0
1981,12,6,11,220,2,219,15.6,6.1,54,1024,2.1,100,0
1981,12,6,12,241,6,237,15.6,7.2,58,1023,3.1,140,0
1981,12,6,13,254,10,249,15.6,7.8,60,1021,3.6,80,0
1981,12,6,14,181,1,181,16.1,8.3,60,1021,3.1,100,0
1981,12,6,15,122,35,112,15.6,8.3,62,1021,3.1,70,0
1981,12,6,16,30,1,30,13.9,9.4,75,1021,4.1,100,0
1981,12,6,17,0,0,0,13.3,9.4,78,1021,3.1,100,0
1981,12,6,18,0,0,0,13.3,9.4,78,1021,3.1,120,0
1981,12,6,19,0,0,0,13.3,9.4,78,1021,2.6,70,0
1981,12,6,20,0,0,0,13.3,9.4,78,1021,3.6,80,0
1981,12,6,21,0,0,0,13.3,9.4,78,1022,3.1,80,0
1981,12,6,22,0,0,0,13.3,9.4,78,1021,2.6,80,0
1981,12,6,23,0,0,0,11.7,9.4,86,1020,2.6,120,0
1981,12,7,0,0,0,0,10.6,8.3,86,1020,0,0,0
1981,12,7,1,0,0,0,7.8,7.8,100,1020,0,0,0
1981,12,7,2,0,0,0,8.3,8.3,100,1019,0,0,0
1981,12,7,3,0,0,0,7.2,7.2,100,1019,2.1,110,0
1981,12,7,4,0,0,0,10,9.4,96,1019,0,0,0
1981,12,7,5,0,0,0,10.6,10,96,1019,0,0,0
1981,12,7,6,1,0,1,12.2,10.6,90,1020,2.1,110,0
1981,12,7,7,30,3,29,14.4,11.1,81,1020,0,0,0
1981,12,7,8,138,131,97,17.8,11.7,68,1020,3.6,140,0
1981,12,7,9,263,141,198,20.6,12.8,61,1020,3.1,120,0
1981,12,7,10,455,452,203,21.7,13.3,59,1020,3.6,150,0
1981,12,7,11,476,362,257,23.3,12.8,52,1019,2.6,150,0
1981,12,7,12,388,229,250,22.8,12.8,53,1018,3.1,160,0
1981,12,7,13,294,139,219,23.9,13.3,52,1018,2.6,160,0
1981,12,7,14,324,401,153,23.3,12.8,52,1017,2.1,190,0
1981,12,7,15,180,255,110,22.2,13.3,57,1018,3.1,180,0
1981,12,7,16,43,130,30,20.6,13.3,63,1018,3.1,170,0
1981,12,7,17,0,0,0,19.4,13.3,68,1018,3.6,150,0
1981,12,7,18,0,0,0,18.3,13.3,73,1019,4.1,160,0
1981,12,7,19,0,0,0,17.2,13.3,78,1018,2.6,180,0
1981,12,7,20,0,0,0,16.7,13.3,81,1018,3.1,170,0
1981,12,7,21,0,0,0,15.6,13.3,87,1019,2.1,180,0
1981,12,7,22,0,0,0,15,13.3,90,1019,2.6,170,0
1981,12,7,23,0,0,0,13.3,12.8,96,1018,0,0,0
1981,12,8,0,0,0,0,12.2,12.2,100,1018,0,0,0
1981,12,8,1,0,0,0,13.9,13.3,96,1018,0,0,0
1981,12,8,2,0,0,0,13.3,12.8,96,1018,0,0,0
1981,12,8,3,0,0,0,13.3,12.8,96,1018,0,0,0
1981,12,8,4,0,0,0,13.9,13.9,100,1018,0,0,0
1981,12,8,5,0,0,0,13.3,13.3,100,1019,0,0,0
1981,12,8,6,3,2,2,12.8,12.8,100,1019,0,0,0
1981,12,8,7,64,36,59,15.6,14.4,93,1019,0,0,0
1981,12,8,8,190,119,153,17.8,15.6,87,1020,3.1,350,0
1981,12,8,9,246,32,231,19.4,15.6,78,1020,3.1,360,0
1981,12,8,10,485,617,142,22.8,16.7,69,1020,4.1,330,0
1981,12,8,11,573,775,106,22.8,16.7,69,1019,3.6,350,0
1981,12,8,12,565,805,84,23.9,15.6,60,1018,4.6,340,0
1981,12,8,13,515,816,77,24.4,15.6,58,1018,3.1,340,0
1981,12,8,14,393,767,65,25,15.6,56,1018,3.1,320,0
1981,12,8,15,222,628,49,23.9,15.6,60,1018,2.1,310,0
1981,12,8,16,57,287,27,20,15.6,76,1019,0,0,0
1981,12,8,17,0,0,0,16.1,15,93,1019,0,0,0
1981,12,8,18,0,0,0,15.6,13.9,90,1020,2.1,350,0
1981,12,8,19,0,0,0,17.8,12.8,73,1020,3.1,10,0
1981,12,8,20,0,0,0,16.7,11.7,73,1021,2.6,20,0
1981,12,8,21,0,0,0,16.7,10.6,67,1021,4.1,20,0
1981,12,8,22,0,0,0,16.7,9.4,63,1021,4.1,40,0
1981,12,8,23,0,0,0,15.6,8.3,62,1022,4.1,40,0
1981,12,9,0,0,0,0,15,8.3,65,1022,4.1,30,0
1981,12,9,1,0,0,0,13.9,6.1,60,1022,3.1,40,0
1981,12,9,2,0,0,0,13.3,5,57,1022,4.1,40,0
1981,12,9,3,0,0,0,12.8,3.9,55,1022,4.1,40,0
1981,12,9,4,0,0,0,12.2,2.8,53,1023,4.1,30,0
1981,12,9,5,0,0,0,11.7,2.8,55,1024,4.6,50,0
1981,12,9,6,5,16,3,10.6,2.2,57,1024,4.1,50,0
1981,12,9,7,87,393,34,11.7,1.1,49,1025,4.6,40,0
1981,12,9,8,268,684,55,13.3,2.2,47,1026,4.6,40,0
1981,12,9,9,438,806,72,14.4,1.1,41,1026,3.6,50,0
1981,12,9,10,562,865,83,15,1.1,39,1025,4.1,50,0
1981,12,9,11,621,886,88,15.6,2.2,41,1024,3.6,360,0
1981,12,9,12,613,882,87,16.1,2.8,41,1024,3.6,360,0
1981,12,9,13,540,857,81,17.2,1.1,34,1023,3.6,40,0
1981,12,9,14,408,794,69,18.3,-2.2,25,1023,1.5,200,0
1981,12,9,15,229,646,51,17.8,0,30,1023,2.6,350,0
1981,12,9,16,57,212,35,13.9,1.1,42,1022,0,0,0
1981,12,9,17,0,0,0,10.6,3.3,61,1023,0,0,0
1981,12,9,18,0,0,0,7.8,3.3,74,1023,1.5,260,0
1981,12,9,19,0,0,0,7.2,2.2,71,1023,0,0,0
1981,12,9,20,0,0,0,6.7,2.2,74,1024,0,0,0
1981,12,9,21,0,0,0,5.6,3.3,86,1024,1.5,360,0
1981,12,9,22,0,0,0,10,3.3,64,1024,2.6,20,0
1981,12,9,23,0,0,0,11.1,3.3,59,1024,2.1,10,0
1981,12,10,0,0,0,0,10.6,3.3,61,1024,3.1,30,0
1981,12,10,1,0,0,0,11.1,3.3,59,1023,3.6,20,0
1981,12,10,2,0,0,0,10.6,2.8,59,1024,3.6,40,0
1981,12,10,3,0,0,0,10,2.2,59,1024,3.6,50,0
1981,12,10,4,0,0,0,9.4,2.2,61,1023,4.1,40,0
1981,12,10,5,0,0,0,8.9,2.2,63,1024,4.1,50,0
1981,12,10,6,6,20,3,8.9,2.2,63,1025,4.6,50,0
1981,12,10,7,87,422,31,10,2.2,59,1025,4.1,50,0
1981,12,10,8,269,706,50,10.6,1.1,52,1025,4.6,70,0
1981,12,10,9,439,825,65,11.7,1.1,49,1025,4.1,40,0
1981,12,10,10,562,882,76,12.2,1.1,47,1024,3.6,30,0
1981,12,10,11,621,900,80,12.2,1.1,47,1023,3.1,20,0
1981,12,10,12,616,902,80,12.8,0,42,1022,3.6,360,0
1981,12,10,13,544,878,74,14.4,0,37,1021,2.1,40,0
1981,12,10,14,410,814,63,14.4,0,37,1021,2.6,350,0
1981,12,10,15,233,676,47,14.4,0,37,1021,2.1,290,0
1981,12,10,16,51,172,33,12.2,1.1,47,1020,0,0,0
1981,12,10,17,0,0,0,7.8,1.7,66,1021,0,0,0
1981,12,10,18,0,0,0,8.3,1.7,63,1021,2.6,40,0
1981,12,10,19,0,0,0,8.9,2.2,63,1020,2.1,70,0
1981,12,10,20,0,0,0,7.2,2.2,71,1020,2.1,120,0
1981,12,10,21,0,0,0,6.1,1.1,71,1020,1.5,70,0
1981,12,10,22,0,0,0,7.2,0,60,1020,1.5,80,0
1981,12,10,23,0,0,0,6.7,-1.1,58,1021,2.1,60,0
1981,12,11,0,0,0,0,5.6,-1.1,63,1020,2.1,90,0
1981,12,11,1,0,0,0,5.6,-1.1,63,1021,1.5,70,0
1981,12,11,2,0,0,0,4.4,-1.1,68,1020,3.6,80,0
1981,12,11,3,0,0,0,6.1,1.1,71,1020,2.6,80,0
1981,12,11,4,0,0,0,7.2,2.2,71,1019,3.1,90,0
1981,12,11,5,0,0,0,8.9,3.3,68,1019,3.1,130,0
1981,12,11,6,2,0,2,9.4,2.8,63,1019,4.1,120,0
1981,12,11,7,33,1,33,10,2.2,59,1019,2.6,80,0
1981,12,11,8,140,37,129,13.3,3.3,51,1019,4.6,120,0
1981,12,11,9,268,256,153,14.4,3.3,48,1020,4.1,90,0
1981,12,11,10,193,4,191,15.6,4.4,48,1020,4.6,110,0
1981,12,11,11,353,186,242,17.2,5.6,46,1019,6.7,140,0
1981,12,11,12,304,78,258,17.2,7.2,52,1018,5.7,120,0
1981,12,11,13,282,76,241,17.2,8.3,56,1017,4.6,120,0
1981,12,11,14,209,68,180,17.2,8.3,56,1017,3.1,120,0
1981,12,11,15,116,101,88,16.7,8.9,60,1017,4.6,110,0
1981,12,11,16,19,1,19,16.1,9.4,65,1016,5.2,120,0
1981,12,11,17,0,0,0,15,9.4,70,1016,4.1,110,0
1981,12,11,18,0,0,0,15.6,9.4,67,1016,4.1,100,0
1981,12,11,19,0,0,0,15.6,9.4,67,1015,5.2,120,0
1981,12,11,20,0,0,0,16.1,10.6,70,1015,3.1,90,0
1981,12,11,21,0,0,0,15.6,11.1,75,1016,3.1,90,0
1981,12,11,22,0,0,0,15.6,11.1,75,1015,2.6,90,0
1981,12,11,23,0,0,0,16.1,12.2,78,1015,2.1,100,0
1981,12,12,0,0,0,0,16.7,13.3,81,1014,2.6,90,0
1981,12,12,1,0,0,0,16.7,13.9,84,1013,3.6,140,0
1981,12,12,2,0,0,0,16.7,14.4,87,1013,2.6,170,0
1981,12,12,3,0,0,0,16.7,14.4,87,1013,3.1,180,0
1981,12,12,4,0,0,0,17.2,16.1,93,1013,4.1,200,0
1981,12,12,5,0,0,0,17.2,16.1,93,1013,3.1,220,0
1981,12,12,6,1,0,1,17.2,16.7,97,1013,2.1,220,0
1981,12,12,7,34,3,33,13.9,13.9,100,1015,3.1,360,0
1981,12,12,8,118,1,117,12.2,11.7,96,1016,3.6,360,0
1981,12,12,9,200,2,199,11.7,11.7,100,1016,4.1,30,0
1981,12,12,10,138,4,136,10.6,10.6,100,1017,4.1,10,0
1981,12,12,11,151,2,150,10,9.4,96,1016,3.6,20,0
1981,12,12,12,175,3,173,9.4,9.4,100,1016,3.6,20,0
1981,12,12,13,142,2,141,10,9.4,96,1015,4.1,60,0
1981,12,12,14,121,0,120,10,9.4,96,1016,3.1,60,0
1981,12,12,15,81,0,81,10,9.4,96,1016,4.1,70,0
1981,12,12,16,38,0,38,10,9.4,96,1016,3.6,80,0
1981,12,12,17,0,0,0,10,9.4,96,1017,3.1,40,0
1981,12,12,18,0,0,0,10,9.4,96,1016,4.1,60,0
1981,12,12,19,0,0,0,10,9.4,96,1017,4.1,50,0
1981,12,12,20,0,0,0,9.4,9.4,100,1017,3.1,60,0
1981,12,12,21,0,0,0,9.4,9.4,100,1017,3.1,60,0
1981,12,12,22,0,0,0,9.4,9.4,100,1018,3.6,50,0
1981,12,12,23,0,0,0,9.4,9.4,100,1018,3.1,40,0
1981,12,13,0,0,0,0,9.4,9.4,100,1017,3.6,70,0
1981,12,13,1,0,0,0,9.4,9.4,100,1017,3.1,40,0
1981,12,13,2,0,0,0,9.4,9.4,100,1017,3.6,50,0
1981,12,13,3,0,0,0,9.4,9.4,100,1017,3.1,30,0
1981,12,13,4,0,0,0,9.4,9.4,100,1017,3.6,60,0
1981,12,13,5,0,0,0,9.4,9.4,100,1018,3.6,50,0
1981,12,13,6,2,0,2,9.4,9.4,100,1018,3.6,70,0
1981,12,13,7,42,0,42,9.4,9.4,100,1018,3.6,70,0
1981,12,13,8,122,1,122,10,9.4,96,1018,3.6,80,0
1981,12,13,9,189,0,189,10,9.4,96,1019,4.1,70,0
1981,12,13,10,243,0,243,10.6,9.4,93,1018,3.1,80,0
1981,12,13,11,293,1,292,10.6,9.4,93,1018,2.6,60,0
1981,12,13,12,258,0,258,12.2,11.1,93,1016,2.6,30,0
1981,12,13,13,244,0,244,12.2,11.1,93,1016,2.6,40,0
1981,12,13,14,176,0,176,13.3,11.7,90,1015,3.1,70,0
1981,12,13,15,99,0,99,13.9,12.2,90,1015,3.1,70,0
1981,12,13,16,19,0,19,12.8,12.2,96,1015,3.6,100,0
1981,12,13,17,0,0,0,12.2,12.2,100,1015,3.6,120,0
1981,12,13,18,0,0,0,12.2,12.2,100,1015,2.1,90,0
1981,12,13,19,0,0,0,12.8,12.2,96,1014,2.1,130,0
1981,12,13,20,0,0,0,12.8,12.8,100,1015,0,0,0
1981,12,13,21,0,0,0,13.3,12.8,96,1014,2.1,100,0
1981,12,13,22,0,0,0,13.9,13.3,96,1014,2.1,130,0
1981,12,13,23,0,0,0,13.9,13.3,96,1013,0,0,0
1981,12,14,0,0,0,0,14.4,13.9,96,1012,3.1,150,0
1981,12,14,1,0,0,0,15.6,13.9,90,1011,2.6,160,0
1981,12,14,2,0,0,0,16.1,14.4,90,1010,3.1,160,0
1981,12,14,3,0,0,0,16.1,14.4,90,1010,3.6,170,0
1981,12,14,4,0,0,0,15.6,14.4,93,1010,2.1,230,0
1981,12,14,5,0,0,0,17.2,15.6,90,1010,2.6,230,0
1981,12,14,6,1,0,1,13.3,12.8,96,1012,4.1,20,0
1981,12,14,7,31,0,31,13.3,12.8,96,1013,2.6,20,0
1981,12,14,8,77,0,77,13.9,12.8,93,1011,5.7,60,0
1981,12,14,9,92,52,69,14.4,13.3,93,1012,2.1,20,0
1981,12,14,10,253,7,249,15,14.4,97,1012,4.6,360,0
1981,12,14,11,216,3,214,13.9,13.9,100,1012,2.6,350,0
1981,12,14,12,262,4,259,12.2,12.2,100,1011,3.1,360,0
1981,12,14,13,117,6,114,11.1,11.1,100,1011,4.6,360,0
1981,12,14,14,115,4,113,10.6,10.6,100,1011,4.1,350,0
1981,12,14,15,70,7,68,10,10,100,1012,5.7,350,0
1981,12,14,16,18,1,18,10,10,100,1013,6.2,350,0
1981,12,14,17,0,0,0,10,10,100,1012,5.2,360,0
1981,12,14,18,0,0,0,10.6,9.4,93,1012,5.2,10,0
1981,12,14,19,0,0,0,10,8.9,93,1013,6.2,360,0
1981,12,14,20,0,0,0,9.4,8.3,93,1014,5.2,330,0
1981,12,14,21,0,0,0,9.4,8.3,93,1015,5.7,360,0
1981,12,14,22,0,0,0,8.3,7.2,93,1016,5.2,320,0
1981,12,14,23,0,0,0,8.3,7.2,93,1016,6.2,330,0
1981,12,15,0,0,0,0,8.3,7.2,93,1016,5.2,330,0
1981,12,15,1,0,0,0,7.8,6.1,89,1016,6.2,350,0
1981,12,15,2,0,0,0,7.2,5.6,89,1016,5.2,330,0
1981,12,15,3,0,0,0,7.2,5.6,89,1017,6.7,330,0
1981,12,15,4,0,0,0,7.2,5,86,1017,4.6,320,0
1981,12,15,5,0,0,0,7.2,5,86,1017,5.2,340,0
1981,12,15,6,2,0,1,6.7,4.4,86,1018,6.2,330,0
1981,12,15,7,48,1,48,6.7,3.9,83,1019,6.2,340,0
1981,12,15,8,137,1,137,7.8,3.9,77,1020,4.1,340,0
1981,12,15,9,399,714,83,8.9,4.4,74,1020,4.1,320,0
1981,12,15,10,555,917,56,9.4,3.9,69,1020,4.1,310,0
1981,12,15,11,623,948,60,10.6,3.9,64,1019,4.6,340,0
1981,12,15,12,614,938,60,12.2,3.3,55,1018,4.6,320,0
1981,12,15,13,548,924,55,13.3,3.3,51,1018,6.2,320,0
1981,12,15,14,392,820,42,13.3,3.3,51,1018,5.2,320,0
1981,12,15,15,219,508,78,13.3,3.3,51,1018,3.6,310,0
1981,12,15,16,57,278,29,11.1,3.3,59,1018,2.6,330,0
1981,12,15,17,0,0,0,10.6,3.3,61,1019,1.5,310,0
1981,12,15,18,0,0,0,7.2,3.9,80,1019,0,0,0
1981,12,15,19,0,0,0,4.4,3.3,93,1020,2.1,280,0
1981,12,15,20,0,0,0,5,3.3,89,1020,0,0,0
1981,12,15,21,0,0,0,5,3.3,89,1020,0,0,0
1981,12,15,22,0,0,0,3.3,3.3,100,1020,2.1,330,0
1981,12,15,23,0,0,0,7.2,3.9,80,1021,2.1,340,0
1981,12,16,0,0,0,0,3.9,2.8,93,1021,0,0,0
1981,12,16,1,0,0,0,3.3,2.8,96,1021,0,0,0
1981,12,16,2,0,0,0,3.3,2.8,96,1021,0,0,0
1981,12,16,3,0,0,0,3.9,2.8,93,1021,2.1,80,0
1981,12,16,4,0,0,0,3.9,2.2,89,1021,3.1,110,0
1981,12,16,5,0,0,0,4.4,2.2,86,1022,0,0,0
1981,12,16,6,3,8,2,4.4,2.2,86,1023,2.6,120,0
1981,12,16,7,73,348,31,8.3,4.4,77,1023,3.6,130,0
1981,12,16,8,250,660,53,12.2,7.2,72,1023,4.6,120,0
1981,12,16,9,416,783,70,14.4,7.2,62,1024,4.1,150,0
1981,12,16,10,543,850,82,16.7,7.2,54,1023,4.1,140,0
1981,12,16,11,568,827,77,17.8,7.8,52,1022,5.7,190,0
1981,12,16,12,512,636,136,17.8,9.4,58,1021,4.1,190,0
1981,12,16,13,495,721,110,18.3,9.4,56,1021,2.6,240,0
1981,12,16,14,311,359,158,18.3,10,59,1020,2.6,180,0
1981,12,16,15,213,574,54,18.3,10,59,1020,3.6,170,0
1981,12,16,16,51,234,27,16.7,10.6,67,1019,5.2,140,0
1981,12,16,17,0,0,0,14.4,10.6,78,1020,2.6,130,0
1981,12,16,18,0,0,0,13.3,10.6,83,1019,2.6,120,0
1981,12,16,19,0,0,0,12.8,10.6,86,1019,3.1,130,0
1981,12,16,20,0,0,0,11.7,10,90,1020,3.1,120,0
1981,12,16,21,0,0,0,11.7,9.4,86,1020,3.1,130,0
1981,12,16,22,0,0,0,12.2,9.4,83,1020,3.6,140,0
1981,12,16,23,0,0,0,12.2,10,86,1019,3.1,140,0
1981,12,17,0,0,0,0,11.7,10,90,1019,2.6,140,0
1981,12,17,1,0,0,0,12.2,10.6,90,1019,2.6,160,0
1981,12,17,2,0,0,0,13.9,11.1,83,1019,3.1,160,0
1981,12,17,3,0,0,0,15,11.1,78,1019,3.1,160,0
1981,12,17,4,0,0,0,16.1,11.1,72,1019,3.6,170,0
1981,12,17,5,0,0,0,15.6,11.7,78,1018,3.6,180,0
1981,12,17,6,6,22,2,15.6,11.7,78,1018,4.6,170,0
1981,12,17,7,82,463,27,17.2,11.7,70,1018,4.6,180,0
1981,12,17,8,231,561,65,19.4,12.2,63,1019,4.1,180,0
1981,12,17,9,403,731,82,21.7,13.3,59,1019,5.2,180,0
1981,12,17,10,416,505,143,22.8,14.4,59,1018,4.1,200,0
1981,12,17,11,377,171,276,23.9,14.4,56,1017,6.2,210,0
1981,12,17,12,171,43,145,15.6,14.4,93,1018,6.2,320,0
1981,12,17,13,147,5,145,14.4,14.4,100,1017,4.1,360,0
1981,12,17,14,115,10,111,13.9,13.9,100,1018,5.2,350,0
1981,12,17,15,57,6,55,11.7,10.6,93,1019,6.2,360,0
1981,12,17,16,26,1,26,10,9.4,96,1020,6.2,10,0
1981,12,17,17,0,0,0,10,8.3,89,1021,6.2,10,0
1981,12,17,18,0,0,0,9.4,7.2,86,1021,6.2,20,0
1981,12,17,19,0,0,0,8.9,6.1,83,1022,5.7,360,0
1981,12,17,20,0,0,0,8.3,5,80,1022,7.7,360,0
1981,12,17,21,0,0,0,7.2,2.8,74,1023,6.7,360,0
1981,12,17,22,0,0,0,6.7,2.2,74,1024,6.7,360,0
1981,12,17,23,0,0,0,6.1,2.2,76,1024,6.7,360,0
1981,12,18,0,0,0,0,5.6,1.1,73,1024,7.2,10,0
1981,12,18,1,0,0,0,5.6,1.1,73,1025,7.7,360,0
1981,12,18,2,0,0,0,5,0,70,1025,6.2,330,0
1981,12,18,3,0,0,0,4.4,-1.1,68,1026,8.2,350,0
1981,12,18,4,0,0,0,3.9,-2.2,65,1026,7.7,360,0
1981,12,18,5,0,0,0,3.3,-2.2,67,1027,7.7,360,0
1981,12,18,6,3,9,1,2.8,-2.2,70,1028,5.7,360,0
1981,12,18,7,73,383,29,3.3,-3.3,62,1028,7.2,360,0
1981,12,18,8,252,692,49,3.3,-3.3,62,1029,7.2,350,0
1981,12,18,9,426,824,64,3.9,-3.3,60,1029,6.2,340,0
1981,12,18,10,553,885,75,5,-3.9,53,1029,6.2,340,0
1981,12,18,11,617,907,80,6.1,-3.9,49,1028,7.2,340,0
1981,12,18,12,619,915,80,6.7,-5,44,1027,7.2,360,0
1981,12,18,13,548,888,74,7.2,-6.1,39,1027,8.2,330,0
1981,12,18,14,416,824,63,7.8,-6.1,37,1027,7.2,330,0
1981,12,18,15,241,692,47,7.2,-7.2,35,1027,6.2,350,0
1981,12,18,16,61,344,26,5.6,-7.2,40,1028,5.7,360,0
1981,12,18,17,0,0,0,4.4,-7.2,43,1029,4.6,360,0
1981,12,18,18,0,0,0,3.3,-7.2,46,1029,4.1,350,0
1981,12,18,19,0,0,0,2.8,-7.2,48,1030,5.2,10,0
1981,12,18,20,0,0,0,2.2,-7.2,50,1030,5.7,360,0
1981,12,18,21,0,0,0,1.7,-7.8,50,1031,5.2,360,0
1981,12,18,22,0,0,0,0.6,-8.3,52,1031,5.7,10,0
1981,12,18,23,0,0,0,0,-8.3,54,1032,5.2,360,0
1981,12,19,0,0,0,0,-0.6,-8.3,56,1031,4.6,20,0
1981,12,19,1,0,0,0,-1.1,-8.3,58,1032,5.2,360,0
1981,12,19,2,0,0,0,-1.1,-8.3,58,1031,5.2,30,0
1981,12,19,3,0,0,0,-1.7,-8.3,61,1031,4.6,30,0
1981,12,19,4,0,0,0,-2.2,-8.3,63,1032,3.6,40,0
1981,12,19,5,0,0,0,-2.2,-8.3,63,1032,4.1,40,0
1981,12,19,6,7,22,2,-2.8,-8.3,66,1033,4.1,30,0
1981,12,19,7,71,358,30,-1.7,-8.3,61,1033,5.2,40,0
1981,12,19,8,232,628,48,-0.6,-8.3,56,1033,6.2,60,0
1981,12,19,9,435,881,50,0,-7.2,59,1034,4.1,60,0
1981,12,19,10,529,866,62,1.1,-7.2,54,1033,4.1,40,0
1981,12,19,11,510,629,138,2.2,-7.2,50,1032,4.1,10,0
1981,12,19,12,443,531,130,1.7,-8.3,48,1031,4.1,360,0
1981,12,19,13,499,721,114,3.3,-8.9,41,1030,3.6,360,0
1981,12,19,14,213,173,139,3.3,-9.4,39,1030,3.1,360,0
1981,12,19,15,184,276,107,3.3,-8.9,41,1029,2.6,360,0
1981,12,19,16,44,55,38,1.7,-8.3,48,1029,2.1,300,0
1981,12,19,17,0,0,0,0.6,-7.2,56,1029,2.1,290,0
1981,12,19,18,0,0,0,0.6,-6.1,61,1029,0,0,0
1981,12,19,19,0,0,0,2.8,-6.1,52,1029,3.1,40,0
1981,12,19,20,0,0,0,3.3,-7.2,46,1030,3.1,50,0
1981,12,19,21,0,0,0,3.3,-7.2,46,1030,3.1,40,0
1981,12,19,22,0,0,0,2.8,-7.8,46,1030,3.1,80,0
1981,12,19,23,0,0,0,0.6,-8.3,52,1029,3.1,90,0
1981,12,20,0,0,0,0,0.6,-8.3,52,1029,3.6,100,0
1981,12,20,1,0,0,0,-0.6,-8.3,56,1029,2.6,90,0
1981,12,20,2,0,0,0,1.7,-8.3,48,1030,2.6,110,0
1981,12,20,3,0,0,0,2.2,-7.8,48,1029,3.6,90,0
1981,12,20,4,0,0,0,2.2,-7.2,50,1029,3.6,70,0
1981,12,20,5,0,0,0,2.2,-6.1,55,1029,3.1,90,0
1981,12,20,6,2,1,2,2.2,-5,59,1029,4.6,80,0
1981,12,20,7,35,25,32,2.8,-3.9,62,1029,5.2,70,0
1981,12,20,8,131,53,116,3.3,-3.9,60,1030,5.2,80,0
1981,12,20,9,242,67,213,4.4,-2.8,60,1029,6.2,90,0
1981,12,20,10,286,182,188,7.8,-1.1,54,1029,5.7,100,0
1981,12,20,11,199,67,160,7.2,0,60,1027,5.7,80,0
1981,12,20,12,411,218,282,7.8,0,58,1026,5.7,90,0
1981,12,20,13,384,343,201,8.3,0,56,1025,4.1,100,0
1981,12,20,14,200,171,127,8.9,2.2,63,1025,4.6,110,0
1981,12,20,15,135,46,122,8.9,2.8,66,1025,5.2,90,0
1981,12,20,16,45,30,42,7.8,3.3,74,1024,5.2,80,0
1981,12,20,17,0,0,0,7.8,3.3,74,1024,4.1,90,0
1981,12,20,18,0,0,0,7.8,4.4,80,1023,4.6,120,0
1981,12,20,19,0,0,0,7.8,4.4,80,1023,3.1,90,0
1981,12,20,20,0,0,0,9.4,4.4,71,1023,4.1,120,0
1981,12,20,21,0,0,0,10.6,5,69,1023,5.2,130,0
1981,12,20,22,0,0,0,11.1,5.6,69,1022,6.2,130,0
1981,12,20,23,0,0,0,10.6,7.2,80,1021,6.2,130,0
1981,12,21,0,0,0,0,11.7,8.3,80,1020,5.2,120,0
1981,12,21,1,0,0,0,11.7,8.3,80,1020,5.2,130,0
1981,12,21,2,0,0,0,11.1,8.9,86,1019,5.2,130,0
1981,12,21,3,0,0,0,11.7,9.4,86,1018,4.1,130,0
1981,12,21,4,0,0,0,12.2,10,86,1018,4.6,130,0
1981,12,21,5,0,0,0,12.8,10.6,86,1017,5.7,140,0
1981,12,21,6,1,0,1,13.3,11.1,87,1016,5.2,140,0
1981,12,21,7,43,6,42,15.6,11.7,78,1016,7.2,140,0
1981,12,21,8,105,7,103,17.2,12.8,75,1017,6.2,160,0
1981,12,21,9,291,330,147,18.3,12.8,70,1016,9.3,180,0
1981,12,21,10,275,59,244,19.4,13.3,68,1015,7.7,160,0
1981,12,21,11,289,109,224,20.6,14.4,68,1015,8.2,160,0
1981,12,21,12,333,188,222,22.2,14.4,62,1013,8.8,190,0
1981,12,21,13,294,104,238,22.2,14.4,62,1013,8.8,180,0
1981,12,21,14,253,136,194,21.7,14.4,64,1013,9.3,180,0
1981,12,21,15,152,91,126,21.1,15.6,71,1013,7.2,190,0
1981,12,21,16,52,37,48,20.6,15.6,73,1012,7.2,180,0
1981,12,21,17,3,1,2,18.9,15.6,81,1012,5.2,180,0
1981,12,21,18,0,0,0,17.8,15.6,87,1012,4.1,170,0
1981,12,21,19,0,0,0,17.2,15.6,90,1012,4.1,180,0
1981,12,21,20,0,0,0,17.2,15.6,90,1012,4.1,160,0
1981,12,21,21,0,0,0,17.2,15.6,90,1012,4.1,180,0
1981,12,21,22,0,0,0,17.2,15.6,90,1012,4.1,180,0
1981,12,21,23,0,0,0,17.8,15.6,87,1012,3.6,180,0
1981,12,22,0,0,0,0,17.8,15.6,87,1011,4.6,170,0
1981,12,22,1,0,0,0,17.8,15.6,87,1011,3.6,160,0
1981,12,22,2,0,0,0,17.2,15.6,90,1010,4.1,170,0
1981,12,22,3,0,0,0,17.2,15.6,90,1010,4.1,180,0
1981,12,22,4,0,0,0,17.8,15.6,87,1010,5.2,170,0
1981,12,22,5,0,0,0,18.3,16.7,90,1010,6.2,150,0
1981,12,22,6,1,0,1,19.4,16.7,84,1010,5.7,170,0
1981,12,22,7,41,31,38,20,16.7,81,1010,5.7,170,0
1981,12,22,8,134,94,107,20,16.7,81,1010,5.2,160,0
1981,12,22,9,224,46,204,21.7,16.7,73,1010,6.2,150,0
1981,12,22,10,183,1,183,22.2,16.7,71,1011,7.2,190,0
1981,12,22,11,312,96,256,22.8,16.7,69,1010,6.7,180,0
1981,12,22,12,249,86,198,22.8,16.7,69,1009,6.7,180,0
1981,12,22,13,296,30,280,23.9,17.8,69,1008,6.2,180,0
1981,12,22,14,203,111,155,23.3,17.8,71,1008,6.2,170,0
1981,12,22,15,112,19,107,22.8,17.8,74,1008,5.7,160,0
1981,12,22,16,38,32,35,22.2,18.3,79,1009,4.1,190,0
1981,12,22,17,0,0,0,21.1,18.3,84,1009,4.1,180,0
1981,12,22,18,0,0,0,20.6,18.3,87,1010,4.6,180,0
1981,12,22,19,0,0,0,20.6,18.3,87,1010,4.6,170,0
1981,12,22,20,0,0,0,20,18.9,93,1010,4.6,190,0
1981,12,22,21,0,0,0,19.4,18.9,97,1010,4.6,180,0
1981,12,22,22,0,0,0,19.4,18.3,93,1010,5.2,180,0
1981,12,22,23,0,0,0,20,18.3,90,1010,5.2,180,0
1981,12,23,0,0,0,0,20,18.3,90,1010,4.1,200,0
1981,12,23,1,0,0,0,19.4,18.9,97,1010,4.6,180,0
1981,12,23,2,0,0,0,14.4,12.8,90,1012,8.2,330,0
1981,12,23,3,0,0,0,13.3,11.7,90,1013,3.1,340,0
1981,12,23,4,0,0,0,12.8,11.7,93,1013,3.1,360,0
1981,12,23,5,0,0,0,12.8,10.6,86,1014,4.6,360,0
1981,12,23,6,1,0,1,12.2,9.4,83,1015,4.6,340,0
1981,12,23,7,38,1,38,11.7,9.4,86,1016,4.6,350,0
1981,12,23,8,135,4,134,12.2,9.4,83,1017,4.6,340,0
1981,12,23,9,139,96,97,12.8,9.4,80,1018,5.7,360,0
1981,12,23,10,215,5,213,12.8,8.3,75,1018,6.2,350,0
1981,12,23,11,468,477,187,14.4,8.3,67,1017,5.2,10,0
1981,12,23,12,418,325,226,14.4,8.3,67,1017,4.6,350,0
1981,12,23,13,481,719,96,15,8.3,65,1016,4.6,340,0
1981,12,23,14,376,729,61,15.6,8.3,62,1017,4.1,360,0
1981,12,23,15,197,344,99,13.9,7.2,64,1017,5.7,350,0
1981,12,23,16,47,34,43,13.3,7.2,67,1018,4.1,360,0
1981,12,23,17,2,1,1,12.2,7.2,72,1018,5.7,20,0
1981,12,23,18,0,0,0,11.1,6.1,72,1019,6.2,20,0
1981,12,23,19,0,0,0,10,5.6,74,1019,6.2,30,0
1981,12,23,20,0,0,0,9.4,5,74,1020,6.2,20,0
1981,12,23,21,0,0,0,8.9,5,77,1021,5.2,20,0
1981,12,23,22,0,0,0,8.3,5,80,1020,4.6,30,0
1981,12,23,23,0,0,0,8.3,5,80,1020,4.1,20,0
1981,12,24,0,0,0,0,8.3,5,80,1020,4.1,60,0
1981,12,24,1,0,0,0,7.8,5,83,1019,4.1,50,0
1981,12,24,2,0,0,0,7.8,5,83,1020,4.1,30,0
1981,12,24,3,0,0,0,7.8,5,83,1020,6.2,20,0
1981,12,24,4,0,0,0,7.8,5,83,1020,6.2,20,0
1981,12,24,5,0,0,0,7.8,5,83,1022,5.2,20,0
1981,12,24,6,0,0,0,7.2,5,86,1022,7.7,20,0
1981,12,24,7,22,1,22,7.2,5,86,1021,7.2,40,0
1981,12,24,8,118,7,116,7.8,5,83,1021,6.7,50,0
1981,12,24,9,88,1,87,7.8,5.6,86,1022,4.6,50,0
1981,12,24,10,115,3,113,8.3,5.6,83,1021,4.1,40,0
1981,12,24,11,332,91,278,8.3,5.6,83,1020,5.2,20,0
1981,12,24,12,145,6,142,7.8,6.1,89,1019,4.6,30,0
1981,12,24,13,243,14,236,8.3,6.1,86,1018,4.6,30,0
1981,12,24,14,85,3,84,8.3,7.2,93,1018,4.1,10,0
1981,12,24,15,53,4,51,7.8,7.2,96,1018,5.2,350,0
1981,12,24,16,19,1,19,7.2,7.2,100,1018,4.6,30,0
1981,12,24,17,0,0,0,7.8,7.2,96,1019,5.7,30,0
1981,12,24,18,0,0,0,7.8,7.2,96,1018,6.2,30,0
1981,12,24,19,0,0,0,7.2,7.2,100,1019,4.6,360,0
1981,12,24,20,0,0,0,7.2,7.2,100,1019,5.2,10,0
1981,12,24,21,0,0,0,7.2,7.2,100,1019,4.6,20,0
1981,12,24,22,0,0,0,7.2,7.2,100,1019,4.6,20,0
1981,12,24,23,0,0,0,7.2,7.2,100,1019,4.6,10,0
1981,12,25,0,0,0,0,7.2,7.2,100,1019,4.1,10,0
1981,12,25,1,0,0,0,7.2,7.2,100,1018,4.6,360,0
1981,12,25,2,0,0,0,7.2,7.2,100,1018,4.6,360,0
1981,12,25,3,0,0,0,7.8,7.2,96,1018,4.1,360,0
1981,12,25,4,0,0,0,7.8,7.2,96,1018,5.2,10,0
1981,12,25,5,0,0,0,7.8,7.2,96,1018,5.2,360,0
1981,12,25,6,0,0,0,7.8,7.2,96,1019,4.1,360,0
1981,12,25,7,41,1,41,7.8,7.2,96,1019,4.1,10,0
1981,12,25,8,124,2,123,8.3,7.2,93,1019,5.2,10,0
1981,12,25,9,197,0,197,8.9,7.2,89,1020,4.1,20,0
1981,12,25,10,252,2,251,9.4,7.2,86,1019,3.6,360,0
1981,12,25,11,254,75,210,9.4,7.2,86,1019,3.1,340,0
1981,12,25,12,298,117,229,10.6,7.2,80,1017,3.6,50,0
1981,12,25,13,405,386,198,11.1,7.2,77,1017,2.1,60,0
1981,12,25,14,377,554,137,10.6,7.2,80,1016,3.1,30,0
1981,12,25,15,196,384,85,10.6,7.2,80,1016,2.6,350,0
1981,12,25,16,48,81,39,9.4,7.2,86,1016,1.5,280,0
1981,12,25,17,0,0,0,8.9,7.2,89,1016,2.1,220,0
1981,12,25,18,0,0,0,7.8,6.7,93,1015,0,0,0
1981,12,25,19,0,0,0,6.7,5.6,93,1016,0,0,0
1981,12,25,20,0,0,0,6.7,6.1,96,1016,1.5,140,0
1981,12,25,21,0,0,0,6.7,6.1,96,1016,0,0,0
1981,12,25,22,0,0,0,8.3,7.2,93,1015,2.6,170,0
1981,12,25,23,0,0,0,8.9,8.3,96,1015,3.1,150,0
1981,12,26,0,0,0,0,8.9,8.3,96,1015,2.6,150,0
1981,12,26,1,0,0,0,9.4,8.3,93,1014,2.1,90,0
1981,12,26,2,0,0,0,9.4,8.3,93,1014,0,0,0
1981,12,26,3,0,0,0,9.4,8.3,93,1013,1.5,60,0
1981,12,26,4,0,0,0,9.4,8.3,93,1014,0,0,0
1981,12,26,5,0,0,0,6.7,6.7,100,1014,0,0,0
1981,12,26,6,1,1,1,6.1,6.1,100,1014,0,0,0
1981,12,26,7,58,223,35,6.7,6.7,100,1014,0,0,0
1981,12,26,8,219,582,54,11.7,9.4,86,1014,3.1,120,0
1981,12,26,9,381,726,68,15,10.6,75,1014,3.6,110,0
1981,12,26,10,400,386,194,16.1,11.1,72,1013,3.1,110,0
1981,12,26,11,294,172,192,17.2,11.7,70,1012,2.1,240,0
1981,12,26,12,214,81,166,16.7,11.7,73,1011,3.1,360,0
1981,12,26,13,294,82,249,17.2,11.7,70,1010,0,0,0
1981,12,26,14,264,266,148,19.4,13.3,68,1009,4.6,130,0
1981,12,26,15,120,42,107,18.9,13.3,70,1009,4.1,160,0
1981,12,26,16,42,3,42,17.8,13.9,78,1009,4.1,150,0
1981,12,26,17,2,0,2,17.2,13.9,81,1010,4.1,140,0
1981,12,26,18,0,0,0,17.2,15,87,1009,4.1,140,0
1981,12,26,19,0,0,0,16.7,15,90,1009,4.6,140,0
1981,12,26,20,0,0,0,16.7,15.6,93,1008,3.1,160,0
1981,12,26,21,0,0,0,16.7,15.6,93,1008,2.6,240,0
1981,12,26,22,0,0,0,16.7,16.1,97,1009,2.6,230,0
1981,12,26,23,0,0,0,17.2,16.1,93,1008,4.1,260,0
1981,12,27,0,0,0,0,16.7,15.6,93,1008,5.2,280,0
1981,12,27,1,0,0,0,14.4,13.9,96,1008,3.1,270,0
1981,12,27,2,0,0,0,14.4,13.3,93,1009,4.1,290,0
1981,12,27,3,0,0,0,13.3,12.8,96,1010,3.6,310,0
1981,12,27,4,0,0,0,11.1,11.1,100,1010,3.1,350,0
1981,12,27,5,0,0,0,9.4,9.4,100,1010,2.1,320,0
1981,12,27,6,1,1,1,5,5,100,1011,1.5,330,0
1981,12,27,7,51,208,30,8.3,7.8,96,1011,2.6,350,0
1981,12,27,8,209,492,70,12.2,10.6,90,1012,3.1,20,0
1981,12,27,9,393,724,82,14.4,10.6,78,1012,3.1,50,0
1981,12,27,10,481,686,114,15,9.4,70,1012,3.6,40,0
1981,12,27,11,529,617,165,16.7,9.4,63,1011,1.5,110,0
1981,12,27,12,563,734,129,17.8,9.4,58,1010,3.6,40,0
1981,12,27,13,481,616,148,17.8,10.6,63,1009,3.6,40,0
1981,12,27,14,370,574,119,18.9,10.6,59,1009,3.1,50,0
1981,12,27,15,220,504,74,18.3,10.6,61,1009,2.6,50,0
1981,12,27,16,60,234,33,17.2,10.6,65,1008,3.1,120,0
1981,12,27,17,1,2,0,15.6,10.6,72,1009,4.6,140,0
1981,12,27,18,0,0,0,13.9,10.6,80,1009,3.1,120,0
1981,12,27,19,0,0,0,15,11.7,81,1010,3.6,110,0
1981,12,27,20,0,0,0,13.9,11.7,87,1010,3.6,150,0
1981,12,27,21,0,0,0,14.4,12.8,90,1010,3.6,130,0
1981,12,27,22,0,0,0,15.6,12.8,84,1010,2.6,140,0
1981,12,27,23,0,0,0,16.1,13.3,84,1009,2.1,140,0
1981,12,28,0,0,0,0,16.7,13.3,81,1009,3.1,140,0
1981,12,28,1,0,0,0,17.2,14.4,84,1009,3.6,150,0
1981,12,28,2,0,0,0,18.9,15.6,81,1009,4.6,150,0
1981,12,28,3,0,0,0,18.3,16.7,90,1009,4.1,160,0
1981,12,28,4,0,0,0,18.3,16.7,90,1009,3.1,180,0
1981,12,28,5,0,0,0,18.9,17.8,93,1009,3.6,170,0
1981,12,28,6,0,0,0,18.9,17.8,93,1010,4.1,170,0
1981,12,28,7,31,12,30,18.9,18.9,100,1011,4.1,170,0
1981,12,28,8,169,167,122,20.6,19.4,93,1011,5.2,170,0
1981,12,28,9,191,45,172,21.7,20,90,1012,3.6,180,0
1981,12,28,10,213,46,188,22.8,20.6,87,1011,4.1,190,0
1981,12,28,11,343,348,137,23.9,21.1,85,1011,4.1,200,0
1981,12,28,12,430,335,232,26.7,21.1,72,1010,6.7,200,0
1981,12,28,13,313,197,207,27.2,21.1,69,1010,6.2,210,0
1981,12,28,14,103,11,98,21.1,19.4,90,1011,4.1,340,0
1981,12,28,15,59,13,56,20.6,19.4,93,1012,1.5,10,0
1981,12,28,16,38,15,37,19.4,18.9,97,1012,2.1,40,0
1981,12,28,17,0,0,0,18.9,18.9,100,1013,1.5,10,0
1981,12,28,18,0,0,0,18.9,18.3,97,1013,3.1,20,0
1981,12,28,19,0,0,0,18.3,18.3,100,1014,2.6,30,0
1981,12,28,20,0,0,0,17.8,17.8,100,1015,3.1,30,0
1981,12,28,21,0,0,0,17.8,17.8,100,1015,3.6,30,0
1981,12,28,22,0,0,0,17.2,16.7,97,1016,5.2,10,0
1981,12,28,23,0,0,0,16.1,13.9,87,1016,5.7,20,0
1981,12,29,0,0,0,0,15.6,12.8,84,1017,5.2,10,0
1981,12,29,1,0,0,0,14.4,11.7,84,1017,4.6,10,0
1981,12,29,2,0,0,0,13.9,10.6,80,1017,5.7,360,0
1981,12,29,3,0,0,0,13.3,9.4,78,1018,5.2,360,0
1981,12,29,4,0,0,0,12.8,9.4,80,1018,5.2,360,0
1981,12,29,5,0,0,0,12.8,8.3,75,1019,5.2,20,0
1981,12,29,6,0,0,0,11.7,8.3,80,1020,5.2,10,0
1981,12,29,7,16,6,15,10.6,8.3,86,1020,4.6,30,0
1981,12,29,8,76,5,74,10.6,8.3,86,1021,6.2,50,0
1981,12,29,9,154,12,149,10.6,8.3,86,1021,6.2,40,0
1981,12,29,10,217,13,210,11.1,8.3,83,1021,5.7,40,0
1981,12,29,11,167,4,165,11.1,8.3,83,1021,4.1,20,0
1981,12,29,12,159,8,155,11.1,8.3,83,1020,4.6,50,0
1981,12,29,13,161,4,159,10.6,8.3,86,1020,5.2,70,0
1981,12,29,14,132,3,131,11.1,9.4,90,1021,2.1,60,0
1981,12,29,15,76,1,75,11.1,8.9,86,1021,3.1,30,0
1981,12,29,16,50,0,50,11.1,6.1,72,1021,3.1,40,0
1981,12,29,17,3,0,3,11.1,7.8,80,1021,3.1,30,0
1981,12,29,18,0,0,0,11.7,8.3,80,1022,3.1,40,0
1981,12,29,19,0,0,0,11.7,6.1,69,1022,4.1,40,0
1981,12,29,20,0,0,0,12.2,5,62,1022,5.2,30,0
1981,12,29,21,0,0,0,11.7,5,64,1022,4.6,40,0
1981,12,29,22,0,0,0,11.7,3.3,57,1022,5.2,40,0
1981,12,29,23,0,0,0,11.7,3.3,57,1022,5.2,40,0
1981,12,30,0,0,0,0,11.1,3.3,59,1022,6.2,50,0
1981,12,30,1,0,0,0,10,2.8,61,1022,5.2,40,0
1981,12,30,2,0,0,0,10,2.8,61,1021,6.2,50,0
1981,12,30,3,0,0,0,9.4,2.8,63,1021,5.2,60,0
1981,12,30,4,0,0,0,9.4,2.8,63,1021,4.6,30,0
1981,12,30,5,0,0,0,9.4,2.8,63,1021,4.6,50,0
1981,12,30,6,0,0,0,10,2.8,61,1022,5.2,60,0
1981,12,30,7,41,1,41,9.4,2.8,63,1021,5.2,50,0
1981,12,30,8,127,1,127,10,2.8,61,1021,4.6,50,0
1981,12,30,9,201,1,200,10,2.8,61,1022,4.6,60,0
1981,12,30,10,273,2,272,10.6,2.8,59,1022,4.1,60,0
1981,12,30,11,304,82,255,11.7,3.9,59,1021,4.1,40,0
1981,12,30,12,339,132,260,11.7,3.9,59,1019,5.2,60,0
1981,12,30,13,165,7,161,11.7,5.6,66,1019,5.2,60,0
1981,12,30,14,156,10,152,12.2,6.1,67,1017,6.2,80,0
1981,12,30,15,95,7,93,12.8,7.2,69,1018,4.6,70,0
1981,12,30,16,40,6,40,12.2,8.3,77,1018,4.1,40,0
1981,12,30,17,1,0,1,11.7,8.9,83,1017,6.7,60,0
1981,12,30,18,0,0,0,12.2,10,86,1016,6.2,70,0
1981,12,30,19,0,0,0,12.2,10,86,1016,7.7,80,0
1981,12,30,20,0,0,0,12.8,10.6,86,1015,6.7,90,0
1981,12,30,21,0,0,0,12.8,10.6,86,1015,7.2,90,0
1981,12,30,22,0,0,0,12.8,11.1,90,1014,6.2,120,0
1981,12,30,23,0,0,0,13.3,11.7,90,1011,7.2,120,0
1981,12,31,0,0,0,0,14.4,12.8,90,1009,8.2,90,0
1981,12,31,1,0,0,0,15.6,14.4,93,1009,8.8,130,0
1981,12,31,2,0,0,0,16.1,15,93,1009,6.2,120,0
1981,12,31,3,0,0,0,16.1,15,93,1007,4.6,130,0
1981,12,31,4,0,0,0,17.8,16.1,90,1008,5.2,230,0
1981,12,31,5,0,0,0,13.9,12.8,93,1010,5.7,360,0
1981,12,31,6,0,0,0,12.2,11.7,96,1010,3.1,50,0
1981,12,31,7,53,116,41,12.8,11.7,93,1010,3.1,80,0
1981,12,31,8,221,609,50,15.6,12.8,84,1011,3.1,140,0
1981,12,31,9,381,734,66,18.3,12.8,70,1011,3.1,180,0
1981,12,31,10,513,819,75,19.4,14.4,73,1011,3.6,190,0
1981,12,31,11,594,871,78,22.2,16.1,68,1010,5.2,260,0
1981,12,31,12,545,742,103,22.8,16.1,66,1009,4.1,260,0
1981,12,31,13,520,747,114,23.9,15.6,60,1009,4.1,300,0
1981,12,31,14,417,798,63,24.4,16.1,60,1009,4.1,270,0
1981,12,31,15,251,678,48,22.8,16.1,66,1009,3.1,350,0
1981,12,31,16,76,389,29,20.6,15.6,73,1010,1.5,90,0
1981,12,31,17,4,12,2,19.4,15.6,78,1010,3.1,220,0
1981,12,31,18,0,0,0,17.8,15,84,1011,2.6,200,0
1981,12,31,19,0,0,0,17.2,15,87,1012,4.1,220,0
1981,12,31,20,0,0,0,16.7,15,90,1012,4.1,240,0
1981,12,31,21,0,0,0,16.1,15,93,1012,3.6,240,0
1981,12,31,22,0,0,0,16.1,14.4,90,1012,3.6,240,0
1981,12,31,23,0,0,0,14.4,13.3,93,1013,2.6,220,0
>>>>>>> 2c85b0ce6a18646fb532eb72a604d646517b67ae
