<<<<<<< HEAD
Source,Location ID,City,State,Country,Latitude,Longitude,Time Zone,Elevation
TMY2,21504,Hilo,HI,USA,19.716667,-155.066667,-10,11
Year,Month,Day,Hour,GHI,DNI,DHI,Tdry,Tdew,RH,Pres,Wspd,Wdir,Snow Depth
1969,1,1,0,0,0,0,17.8,13.1,74,1010,1.5,190,0
1969,1,1,1,0,0,0,17.2,12.8,75,1010,1.5,200,0
1969,1,1,2,0,0,0,16.5,12.7,78,1010,1.5,210,0
1969,1,1,3,0,0,0,15.7,12.5,81,1010,1.5,220,0
1969,1,1,4,0,0,0,15,12.2,84,1010,1.5,230,0
1969,1,1,5,0,0,0,16.1,12.5,79,1010,1.7,230,0
1969,1,1,6,2,3,1,17.2,12.8,75,1010,1.9,220,0
1969,1,1,7,69,256,39,18.3,12.8,70,1010,2.1,220,0
1969,1,1,8,253,493,93,21.5,14.4,64,1010,3.5,200,0
1969,1,1,9,407,568,124,24.6,15.5,57,1009,4.8,190,0
1969,1,1,10,602,705,158,27.8,16.7,51,1009,6.2,170,0
1969,1,1,11,689,774,139,28.2,17.1,51,1008,6.5,170,0
1969,1,1,12,749,843,130,28.5,17.4,51,1007,6.9,170,0
1969,1,1,13,729,928,82,28.9,17.8,51,1006,7.2,170,0
1969,1,1,14,612,889,74,28,17.6,53,1006,6.5,160,0
1969,1,1,15,419,771,62,27,16.9,54,1007,5.9,160,0
1969,1,1,16,218,619,45,26.1,16.7,56,1007,5.2,150,0
1969,1,1,17,54,235,27,24.8,16.8,61,1008,4,170,0
1969,1,1,18,0,0,0,23.5,16.8,66,1009,2.7,180,0
1969,1,1,19,0,0,0,22.2,16.7,71,1010,1.5,200,0
1969,1,1,20,0,0,0,21.1,16.5,75,1010,1,200,0
1969,1,1,21,0,0,0,20,16.5,80,1010,0.5,210,0
1969,1,1,22,0,0,0,18.9,16.1,84,1010,0,0,0
1969,1,1,23,0,0,0,18.7,15.4,81,1009,0.9,210,0
1969,1,2,0,0,0,0,18.5,14.6,78,1009,1.7,220,0
1969,1,2,1,0,0,0,18.3,13.9,75,1009,2.6,220,0
1969,1,2,2,0,0,0,18.1,13.8,76,1009,2.8,220,0
1969,1,2,3,0,0,0,18,13.9,77,1009,2.9,230,0
1969,1,2,4,0,0,0,17.8,13.9,78,1009,3.1,230,0
1969,1,2,5,0,0,0,18.5,13.8,74,1009,2.8,210,0
1969,1,2,6,3,3,2,19.3,13.7,70,1009,2.4,190,0
1969,1,2,7,62,161,43,20,13.3,66,1010,2.1,170,0
1969,1,2,8,181,195,118,22.8,15.9,65,1010,2.4,150,0
1969,1,2,9,363,450,139,25.5,18.2,64,1010,2.8,140,0
1969,1,2,10,476,485,170,28.3,20.6,63,1010,3.1,120,0
1969,1,2,11,458,318,232,28.5,21.3,65,1009,3.8,120,0
1969,1,2,12,604,513,227,28.7,22.2,68,1008,4.5,110,0
1969,1,2,13,548,451,233,28.9,22.8,70,1007,5.2,110,0
1969,1,2,14,419,343,210,28.2,22.4,71,1007,5,130,0
1969,1,2,15,384,451,175,27.4,21.7,71,1007,4.8,140,0
1969,1,2,16,144,44,131,26.7,21.1,72,1007,4.6,160,0
1969,1,2,17,30,14,28,25.9,21.1,75,1008,3.6,120,0
1969,1,2,18,0,0,0,25.2,21.3,79,1009,2.5,70,0
1969,1,2,19,0,0,0,24.4,21.1,82,1010,1.5,30,0
1969,1,2,20,0,0,0,24,20.9,83,1010,1,40,0
1969,1,2,21,0,0,0,23.7,20.7,83,1010,0.5,60,0
1969,1,2,22,0,0,0,23.3,20.6,84,1010,0,0,0
1969,1,2,23,0,0,0,22.8,20.2,85,1009,0,0,0
1969,1,3,0,0,0,0,22.2,19.8,86,1009,0,0,0
1969,1,3,1,0,0,0,21.7,19.4,87,1009,0,0,0
1969,1,3,2,0,0,0,21.5,19.3,87,1009,0,0,0
1969,1,3,3,0,0,0,21.3,19.1,87,1010,0,0,0
1969,1,3,4,0,0,0,21.1,18.9,87,1010,0,0,0
1969,1,3,5,0,0,0,21.1,19.1,88,1010,1,160,0
1969,1,3,6,1,0,1,21.1,19.2,89,1011,2.1,180,0
1969,1,3,7,23,1,23,21.1,19.4,90,1011,3.1,190,0
1969,1,3,8,114,9,111,21.7,19.6,88,1011,3.8,210,0
1969,1,3,9,222,2,220,22.2,19.8,86,1011,4.5,220,0
1969,1,3,10,189,7,185,22.8,20,84,1012,5.2,240,0
1969,1,3,11,316,9,310,23.5,20.3,82,1011,4.3,220,0
1969,1,3,12,322,1,321,24.3,20.8,81,1010,3.5,190,0
1969,1,3,13,303,3,302,25,21.1,79,1009,2.6,170,0
1969,1,3,14,289,1,288,24.4,21.1,82,1009,2.9,220,0
1969,1,3,15,243,1,242,23.9,21,84,1010,3.3,280,0
1969,1,3,16,150,1,149,23.3,21.1,87,1010,3.6,330,0
1969,1,3,17,46,1,45,22.6,20.2,86,1010,3.1,310,0
1969,1,3,18,0,0,0,21.8,19.2,85,1010,2.6,280,0
1969,1,3,19,0,0,0,21.1,18.3,84,1011,2.1,260,0
1969,1,3,20,0,0,0,21.1,18.5,85,1011,2.1,250,0
1969,1,3,21,0,0,0,21.1,18.7,86,1011,2.1,230,0
1969,1,3,22,0,0,0,21.1,18.9,87,1011,2.1,220,0
1969,1,3,23,0,0,0,20.9,18.9,88,1011,2.3,230,0
1969,1,4,0,0,0,0,20.8,18.9,89,1011,2.4,250,0
1969,1,4,1,0,0,0,20.6,18.9,90,1010,2.6,260,0
1969,1,4,2,0,0,0,20.4,18.5,89,1010,2.2,230,0
1969,1,4,3,0,0,0,20.2,18.2,88,1009,1.9,200,0
1969,1,4,4,0,0,0,20,17.8,87,1009,1.5,170,0
1969,1,4,5,0,0,0,20.2,17.8,86,1009,2,190,0
1969,1,4,6,2,0,2,20.4,17.8,85,1010,2.6,210,0
1969,1,4,7,52,0,52,20.6,17.8,84,1010,3.1,230,0
1969,1,4,8,171,0,171,21.7,18.3,81,1010,3.3,230,0
1969,1,4,9,254,1,253,22.8,18.6,77,1010,3.4,230,0
1969,1,4,10,184,2,183,23.9,18.9,74,1010,3.6,230,0
1969,1,4,11,360,1,359,23.5,19.3,77,1009,3.4,200,0
1969,1,4,12,394,0,393,23.2,19.8,81,1007,3.3,180,0
1969,1,4,13,213,0,213,22.8,20,84,1006,3.1,150,0
1969,1,4,14,293,0,293,23,20.2,84,1006,3.3,150,0
1969,1,4,15,247,0,247,23.1,20.3,84,1006,3.4,140,0
1969,1,4,16,85,0,85,23.3,20.6,84,1005,3.6,140,0
1969,1,4,17,42,0,42,22.9,20.3,85,1006,4.1,140,0
1969,1,4,18,0,0,0,22.6,20.2,86,1006,4.7,140,0
1969,1,4,19,0,0,0,22.2,20,87,1006,5.2,140,0
1969,1,4,20,0,0,0,22,19.9,88,1006,4.5,150,0
1969,1,4,21,0,0,0,21.9,20,89,1006,3.8,160,0
1969,1,4,22,0,0,0,21.7,20,90,1006,3.1,170,0
1969,1,4,23,0,0,0,21.5,19.8,90,1005,3.1,180,0
1969,1,5,0,0,0,0,21.3,19.6,90,1005,3.1,180,0
1969,1,5,1,0,0,0,21.1,19.4,90,1004,3.1,190,0
1969,1,5,2,0,0,0,21.3,19.8,91,1004,3.8,190,0
1969,1,5,3,0,0,0,21.5,20.2,92,1003,4.5,200,0
1969,1,5,4,0,0,0,21.7,20.6,93,1003,5.2,200,0
1969,1,5,5,0,0,0,21.5,20,91,1004,4.3,200,0
1969,1,5,6,1,0,1,21.3,19.4,89,1004,3.5,190,0
1969,1,5,7,28,0,28,21.1,18.9,87,1005,2.6,190,0
1969,1,5,8,142,1,142,21.7,19.5,87,1005,4.1,170,0
1969,1,5,9,252,1,252,22.2,19.9,87,1004,5.7,160,0
1969,1,5,10,298,2,297,22.8,20.6,87,1004,7.2,140,0
1969,1,5,11,307,101,235,23.7,20.7,83,1003,6.9,150,0
1969,1,5,12,372,175,243,24.7,20.6,78,1002,6.5,150,0
1969,1,5,13,348,125,260,25.6,20.6,74,1000,6.2,160,0
1969,1,5,14,310,110,242,24.7,20.6,78,1000,6.4,160,0
1969,1,5,15,255,152,184,23.7,20.7,83,1001,6.5,160,0
1969,1,5,16,66,19,61,22.8,20.6,87,1001,6.7,160,0
1969,1,5,17,37,18,35,22.8,20.5,87,1001,6,160,0
1969,1,5,18,0,0,0,22.8,20.5,87,1001,5.3,150,0
1969,1,5,19,0,0,0,22.8,20.6,87,1002,4.6,150,0
1969,1,5,20,0,0,0,22.6,20.2,86,1002,4.4,160,0
1969,1,5,21,0,0,0,22.4,19.8,85,1002,4.3,180,0
1969,1,5,22,0,0,0,22.2,19.4,84,1002,4.1,190,0
1969,1,5,23,0,0,0,22.2,19.4,84,1001,2.7,190,0
1969,1,6,0,0,0,0,22.2,19.4,84,1001,1.4,190,0
1969,1,6,1,0,0,0,22.2,19.4,84,1001,0,0,0
1969,1,6,2,0,0,0,22.2,19.2,83,1001,1,200,0
1969,1,6,3,0,0,0,22.2,19.2,83,1001,2.1,200,0
1969,1,6,4,0,0,0,22.2,18.9,82,1001,3.1,200,0
1969,1,6,5,0,0,0,21.8,19.2,85,1002,3.1,210,0
1969,1,6,6,0,0,0,21.5,19.3,87,1003,3.1,230,0
1969,1,6,7,22,2,21,21.1,19.4,90,1004,3.1,240,0
1969,1,6,8,115,6,113,21.3,19.6,90,1004,2.6,210,0
1969,1,6,9,202,8,198,21.5,19.8,90,1004,2,190,0
1969,1,6,10,166,4,164,21.7,20,90,1004,1.5,160,0
1969,1,6,11,354,7,349,22.6,20.3,87,1003,2.4,160,0
1969,1,6,12,390,158,273,23.5,20.8,85,1002,3.2,160,0
1969,1,6,13,378,152,271,24.4,21.1,82,1001,4.1,160,0
1969,1,6,14,500,368,274,23.7,21,85,1002,4.3,160,0
1969,1,6,15,177,9,173,22.9,20.6,87,1002,4.4,160,0
1969,1,6,16,65,8,63,22.2,20.6,90,1002,4.6,160,0
1969,1,6,17,28,2,28,22.2,20.3,89,1002,4.8,160,0
1969,1,6,18,0,0,0,22.2,20.1,88,1003,5,150,0
1969,1,6,19,0,0,0,22.2,20,87,1003,5.2,150,0
1969,1,6,20,0,0,0,22,20.1,89,1004,4,90,0
1969,1,6,21,0,0,0,21.9,20.4,91,1004,2.7,40,0
1969,1,6,22,0,0,0,21.7,20.6,93,1004,1.5,340,0
1969,1,6,23,0,0,0,21.9,20.6,92,1004,2.2,10,0
1969,1,7,0,0,0,0,22,20.5,91,1003,2.9,50,0
1969,1,7,1,0,0,0,22.2,20.6,90,1002,3.6,80,0
1969,1,7,2,0,0,0,22.2,20.1,88,1002,3.8,60,0
1969,1,7,3,0,0,0,22.2,19.8,86,1003,3.9,30,0
1969,1,7,4,0,0,0,22.2,19.4,84,1003,4.1,10,0
1969,1,7,5,0,0,0,22,19.4,85,1004,2.7,10,0
1969,1,7,6,0,0,0,21.9,19.5,86,1005,1.4,10,0
1969,1,7,7,47,4,46,21.7,19.4,87,1006,0,0,0
1969,1,7,8,146,71,123,23,20.2,84,1006,1,0,0
1969,1,7,9,194,55,166,24.3,20.6,80,1006,2.1,0,0
1969,1,7,10,486,391,238,25.6,21.1,77,1006,3.1,0,0
1969,1,7,11,498,322,268,25.6,21.3,77,1006,3.3,0,0
1969,1,7,12,622,405,322,25.6,21.3,77,1005,3.4,0,0
1969,1,7,13,694,677,216,25.6,21.1,77,1005,3.6,0,0
1969,1,7,14,426,206,299,25,21.3,80,1005,3.3,360,0
1969,1,7,15,223,124,164,24.5,21.6,84,1006,2.9,350,0
1969,1,7,16,65,4,64,23.9,21.7,87,1006,2.6,350,0
1969,1,7,17,36,2,35,23.3,21.4,89,1007,1.7,350,0
1969,1,7,18,0,0,0,22.8,21.3,91,1008,0.9,350,0
1969,1,7,19,0,0,0,22.2,21.1,93,1008,0,0,0
1969,1,7,20,0,0,0,22.2,20.8,92,1008,0,0,0
1969,1,7,21,0,0,0,22.2,20.7,91,1008,0,0,0
1969,1,7,22,0,0,0,22.2,20.6,90,1009,0,0,0
1969,1,7,23,0,0,0,22.2,20.5,90,1008,0.7,340,0
1969,1,8,0,0,0,0,22.2,20.5,90,1008,1.4,340,0
1969,1,8,1,0,0,0,22.2,20.6,90,1008,2.1,340,0
1969,1,8,2,0,0,0,22,20.3,90,1008,1.4,10,0
1969,1,8,3,0,0,0,21.9,20.2,90,1008,0.7,30,0
1969,1,8,4,0,0,0,21.7,20,90,1008,0,0,0
1969,1,8,5,0,0,0,21.7,20,90,1009,0.9,80,0
1969,1,8,6,0,0,0,21.7,20,90,1010,1.7,110,0
1969,1,8,7,42,20,40,21.7,20,90,1010,2.6,130,0
1969,1,8,8,171,95,140,23.2,20.7,86,1010,3.8,140,0
1969,1,8,9,324,343,153,24.6,21.5,83,1010,5,160,0
1969,1,8,10,353,151,257,26.1,22.2,79,1010,6.2,170,0
1969,1,8,11,585,436,272,26.8,21.6,73,1009,6.5,170,0
1969,1,8,12,455,276,250,27.6,20.9,67,1008,6.9,170,0
1969,1,8,13,657,575,250,28.3,20,61,1007,7.2,170,0
1969,1,8,14,526,484,226,27.9,20,62,1007,6.9,170,0
1969,1,8,15,229,75,193,27.6,20.2,64,1007,6.5,180,0
1969,1,8,16,154,22,148,27.2,20,65,1007,6.2,180,0
1969,1,8,17,51,32,48,25.7,20.1,71,1007,4.1,180,0
1969,1,8,18,0,0,0,24.3,20.2,78,1008,2.1,170,0
1969,1,8,19,0,0,0,22.8,20,84,1008,0,0,0
1969,1,8,20,0,0,0,23.2,20.2,83,1008,2.2,170,0
1969,1,8,21,0,0,0,23.5,20.5,83,1007,4.5,160,0
1969,1,8,22,0,0,0,23.9,20.6,82,1007,6.7,160,0
1969,1,8,23,0,0,0,23.7,20.3,81,1007,5.3,170,0
1969,1,9,0,0,0,0,23.5,19.9,80,1006,4,170,0
1969,1,9,1,0,0,0,23.3,19.4,79,1006,2.6,180,0
1969,1,9,2,0,0,0,22.8,20,84,1006,2.6,170,0
1969,1,9,3,0,0,0,22.2,20.1,88,1007,2.6,170,0
1969,1,9,4,0,0,0,21.7,20.6,93,1007,2.6,160,0
1969,1,9,5,0,0,0,22.1,20.8,92,1007,1.7,170,0
1969,1,9,6,0,0,0,22.4,20.9,91,1008,0.9,170,0
1969,1,9,7,17,1,17,22.8,21.1,90,1008,0,0,0
1969,1,9,8,140,5,138,23.9,21.4,86,1008,1,180,0
1969,1,9,9,208,12,202,25,21.9,83,1007,2.1,190,0
1969,1,9,10,269,2,267,26.1,22.2,79,1007,3.1,190,0
1969,1,9,11,282,0,282,25.9,22.2,80,1006,2.8,240,0
1969,1,9,12,378,7,372,25.8,22.3,81,1005,2.4,290,0
1969,1,9,13,181,2,180,25.6,22.2,82,1004,2.1,340,0
1969,1,9,14,280,5,277,24.8,21.9,84,1004,1.9,280,0
1969,1,9,15,245,2,245,24.1,21.4,85,1005,1.7,230,0
1969,1,9,16,82,1,82,23.3,21.1,87,1005,1.5,170,0
1969,1,9,17,42,1,42,22.6,20.7,89,1005,1.7,160,0
1969,1,9,18,0,0,0,21.8,20.3,91,1006,1.9,140,0
1969,1,9,19,0,0,0,21.1,20,93,1006,2.1,130,0
1969,1,9,20,0,0,0,21.1,19.8,92,1006,1.9,160,0
1969,1,9,21,0,0,0,21.1,19.6,91,1006,1.7,180,0
1969,1,9,22,0,0,0,21.1,19.4,90,1006,1.5,210,0
1969,1,9,23,0,0,0,21.1,19.6,91,1006,1.9,240,0
1969,1,10,0,0,0,0,21.1,19.8,92,1005,2.2,270,0
1969,1,10,1,0,0,0,21.1,20,93,1004,2.6,300,0
1969,1,10,2,0,0,0,20.4,19.2,93,1004,2.8,280,0
1969,1,10,3,0,0,0,19.6,18.5,93,1004,2.9,250,0
1969,1,10,4,0,0,0,18.9,17.8,93,1004,3.1,230,0
1969,1,10,5,0,0,0,19.3,17.8,91,1005,3.3,230,0
1969,1,10,6,0,0,0,19.6,17.8,89,1005,3.4,240,0
1969,1,10,7,63,194,41,20,17.8,87,1005,3.6,240,0
1969,1,10,8,242,446,99,22,19,83,1005,3.6,270,0
1969,1,10,9,341,418,132,24.1,20,78,1005,3.6,300,0
1969,1,10,10,587,754,109,26.1,21.1,74,1005,3.6,330,0
1969,1,10,11,708,794,138,25.9,20.5,72,1005,3.9,340,0
1969,1,10,12,657,680,150,25.8,20.2,71,1004,4.3,350,0
1969,1,10,13,503,386,228,25.6,19.4,69,1003,4.6,360,0
1969,1,10,14,359,188,241,25.2,19.4,70,1004,4.4,360,0
1969,1,10,15,281,110,228,24.8,19,70,1004,4.3,360,0
1969,1,10,16,92,23,85,24.4,18.9,71,1004,4.1,360,0
1969,1,10,17,36,20,34,24.4,18.4,69,1005,3.4,350,0
1969,1,10,18,0,0,0,24.4,18.1,68,1006,2.8,340,0
1969,1,10,19,0,0,0,24.4,17.8,66,1007,2.1,330,0
1969,1,10,20,0,0,0,23.3,18,72,1007,2.3,300,0
1969,1,10,21,0,0,0,22.2,18.2,78,1008,2.4,270,0
1969,1,10,22,0,0,0,21.1,18.3,84,1008,2.6,240,0
1969,1,10,23,0,0,0,20.7,17.9,84,1008,2.4,240,0
1969,1,11,0,0,0,0,20.4,17.6,84,1007,2.3,240,0
1969,1,11,1,0,0,0,20,17.2,84,1007,2.1,240,0
1969,1,11,2,0,0,0,19.4,15.7,79,1007,2.4,240,0
1969,1,11,3,0,0,0,18.9,14.4,75,1007,2.8,230,0
1969,1,11,4,0,0,0,18.3,12.8,70,1007,3.1,230,0
1969,1,11,5,0,0,0,18.9,13.1,69,1007,2.9,230,0
1969,1,11,6,0,0,0,19.4,13.2,67,1008,2.8,220,0
1969,1,11,7,62,237,35,20,13.3,66,1008,2.6,220,0
1969,1,11,8,218,417,84,22,14.9,64,1008,2.4,260,0
1969,1,11,9,466,819,57,24.1,16.4,62,1009,2.3,310,0
1969,1,11,10,623,877,66,26.1,17.8,60,1009,2.1,350,0
1969,1,11,11,721,884,84,25.7,17.9,62,1008,2.1,330,0
1969,1,11,12,657,593,213,25.4,18.4,65,1007,2.1,320,0
1969,1,11,13,582,517,212,25,18.3,67,1006,2.1,300,0
1969,1,11,14,388,261,225,24.8,18.5,68,1006,1.4,280,0
1969,1,11,15,319,179,232,24.6,18.8,70,1007,0.7,260,0
1969,1,11,16,159,160,111,24.4,18.9,71,1007,0,0,0
1969,1,11,17,32,40,28,23.7,19,75,1008,0.5,230,0
1969,1,11,18,0,0,0,22.9,18.9,78,1008,1,210,0
1969,1,11,19,0,0,0,22.2,18.9,82,1009,1.5,190,0
1969,1,11,20,0,0,0,21.5,18.5,83,1009,1.7,200,0
1969,1,11,21,0,0,0,20.7,17.7,83,1009,1.9,200,0
1969,1,11,22,0,0,0,20,17.2,84,1010,2.1,210,0
1969,1,11,23,0,0,0,19.8,16.9,83,1009,2.1,210,0
1969,1,12,0,0,0,0,19.6,16.5,82,1009,2.1,220,0
1969,1,12,1,0,0,0,19.4,16.1,81,1009,2.1,220,0
1969,1,12,2,0,0,0,19.4,15.9,80,1009,2.6,230,0
1969,1,12,3,0,0,0,19.4,15.7,79,1009,3.1,230,0
1969,1,12,4,0,0,0,19.4,15.6,78,1009,3.6,240,0
1969,1,12,5,0,0,0,19.6,15.3,76,1009,3.3,240,0
1969,1,12,6,0,0,0,19.8,15.3,75,1010,2.9,230,0
1969,1,12,7,61,144,44,20,15,73,1010,2.6,230,0
1969,1,12,8,185,248,105,22.2,16.3,69,1010,2.8,190,0
1969,1,12,9,386,410,181,24.5,17.3,64,1010,2.9,140,0
1969,1,12,10,603,731,138,26.7,18.3,60,1010,3.1,100,0
1969,1,12,11,614,602,179,26.3,18.2,61,1009,3.1,100,0
1969,1,12,12,627,543,220,26,17.9,61,1009,3.1,100,0
1969,1,12,13,553,387,275,25.6,17.8,62,1008,3.1,100,0
1969,1,12,14,420,255,259,25.2,17.7,63,1008,2.8,110,0
1969,1,12,15,266,131,202,24.8,17.8,65,1008,2.4,110,0
1969,1,12,16,114,97,84,24.4,17.8,66,1009,2.1,120,0
1969,1,12,17,37,9,36,23.7,18.2,71,1009,2.1,150,0
1969,1,12,18,0,0,0,22.9,18.7,77,1009,2.1,190,0
1969,1,12,19,0,0,0,22.2,18.9,82,1010,2.1,220,0
1969,1,12,20,0,0,0,21.8,18.8,83,1010,1.9,220,0
1969,1,12,21,0,0,0,21.5,18.5,83,1010,1.7,210,0
1969,1,12,22,0,0,0,21.1,18.3,84,1010,1.5,210,0
1969,1,12,23,0,0,0,20.5,17.2,81,1010,1.9,210,0
1969,1,13,0,0,0,0,20,16.3,79,1010,2.2,210,0
1969,1,13,1,0,0,0,19.4,15,76,1009,2.6,210,0
1969,1,13,2,0,0,0,19.2,15.1,77,1009,2.2,200,0
1969,1,13,3,0,0,0,19.1,15,77,1009,1.9,190,0
1969,1,13,4,0,0,0,18.9,15,78,1009,1.5,180,0
1969,1,13,5,0,0,0,19.1,14.6,75,1009,2,190,0
1969,1,13,6,0,0,0,19.2,13.8,71,1009,2.6,190,0
1969,1,13,7,73,407,27,19.4,13.3,68,1010,3.1,200,0
1969,1,13,8,257,677,40,21.6,14.5,64,1010,3.1,250,0
1969,1,13,9,450,760,70,23.9,15.7,60,1010,3.1,290,0
1969,1,13,10,607,860,59,26.1,16.7,56,1010,3.1,340,0
1969,1,13,11,713,829,113,25.7,17.4,60,1009,3.1,340,0
1969,1,13,12,644,593,199,25.4,17.9,63,1008,3.1,330,0
1969,1,13,13,364,86,302,25,18.3,67,1007,3.1,330,0
1969,1,13,14,234,4,232,24.8,18.7,69,1007,2.8,340,0
1969,1,13,15,231,68,197,24.6,19.2,72,1008,2.4,350,0
1969,1,13,16,145,49,130,24.4,19.4,74,1008,2.1,360,0
1969,1,13,17,26,0,26,23.5,19.3,77,1008,2.3,310,0
1969,1,13,18,0,0,0,22.6,19.2,81,1009,2.4,250,0
1969,1,13,19,0,0,0,21.7,18.9,84,1009,2.6,200,0
1969,1,13,20,0,0,0,21.1,17.7,81,1010,2.4,210,0
1969,1,13,21,0,0,0,20.6,16.9,79,1010,2.3,230,0
1969,1,13,22,0,0,0,20,15.6,76,1010,2.1,240,0
1969,1,13,23,0,0,0,19.8,15.9,78,1010,1.9,240,0
1969,1,14,0,0,0,0,19.6,15.9,79,1009,1.7,230,0
1969,1,14,1,0,0,0,19.4,16.1,81,1008,1.5,230,0
1969,1,14,2,0,0,0,19.4,16.1,81,1008,1.9,230,0
1969,1,14,3,0,0,0,19.4,16.1,81,1008,2.2,220,0
1969,1,14,4,0,0,0,19.4,16.1,81,1007,2.6,220,0
1969,1,14,5,0,0,0,19.6,15.9,79,1008,2.6,220,0
1969,1,14,6,0,0,0,19.8,15.9,78,1009,2.6,210,0
1969,1,14,7,62,106,50,20,15.6,76,1009,2.6,210,0
1969,1,14,8,200,343,90,22,16.7,72,1009,2.8,260,0
1969,1,14,9,354,439,134,24.1,18.1,69,1009,2.9,320,0
1969,1,14,10,614,761,128,26.1,18.9,65,1009,3.1,10,0
1969,1,14,11,731,778,167,26.1,18.5,63,1008,3.3,0,0
1969,1,14,12,515,393,219,26.1,17.8,60,1008,3.4,350,0
1969,1,14,13,406,209,255,26.1,17.2,58,1007,3.6,340,0
1969,1,14,14,503,508,182,25.5,17.7,62,1007,2.4,320,0
1969,1,14,15,379,434,165,25,18,65,1007,1.2,300,0
1969,1,14,16,204,274,118,24.4,18.3,69,1007,0,0,0
1969,1,14,17,54,190,32,23.3,18,72,1008,0.7,270,0
1969,1,14,18,0,0,0,22.2,17.8,76,1008,1.4,250,0
1969,1,14,19,0,0,0,21.1,17.2,79,1009,2.1,230,0
1969,1,14,20,0,0,0,20.7,17.2,80,1009,2.3,230,0
1969,1,14,21,0,0,0,20.4,16.9,80,1010,2.4,230,0
1969,1,14,22,0,0,0,20,16.7,81,1010,2.6,230,0
1969,1,14,23,0,0,0,19.6,15.9,79,1009,2.4,220,0
1969,1,15,0,0,0,0,19.3,15.4,78,1009,2.3,220,0
1969,1,15,1,0,0,0,18.9,14.4,76,1009,2.1,210,0
1969,1,15,2,0,0,0,18.7,14.8,78,1009,2.1,200,0
1969,1,15,3,0,0,0,18.5,14.8,79,1009,2.1,190,0
1969,1,15,4,0,0,0,18.3,15,81,1009,2.1,180,0
1969,1,15,5,0,0,0,18.7,15.2,80,1009,2.6,190,0
1969,1,15,6,0,0,0,19,15.3,79,1009,3.1,210,0
1969,1,15,7,59,161,40,19.4,15.6,78,1010,3.6,220,0
1969,1,15,8,241,483,86,21.6,15.5,68,1010,3.4,270,0
1969,1,15,9,345,395,147,23.9,15.4,59,1010,3.3,310,0
1969,1,15,10,553,596,172,26.1,14.4,49,1010,3.1,360,0
1969,1,15,11,556,470,214,25.7,15.4,53,1009,4.5,350,0
1969,1,15,12,499,390,205,25.4,16,56,1008,5.8,350,0
1969,1,15,13,435,115,352,25,16.7,60,1007,7.2,340,0
1969,1,15,14,382,188,263,24.6,16.9,62,1007,7.4,330,0
1969,1,15,15,273,179,184,24.3,17.1,64,1008,7.5,330,0
1969,1,15,16,190,122,152,23.9,17.2,66,1008,7.7,320,0
1969,1,15,17,48,63,41,23.3,16.9,67,1009,5.8,300,0
1969,1,15,18,0,0,0,22.8,16.4,67,1009,4,290,0
1969,1,15,19,0,0,0,22.2,16.1,68,1010,2.1,270,0
1969,1,15,20,0,0,0,21.3,16.1,72,1010,2.3,260,0
1969,1,15,21,0,0,0,20.3,16.2,77,1010,2.4,260,0
1969,1,15,22,0,0,0,19.4,16.1,81,1011,2.6,250,0
1969,1,15,23,0,0,0,19,14.9,77,1010,2.2,230,0
1969,1,16,0,0,0,0,18.7,14,74,1010,1.9,200,0
1969,1,16,1,0,0,0,18.3,12.8,70,1010,1.5,180,0
1969,1,16,2,0,0,0,17.8,12.7,72,1010,1.5,180,0
1969,1,16,3,0,0,0,17.2,12.4,73,1009,1.5,180,0
1969,1,16,4,0,0,0,16.7,12.2,75,1009,1.5,180,0
1969,1,16,5,0,0,0,17.4,12.1,71,1010,1.9,190,0
1969,1,16,6,0,0,0,18.2,12,67,1010,2.2,210,0
1969,1,16,7,65,345,26,18.9,11.7,63,1011,2.6,220,0
1969,1,16,8,267,687,46,21.1,12.8,59,1010,3.8,250,0
1969,1,16,9,465,812,58,23.4,14.2,56,1010,5,290,0
1969,1,16,10,664,928,69,25.6,15,52,1010,6.2,320,0
1969,1,16,11,766,948,75,25.6,15.6,54,1009,6.2,330,0
1969,1,16,12,802,958,78,25.6,16.2,56,1008,6.2,350,0
1969,1,16,13,767,952,75,25.6,16.7,58,1007,6.2,360,0
1969,1,16,14,637,898,64,25.2,16.6,59,1007,6.4,360,0
1969,1,16,15,497,866,66,24.8,16.8,61,1007,6.5,350,0
1969,1,16,16,284,698,63,24.4,16.7,62,1007,6.7,350,0
1969,1,16,17,53,81,44,22.7,16.5,68,1008,5.7,300,0
1969,1,16,18,0,0,0,21.1,16.5,75,1008,4.6,250,0
1969,1,16,19,0,0,0,19.4,16.1,81,1009,3.6,200,0
1969,1,16,20,0,0,0,19,15.7,81,1009,3.1,200,0
1969,1,16,21,0,0,0,18.7,15.4,81,1009,2.6,210,0
1969,1,16,22,0,0,0,18.3,15,81,1010,2.1,210,0
1969,1,16,23,0,0,0,18.5,15.2,81,1009,2.3,210,0
1969,1,17,0,0,0,0,18.7,15.4,81,1009,2.4,220,0
1969,1,17,1,0,0,0,18.9,15.6,81,1009,2.6,220,0
1969,1,17,2,0,0,0,18.5,14.4,77,1009,2.6,220,0
1969,1,17,3,0,0,0,18.2,13.5,74,1009,2.6,230,0
1969,1,17,4,0,0,0,17.8,12.2,70,1009,2.6,230,0
1969,1,17,5,0,0,0,18.7,13.2,70,1009,2.2,230,0
1969,1,17,6,0,0,0,19.7,14.3,71,1010,1.9,220,0
1969,1,17,7,62,223,37,20.6,15,71,1010,1.5,220,0
1969,1,17,8,195,244,116,22.3,15.2,64,1010,3.1,260,0
1969,1,17,9,427,669,91,23.9,14.9,57,1010,4.6,290,0
1969,1,17,10,629,883,63,25.6,14.4,50,1011,6.2,330,0
1969,1,17,11,500,372,229,25.2,14.4,51,1010,5.9,330,0
1969,1,17,12,634,463,283,24.8,14,51,1009,5.5,340,0
1969,1,17,13,390,87,327,24.4,13.9,52,1009,5.2,340,0
1969,1,17,14,352,86,297,24.2,14.1,53,1009,5.4,340,0
1969,1,17,15,167,2,166,24.1,14,53,1009,5.5,350,0
1969,1,17,16,121,6,119,23.9,13.9,54,1009,5.7,350,0
1969,1,17,17,48,52,42,22.8,14.7,60,1010,4.3,310,0
1969,1,17,18,0,0,0,21.7,14.9,65,1011,2.9,270,0
1969,1,17,19,0,0,0,20.6,15,71,1012,1.5,230,0
1969,1,17,20,0,0,0,20,15,73,1012,1.7,230,0
1969,1,17,21,0,0,0,19.5,15.2,76,1012,1.9,230,0
1969,1,17,22,0,0,0,18.9,15,78,1013,2.1,230,0
1969,1,17,23,0,0,0,18.7,15,79,1012,2.1,230,0
1969,1,18,0,0,0,0,18.5,15,80,1012,2.1,220,0
1969,1,18,1,0,0,0,18.3,15,81,1012,2.1,220,0
1969,1,18,2,0,0,0,18.5,14.6,78,1011,2.1,210,0
1969,1,18,3,0,0,0,18.7,14.4,76,1011,2.1,190,0
1969,1,18,4,0,0,0,18.9,13.9,73,1011,2.1,180,0
1969,1,18,5,0,0,0,19.1,13.8,71,1012,2.4,200,0
1969,1,18,6,0,0,0,19.2,13.6,70,1012,2.8,210,0
1969,1,18,7,59,227,33,19.4,13.3,68,1013,3.1,230,0
1969,1,18,8,212,402,83,21.5,13.9,62,1013,2.9,270,0
1969,1,18,9,406,593,107,23.5,14.3,56,1013,2.8,310,0
1969,1,18,10,671,821,143,25.6,14.4,50,1013,2.6,350,0
1969,1,18,11,492,394,204,25,14.5,52,1012,2.6,350,0
1969,1,18,12,464,129,366,24.5,14.6,54,1011,2.6,360,0
1969,1,18,13,596,347,342,23.9,14.4,56,1011,2.6,0,0
1969,1,18,14,320,80,269,23.9,15.4,59,1011,2.1,20,0
1969,1,18,15,423,501,170,23.9,16,61,1011,1.5,40,0
1969,1,18,16,187,198,123,23.9,16.7,64,1011,1,60,0
1969,1,18,17,64,170,44,22.6,16.7,69,1011,1.5,120,0
1969,1,18,18,0,0,0,21.3,16.3,73,1012,2.1,170,0
1969,1,18,19,0,0,0,20,16.1,78,1012,2.6,230,0
1969,1,18,20,0,0,0,19.4,15.3,77,1012,2.6,230,0
1969,1,18,21,0,0,0,18.9,14.6,76,1012,2.6,220,0
1969,1,18,22,0,0,0,18.3,13.9,75,1013,2.6,220,0
1969,1,18,23,0,0,0,17.9,13,73,1012,2.6,220,0
1969,1,19,0,0,0,0,17.6,12.5,72,1012,2.6,210,0
1969,1,19,1,0,0,0,17.2,11.7,70,1012,2.6,210,0
1969,1,19,2,0,0,0,16.5,11,70,1011,2.2,220,0
1969,1,19,3,0,0,0,15.7,10.3,70,1011,1.9,220,0
1969,1,19,4,0,0,0,15,9.4,70,1011,1.5,230,0
1969,1,19,5,0,0,0,15.9,10.3,69,1012,2.2,230,0
1969,1,19,6,0,0,0,16.9,11.2,69,1012,2.9,220,0
1969,1,19,7,67,337,29,17.8,11.7,68,1013,3.6,220,0
1969,1,19,8,274,686,52,20.8,13,61,1013,3.6,270,0
1969,1,19,9,467,764,81,23.7,13.9,54,1013,3.6,310,0
1969,1,19,10,630,787,122,26.7,14.4,47,1013,3.6,360,0
1969,1,19,11,675,703,160,25.9,15.6,53,1012,4.8,350,0
1969,1,19,12,741,773,151,25.2,16.9,60,1012,6,340,0
1969,1,19,13,673,646,199,24.4,17.8,66,1011,7.2,330,0
1969,1,19,14,488,506,161,23.5,17,67,1011,7.7,330,0
1969,1,19,15,391,518,129,22.6,16.2,67,1011,8.3,330,0
1969,1,19,16,179,162,126,21.7,15.6,68,1012,8.8,330,0
1969,1,19,17,56,92,45,21.5,14.9,66,1012,8.1,330,0
1969,1,19,18,0,0,0,21.3,14,63,1013,7.4,330,0
1969,1,19,19,0,0,0,21.1,13.3,61,1013,6.7,330,0
1969,1,19,20,0,0,0,21.1,13.1,60,1014,6.2,330,0
1969,1,19,21,0,0,0,21.1,12.6,58,1014,5.7,320,0
1969,1,19,22,0,0,0,21.1,12.2,57,1014,5.2,320,0
1969,1,19,23,0,0,0,20.4,12.2,59,1014,4.7,310,0
1969,1,20,0,0,0,0,19.6,11.9,61,1014,4.1,300,0
1969,1,20,1,0,0,0,18.9,11.7,63,1014,3.6,290,0
1969,1,20,2,0,0,0,17.8,11.2,65,1013,3.1,260,0
1969,1,20,3,0,0,0,16.7,10.8,68,1013,2.6,230,0
1969,1,20,4,0,0,0,15.6,10,70,1013,2.1,200,0
1969,1,20,5,0,0,0,16.3,10.2,67,1013,2.6,210,0
1969,1,20,6,0,0,0,17.1,10.3,64,1014,3.1,230,0
1969,1,20,7,66,316,30,17.8,10,61,1014,3.6,240,0
1969,1,20,8,277,681,57,20.2,10.9,55,1014,3.3,200,0
1969,1,20,9,415,642,91,22.6,11.4,49,1014,2.9,150,0
1969,1,20,10,666,893,89,25,11.7,43,1014,2.6,110,0
1969,1,20,11,748,780,174,24.3,12.3,47,1012,3.3,110,0
1969,1,20,12,601,390,303,23.5,12.8,51,1011,3.9,110,0
1969,1,20,13,515,208,361,22.8,13.3,55,1010,4.6,110,0
1969,1,20,14,325,155,224,22.8,13.6,56,1010,3.9,130,0
1969,1,20,15,290,152,213,22.8,13.6,56,1010,3.3,150,0
1969,1,20,16,191,137,146,22.8,13.9,57,1010,2.6,170,0
1969,1,20,17,51,72,42,21.7,14.1,62,1010,2.6,200,0
1969,1,20,18,0,0,0,20.5,14.4,68,1010,2.6,240,0
1969,1,20,19,0,0,0,19.4,14.4,73,1010,2.6,270,0
1969,1,20,20,0,0,0,18.3,14.4,78,1010,1.7,270,0
1969,1,20,21,0,0,0,17.2,14.1,82,1010,0.9,270,0
1969,1,20,22,0,0,0,16.1,13.9,87,1010,0,0,0
1969,1,20,23,0,0,0,16.8,14.3,85,1009,1.4,280,0
1969,1,21,0,0,0,0,17.6,14.7,83,1009,2.7,280,0
1969,1,21,1,0,0,0,18.3,15,81,1008,4.1,280,0
1969,1,21,2,0,0,0,17.6,14.5,82,1008,3.6,290,0
1969,1,21,3,0,0,0,16.8,13.9,83,1007,3.1,300,0
1969,1,21,4,0,0,0,16.1,13.3,84,1007,2.6,310,0
1969,1,21,5,0,0,0,16.8,13.7,82,1007,2.2,350,0
1969,1,21,6,0,0,0,17.6,14.1,80,1008,1.9,20,0
1969,1,21,7,49,73,40,18.3,14.4,78,1008,1.5,60,0
1969,1,21,8,243,360,126,21.3,15.4,69,1008,2.7,80,0
1969,1,21,9,442,526,175,24.2,16,60,1007,4,110,0
1969,1,21,10,607,626,201,27.2,16.1,51,1007,5.2,130,0
1969,1,21,11,658,592,221,26.7,16.4,53,1007,5.2,100,0
1969,1,21,12,716,710,171,26.1,16.1,54,1006,5.2,70,0
1969,1,21,13,575,457,238,25.6,16.1,56,1005,5.2,40,0
1969,1,21,14,541,525,199,25,15.4,55,1005,4.8,350,0
1969,1,21,15,327,309,169,24.5,14.3,53,1005,4.5,300,0
1969,1,21,16,255,498,91,23.9,13.3,52,1004,4.1,250,0
1969,1,21,17,63,192,40,23,13.5,55,1005,3.2,220,0
1969,1,21,18,0,0,0,22,13.4,58,1006,2.4,180,0
1969,1,21,19,0,0,0,21.1,13.3,61,1006,1.5,150,0
1969,1,21,20,0,0,0,20.4,12.7,61,1007,1,120,0
1969,1,21,21,0,0,0,19.6,11.9,61,1007,0.5,90,0
1969,1,21,22,0,0,0,18.9,11.1,61,1008,0,0,0
1969,1,21,23,0,0,0,19.6,11.4,59,1008,1.2,40,0
1969,1,22,0,0,0,0,20.4,11.6,57,1007,2.4,10,0
1969,1,22,1,0,0,0,21.1,11.7,55,1007,3.6,340,0
1969,1,22,2,0,0,0,20.2,11.7,58,1007,3.1,320,0
1969,1,22,3,0,0,0,19.2,11.3,60,1007,2.6,310,0
1969,1,22,4,0,0,0,18.3,11.1,63,1007,2.1,290,0
1969,1,22,5,0,0,0,18.9,12.2,65,1008,1.9,250,0
1969,1,22,6,0,0,0,19.4,12.9,66,1008,1.7,200,0
1969,1,22,7,50,122,36,20,13.9,68,1009,1.5,160,0
1969,1,22,8,230,450,84,21.3,13.5,61,1009,2.9,210,0
1969,1,22,9,418,535,145,22.6,13.1,55,1009,4.3,270,0
1969,1,22,10,533,565,165,23.9,12.2,48,1010,5.7,320,0
1969,1,22,11,596,412,292,23.7,12.1,48,1009,6.2,320,0
1969,1,22,12,431,164,305,23.5,11.9,48,1008,6.7,330,0
1969,1,22,13,340,109,259,23.3,11.7,48,1007,7.2,330,0
1969,1,22,14,446,181,328,23.3,12,49,1007,6.2,330,0
1969,1,22,15,351,310,192,23.3,12,49,1008,5.1,320,0
1969,1,22,16,191,227,116,23.3,12.2,50,1008,4.1,320,0
1969,1,22,17,53,142,36,22.4,12.7,54,1009,4.5,320,0
1969,1,22,18,1,1,1,21.5,13.2,59,1009,4.8,310,0
1969,1,22,19,0,0,0,20.6,13.3,63,1010,5.2,310,0
1969,1,22,20,0,0,0,19.7,13,65,1010,4,280,0
1969,1,22,21,0,0,0,18.7,12.7,68,1011,2.7,250,0
1969,1,22,22,0,0,0,17.8,12.2,70,1011,1.5,220,0
1969,1,22,23,0,0,0,17.1,11.4,69,1011,1.9,230,0
1969,1,23,0,0,0,0,16.3,10.4,68,1010,2.2,230,0
1969,1,23,1,0,0,0,15.6,9.4,67,1010,2.6,240,0
1969,1,23,2,0,0,0,15.4,9.3,67,1010,2.2,240,0
1969,1,23,3,0,0,0,15.2,9.2,67,1010,1.9,240,0
1969,1,23,4,0,0,0,15,8.9,67,1010,1.5,240,0
1969,1,23,5,0,0,0,15.6,9.1,65,1011,1.9,240,0
1969,1,23,6,0,0,0,16.1,8.9,62,1011,2.2,230,0
1969,1,23,7,77,502,20,16.7,8.9,60,1012,2.6,230,0
1969,1,23,8,207,520,37,19.3,10.3,56,1012,3.6,270,0
1969,1,23,9,457,767,66,21.8,11.5,52,1012,4.7,310,0
1969,1,23,10,649,844,99,24.4,12.8,48,1012,5.7,350,0
1969,1,23,11,677,719,144,24.4,13,49,1011,5.9,340,0
1969,1,23,12,775,873,100,24.4,13.6,51,1010,6,340,0
1969,1,23,13,731,869,84,24.4,13.9,52,1009,6.2,330,0
1969,1,23,14,550,676,106,23.9,14.1,54,1009,6.7,340,0
1969,1,23,15,495,837,62,23.3,14.3,57,1010,7.2,340,0
1969,1,23,16,300,743,50,22.8,14.4,59,1010,7.7,350,0
1969,1,23,17,79,446,24,22.1,14.5,62,1011,6.5,340,0
1969,1,23,18,5,11,1,21.3,14.5,65,1011,5.3,320,0
1969,1,23,19,0,0,0,20.6,14.4,68,1012,4.1,310,0
1969,1,23,20,0,0,0,20.2,13.2,64,1012,3.9,300,0
1969,1,23,21,0,0,0,19.8,12.1,61,1013,3.8,290,0
1969,1,23,22,0,0,0,19.4,10.6,57,1013,3.6,280,0
1969,1,23,23,0,0,0,18.1,10.7,62,1013,2.9,270,0
1969,1,24,0,0,0,0,16.9,10.8,67,1012,2.2,250,0
1969,1,24,1,0,0,0,15.6,10.6,72,1012,1.5,240,0
1969,1,24,2,0,0,0,16.9,10.5,66,1012,2.5,260,0
1969,1,24,3,0,0,0,18.1,10.5,61,1012,3.6,270,0
1969,1,24,4,0,0,0,19.4,10,55,1012,4.6,290,0
1969,1,24,5,0,0,0,19.2,10.3,56,1012,4.4,270,0
1969,1,24,6,0,0,0,19.1,10.2,56,1013,4.3,260,0
1969,1,24,7,70,353,29,18.9,10,57,1013,4.1,240,0
1969,1,24,8,290,779,36,20.7,11.1,54,1013,4.5,280,0
1969,1,24,9,445,660,108,22.6,11.7,50,1013,4.8,310,0
1969,1,24,10,620,799,98,24.4,12.2,47,1014,5.2,350,0
1969,1,24,11,731,868,86,24.6,12.3,46,1013,5,350,0
1969,1,24,12,740,770,143,24.8,11.8,44,1012,4.8,360,0
1969,1,24,13,671,730,125,25,11.7,43,1011,4.6,360,0
1969,1,24,14,568,677,121,24.1,11.8,46,1011,3.9,360,0
1969,1,24,15,470,707,102,23.1,12.2,50,1011,3.3,360,0
1969,1,24,16,251,398,116,22.2,12.2,53,1011,2.6,360,0
1969,1,24,17,82,319,42,21.7,12.6,56,1012,2.8,340,0
1969,1,24,18,6,14,2,21.1,12.6,58,1012,2.9,320,0
1969,1,24,19,0,0,0,20.6,12.8,61,1013,3.1,300,0
1969,1,24,20,0,0,0,19.1,12.4,65,1013,2.8,270,0
1969,1,24,21,0,0,0,17.6,11.7,68,1013,2.4,240,0
1969,1,24,22,0,0,0,16.1,11.1,72,1013,2.1,210,0
1969,1,24,23,0,0,0,15.7,10.5,71,1013,2.4,220,0
1969,1,25,0,0,0,0,15.4,10.2,71,1013,2.8,230,0
1969,1,25,1,0,0,0,15,9.4,70,1012,3.1,240,0
1969,1,25,2,0,0,0,15,9,67,1012,3.1,230,0
1969,1,25,3,0,0,0,15,8.5,65,1012,3.1,230,0
1969,1,25,4,0,0,0,15,7.8,62,1012,3.1,220,0
1969,1,25,5,0,0,0,15.4,8,61,1013,2.8,220,0
1969,1,25,6,0,0,0,15.7,8.2,61,1013,2.4,220,0
1969,1,25,7,57,136,41,16.1,8.3,60,1013,2.1,220,0
1969,1,25,8,199,261,113,18.3,10.7,61,1013,3.8,260,0
1969,1,25,9,471,639,143,20.6,13.3,63,1013,5.5,290,0
1969,1,25,10,451,335,232,22.8,15.6,64,1014,7.2,330,0
1969,1,25,11,647,523,257,23.3,15.1,60,1013,5.5,330,0
1969,1,25,12,685,605,214,23.9,14.6,56,1012,3.8,330,0
1969,1,25,13,743,787,153,24.4,13.9,52,1011,2.1,330,0
1969,1,25,14,645,807,110,23.9,14.6,56,1011,2.8,340,0
1969,1,25,15,460,652,118,23.3,15.1,60,1011,3.4,350,0
1969,1,25,16,279,661,53,22.8,15.6,64,1011,4.1,360,0
1969,1,25,17,73,147,54,22.4,15.5,65,1011,4.1,340,0
1969,1,25,18,1,1,1,22.1,15.7,67,1012,4.1,330,0
1969,1,25,19,0,0,0,21.7,15.6,68,1013,4.1,310,0
1969,1,25,20,0,0,0,20.8,15.4,71,1013,3.4,280,0
1969,1,25,21,0,0,0,19.8,15.3,75,1013,2.8,260,0
1969,1,25,22,0,0,0,18.9,15,78,1013,2.1,230,0
1969,1,25,23,0,0,0,18.7,14.2,75,1013,1.9,220,0
1969,1,26,0,0,0,0,18.5,13.2,71,1013,1.7,220,0
1969,1,26,1,0,0,0,18.3,12.2,68,1013,1.5,210,0
1969,1,26,2,0,0,0,18.3,11.6,65,1012,2.2,220,0
1969,1,26,3,0,0,0,18.3,10.9,62,1012,2.9,220,0
1969,1,26,4,0,0,0,18.3,10,59,1012,3.6,230,0
1969,1,26,5,0,0,0,18.7,10.8,60,1013,3.3,230,0
1969,1,26,6,0,0,0,19,11.1,60,1014,2.9,220,0
1969,1,26,7,41,38,37,19.4,11.7,61,1014,2.6,220,0
1969,1,26,8,206,175,148,21.1,12.8,59,1014,3.1,260,0
1969,1,26,9,337,308,179,22.7,13.5,56,1014,3.6,310,0
1969,1,26,10,524,365,284,24.4,14.4,54,1014,4.1,350,0
1969,1,26,11,488,270,286,24.8,14.3,52,1013,4.3,350,0
1969,1,26,12,752,796,131,25.2,14.4,51,1013,4.4,360,0
1969,1,26,13,778,945,66,25.6,13.9,49,1012,4.6,360,0
1969,1,26,14,494,514,152,24.5,14,52,1012,4.6,350,0
1969,1,26,15,375,374,177,23.3,14.1,56,1012,4.6,340,0
1969,1,26,16,142,9,139,22.2,13.9,59,1012,4.6,330,0
1969,1,26,17,38,5,37,22,13.9,60,1013,4.4,320,0
1969,1,26,18,2,2,1,21.9,13.8,60,1013,4.3,310,0
1969,1,26,19,0,0,0,21.7,13.9,61,1014,4.1,300,0
1969,1,26,20,0,0,0,21.5,13.9,62,1014,3.6,290,0
1969,1,26,21,0,0,0,21.3,14,63,1015,3.1,280,0
1969,1,26,22,0,0,0,21.1,13.9,64,1015,2.6,270,0
1969,1,26,23,0,0,0,20.7,13.9,65,1015,2.6,260,0
1969,1,27,0,0,0,0,20.4,13.6,65,1014,2.6,250,0
1969,1,27,1,0,0,0,20,13.3,66,1014,2.6,240,0
1969,1,27,2,0,0,0,19.6,13.1,66,1014,2.6,240,0
1969,1,27,3,0,0,0,19.3,12.6,65,1014,2.6,250,0
1969,1,27,4,0,0,0,18.9,12.2,65,1014,2.6,250,0
1969,1,27,5,0,0,0,18.7,11.8,64,1014,2.8,250,0
1969,1,27,6,0,0,0,18.5,11.1,62,1014,2.9,240,0
1969,1,27,7,50,72,42,18.3,10.6,61,1015,3.1,240,0
1969,1,27,8,202,211,133,20.5,11.5,56,1015,3.6,270,0
1969,1,27,9,414,451,181,22.8,12.5,52,1015,4.1,310,0
1969,1,27,10,598,732,115,25,12.8,47,1015,4.6,340,0
1969,1,27,11,755,837,127,25.4,13,46,1014,4.3,340,0
1969,1,27,12,572,410,251,25.7,13.3,46,1013,3.9,350,0
1969,1,27,13,642,554,223,26.1,13.3,45,1013,3.6,350,0
1969,1,27,14,474,344,244,25,13.6,49,1012,3.8,350,0
1969,1,27,15,276,131,206,23.9,13.8,53,1012,3.9,350,0
1969,1,27,16,188,99,154,22.8,13.9,57,1012,4.1,350,0
1969,1,27,17,77,161,55,22.4,14,59,1013,4.1,340,0
1969,1,27,18,3,0,3,22.1,14.5,62,1013,4.1,330,0
1969,1,27,19,0,0,0,21.7,14.4,64,1014,4.1,320,0
1969,1,27,20,0,0,0,21.7,14.4,63,1014,3.8,310,0
1969,1,27,21,0,0,0,21.7,14.1,62,1014,3.4,300,0
1969,1,27,22,0,0,0,21.7,13.9,61,1015,3.1,290,0
1969,1,27,23,0,0,0,20.8,13.5,63,1014,2.8,280,0
1969,1,28,0,0,0,0,19.8,13.3,66,1014,2.4,260,0
1969,1,28,1,0,0,0,18.9,12.8,68,1013,2.1,250,0
1969,1,28,2,0,0,0,19.1,12.6,66,1013,1.4,250,0
1969,1,28,3,0,0,0,19.2,12,63,1013,0.7,260,0
1969,1,28,4,0,0,0,19.4,11.7,61,1012,0,0,0
1969,1,28,5,0,0,0,20,12,60,1013,0.7,260,0
1969,1,28,6,0,0,0,20.5,12,58,1014,1.4,270,0
1969,1,28,7,34,4,33,21.1,12.2,57,1014,2.1,270,0
1969,1,28,8,183,79,157,22.2,12.5,54,1014,2.3,280,0
1969,1,28,9,208,20,197,23.3,12.3,50,1015,2.4,300,0
1969,1,28,10,417,169,305,24.4,12.2,47,1015,2.6,310,0
1969,1,28,11,565,328,317,24.2,13.8,52,1014,2.9,300,0
1969,1,28,12,428,104,346,24.1,15.1,57,1013,3.3,280,0
1969,1,28,13,420,160,299,23.9,16.1,62,1012,3.6,270,0
1969,1,28,14,417,150,316,22.6,16.9,70,1012,3.8,210,0
1969,1,28,15,177,12,171,21.3,17.5,79,1012,3.9,150,0
1969,1,28,16,78,12,74,20,17.8,87,1012,4.1,90,0
1969,1,28,17,45,8,44,19.8,17.6,87,1013,3.8,140,0
1969,1,28,18,1,0,1,19.6,17.4,87,1013,3.4,200,0
1969,1,28,19,0,0,0,19.4,17.2,87,1014,3.1,250,0
1969,1,28,20,0,0,0,19.6,17.4,87,1014,2.8,250,0
1969,1,28,21,0,0,0,19.8,17.6,87,1014,2.4,250,0
1969,1,28,22,0,0,0,20,17.8,87,1014,2.1,250,0
1969,1,28,23,0,0,0,19.6,17.6,88,1014,1.4,250,0
1969,1,29,0,0,0,0,19.3,17.5,89,1013,0.7,240,0
1969,1,29,1,0,0,0,18.9,17.2,90,1013,0,0,0
1969,1,29,2,0,0,0,18.5,16.3,87,1013,1,240,0
1969,1,29,3,0,0,0,18.2,15.5,84,1013,2.1,230,0
1969,1,29,4,0,0,0,17.8,14.4,81,1013,3.1,230,0
1969,1,29,5,0,0,0,18.2,15.1,82,1013,3.4,230,0
1969,1,29,6,0,0,0,18.5,15.6,83,1014,3.8,240,0
1969,1,29,7,31,3,30,18.9,16.1,84,1014,4.1,240,0
1969,1,29,8,119,5,117,20.6,17.1,80,1014,3.8,270,0
1969,1,29,9,265,5,263,22.2,17.6,75,1014,3.4,310,0
1969,1,29,10,286,2,285,23.9,18.3,71,1014,3.1,340,0
1969,1,29,11,335,3,333,23.5,18.6,74,1014,3.1,340,0
1969,1,29,12,405,2,404,23.2,18.8,76,1013,3.1,340,0
1969,1,29,13,356,1,355,22.8,18.9,79,1012,3.1,340,0
1969,1,29,14,311,1,310,22.2,19,82,1012,3.8,10,0
1969,1,29,15,249,0,249,21.7,18.9,84,1013,4.5,30,0
1969,1,29,16,96,1,96,21.1,18.9,87,1013,5.2,60,0
1969,1,29,17,49,0,49,21.3,18.9,86,1014,5,60,0
1969,1,29,18,2,0,2,21.5,18.9,85,1014,4.8,70,0
1969,1,29,19,0,0,0,21.7,18.9,84,1015,4.6,70,0
1969,1,29,20,0,0,0,21.7,18.9,84,1015,3.9,80,0
1969,1,29,21,0,0,0,21.7,18.9,84,1015,3.3,80,0
1969,1,29,22,0,0,0,21.7,18.9,84,1015,2.6,90,0
1969,1,29,23,0,0,0,21.3,19.1,87,1015,3.3,110,0
1969,1,30,0,0,0,0,21,19.3,90,1015,3.9,120,0
1969,1,30,1,0,0,0,20.6,19.4,93,1015,4.6,140,0
1969,1,30,2,0,0,0,20.6,19.3,92,1015,3.1,150,0
1969,1,30,3,0,0,0,20.6,19.1,91,1014,1.5,160,0
1969,1,30,4,0,0,0,20.6,18.9,90,1014,0,0,0
1969,1,30,5,0,0,0,20.8,19.1,90,1015,1,170,0
1969,1,30,6,0,0,0,20.9,19.2,90,1015,2.1,180,0
1969,1,30,7,28,1,28,21.1,19.4,90,1016,3.1,190,0
1969,1,30,8,163,1,163,22,19.8,87,1016,3.8,160,0
1969,1,30,9,252,0,252,23,20.4,85,1015,4.5,140,0
1969,1,30,10,194,1,193,23.9,20.6,82,1015,5.2,110,0
1969,1,30,11,378,0,377,24.1,20.4,80,1014,5,100,0
1969,1,30,12,377,1,377,24.2,20.1,78,1013,4.8,100,0
1969,1,30,13,392,1,391,24.4,20,76,1013,4.6,90,0
1969,1,30,14,348,1,348,23.7,20.1,80,1013,4.3,140,0
1969,1,30,15,273,1,272,22.9,19.9,83,1013,3.9,190,0
1969,1,30,16,100,1,100,22.2,20,87,1013,3.6,240,0
1969,1,30,17,63,1,63,21.8,19.9,89,1014,3.6,230,0
1969,1,30,18,3,0,3,21.5,20,91,1014,3.6,230,0
1969,1,30,19,0,0,0,21.1,20,93,1015,3.6,220,0
1969,1,30,20,0,0,0,20.7,19.4,92,1015,3.9,230,0
1969,1,30,21,0,0,0,20.4,18.9,91,1015,4.3,240,0
1969,1,30,22,0,0,0,20,18.3,90,1015,4.6,250,0
1969,1,30,23,0,0,0,20.4,18.7,90,1015,4.4,300,0
1969,1,31,0,0,0,0,20.7,19,90,1014,4.3,360,0
1969,1,31,1,0,0,0,21.1,19.4,90,1014,4.1,50,0
1969,1,31,2,0,0,0,21.5,19.6,89,1014,3.9,70,0
1969,1,31,3,0,0,0,21.8,19.7,88,1014,3.8,80,0
1969,1,31,4,0,0,0,22.2,20,87,1014,3.6,100,0
1969,1,31,5,0,0,0,22,19.9,88,1015,2.4,100,0
1969,1,31,6,1,0,1,21.9,20,89,1015,1.2,100,0
1969,1,31,7,26,0,26,21.7,20,90,1016,0,0,0
1969,1,31,8,149,0,149,21.9,20,89,1016,1,90,0
1969,1,31,9,238,1,237,22,19.9,88,1016,2.1,90,0
1969,1,31,10,191,0,191,22.2,20,87,1016,3.1,90,0
1969,1,31,11,397,2,396,22.6,20.5,88,1015,3.3,150,0
1969,1,31,12,371,2,370,22.9,21,89,1014,3.4,210,0
1969,1,31,13,234,1,234,23.3,21.7,90,1014,3.6,270,0
1969,1,31,14,311,0,311,22.8,21.3,91,1014,2.7,300,0
1969,1,31,15,262,1,261,22.2,20.8,92,1014,1.9,320,0
1969,1,31,16,102,1,102,21.7,20.6,93,1014,1,350,0
1969,1,31,17,49,0,49,21.5,20.2,92,1014,1.5,320,0
1969,1,31,18,4,0,4,21.1,19.6,91,1015,2.2,282,0
1969,1,31,19,0,0,0,20.7,19.1,90,1015,2.7,253,0
1969,1,31,20,0,0,0,20.3,19,92,1016,2.9,244,0
1969,1,31,21,0,0,0,20.1,18.9,93,1016,3,241,0
1969,1,31,22,0,0,0,19.9,18.7,93,1016,3.1,236,0
1969,1,31,23,0,0,0,19.8,18.6,92,1016,3.1,236,0
1973,2,1,0,0,0,0,19.8,18.3,91,1017,3.1,234,0
1973,2,1,1,0,0,0,19.5,18.1,91,1017,3.1,234,0
1973,2,1,2,0,0,0,19.3,17.8,91,1017,3.1,233,0
1973,2,1,3,0,0,0,19.1,17.6,91,1017,3.1,232,0
1973,2,1,4,0,0,0,18.7,17.2,90,1017,3.1,231,0
1973,2,1,5,0,0,0,18.9,17.4,91,1017,2.2,248,0
1973,2,1,6,2,2,1,19,17.7,92,1018,1,280,0
1973,2,1,7,85,359,41,19.4,18.3,93,1018,0,0,0
1973,2,1,8,279,618,70,21.5,18.3,82,1018,0.9,320,0
1973,2,1,9,505,817,75,23.5,18,71,1019,1.7,350,0
1973,2,1,10,639,885,45,25.6,17.2,60,1019,2.6,10,0
1973,2,1,11,597,615,127,25.4,17.4,61,1018,2.6,20,0
1973,2,1,12,601,386,294,25.2,17.7,63,1017,2.6,20,0
1973,2,1,13,425,141,317,25,17.8,64,1017,2.6,30,0
1973,2,1,14,338,144,239,24.6,17.1,63,1017,2.4,30,0
1973,2,1,15,251,41,229,24.3,16.8,63,1017,2.3,20,0
1973,2,1,16,157,61,135,23.9,16.1,62,1017,2.1,20,0
1973,2,1,17,76,19,73,22.6,16.9,70,1017,2.1,340,0
1973,2,1,18,1,1,1,21.3,17.5,79,1018,2.1,300,0
1973,2,1,19,0,0,0,20,17.8,87,1018,2.1,260,0
1973,2,1,20,0,0,0,19.8,17.4,86,1018,2.4,230,0
1973,2,1,21,0,0,0,19.6,17,85,1018,2.8,200,0
1973,2,1,22,0,0,0,19.4,16.7,84,1018,3.1,170,0
1973,2,1,23,0,0,0,19.2,16.5,84,1018,3.1,200,0
1973,2,2,0,0,0,0,19.1,16.4,84,1018,3.1,220,0
1973,2,2,1,0,0,0,18.9,16.1,84,1017,3.1,250,0
1973,2,2,2,0,0,0,18.5,15.6,83,1017,2.9,240,0
1973,2,2,3,0,0,0,18.2,15.1,82,1017,2.8,230,0
1973,2,2,4,0,0,0,17.8,14.4,81,1017,2.6,220,0
1973,2,2,5,0,0,0,17.6,14.1,80,1017,2.6,220,0
1973,2,2,6,0,0,0,17.4,13.8,79,1018,2.6,210,0
1973,2,2,7,39,34,34,17.2,13.3,78,1018,2.6,210,0
1973,2,2,8,171,131,126,19.2,15.1,77,1018,3.5,220,0
1973,2,2,9,349,312,184,21.3,16.7,75,1018,4.3,220,0
1973,2,2,10,419,161,310,23.3,18.3,74,1018,5.2,230,0
1973,2,2,11,656,497,275,24.2,18.2,69,1017,5,280,0
1973,2,2,12,660,584,193,25.2,18.2,65,1016,4.8,340,0
1973,2,2,13,693,687,161,26.1,17.8,60,1015,4.6,30,0
1973,2,2,14,535,540,164,24.6,17.9,66,1015,3.9,50,0
1973,2,2,15,481,643,129,23.2,18.1,73,1014,3.3,60,0
1973,2,2,16,290,557,87,21.7,17.8,79,1014,2.6,80,0
1973,2,2,17,52,59,43,21.7,17.9,79,1015,2.9,90,0
1973,2,2,18,5,1,5,21.7,17.9,79,1016,3.3,90,0
1973,2,2,19,0,0,0,21.7,17.8,79,1016,3.6,100,0
1973,2,2,20,0,0,0,21.3,17.7,80,1016,3.8,140,0
1973,2,2,21,0,0,0,21,17.4,80,1017,3.9,190,0
1973,2,2,22,0,0,0,20.6,17.2,81,1017,4.1,230,0
1973,2,2,23,0,0,0,20.2,17.4,84,1016,3.9,220,0
1973,2,3,0,0,0,0,19.8,17.6,87,1016,3.8,220,0
1973,2,3,1,0,0,0,19.4,17.8,90,1016,3.6,210,0
1973,2,3,2,0,0,0,19,17.5,91,1016,3.3,210,0
1973,2,3,3,0,0,0,18.7,17.4,92,1016,2.9,200,0
1973,2,3,4,0,0,0,18.3,17.2,93,1016,2.6,200,0
1973,2,3,5,0,0,0,19.1,17.1,88,1016,2.6,220,0
1973,2,3,6,1,0,1,19.8,17,84,1016,2.6,230,0
1973,2,3,7,64,73,55,20.6,16.7,79,1016,2.6,250,0
1973,2,3,8,203,230,124,22.1,17.1,73,1016,2.8,200,0
1973,2,3,9,452,633,117,23.5,16.8,66,1016,2.9,150,0
1973,2,3,10,648,811,100,25,16.7,60,1016,3.1,100,0
1973,2,3,11,772,864,107,25.2,16.9,60,1015,3.4,90,0
1973,2,3,12,794,784,164,25.4,17.1,60,1014,3.8,90,0
1973,2,3,13,778,862,108,25.6,17.2,60,1013,4.1,80,0
1973,2,3,14,658,785,115,25,16.5,59,1013,3.8,60,0
1973,2,3,15,492,661,128,24.5,16,59,1013,3.4,50,0
1973,2,3,16,278,521,87,23.9,15,58,1014,3.1,30,0
1973,2,3,17,76,181,49,23,15.6,63,1014,2.1,0,0
1973,2,3,18,6,5,5,22,15.9,68,1015,1,330,0
1973,2,3,19,0,0,0,21.1,16.1,73,1015,0,0,0
1973,2,3,20,0,0,0,20.7,16.3,76,1015,0.9,280,0
1973,2,3,21,0,0,0,20.4,16.5,78,1016,1.7,250,0
1973,2,3,22,0,0,0,20,16.7,81,1016,2.6,220,0
1973,2,3,23,0,0,0,19.6,16.3,81,1016,2.6,220,0
1973,2,4,0,0,0,0,19.3,16,81,1015,2.6,230,0
1973,2,4,1,0,0,0,18.9,15.6,81,1015,2.6,230,0
1973,2,4,2,0,0,0,18.2,14.7,80,1015,2.9,230,0
1973,2,4,3,0,0,0,17.4,13.8,79,1015,3.3,220,0
1973,2,4,4,0,0,0,16.7,12.8,78,1015,3.6,220,0
1973,2,4,5,0,0,0,17.4,13,75,1016,3.3,230,0
1973,2,4,6,3,2,2,18.2,13.3,73,1016,2.9,240,0
1973,2,4,7,63,88,52,18.9,13.3,70,1016,2.6,250,0
1973,2,4,8,205,286,106,20.9,14.3,66,1016,3.1,300,0
1973,2,4,9,475,687,110,23,15.4,62,1016,3.6,360,0
1973,2,4,10,589,699,115,25,16.1,58,1016,4.1,50,0
1973,2,4,11,775,859,112,25,15.9,57,1016,4.1,50,0
1973,2,4,12,805,934,52,25,15.9,57,1015,4.1,40,0
1973,2,4,13,800,942,66,25,15.6,56,1014,4.1,40,0
1973,2,4,14,702,924,61,24.4,15.4,57,1015,3.6,40,0
1973,2,4,15,521,854,49,23.9,15.4,59,1015,3.1,40,0
1973,2,4,16,321,753,43,23.3,15,60,1015,2.6,40,0
1973,2,4,17,106,515,27,21.8,15.2,66,1016,2.6,90,0
1973,2,4,18,10,41,4,20.4,15.2,72,1016,2.6,150,0
1973,2,4,19,0,0,0,18.9,15,78,1017,2.6,200,0
1973,2,4,20,0,0,0,18.7,14.6,77,1017,2.6,210,0
1973,2,4,21,0,0,0,18.5,14.2,76,1017,2.6,210,0
1973,2,4,22,0,0,0,18.3,13.9,75,1017,2.6,220,0
1973,2,4,23,0,0,0,18.1,13.2,73,1017,3.1,230,0
1973,2,5,0,0,0,0,18,12.5,70,1018,3.6,240,0
1973,2,5,1,0,0,0,17.8,11.7,68,1018,4.1,250,0
1973,2,5,2,0,0,0,17.1,11.2,68,1018,3.9,240,0
1973,2,5,3,0,0,0,16.3,10.2,67,1017,3.8,230,0
1973,2,5,4,0,0,0,15.6,9.4,67,1017,3.6,220,0
1973,2,5,5,0,0,0,16.1,8.6,61,1018,3.3,220,0
1973,2,5,6,7,16,1,16.7,7.9,56,1018,2.9,220,0
1973,2,5,7,91,572,19,17.2,6.7,50,1019,2.6,220,0
1973,2,5,8,323,840,33,20,9,49,1019,2.6,160,0
1973,2,5,9,483,811,50,22.8,11.3,48,1019,2.6,100,0
1973,2,5,10,718,980,50,25.6,13.3,47,1019,2.6,40,0
1973,2,5,11,775,943,44,26,14.2,48,1018,3.5,60,0
1973,2,5,12,871,998,62,26.3,15.1,50,1017,4.3,70,0
1973,2,5,13,831,983,61,26.7,15.6,51,1016,5.2,90,0
1973,2,5,14,738,978,56,25.9,15.3,52,1016,4.3,90,0
1973,2,5,15,563,927,47,25.2,15,53,1017,3.5,90,0
1973,2,5,16,350,846,35,24.4,14.4,54,1017,2.6,90,0
1973,2,5,17,118,620,21,22.4,14.8,62,1017,2.4,130,0
1973,2,5,18,15,67,4,20.3,14.7,70,1018,2.3,180,0
1973,2,5,19,0,0,0,18.3,14.4,78,1018,2.1,220,0
1973,2,5,20,0,0,0,17.8,14.1,79,1018,2.4,220,0
1973,2,5,21,0,0,0,17.2,13.8,80,1019,2.8,220,0
1973,2,5,22,0,0,0,16.7,13.3,81,1019,3.1,220,0
1973,2,5,23,0,0,0,16.3,12.3,77,1019,3.1,220,0
1973,2,6,0,0,0,0,16,11.4,74,1019,3.1,220,0
1973,2,6,1,0,0,0,15.6,10,70,1019,3.1,220,0
1973,2,6,2,0,0,0,15.4,9.6,68,1019,3.3,220,0
1973,2,6,3,0,0,0,15.2,9.2,67,1019,3.4,220,0
1973,2,6,4,0,0,0,15,8.3,65,1019,3.6,220,0
1973,2,6,5,0,0,0,16.3,9,62,1019,3.3,220,0
1973,2,6,6,4,3,3,17.6,9.8,60,1019,2.9,220,0
1973,2,6,7,62,38,57,18.9,10,57,1020,2.6,220,0
1973,2,6,8,178,91,147,20.7,12.4,59,1020,2.9,260,0
1973,2,6,9,347,273,200,22.6,14.5,60,1020,3.3,310,0
1973,2,6,10,295,109,220,24.4,16.7,62,1020,3.6,350,0
1973,2,6,11,703,693,164,25,17,61,1019,3.6,0,0
1973,2,6,12,742,665,201,25.5,16.9,59,1018,3.6,10,0
1973,2,6,13,778,865,98,26.1,17.2,58,1018,3.6,20,0
1973,2,6,14,665,785,116,25.4,17.4,61,1018,3.1,0,0
1973,2,6,15,482,651,118,24.6,17.1,63,1018,2.6,350,0
1973,2,6,16,324,696,63,23.9,17.2,66,1018,2.1,330,0
1973,2,6,17,86,202,54,22.8,17.7,73,1018,2.1,310,0
1973,2,6,18,6,6,5,21.7,18.1,80,1019,2.1,290,0
1973,2,6,19,0,0,0,20.6,18.3,87,1019,2.1,270,0
1973,2,6,20,0,0,0,20.4,18.2,87,1019,2.3,250,0
1973,2,6,21,0,0,0,20.2,18,87,1019,2.4,230,0
1973,2,6,22,0,0,0,20,17.8,87,1019,2.6,210,0
1973,2,6,23,0,0,0,19.3,17.3,88,1019,2.8,220,0
1973,2,7,0,0,0,0,18.5,16.7,89,1019,2.9,220,0
1973,2,7,1,0,0,0,17.8,16.1,90,1019,3.1,230,0
1973,2,7,2,0,0,0,17.8,15.8,88,1019,3.1,230,0
1973,2,7,3,0,0,0,17.8,15.5,86,1019,3.1,220,0
1973,2,7,4,0,0,0,17.8,15,84,1018,3.1,220,0
1973,2,7,5,0,0,0,18.3,15.4,83,1019,2.9,220,0
1973,2,7,6,1,1,1,18.9,15.8,82,1019,2.8,210,0
1973,2,7,7,52,129,35,19.4,16.1,81,1020,2.6,210,0
1973,2,7,8,220,309,112,21.3,15.9,71,1020,2.9,260,0
1973,2,7,9,557,850,99,23.1,15.5,62,1020,3.3,310,0
1973,2,7,10,676,876,74,25,14.4,52,1020,3.6,0,0
1973,2,7,11,775,879,88,25.2,14.1,50,1020,3.6,30,0
1973,2,7,12,815,873,102,25.4,13.3,47,1019,3.6,50,0
1973,2,7,13,787,911,67,25.6,12.8,45,1018,3.6,80,0
1973,2,7,14,695,889,69,25,12.9,47,1018,3.3,70,0
1973,2,7,15,547,807,93,24.5,12.8,48,1018,2.9,70,0
1973,2,7,16,291,610,60,23.9,12.8,50,1018,2.6,60,0
1973,2,7,17,101,220,65,23.3,13.8,55,1018,2.9,40,0
1973,2,7,18,4,2,3,22.8,14.4,59,1019,3.3,20,0
1973,2,7,19,0,0,0,22.2,15,64,1019,3.6,0,0
1973,2,7,20,0,0,0,20.9,15.3,70,1019,3.3,310,0
1973,2,7,21,0,0,0,19.6,15.1,75,1019,2.9,270,0
1973,2,7,22,0,0,0,18.3,15,81,1019,2.6,220,0
1973,2,7,23,0,0,0,17.8,14.9,83,1019,2.4,230,0
1973,2,8,0,0,0,0,17.2,14.7,85,1019,2.3,230,0
1973,2,8,1,0,0,0,16.7,14.4,87,1019,2.1,240,0
1973,2,8,2,0,0,0,17.8,14.9,83,1019,2.8,280,0
1973,2,8,3,0,0,0,18.9,15.4,80,1019,3.4,310,0
1973,2,8,4,0,0,0,20,15.6,76,1019,4.1,350,0
1973,2,8,5,0,0,0,20,15.7,76,1019,3.4,340,0
1973,2,8,6,4,5,2,20,15.7,76,1020,2.8,320,0
1973,2,8,7,67,192,42,20,15.6,76,1020,2.1,310,0
1973,2,8,8,284,544,93,21.7,15.8,69,1021,2.6,340,0
1973,2,8,9,472,643,124,23.3,15.9,63,1021,3.1,20,0
1973,2,8,10,621,724,122,25,15.6,56,1021,3.6,50,0
1973,2,8,11,823,869,142,24.8,15.7,57,1020,4.3,30,0
1973,2,8,12,732,648,202,24.6,16.1,59,1019,5,10,0
1973,2,8,13,871,909,150,24.4,16.1,60,1018,5.7,350,0
1973,2,8,14,652,674,176,23.9,16,61,1018,5,0,0
1973,2,8,15,353,360,150,23.3,15.9,63,1019,4.3,20,0
1973,2,8,16,235,217,153,22.8,15.6,64,1019,3.6,30,0
1973,2,8,17,85,216,50,22.4,15.8,66,1019,3.6,30,0
1973,2,8,18,11,13,9,22.1,16.2,69,1020,3.6,40,0
1973,2,8,19,0,0,0,21.7,16.1,71,1020,3.6,40,0
1973,2,8,20,0,0,0,21.7,16,70,1021,3.6,40,0
1973,2,8,21,0,0,0,21.7,15.8,69,1021,3.6,30,0
1973,2,8,22,0,0,0,21.7,15.6,68,1021,3.6,30,0
1973,2,8,23,0,0,0,21.7,15.3,67,1021,3.6,20,0
1973,2,9,0,0,0,0,21.7,14.9,65,1021,3.6,20,0
1973,2,9,1,0,0,0,21.7,14.4,64,1021,3.6,10,0
1973,2,9,2,0,0,0,20.9,15.5,71,1021,2.9,330,0
1973,2,9,3,0,0,0,20.2,16.1,77,1021,2.2,300,0
1973,2,9,4,0,0,0,19.4,16.7,84,1020,1.5,260,0
1973,2,9,5,0,0,0,20.2,16.7,80,1021,2.7,310,0
1973,2,9,6,3,3,2,20.9,16.3,75,1022,4,10,0
1973,2,9,7,51,133,33,21.7,16.1,71,1022,5.2,60,0
1973,2,9,8,275,531,87,23,16.3,66,1023,5.2,50,0
1973,2,9,9,502,758,89,24.3,16.3,61,1023,5.2,50,0
1973,2,9,10,526,427,231,25.6,16.1,56,1023,5.2,40,0
1973,2,9,11,450,279,230,25.2,16.1,57,1022,5.2,40,0
1973,2,9,12,554,374,246,24.8,15.7,57,1021,5.2,30,0
1973,2,9,13,573,328,312,24.4,15.6,58,1020,5.2,30,0
1973,2,9,14,468,256,287,23.7,15.5,60,1020,5,30,0
1973,2,9,15,312,153,225,22.9,15.3,62,1020,4.8,40,0
1973,2,9,16,188,24,179,22.2,15,64,1020,4.6,40,0
1973,2,9,17,80,97,64,22,14.7,63,1021,4.1,40,0
1973,2,9,18,2,4,1,21.9,14.3,62,1021,3.6,40,0
1973,2,9,19,0,0,0,21.7,13.9,61,1022,3.1,40,0
1973,2,9,20,0,0,0,21.5,14.9,66,1022,3.4,40,0
1973,2,9,21,0,0,0,21.3,15.9,71,1022,3.8,50,0
1973,2,9,22,0,0,0,21.1,16.7,76,1022,4.1,50,0
1973,2,9,23,0,0,0,20.4,16.9,80,1022,3.4,20,0
1973,2,10,0,0,0,0,19.6,16.7,83,1022,2.8,350,0
1973,2,10,1,0,0,0,18.9,16.7,87,1022,2.1,320,0
1973,2,10,2,0,0,0,19.6,15.5,77,1022,2.6,340,0
1973,2,10,3,0,0,0,20.4,14.1,67,1021,3.1,350,0
1973,2,10,4,0,0,0,21.1,12.2,57,1021,3.6,10,0
1973,2,10,5,0,0,0,21.1,12.3,57,1022,3.9,20,0
1973,2,10,6,1,1,1,21.1,12.3,57,1022,4.3,40,0
1973,2,10,7,39,24,36,21.1,12.2,57,1023,4.6,50,0
1973,2,10,8,162,44,146,21.7,12.6,56,1023,4.3,40,0
1973,2,10,9,217,49,190,22.2,12.5,54,1023,3.9,30,0
1973,2,10,10,222,8,216,22.8,12.8,53,1023,3.6,20,0
1973,2,10,11,509,171,374,23.3,13.2,53,1022,3.9,20,0
1973,2,10,12,743,548,291,23.9,13.5,52,1021,4.3,30,0
1973,2,10,13,563,408,237,24.4,13.9,52,1020,4.6,30,0
1973,2,10,14,698,738,172,24,13.6,52,1020,4.4,20,0
1973,2,10,15,285,184,180,23.7,13.3,52,1020,4.3,20,0
1973,2,10,16,292,444,121,23.3,12.8,52,1020,4.1,10,0
1973,2,10,17,85,196,52,22.8,13.9,57,1021,3.4,20,0
1973,2,10,18,7,4,6,22.2,14.9,63,1021,2.8,20,0
1973,2,10,19,0,0,0,21.7,15.6,68,1022,2.1,30,0
1973,2,10,20,0,0,0,21.7,14.6,64,1022,2.1,20,0
1973,2,10,21,0,0,0,21.7,13.9,61,1022,2.1,0,0
1973,2,10,22,0,0,0,21.7,12.8,57,1022,2.1,350,0
1973,2,10,23,0,0,0,20.9,13.1,61,1022,2.1,300,0
1973,2,11,0,0,0,0,20.2,13.2,64,1022,2.1,260,0
1973,2,11,1,0,0,0,19.4,13.3,68,1021,2.1,210,0
1973,2,11,2,0,0,0,19.2,13.2,68,1021,2.1,210,0
1973,2,11,3,0,0,0,19.1,13.1,68,1020,2.1,220,0
1973,2,11,4,0,0,0,18.9,12.8,68,1020,2.1,220,0
1973,2,11,5,0,0,0,18.7,12.7,68,1020,1.9,220,0
1973,2,11,6,5,12,3,18.5,12.5,68,1021,1.7,220,0
1973,2,11,7,76,174,52,18.3,12.2,68,1021,1.5,220,0
1973,2,11,8,249,336,129,20.5,12.5,60,1021,2.4,170,0
1973,2,11,9,337,386,125,22.8,12.8,53,1021,3.2,120,0
1973,2,11,10,667,798,110,25,12.2,45,1021,4.1,70,0
1973,2,11,11,774,918,45,24.6,12.6,47,1020,4.1,50,0
1973,2,11,12,815,836,122,24.3,13.3,50,1019,4.1,30,0
1973,2,11,13,877,942,122,23.9,13.3,52,1018,4.1,10,0
1973,2,11,14,679,783,118,23.5,13.7,54,1018,3.4,10,0
1973,2,11,15,514,671,129,23.2,14.2,57,1017,2.8,20,0
1973,2,11,16,273,358,134,22.8,14.4,59,1017,2.1,20,0
1973,2,11,17,94,142,70,22.1,14.3,61,1018,1.9,40,0
1973,2,11,18,13,25,10,21.3,14.2,64,1018,1.7,60,0
1973,2,11,19,0,0,0,20.6,13.9,66,1019,1.5,80,0
1973,2,11,20,0,0,0,20.4,14.3,68,1019,2,130,0
1973,2,11,21,0,0,0,20.2,14.8,71,1019,2.6,190,0
1973,2,11,22,0,0,0,20,15,73,1020,3.1,240,0
1973,2,11,23,0,0,0,19.6,14.7,73,1019,2.6,200,0
1973,2,12,0,0,0,0,19.3,14.4,73,1019,2,170,0
1973,2,12,1,0,0,0,18.9,13.9,73,1018,1.5,130,0
1973,2,12,2,0,0,0,18.7,14.6,77,1018,2,170,0
1973,2,12,3,0,0,0,18.5,15,80,1018,2.6,220,0
1973,2,12,4,0,0,0,18.3,15.6,84,1018,3.1,260,0
1973,2,12,5,0,0,0,18.5,15,80,1018,3.1,250,0
1973,2,12,6,0,0,0,18.7,14.6,77,1019,3.1,230,0
1973,2,12,7,42,12,41,18.9,13.9,73,1020,3.1,220,0
1973,2,12,8,159,88,127,20.9,14.6,67,1020,2.8,270,0
1973,2,12,9,431,527,141,23,14.9,60,1020,2.4,330,0
1973,2,12,10,659,687,177,25,15,54,1020,2.1,20,0
1973,2,12,11,410,157,284,24.8,15.5,56,1019,3.1,20,0
1973,2,12,12,723,550,266,24.6,15.8,58,1018,4.2,10,0
1973,2,12,13,549,244,352,24.4,16.1,60,1018,5.2,10,0
1973,2,12,14,361,96,292,23.9,16.2,62,1018,4.2,20,0
1973,2,12,15,404,338,209,23.3,16.1,64,1018,3.1,20,0
1973,2,12,16,120,10,116,22.8,16.1,66,1018,2.1,30,0
1973,2,12,17,50,6,49,21.7,16.7,73,1018,1.9,30,0
1973,2,12,18,3,0,3,20.5,17,80,1019,1.7,30,0
1973,2,12,19,0,0,0,19.4,17.2,87,1019,1.5,30,0
1973,2,12,20,0,0,0,19.4,17.2,87,1020,1.5,330,0
1973,2,12,21,0,0,0,19.4,17.2,87,1020,1.5,280,0
1973,2,12,22,0,0,0,19.4,17.2,87,1020,1.5,220,0
1973,2,12,23,0,0,0,19.2,16.8,86,1019,1.7,200,0
1973,2,13,0,0,0,0,19.1,16.5,85,1019,1.9,190,0
1973,2,13,1,0,0,0,18.9,16.1,84,1018,2.1,170,0
1973,2,13,2,0,0,0,18.7,16.3,86,1018,2.4,200,0
1973,2,13,3,0,0,0,18.5,16.5,88,1018,2.8,240,0
1973,2,13,4,0,0,0,18.3,16.7,90,1018,3.1,270,0
1973,2,13,5,0,0,0,18.7,16.7,88,1019,2.8,250,0
1973,2,13,6,1,0,0,19,16.6,86,1019,2.4,220,0
1973,2,13,7,54,15,52,19.4,16.7,84,1020,2.1,200,0
1973,2,13,8,219,193,149,20.7,17,79,1020,1.4,180,0
1973,2,13,9,319,198,209,22,17.2,74,1020,0.7,160,0
1973,2,13,10,415,193,280,23.3,17.2,69,1020,0,0,0
1973,2,13,11,459,296,223,23.5,17.7,70,1020,0.7,130,0
1973,2,13,12,586,378,271,23.7,17.9,70,1019,1.4,110,0
1973,2,13,13,634,448,271,23.9,18.3,71,1018,2.1,90,0
1973,2,13,14,651,672,166,23.7,18.2,71,1018,2.4,80,0
1973,2,13,15,263,155,173,23.5,18,71,1018,2.8,80,0
1973,2,13,16,291,516,88,23.3,17.8,71,1018,3.1,70,0
1973,2,13,17,76,106,58,22.2,17.6,75,1018,3.1,110,0
1973,2,13,18,11,10,9,21.1,17.5,80,1018,3.1,160,0
1973,2,13,19,0,0,0,20,17.2,84,1019,3.1,200,0
1973,2,13,20,0,0,0,19.8,17.4,86,1019,3.6,220,0
1973,2,13,21,0,0,0,19.6,17.6,88,1019,4.1,230,0
1973,2,13,22,0,0,0,19.4,17.8,90,1019,4.6,250,0
1973,2,13,23,0,0,0,18.9,17.2,90,1019,4.1,240,0
1973,2,14,0,0,0,0,18.3,16.7,90,1019,3.6,230,0
1973,2,14,1,0,0,0,17.8,16.1,90,1019,3.1,220,0
1973,2,14,2,0,0,0,17.4,15.8,90,1018,2.9,220,0
1973,2,14,3,0,0,0,17.1,15.5,90,1018,2.8,220,0
1973,2,14,4,0,0,0,16.7,15,90,1018,2.6,220,0
1973,2,14,5,0,0,0,17.6,15.3,86,1018,2.8,220,0
1973,2,14,6,1,2,1,18.5,15.4,82,1018,2.9,220,0
1973,2,14,7,78,81,66,19.4,15.6,78,1019,3.1,220,0
1973,2,14,8,196,185,128,21.5,16,71,1019,3.4,210,0
1973,2,14,9,321,200,209,23.5,16.6,65,1019,3.8,190,0
1973,2,14,10,582,496,232,25.6,16.7,58,1019,4.1,180,0
1973,2,14,11,420,118,325,25.4,17.4,61,1018,4.1,170,0
1973,2,14,12,387,174,241,25.2,17.9,64,1017,4.1,170,0
1973,2,14,13,377,131,271,25,18.3,67,1016,4.1,160,0
1973,2,14,14,419,203,272,25.2,18.2,65,1015,4.3,140,0
1973,2,14,15,368,345,167,25.4,18.1,64,1015,4.4,120,0
1973,2,14,16,289,325,160,25.6,17.8,62,1015,4.6,100,0
1973,2,14,17,76,94,59,23.7,17.7,69,1015,4.1,150,0
1973,2,14,18,12,27,8,21.9,17.7,77,1016,3.6,190,0
1973,2,14,19,0,0,0,20,17.2,84,1016,3.1,240,0
1973,2,14,20,0,0,0,19.6,16.7,83,1017,2.9,230,0
1973,2,14,21,0,0,0,19.3,16.2,82,1017,2.8,220,0
1973,2,14,22,0,0,0,18.9,15.6,81,1017,2.6,210,0
1973,2,14,23,0,0,0,18.3,14.4,78,1017,3.1,220,0
1973,2,15,0,0,0,0,17.8,13.5,76,1017,3.6,220,0
1973,2,15,1,0,0,0,17.2,12.2,73,1017,4.1,230,0
1973,2,15,2,0,0,0,17.6,11.9,69,1017,3.6,230,0
1973,2,15,3,0,0,0,17.9,11.3,65,1016,3.1,230,0
1973,2,15,4,0,0,0,18.3,10.6,61,1016,2.6,230,0
1973,2,15,5,0,0,0,18.7,11.6,63,1017,2.4,210,0
1973,2,15,6,2,2,2,19,12.1,64,1018,2.3,200,0
1973,2,15,7,50,1,50,19.4,12.8,66,1019,2.1,180,0
1973,2,15,8,192,170,130,21.1,14.8,67,1018,2.8,120,0
1973,2,15,9,371,310,197,22.7,16.5,68,1018,3.4,70,0
1973,2,15,10,280,62,236,24.4,18.3,69,1018,4.1,10,0
1973,2,15,11,614,559,163,25.2,18.2,65,1017,4.1,30,0
1973,2,15,12,603,507,177,25.9,18.1,62,1016,4.1,50,0
1973,2,15,13,813,932,53,26.7,17.8,58,1015,4.1,70,0
1973,2,15,14,673,742,132,25.9,17.6,60,1015,4.1,80,0
1973,2,15,15,545,817,66,25.2,17.4,62,1015,4.1,100,0
1973,2,15,16,337,602,97,24.4,17.2,64,1015,4.1,110,0
1973,2,15,17,88,177,56,23.5,17.3,68,1015,3.4,130,0
1973,2,15,18,13,7,12,22.6,17.3,72,1016,2.8,150,0
1973,2,15,19,0,0,0,21.7,17.2,76,1016,2.1,170,0
1973,2,15,20,0,0,0,21.1,17.3,79,1017,2.3,180,0
1973,2,15,21,0,0,0,20.6,17.2,81,1017,2.4,200,0
1973,2,15,22,0,0,0,20,17.2,84,1017,2.6,210,0
1973,2,15,23,0,0,0,19.6,17.2,86,1017,2.9,220,0
1973,2,16,0,0,0,0,19.3,17.3,88,1017,3.3,240,0
1973,2,16,1,0,0,0,18.9,17.2,90,1017,3.6,250,0
1973,2,16,2,0,0,0,18.9,17.4,91,1017,3.8,240,0
1973,2,16,3,0,0,0,18.9,17.6,92,1017,3.9,230,0
1973,2,16,4,0,0,0,18.9,17.8,93,1017,4.1,220,0
1973,2,16,5,0,0,0,18.9,17.4,91,1017,3.4,220,0
1973,2,16,6,1,1,1,18.9,17.1,89,1017,2.8,210,0
1973,2,16,7,73,135,53,18.9,16.7,87,1018,2.1,210,0
1973,2,16,8,213,184,144,20.9,17.1,79,1018,3.1,200,0
1973,2,16,9,361,229,232,23,17.7,72,1018,4.2,180,0
1973,2,16,10,344,186,212,25,17.8,64,1018,5.2,170,0
1973,2,16,11,696,566,238,25.7,17.1,59,1017,5.9,150,0
1973,2,16,12,774,675,204,26.5,16.5,54,1016,6.5,130,0
1973,2,16,13,830,825,154,27.2,15.6,49,1015,7.2,110,0
1973,2,16,14,716,862,86,26.7,15.8,51,1015,6.5,110,0
1973,2,16,15,593,890,69,26.1,16.1,54,1015,5.9,100,0
1973,2,16,16,362,770,52,25.6,16.1,56,1015,5.2,100,0
1973,2,16,17,122,408,47,23.9,16.7,64,1016,4.3,140,0
1973,2,16,18,15,33,10,22.3,16.8,71,1016,3.5,190,0
1973,2,16,19,0,0,0,20.6,16.7,79,1017,2.6,230,0
1973,2,16,20,0,0,0,20.6,16.9,79,1017,2.8,230,0
1973,2,16,21,0,0,0,20.6,16.9,79,1018,2.9,220,0
1973,2,16,22,0,0,0,20.6,16.7,79,1018,3.1,220,0
1973,2,16,23,0,0,0,20.2,17.2,83,1018,3.3,180,0
1973,2,17,0,0,0,0,19.8,17.4,86,1018,3.4,140,0
1973,2,17,1,0,0,0,19.4,17.8,90,1017,3.6,100,0
1973,2,17,2,0,0,0,19.4,17.9,91,1017,4.3,150,0
1973,2,17,3,0,0,0,19.4,18.1,92,1017,5,190,0
1973,2,17,4,0,0,0,19.4,18.3,93,1017,5.7,240,0
1973,2,17,5,0,0,0,19.8,18.5,92,1018,5,240,0
1973,2,17,6,2,4,2,20.2,18.7,91,1018,4.3,230,0
1973,2,17,7,47,40,41,20.6,18.9,90,1019,3.6,230,0
1973,2,17,8,208,176,142,22.1,19.5,85,1019,4.1,220,0
1973,2,17,9,370,353,170,23.5,19.7,79,1019,4.7,210,0
1973,2,17,10,492,314,267,25,20,74,1019,5.2,200,0
1973,2,17,11,715,584,241,25.6,19.3,68,1019,5.4,170,0
1973,2,17,12,724,523,280,26.1,18.3,62,1018,5.5,130,0
1973,2,17,13,756,592,269,26.7,17.2,56,1017,5.7,100,0
1973,2,17,14,558,454,225,25.8,16.9,58,1017,5,110,0
1973,2,17,15,457,481,173,24.8,16.5,60,1016,4.3,120,0
1973,2,17,16,263,244,165,23.9,16.1,62,1016,3.6,130,0
1973,2,17,17,104,161,74,23,16.8,68,1017,3.4,150,0
1973,2,17,18,8,8,7,22,17.4,75,1017,3.3,180,0
1973,2,17,19,0,0,0,21.1,17.8,81,1018,3.1,200,0
1973,2,17,20,0,0,0,20.7,17.2,80,1018,3.3,200,0
1973,2,17,21,0,0,0,20.4,16.7,79,1018,3.4,210,0
1973,2,17,22,0,0,0,20,16.1,78,1018,3.6,210,0
1973,2,17,23,0,0,0,19.8,15.5,76,1018,3.3,210,0
1973,2,18,0,0,0,0,19.6,15.1,75,1018,2.9,210,0
1973,2,18,1,0,0,0,19.4,14.4,73,1017,2.6,210,0
1973,2,18,2,0,0,0,19.6,16.1,80,1017,2.4,200,0
1973,2,18,3,0,0,0,19.8,17.4,86,1017,2.3,190,0
1973,2,18,4,0,0,0,20,18.9,93,1017,2.1,180,0
1973,2,18,5,0,0,0,19.8,18.7,93,1018,2.6,180,0
1973,2,18,6,0,0,0,19.6,18.5,93,1018,3.1,190,0
1973,2,18,7,31,5,30,19.4,18.3,93,1019,3.6,190,0
1973,2,18,8,183,119,138,21.8,18,79,1019,4.1,170,0
1973,2,18,9,483,500,198,24.3,17.6,66,1019,4.7,140,0
1973,2,18,10,552,418,252,26.7,16.1,52,1019,5.2,120,0
1973,2,18,11,664,466,284,27.1,16.4,52,1018,5.2,120,0
1973,2,18,12,526,368,213,27.4,17,53,1017,5.2,130,0
1973,2,18,13,713,693,142,27.8,17.2,53,1016,5.2,130,0
1973,2,18,14,703,710,180,26.7,17.2,56,1016,5,130,0
1973,2,18,15,557,639,177,25.5,16.9,59,1016,4.8,120,0
1973,2,18,16,251,249,149,24.4,16.7,62,1016,4.6,120,0
1973,2,18,17,88,140,62,23.7,17,66,1017,4.1,150,0
1973,2,18,18,14,16,12,22.9,16.9,69,1017,3.6,170,0
1973,2,18,19,0,0,0,22.2,17.2,73,1018,3.1,200,0
1973,2,18,20,0,0,0,21.7,17.3,76,1018,3.4,160,0
1973,2,18,21,0,0,0,21.1,17.1,78,1019,3.8,130,0
1973,2,18,22,0,0,0,20.6,17.2,81,1019,4.1,90,0
1973,2,18,23,0,0,0,20,17,83,1018,4.1,140,0
1973,2,19,0,0,0,0,19.5,16.9,85,1018,4.1,190,0
1973,2,19,1,0,0,0,18.9,16.7,87,1017,4.1,240,0
1973,2,19,2,0,0,0,18.9,16.3,85,1017,3.4,220,0
1973,2,19,3,0,0,0,18.9,16,83,1017,2.8,210,0
1973,2,19,4,0,0,0,18.9,15.6,81,1017,2.1,190,0
1973,2,19,5,0,0,0,19.5,16.6,83,1018,1.9,200,0
1973,2,19,6,4,1,4,20,17.4,85,1018,1.7,200,0
1973,2,19,7,54,7,52,20.6,18.3,87,1019,1.5,210,0
1973,2,19,8,152,4,150,21.5,18.9,85,1019,2.4,190,0
1973,2,19,9,296,99,240,22.4,19.6,84,1019,3.2,170,0
1973,2,19,10,293,81,235,23.3,20,82,1019,4.1,150,0
1973,2,19,11,538,299,293,24.2,19.5,75,1018,4.6,130,0
1973,2,19,12,643,323,367,25.2,18.7,67,1017,5.2,100,0
1973,2,19,13,639,383,322,26.1,17.8,60,1017,5.7,80,0
1973,2,19,14,489,277,284,25.4,17.9,63,1016,5.3,90,0
1973,2,19,15,399,296,222,24.6,17.9,66,1016,5,100,0
1973,2,19,16,259,284,143,23.9,17.8,69,1016,4.6,110,0
1973,2,19,17,104,263,54,23.3,17.8,71,1016,3.8,140,0
1973,2,19,18,12,6,11,22.8,17.9,74,1017,2.9,180,0
1973,2,19,19,0,0,0,22.2,17.8,76,1017,2.1,210,0
1973,2,19,20,0,0,0,21.7,18.1,80,1018,2.4,210,0
1973,2,19,21,0,0,0,21.1,18.1,83,1018,2.8,200,0
1973,2,19,22,0,0,0,20.6,18.3,87,1018,3.1,200,0
1973,2,19,23,0,0,0,20.2,17.8,86,1018,2.9,210,0
1973,2,20,0,0,0,0,19.8,17.2,85,1018,2.8,210,0
1973,2,20,1,0,0,0,19.4,16.7,84,1017,2.6,220,0
1973,2,20,2,0,0,0,18.5,15.2,81,1017,3.5,220,0
1973,2,20,3,0,0,0,17.6,13.8,78,1017,4.3,230,0
1973,2,20,4,0,0,0,16.7,12.2,75,1017,5.2,230,0
1973,2,20,5,0,0,0,17.8,12.7,72,1018,4.7,230,0
1973,2,20,6,11,45,4,18.9,13.1,69,1018,4.1,220,0
1973,2,20,7,116,591,23,20,13.3,66,1018,3.6,220,0
1973,2,20,8,353,822,39,22.4,15,63,1018,3.3,200,0
1973,2,20,9,582,919,53,24.8,16.3,59,1018,2.9,170,0
1973,2,20,10,763,966,63,27.2,17.8,56,1018,2.6,150,0
1973,2,20,11,819,869,105,26.8,18.1,59,1018,2.9,100,0
1973,2,20,12,844,923,53,26.5,18.6,62,1017,3.3,60,0
1973,2,20,13,816,832,124,26.1,18.9,65,1017,3.6,10,0
1973,2,20,14,722,789,136,25.5,18.9,67,1017,3.8,20,0
1973,2,20,15,505,579,158,25,18.9,69,1017,3.9,30,0
1973,2,20,16,225,119,176,24.4,18.9,71,1017,4.1,40,0
1973,2,20,17,110,240,64,24,18.7,72,1017,4.5,40,0
1973,2,20,18,13,19,11,23.7,18.6,73,1017,4.8,30,0
1973,2,20,19,0,0,0,23.3,18.3,74,1018,5.2,30,0
1973,2,20,20,0,0,0,22.8,18.6,77,1018,6,20,0
1973,2,20,21,0,0,0,22.2,18.8,81,1019,6.9,10,0
1973,2,20,22,0,0,0,21.7,18.9,84,1019,7.7,0,0
1973,2,20,23,0,0,0,21.3,18.5,84,1019,6.9,10,0
1973,2,21,0,0,0,0,21,18.2,84,1019,6,10,0
1973,2,21,1,0,0,0,20.6,17.8,84,1018,5.2,20,0
1973,2,21,2,0,0,0,20.4,18,86,1018,5.5,10,0
1973,2,21,3,0,0,0,20.2,18.2,88,1018,5.9,10,0
1973,2,21,4,0,0,0,20,18.3,90,1018,6.2,0,0
1973,2,21,5,0,0,0,20.2,18.2,88,1019,5.5,0,0
1973,2,21,6,7,1,7,20.4,18,86,1019,4.8,10,0
1973,2,21,7,34,16,31,20.6,17.8,84,1020,4.1,10,0
1973,2,21,8,163,6,160,20.2,17.2,83,1020,4.6,10,0
1973,2,21,9,346,191,235,19.8,16.7,82,1020,5.2,0,0
1973,2,21,10,435,128,342,19.4,16.1,81,1021,5.7,0,0
1973,2,21,11,601,396,274,20.3,16,76,1020,5.9,0,0
1973,2,21,12,325,8,318,21.3,15.9,71,1019,6,0,0
1973,2,21,13,306,11,298,22.2,15.6,66,1019,6.2,0,0
1973,2,21,14,421,118,333,21.8,15.2,66,1019,5.9,0,0
1973,2,21,15,349,107,284,21.5,14.9,66,1018,5.5,0,0
1973,2,21,16,226,197,144,21.1,14.4,66,1018,5.2,0,0
1973,2,21,17,94,117,71,20.7,14.6,68,1019,4.2,330,0
1973,2,21,18,17,5,17,20.4,14.6,69,1019,3.1,310,0
1973,2,21,19,0,0,0,20,14.4,71,1019,2.1,280,0
1973,2,21,20,0,0,0,20,13.9,68,1019,2.1,290,0
1973,2,21,21,0,0,0,20,13.5,66,1020,2.1,300,0
1973,2,21,22,0,0,0,20,12.8,63,1020,2.1,310,0
1973,2,21,23,0,0,0,20,12.5,62,1019,2.1,320,0
1973,2,22,0,0,0,0,20,12,60,1019,2.1,340,0
1973,2,22,1,0,0,0,20,11.7,59,1018,2.1,350,0
1973,2,22,2,0,0,0,20,12,60,1018,2.4,330,0
1973,2,22,3,0,0,0,20,12,60,1018,2.8,320,0
1973,2,22,4,0,0,0,20,12.2,61,1018,3.1,300,0
1973,2,22,5,0,0,0,20,12.5,62,1018,2.9,310,0
1973,2,22,6,0,0,0,20,12.5,62,1018,2.8,310,0
1973,2,22,7,42,5,41,20,12.8,63,1019,2.6,320,0
1973,2,22,8,135,4,133,20.9,12.9,60,1019,2.8,330,0
1973,2,22,9,218,6,214,21.9,13.3,58,1019,2.9,340,0
1973,2,22,10,306,5,303,22.8,13.3,55,1019,3.1,350,0
1973,2,22,11,386,6,381,22.6,13.7,57,1018,3.3,0,0
1973,2,22,12,476,96,393,22.4,14.3,60,1018,3.4,20,0
1973,2,22,13,456,115,360,22.2,14.4,62,1017,3.6,30,0
1973,2,22,14,484,122,393,21.8,14,61,1017,3.9,10,0
1973,2,22,15,416,152,324,21.5,13.4,60,1017,4.3,360,0
1973,2,22,16,157,56,134,21.1,12.8,59,1017,4.6,340,0
1973,2,22,17,105,122,81,20.5,13,62,1017,3.9,330,0
1973,2,22,18,17,8,16,20,13.3,65,1017,3.3,320,0
1973,2,22,19,0,0,0,19.4,13.3,68,1018,2.6,310,0
1973,2,22,20,0,0,0,18.7,13.2,70,1018,2.2,280,0
1973,2,22,21,0,0,0,17.9,13,73,1018,1.9,260,0
1973,2,22,22,0,0,0,17.2,12.8,75,1018,1.5,230,0
1973,2,22,23,0,0,0,17.4,12.8,74,1018,1.5,240,0
1973,2,23,0,0,0,0,17.6,12.9,74,1017,1.5,250,0
1973,2,23,1,0,0,0,17.8,12.8,73,1017,1.5,260,0
1973,2,23,2,0,0,0,17.1,12.7,75,1017,1,270,0
1973,2,23,3,0,0,0,16.3,12.1,76,1016,0.5,270,0
1973,2,23,4,0,0,0,15.6,11.7,78,1016,0,0,0
1973,2,23,5,0,0,0,16.5,12.7,78,1017,1,280,0
1973,2,23,6,7,6,6,17.4,13.6,78,1017,2.1,290,0
1973,2,23,7,27,1,27,18.3,14.4,78,1018,3.1,290,0
1973,2,23,8,177,10,173,18.9,15.8,82,1018,3.1,280,0
1973,2,23,9,252,12,245,19.4,17,86,1018,3.1,280,0
1973,2,23,10,165,4,162,20,18.3,90,1018,3.1,270,0
1973,2,23,11,395,0,394,20.7,17.7,83,1017,3.6,290,0
1973,2,23,12,518,59,466,21.5,16.9,75,1016,4.1,320,0
1973,2,23,13,488,128,380,22.2,16.1,68,1015,4.6,340,0
1973,2,23,14,296,78,237,21.8,16.3,71,1015,4.1,350,0
1973,2,23,15,364,91,309,21.5,16.5,73,1015,3.6,350,0
1973,2,23,16,187,78,154,21.1,16.7,76,1014,3.1,360,0
1973,2,23,17,105,37,97,20.5,17,80,1015,3.3,350,0
1973,2,23,18,16,1,16,20,17,83,1015,3.4,330,0
1973,2,23,19,0,0,0,19.4,17.2,87,1016,3.6,320,0
1973,2,23,20,0,0,0,19.2,17.2,88,1016,3.4,320,0
1973,2,23,21,0,0,0,19.1,17.3,89,1016,3.3,330,0
1973,2,23,22,0,0,0,18.9,17.2,90,1016,3.1,330,0
1973,2,23,23,0,0,0,18.5,16.9,90,1016,2.6,320,0
1973,2,24,0,0,0,0,18.2,16.6,90,1015,2,310,0
1973,2,24,1,0,0,0,17.8,16.1,90,1015,1.5,300,0
1973,2,24,2,0,0,0,17.4,15.9,91,1015,2,280,0
1973,2,24,3,0,0,0,17.1,15.8,92,1014,2.6,250,0
1973,2,24,4,0,0,0,16.7,15.6,93,1014,3.1,230,0
1973,2,24,5,0,0,0,17.8,16,89,1015,2.9,240,0
1973,2,24,6,9,12,7,18.9,16.3,85,1015,2.8,260,0
1973,2,24,7,89,177,59,20,16.7,81,1016,2.6,270,0
1973,2,24,8,310,579,82,21.3,16.7,75,1016,3.1,300,0
1973,2,24,9,464,551,140,22.6,16.9,70,1016,3.6,330,0
1973,2,24,10,721,813,121,23.9,16.7,64,1016,4.1,0,0
1973,2,24,11,634,598,135,24.1,16.9,64,1015,4.5,10,0
1973,2,24,12,835,739,191,24.2,17,64,1015,4.8,20,0
1973,2,24,13,784,733,166,24.4,17.2,64,1014,5.2,30,0
1973,2,24,14,695,727,147,24,17.3,66,1014,4.7,20,0
1973,2,24,15,549,677,136,23.7,17.7,69,1014,4.1,20,0
1973,2,24,16,342,622,80,23.3,17.8,71,1014,3.6,10,0
1973,2,24,17,136,331,70,22.4,17.6,74,1015,3.3,10,0
1973,2,24,18,18,13,16,21.5,17.5,78,1015,2.9,10,0
1973,2,24,19,0,0,0,20.6,17.2,81,1016,2.6,10,0
1973,2,24,20,0,0,0,20.2,17.2,83,1016,2.4,320,0
1973,2,24,21,0,0,0,19.8,17.2,85,1016,2.3,280,0
1973,2,24,22,0,0,0,19.4,17.2,87,1017,2.1,230,0
1973,2,24,23,0,0,0,19,17.2,89,1016,2.3,230,0
1973,2,25,0,0,0,0,18.7,17.2,91,1016,2.4,230,0
1973,2,25,1,0,0,0,18.3,17.2,93,1015,2.6,230,0
1973,2,25,2,0,0,0,18.5,17.4,93,1015,2.4,260,0
1973,2,25,3,0,0,0,18.7,17.6,93,1016,2.3,280,0
1973,2,25,4,0,0,0,18.9,17.8,93,1016,2.1,310,0
1973,2,25,5,0,0,0,18.9,17.8,93,1016,2.8,300,0
1973,2,25,6,9,0,9,18.9,17.8,93,1017,3.4,290,0
1973,2,25,7,38,5,37,18.9,17.8,93,1018,4.1,280,0
1973,2,25,8,159,9,156,19.1,18,93,1018,3.4,290,0
1973,2,25,9,299,12,292,19.2,18.1,93,1019,2.8,290,0
1973,2,25,10,172,6,168,19.4,18.3,93,1019,2.1,300,0
1973,2,25,11,419,6,415,20.3,18.6,90,1018,2.1,320,0
1973,2,25,12,457,5,453,21.3,19.1,87,1017,2.1,350,0
1973,2,25,13,382,1,381,22.2,19.4,84,1017,2.1,10,0
1973,2,25,14,365,1,364,21.5,19.3,87,1017,1.9,340,0
1973,2,25,15,304,1,304,20.7,19,90,1017,1.7,320,0
1973,2,25,16,125,1,125,20,18.9,93,1017,1.5,290,0
1973,2,25,17,103,0,103,19.8,18.7,93,1017,2,260,0
1973,2,25,18,17,0,17,19.6,18.5,93,1018,2.6,240,0
1973,2,25,19,0,0,0,19.4,18.3,93,1018,3.1,210,0
1973,2,25,20,0,0,0,19.2,18.2,94,1018,2.8,220,0
1973,2,25,21,0,0,0,19.1,18.5,96,1019,2.4,230,0
1973,2,25,22,0,0,0,18.9,18.3,97,1019,2.1,240,0
1973,2,25,23,0,0,0,18.9,18.4,97,1019,2.1,250,0
1973,2,26,0,0,0,0,18.9,18.4,97,1018,2.1,250,0
1973,2,26,1,0,0,0,18.9,18.3,97,1018,2.1,260,0
1973,2,26,2,0,0,0,18.9,18.4,97,1018,2.3,270,0
1973,2,26,3,0,0,0,18.9,18.4,97,1018,2.4,280,0
1973,2,26,4,0,0,0,18.9,18.3,97,1018,2.6,290,0
1973,2,26,5,0,0,0,19.1,18.6,97,1019,2.8,280,0
1973,2,26,6,10,0,10,19.2,18.7,97,1020,2.9,260,0
1973,2,26,7,47,0,47,19.4,18.9,97,1020,3.1,250,0
1973,2,26,8,191,0,191,19.6,19.1,97,1021,3.1,250,0
1973,2,26,9,312,0,312,19.8,19.3,97,1021,3.1,250,0
1973,2,26,10,216,1,215,20,19.4,97,1021,3.1,250,0
1973,2,26,11,409,1,408,20.7,19.4,92,1021,2.8,290,0
1973,2,26,12,429,85,355,21.5,19.3,87,1020,2.4,320,0
1973,2,26,13,619,251,406,22.2,18.9,82,1019,2.1,0,0
1973,2,26,14,453,149,340,22.2,18.4,79,1019,2.1,20,0
1973,2,26,15,297,82,247,22.2,17.8,76,1019,2.1,40,0
1973,2,26,16,232,132,176,22.2,17.2,73,1019,2.1,60,0
1973,2,26,17,93,44,85,21.1,17.5,80,1020,2.4,10,0
1973,2,26,18,17,0,17,20,17.6,86,1020,2.8,330,0
1973,2,26,19,0,0,0,18.9,17.8,93,1021,3.1,280,0
1973,2,26,20,0,0,0,18.9,17.8,93,1021,2.1,270,0
1973,2,26,21,0,0,0,18.9,17.8,93,1021,1,260,0
1973,2,26,22,0,0,0,18.9,17.8,93,1021,0,0,0
1973,2,26,23,0,0,0,18.9,17.8,93,1021,0.5,230,0
1973,2,27,0,0,0,0,18.9,17.8,93,1021,1,220,0
1973,2,27,1,0,0,0,18.9,17.8,93,1020,1.5,210,0
1973,2,27,2,0,0,0,18.9,17.6,92,1020,1.7,200,0
1973,2,27,3,0,0,0,18.9,17.4,91,1020,1.9,200,0
1973,2,27,4,0,0,0,18.9,17.2,90,1019,2.1,190,0
1973,2,27,5,0,0,0,18.9,17.1,89,1020,2.1,180,0
1973,2,27,6,5,0,5,18.9,16.9,88,1020,2.1,170,0
1973,2,27,7,59,3,59,18.9,16.7,87,1020,2.1,160,0
1973,2,27,8,154,6,151,19.6,17.4,87,1021,2.3,190,0
1973,2,27,9,266,4,263,20.4,18.2,87,1021,2.4,230,0
1973,2,27,10,295,3,293,21.1,18.9,87,1021,2.6,260,0
1973,2,27,11,589,206,415,21.7,18.5,82,1020,2.6,290,0
1973,2,27,12,366,119,261,22.2,17.8,76,1019,2.6,330,0
1973,2,27,13,478,176,328,22.8,17.2,71,1018,2.6,0,0
1973,2,27,14,528,282,313,22.8,16.8,69,1018,2.6,30,0
1973,2,27,15,262,83,211,22.8,16.6,68,1018,2.6,60,0
1973,2,27,16,122,1,121,22.8,16.1,66,1017,2.6,90,0
1973,2,27,17,54,3,53,21.9,16.7,72,1018,2.6,150,0
1973,2,27,18,10,0,10,20.9,16.9,78,1018,2.6,210,0
1973,2,27,19,0,0,0,20,17.2,84,1019,2.6,270,0
1973,2,27,20,0,0,0,19.8,17.2,85,1019,2.9,260,0
1973,2,27,21,0,0,0,19.6,17.2,86,1019,3.3,250,0
1973,2,27,22,0,0,0,19.4,17.2,87,1019,3.6,240,0
1973,2,27,23,0,0,0,19.4,17,86,1019,3.4,220,0
1973,2,28,0,0,0,0,19.4,16.8,85,1018,3.3,210,0
1973,2,28,1,0,0,0,19.4,16.7,84,1018,3.1,190,0
1973,2,28,2,0,0,0,19.2,16.5,84,1017,2.8,200,0
1973,2,28,3,0,0,0,19.1,16.4,84,1017,2.4,200,0
1973,2,28,4,0,0,0,18.9,16.1,84,1017,2.1,210,0
1973,2,28,5,0,0,0,19.3,16.2,82,1017,2.3,220,0
1973,2,28,6,15,25,12,19.6,16.1,80,1017,2.4,230,0
1973,2,28,7,96,72,83,20,16.1,78,1018,2.6,240,0
1973,2,28,8,278,447,97,21.7,16.5,72,1018,2.9,280,0
1973,2,28,9,550,752,99,23.3,16.6,66,1018,3.3,320,0
1973,2,28,10,745,896,72,25,16.7,60,1018,3.6,0,0
1973,2,28,11,899,930,111,25,17,61,1017,3.8,10,0
1973,2,28,12,961,944,127,25,17,61,1016,3.9,10,0
1973,2,28,13,766,743,131,25,17.2,62,1016,4.1,20,0
1973,2,28,14,617,492,241,24.3,17.3,65,1015,3.6,30,0
1973,2,28,15,360,106,294,23.5,17.3,68,1015,3.1,40,0
1973,2,28,16,252,98,210,22.8,17.2,71,1015,2.6,50,0
1973,2,28,17,102,61,89,22.6,17.1,71,1016,2.6,50,0
1973,2,28,18,21,17,19,22.1,17.1,73,1016,2.6,56,0
1973,2,28,19,0,0,0,21.6,17.2,75,1016,2.5,71,0
1973,2,28,20,0,0,0,21.1,17.8,81,1016,2.4,99,0
1973,2,28,21,0,0,0,20.6,18.2,85,1016,2.3,120,0
1973,2,28,22,0,0,0,20.3,18.3,88,1016,2.3,136,0
1973,2,28,23,0,0,0,20.2,18.4,88,1015,2.3,147,0
1966,3,1,0,0,0,0,20.2,18.3,89,1015,2.4,153,0
1966,3,1,1,0,0,0,20,18.2,89,1014,2.4,164,0
1966,3,1,2,0,0,0,19.8,18,89,1014,2.6,176,0
1966,3,1,3,0,0,0,19.6,17.8,89,1013,2.9,190,0
1966,3,1,4,0,0,0,19.3,17.5,89,1014,3.2,207,0
1966,3,1,5,0,0,0,19.4,17.6,89,1013,2.4,236,0
1966,3,1,6,11,6,10,19.6,17.6,88,1014,1.2,260,0
1966,3,1,7,73,52,64,20,17.8,87,1015,0,0,0
1966,3,1,8,146,71,117,21.3,18.7,85,1015,1,300,0
1966,3,1,9,243,114,174,22.6,19.8,84,1015,2.1,310,0
1966,3,1,10,274,9,267,23.9,20.6,82,1015,3.1,330,0
1966,3,1,11,299,4,295,24.3,21,82,1015,4.3,20,0
1966,3,1,12,429,8,422,24.6,21.3,82,1014,5.5,70,0
1966,3,1,13,330,11,320,25,21.7,82,1013,6.7,120,0
1966,3,1,14,320,8,314,24.8,21.5,82,1013,6,120,0
1966,3,1,15,243,3,241,24.6,21.3,82,1013,5.3,110,0
1966,3,1,16,197,1,197,24.4,21.1,82,1013,4.6,110,0
1966,3,1,17,91,2,90,24,21.3,85,1014,3.9,100,0
1966,3,1,18,14,0,14,23.7,21.4,87,1014,3.3,90,0
1966,3,1,19,0,0,0,23.3,21.7,90,1015,2.6,80,0
1966,3,1,20,0,0,0,23.1,21.2,89,1015,2.4,30,0
1966,3,1,21,0,0,0,23,20.9,88,1016,2.3,350,0
1966,3,1,22,0,0,0,22.8,20.6,87,1016,2.1,300,0
1966,3,1,23,0,0,0,22.4,20.5,89,1016,1.4,290,0
1966,3,2,0,0,0,0,22.1,20.6,91,1015,0.7,290,0
1966,3,2,1,0,0,0,21.7,20.6,93,1015,0,0,0
1966,3,2,2,0,0,0,21.5,20.3,93,1015,0,0,0
1966,3,2,3,0,0,0,21.3,20.1,93,1015,0,0,0
1966,3,2,4,0,0,0,21.1,20,93,1015,0,0,0
1966,3,2,5,0,0,0,21.3,20,92,1015,0.7,250,0
1966,3,2,6,7,0,7,21.5,20,91,1016,1.4,250,0
1966,3,2,7,92,35,86,21.7,20,90,1016,2.1,240,0
1966,3,2,8,214,81,181,23.4,20,81,1016,2.6,190,0
1966,3,2,9,322,87,269,25,19.4,71,1016,3.1,150,0
1966,3,2,10,456,94,385,26.7,18.9,62,1016,3.6,100,0
1966,3,2,11,392,91,314,27.1,19.2,62,1015,4.3,100,0
1966,3,2,12,613,276,368,27.4,19.8,63,1015,5,100,0
1966,3,2,13,624,305,361,27.8,20,63,1014,5.7,100,0
1966,3,2,14,512,240,327,26.7,20.8,70,1014,4.7,100,0
1966,3,2,15,342,199,218,25.5,21.4,78,1014,3.6,90,0
1966,3,2,16,147,9,143,24.4,21.7,85,1014,2.6,90,0
1966,3,2,17,55,1,54,24,21.9,88,1015,2.4,100,0
1966,3,2,18,10,0,10,23.7,22,90,1015,2.3,120,0
1966,3,2,19,0,0,0,23.3,22.2,93,1016,2.1,130,0
1966,3,2,20,0,0,0,23.1,21.9,93,1016,2.4,90,0
1966,3,2,21,0,0,0,23,21.8,93,1016,2.8,40,0
1966,3,2,22,0,0,0,22.8,21.7,93,1016,3.1,0,0
1966,3,2,23,0,0,0,22.2,21,93,1016,2.1,0,0
1966,3,3,0,0,0,0,21.7,20.5,93,1015,1,0,0
1966,3,3,1,0,0,0,21.1,20,93,1015,0,0,0
1966,3,3,2,0,0,0,20.9,19.7,93,1015,0,0,0
1966,3,3,3,0,0,0,20.8,19.6,93,1014,0,0,0
1966,3,3,4,0,0,0,20.6,19.4,93,1014,0,0,0
1966,3,3,5,0,0,0,20.8,19.6,93,1015,2.4,0,0
1966,3,3,6,9,5,8,20.9,19.7,93,1015,4.8,0,0
1966,3,3,7,36,2,35,21.1,20,93,1016,7.2,0,0
1966,3,3,8,177,2,176,21.7,19.6,88,1016,7.7,0,0
1966,3,3,9,319,5,316,22.2,19.4,84,1016,8.3,0,0
1966,3,3,10,301,6,296,22.8,18.9,79,1016,8.8,0,0
1966,3,3,11,382,10,374,23.2,18.8,76,1015,8.8,360,0
1966,3,3,12,475,144,347,23.5,18.6,74,1015,8.8,350,0
1966,3,3,13,381,18,365,23.9,18.3,71,1014,8.8,350,0
1966,3,3,14,427,97,352,23.3,18.4,74,1014,8.6,350,0
1966,3,3,15,230,12,223,22.8,18.4,76,1014,8.4,350,0
1966,3,3,16,140,6,137,22.2,18.3,79,1014,8.2,350,0
1966,3,3,17,81,6,80,21.8,18,79,1014,6.8,350,0
1966,3,3,18,11,1,11,21.5,17.5,78,1015,5.5,350,0
1966,3,3,19,0,0,0,21.1,17.2,78,1016,4.1,350,0
1966,3,3,20,0,0,0,21.1,16.9,77,1016,4.5,350,0
1966,3,3,21,0,0,0,21.1,16.9,77,1016,4.8,350,0
1966,3,3,22,0,0,0,21.1,16.7,76,1016,5.2,350,0
1966,3,3,23,0,0,0,20.9,16.1,74,1016,4.8,330,0
1966,3,4,0,0,0,0,20.8,15.6,72,1015,4.5,320,0
1966,3,4,1,0,0,0,20.6,15,70,1015,4.1,300,0
1966,3,4,2,0,0,0,19.7,13.9,69,1015,3.9,280,0
1966,3,4,3,0,0,0,18.7,12.7,68,1015,3.8,260,0
1966,3,4,4,0,0,0,17.8,11.7,67,1015,3.6,240,0
1966,3,4,5,0,0,0,18.2,11.8,66,1015,3.4,250,0
1966,3,4,6,20,39,15,18.5,12.1,66,1015,3.3,260,0
1966,3,4,7,131,465,41,18.9,12.2,65,1016,3.1,270,0
1966,3,4,8,344,589,97,20.6,13.3,63,1016,4.1,310,0
1966,3,4,9,634,926,66,22.2,14.1,60,1016,5.2,360,0
1966,3,4,10,729,804,114,23.9,15,58,1016,6.2,40,0
1966,3,4,11,850,809,154,24.1,15.1,57,1015,6.2,30,0
1966,3,4,12,886,928,56,24.2,15.2,57,1014,6.2,20,0
1966,3,4,13,881,933,73,24.4,15,56,1014,6.2,10,0
1966,3,4,14,805,984,42,24.2,15.2,57,1013,5.5,10,0
1966,3,4,15,531,778,41,24.1,15.1,57,1013,4.8,0,0
1966,3,4,16,298,580,44,23.9,15,58,1013,4.1,0,0
1966,3,4,17,145,487,40,22.4,15.5,65,1014,3.6,320,0
1966,3,4,18,30,105,16,20.9,15.5,71,1014,3.1,290,0
1966,3,4,19,0,0,0,19.4,15.6,78,1015,2.6,250,0
1966,3,4,20,0,0,0,18.5,14.8,79,1015,2.6,250,0
1966,3,4,21,0,0,0,17.6,14.1,80,1016,2.6,260,0
1966,3,4,22,0,0,0,16.7,13.3,81,1016,2.6,260,0
1966,3,4,23,0,0,0,17.2,13.6,79,1016,3.3,260,0
1966,3,5,0,0,0,0,17.8,13.7,77,1016,3.9,260,0
1966,3,5,1,0,0,0,18.3,13.9,75,1016,4.6,260,0
1966,3,5,2,0,0,0,18.1,13.8,76,1016,3.8,260,0
1966,3,5,3,0,0,0,18,13.9,77,1016,2.9,260,0
1966,3,5,4,0,0,0,17.8,13.9,78,1016,2.1,260,0
1966,3,5,5,0,0,0,18.2,13.9,76,1016,2.6,250,0
1966,3,5,6,11,1,11,18.5,14,75,1016,3.1,230,0
1966,3,5,7,99,69,85,18.9,13.9,73,1017,3.6,220,0
1966,3,5,8,237,45,218,20.9,14.6,67,1017,4.6,180,0
1966,3,5,9,445,329,241,23,14.9,60,1016,5.7,130,0
1966,3,5,10,642,575,201,25,15,54,1016,6.7,90,0
1966,3,5,11,701,493,275,25.4,14.9,52,1015,6.4,90,0
1966,3,5,12,850,726,198,25.7,14.8,51,1015,6,80,0
1966,3,5,13,788,736,149,26.1,14.4,49,1014,5.7,80,0
1966,3,5,14,709,666,190,25.4,14.9,52,1014,4.8,100,0
1966,3,5,15,500,462,209,24.6,15,55,1014,4,110,0
1966,3,5,16,265,262,150,23.9,15,58,1014,3.1,130,0
1966,3,5,17,102,128,75,23,16.1,65,1015,2.8,150,0
1966,3,5,18,18,10,17,22,16.5,71,1015,2.4,160,0
1966,3,5,19,0,0,0,21.1,17.2,78,1016,2.1,180,0
1966,3,5,20,0,0,0,20.7,17,79,1016,2.1,190,0
1966,3,5,21,0,0,0,20.4,16.9,80,1016,2.1,190,0
1966,3,5,22,0,0,0,20,16.7,81,1016,2.1,200,0
1966,3,5,23,0,0,0,19.6,15.7,78,1016,2.6,210,0
1966,3,6,0,0,0,0,19.3,15,76,1015,3.1,230,0
1966,3,6,1,0,0,0,18.9,13.9,73,1015,3.6,240,0
1966,3,6,2,0,0,0,19.1,13.5,70,1015,3.4,220,0
1966,3,6,3,0,0,0,19.2,13.2,68,1015,3.3,210,0
1966,3,6,4,0,0,0,19.4,12.8,65,1015,3.1,190,0
1966,3,6,5,0,0,0,19.8,12.6,63,1015,3.3,200,0
1966,3,6,6,13,3,12,20.2,12.5,61,1015,3.4,200,0
1966,3,6,7,57,1,57,20.6,12.2,59,1016,3.6,210,0
1966,3,6,8,128,6,125,22.3,12.9,55,1016,3.6,220,0
1966,3,6,9,263,4,261,23.9,13.5,52,1016,3.6,230,0
1966,3,6,10,335,7,330,25.6,13.9,48,1016,3.6,240,0
1966,3,6,11,577,217,389,26.3,13.5,45,1015,4.8,210,0
1966,3,6,12,746,450,341,27.1,13.5,43,1014,6,170,0
1966,3,6,13,594,376,267,27.8,12.8,40,1013,7.2,140,0
1966,3,6,14,693,601,224,26.9,14.7,47,1013,6.9,120,0
1966,3,6,15,435,329,226,25.9,15.6,53,1013,6.5,110,0
1966,3,6,16,263,302,129,25,16.7,60,1013,6.2,90,0
1966,3,6,17,112,63,98,23.9,17.2,66,1013,5.3,120,0
1966,3,6,18,12,11,11,22.8,17.7,73,1014,4.5,160,0
1966,3,6,19,0,0,0,21.7,17.8,79,1014,3.6,190,0
1966,3,6,20,0,0,0,20.9,17.5,81,1015,3.4,200,0
1966,3,6,21,0,0,0,20.2,17.1,82,1015,3.3,220,0
1966,3,6,22,0,0,0,19.4,16.7,84,1016,3.1,230,0
1966,3,6,23,0,0,0,19.4,16.7,84,1015,2.1,220,0
1966,3,7,0,0,0,0,19.4,16.7,84,1015,1,210,0
1966,3,7,1,0,0,0,19.4,16.7,84,1015,0,0,0
1966,3,7,2,0,0,0,18.7,16.2,85,1014,0.9,200,0
1966,3,7,3,0,0,0,17.9,15.6,86,1014,1.7,190,0
1966,3,7,4,0,0,0,17.2,15,87,1014,2.6,180,0
1966,3,7,5,0,0,0,17.8,15.3,85,1015,1.7,150,0
1966,3,7,6,13,28,10,18.3,15.4,83,1015,0.9,130,0
1966,3,7,7,131,418,47,18.9,15.6,81,1016,0,0,0
1966,3,7,8,355,633,84,21.1,15.9,72,1015,1.7,70,0
1966,3,7,9,567,722,117,23.4,16,63,1015,3.5,50,0
1966,3,7,10,745,776,144,25.6,15.6,54,1015,5.2,20,0
1966,3,7,11,757,640,200,26,15.4,52,1014,4.8,40,0
1966,3,7,12,893,779,189,26.3,14.8,49,1013,4.5,50,0
1966,3,7,13,710,508,266,26.7,14.4,47,1013,4.1,70,0
1966,3,7,14,650,497,261,26.1,15.2,51,1013,3.8,60,0
1966,3,7,15,481,318,279,25.6,15.6,54,1013,3.4,60,0
1966,3,7,16,216,129,158,25,16.1,58,1013,3.1,50,0
1966,3,7,17,100,108,76,24.3,16.8,63,1013,2.9,350,0
1966,3,7,18,18,17,16,23.5,17.3,68,1013,2.8,300,0
1966,3,7,19,0,0,0,22.8,17.8,73,1014,2.6,240,0
1966,3,7,20,0,0,0,22.2,17.8,76,1014,2.6,240,0
1966,3,7,21,0,0,0,21.7,17.7,78,1015,2.6,250,0
1966,3,7,22,0,0,0,21.1,17.8,81,1015,2.6,250,0
1966,3,7,23,0,0,0,20.2,17.4,84,1015,2.9,240,0
1966,3,8,0,0,0,0,19.2,17,87,1014,3.3,230,0
1966,3,8,1,0,0,0,18.3,16.7,90,1014,3.6,220,0
1966,3,8,2,0,0,0,17.8,15.6,87,1014,3.6,230,0
1966,3,8,3,0,0,0,17.2,14.5,84,1014,3.6,230,0
1966,3,8,4,0,0,0,16.7,13.3,81,1014,3.6,240,0
1966,3,8,5,0,0,0,18,13.5,75,1014,3.1,230,0
1966,3,8,6,21,90,9,19.3,13.5,69,1015,2.6,230,0
1966,3,8,7,152,589,30,20.6,13.3,63,1015,2.1,220,0
1966,3,8,8,375,733,58,22.1,14.5,62,1015,3.3,270,0
1966,3,8,9,523,610,140,23.5,15.6,61,1015,4.5,330,0
1966,3,8,10,765,791,149,25,16.7,60,1015,5.7,20,0
1966,3,8,11,740,592,223,25.6,15.6,54,1014,5.5,50,0
1966,3,8,12,862,752,180,26.1,14.3,48,1013,5.4,80,0
1966,3,8,13,853,778,170,26.7,12.8,42,1013,5.2,110,0
1966,3,8,14,620,486,238,25.9,14.4,49,1012,4.3,110,0
1966,3,8,15,414,277,237,25.2,15.6,55,1012,3.5,100,0
1966,3,8,16,240,59,213,24.4,16.7,62,1012,2.6,100,0
1966,3,8,17,117,61,104,23.7,17.2,67,1013,2.6,140,0
1966,3,8,18,23,30,19,22.9,17.4,71,1013,2.6,180,0
1966,3,8,19,0,0,0,22.2,17.8,76,1014,2.6,220,0
1966,3,8,20,0,0,0,21.5,17.7,79,1014,2.6,220,0
1966,3,8,21,0,0,0,20.7,17.3,81,1014,2.6,220,0
1966,3,8,22,0,0,0,20,17.2,84,1014,2.6,220,0
1966,3,8,23,0,0,0,19.6,16.8,84,1014,2.6,220,0
1966,3,9,0,0,0,0,19.3,16.6,84,1014,2.6,210,0
1966,3,9,1,0,0,0,18.9,16.1,84,1014,2.6,210,0
1966,3,9,2,0,0,0,18.5,15.8,84,1014,2.9,220,0
1966,3,9,3,0,0,0,18.2,15.5,84,1014,3.3,220,0
1966,3,9,4,0,0,0,17.8,15,84,1014,3.6,230,0
1966,3,9,5,0,0,0,18.3,15.6,84,1014,2.4,250,0
1966,3,9,6,14,4,14,18.9,16.2,84,1014,1.2,280,0
1966,3,9,7,78,53,67,19.4,16.7,84,1015,0,0,0
1966,3,9,8,200,1,199,21.1,16.5,75,1015,1.2,320,0
1966,3,9,9,271,32,251,22.7,16.3,67,1015,2.4,350,0
1966,3,9,10,295,11,286,24.4,15.6,58,1015,3.6,10,0
1966,3,9,11,368,10,360,25,16.7,60,1014,4.1,10,0
1966,3,9,12,360,11,350,25.5,17.7,62,1014,4.7,10,0
1966,3,9,13,404,3,401,26.1,18.9,64,1013,5.2,10,0
1966,3,9,14,418,3,416,25.4,19.3,69,1013,4.5,10,0
1966,3,9,15,276,1,275,24.6,19.7,74,1013,3.8,0,0
1966,3,9,16,191,6,189,23.9,20,79,1013,3.1,0,0
1966,3,9,17,88,2,87,23.7,19.4,77,1013,2.9,350,0
1966,3,9,18,19,0,19,23.5,19,76,1014,2.8,350,0
1966,3,9,19,0,0,0,23.3,18.3,74,1014,2.6,340,0
1966,3,9,20,0,0,0,22.9,18.3,75,1015,1.7,320,0
1966,3,9,21,0,0,0,22.6,18,75,1015,0.9,300,0
1966,3,9,22,0,0,0,22.2,17.8,76,1015,0,0,0
1966,3,9,23,0,0,0,21.8,18,79,1015,0.7,270,0
1966,3,10,0,0,0,0,21.5,18.1,81,1015,1.4,250,0
1966,3,10,1,0,0,0,21.1,18.3,84,1015,2.1,230,0
1966,3,10,2,0,0,0,20.7,18.3,86,1015,1.4,240,0
1966,3,10,3,0,0,0,20.4,18.4,88,1014,0.7,260,0
1966,3,10,4,0,0,0,20,18.3,90,1014,0,0,0
1966,3,10,5,0,0,0,20.2,18.3,89,1015,0,0,0
1966,3,10,6,8,0,8,20.4,18.4,88,1015,0,0,0
1966,3,10,7,86,29,80,20.6,18.3,87,1016,0,0,0
1966,3,10,8,291,379,124,21.9,18.7,82,1016,1.7,330,0
1966,3,10,9,430,313,231,23.1,18.7,76,1016,3.5,350,0
1966,3,10,10,588,367,299,24.4,18.9,71,1017,5.2,0,0
1966,3,10,11,481,128,369,24,18.9,73,1016,5.4,10,0
1966,3,10,12,566,141,437,23.7,18.8,74,1016,5.5,10,0
1966,3,10,13,424,5,420,23.3,18.9,76,1015,5.7,20,0
1966,3,10,14,373,20,357,22.6,19.2,81,1015,4.8,360,0
1966,3,10,15,268,7,263,21.8,19.2,85,1016,4,330,0
1966,3,10,16,121,7,118,21.1,19.4,90,1016,3.1,310,0
1966,3,10,17,104,7,102,20.9,19.6,92,1016,2.1,310,0
1966,3,10,18,22,0,22,20.8,20,95,1016,1,310,0
1966,3,10,19,0,0,0,20.6,20,97,1017,0,0,0
1966,3,10,20,0,0,0,20.4,19.9,97,1017,1,320,0
1966,3,10,21,0,0,0,20.2,19.7,97,1017,2.1,320,0
1966,3,10,22,0,0,0,20,19.4,97,1017,3.1,320,0
1966,3,10,23,0,0,0,20,19.2,95,1017,3.8,330,0
1966,3,11,0,0,0,0,20,18.7,92,1017,4.5,340,0
1966,3,11,1,0,0,0,20,18.3,90,1017,5.2,350,0
1966,3,11,2,0,0,0,19.6,18.1,91,1017,5.2,350,0
1966,3,11,3,0,0,0,19.3,18,92,1017,5.2,340,0
1966,3,11,4,0,0,0,18.9,17.8,93,1017,5.2,340,0
1966,3,11,5,0,0,0,18.9,17.9,94,1017,5,340,0
1966,3,11,6,15,0,15,18.9,18.3,96,1018,4.8,340,0
1966,3,11,7,42,3,42,18.9,18.3,97,1018,4.6,340,0
1966,3,11,8,187,0,187,19.8,18.3,91,1018,4.3,350,0
1966,3,11,9,282,105,215,20.8,18.2,85,1018,3.9,350,0
1966,3,11,10,423,116,331,21.7,17.8,79,1018,3.6,360,0
1966,3,11,11,380,93,297,21.9,17.7,77,1018,5.5,360,0
1966,3,11,12,324,5,319,22,17.4,75,1017,7.4,360,0
1966,3,11,13,265,1,264,22.2,17.2,73,1016,9.3,360,0
1966,3,11,14,377,9,370,21.8,17,74,1016,7.4,360,0
1966,3,11,15,255,11,248,21.5,16.9,75,1016,5.5,360,0
1966,3,11,16,158,7,155,21.1,16.7,76,1016,3.6,360,0
1966,3,11,17,74,1,74,20.9,16.5,76,1017,3.4,350,0
1966,3,11,18,13,0,13,20.8,16.4,76,1017,3.3,330,0
1966,3,11,19,0,0,0,20.6,16.1,76,1018,3.1,320,0
1966,3,11,20,0,0,0,20.6,16.2,76,1018,3.1,320,0
1966,3,11,21,0,0,0,20.6,16.2,76,1019,3.1,330,0
1966,3,11,22,0,0,0,20.6,16.1,76,1019,3.1,330,0
1966,3,11,23,0,0,0,20.4,16.1,76,1019,3.3,350,0
1966,3,12,0,0,0,0,20.2,15.9,76,1018,3.4,0,0
1966,3,12,1,0,0,0,20,15.6,76,1018,3.6,20,0
1966,3,12,2,0,0,0,19.8,15.9,78,1017,3.1,340,0
1966,3,12,3,0,0,0,19.6,15.9,79,1017,2.6,310,0
1966,3,12,4,0,0,0,19.4,16.1,81,1017,2.1,270,0
1966,3,12,5,0,0,0,19.8,15.9,78,1017,2.3,280,0
1966,3,12,6,17,1,17,20.2,15.9,76,1018,2.4,290,0
1966,3,12,7,94,2,93,20.6,15.6,73,1018,2.6,300,0
1966,3,12,8,204,1,204,21.5,14.9,66,1019,3.5,320,0
1966,3,12,9,326,1,326,22.4,14.3,60,1019,4.3,350,0
1966,3,12,10,402,1,400,23.3,13.3,53,1019,5.2,10,0
1966,3,12,11,438,1,437,23.5,13.1,52,1018,5.2,20,0
1966,3,12,12,791,463,366,23.7,13,51,1017,5.2,30,0
1966,3,12,13,407,136,287,23.9,12.8,50,1017,5.2,40,0
1966,3,12,14,404,143,291,23.7,13,51,1017,5,30,0
1966,3,12,15,436,382,189,23.5,13.1,52,1017,4.8,30,0
1966,3,12,16,238,133,178,23.3,13.3,53,1017,4.6,20,0
1966,3,12,17,125,71,109,22.6,13.4,56,1017,4.1,340,0
1966,3,12,18,15,6,14,21.8,13.7,60,1018,3.6,310,0
1966,3,12,19,0,0,0,21.1,13.9,63,1019,3.1,270,0
1966,3,12,20,0,0,0,20.9,14.1,65,1019,2.1,260,0
1966,3,12,21,0,0,0,20.8,14.3,66,1019,1,250,0
1966,3,12,22,0,0,0,20.6,14.4,68,1019,0,0,0
1966,3,12,23,0,0,0,19.8,14.9,73,1019,1.5,230,0
1966,3,13,0,0,0,0,19.1,15.4,79,1019,3.1,220,0
1966,3,13,1,0,0,0,18.3,15.6,84,1018,4.6,210,0
1966,3,13,2,0,0,0,18.5,15.6,83,1018,4.1,220,0
1966,3,13,3,0,0,0,18.7,15.6,82,1018,3.6,240,0
1966,3,13,4,0,0,0,18.9,15.6,81,1018,3.1,250,0
1966,3,13,5,0,0,0,19.3,15.8,80,1019,2.9,250,0
1966,3,13,6,12,3,12,19.6,15.9,79,1019,2.8,250,0
1966,3,13,7,94,2,93,20,16.1,78,1020,2.6,250,0
1966,3,13,8,193,6,190,21.3,15.9,71,1020,2.8,280,0
1966,3,13,9,411,211,275,22.6,15.7,65,1020,2.9,310,0
1966,3,13,10,380,106,297,23.9,15,58,1019,3.1,340,0
1966,3,13,11,484,113,383,24.5,15.5,57,1019,4.5,10,0
1966,3,13,12,700,304,420,25,15.4,55,1018,5.8,30,0
1966,3,13,13,845,621,292,25.6,15.6,54,1017,7.2,60,0
1966,3,13,14,486,139,376,25.2,16.1,57,1017,6.5,50,0
1966,3,13,15,353,149,257,24.8,16.3,59,1017,5.9,50,0
1966,3,13,16,154,3,152,24.4,16.7,62,1017,5.2,40,0
1966,3,13,17,88,2,88,23.3,16.9,67,1017,4.5,350,0
1966,3,13,18,16,1,16,22.2,16.7,71,1018,3.8,300,0
1966,3,13,19,0,0,0,21.1,16.7,76,1018,3.1,250,0
1966,3,13,20,0,0,0,20.7,17.2,80,1019,2.9,200,0
1966,3,13,21,0,0,0,20.4,17.4,83,1019,2.8,140,0
1966,3,13,22,0,0,0,20,17.8,87,1019,2.6,90,0
1966,3,13,23,0,0,0,19.8,17.4,86,1019,2.9,140,0
1966,3,14,0,0,0,0,19.6,17,85,1018,3.3,190,0
1966,3,14,1,0,0,0,19.4,16.7,84,1018,3.6,240,0
1966,3,14,2,0,0,0,19.4,16.8,85,1018,3.6,250,0
1966,3,14,3,0,0,0,19.4,17,86,1018,3.6,270,0
1966,3,14,4,0,0,0,19.4,17.2,87,1018,3.6,280,0
1966,3,14,5,0,0,0,19.6,17.2,86,1018,3.8,280,0
1966,3,14,6,21,4,20,19.8,17.2,85,1018,3.9,270,0
1966,3,14,7,83,24,77,20,17.2,84,1019,4.1,270,0
1966,3,14,8,220,108,171,21.7,17.1,75,1019,4.1,210,0
1966,3,14,9,471,310,270,23.3,16.9,67,1019,4.1,150,0
1966,3,14,10,848,881,145,25,16.1,58,1019,4.1,90,0
1966,3,14,11,596,382,255,25,16.5,59,1018,5.1,80,0
1966,3,14,12,719,480,275,25,17,61,1017,6.2,80,0
1966,3,14,13,598,298,332,25,17.2,62,1016,7.2,70,0
1966,3,14,14,486,119,391,24.6,17.6,65,1016,6.9,70,0
1966,3,14,15,370,114,295,24.3,18,68,1016,6.5,80,0
1966,3,14,16,180,9,176,23.9,18.3,71,1016,6.2,80,0
1966,3,14,17,102,5,101,23.2,18.3,74,1017,5.2,130,0
1966,3,14,18,17,1,17,22.4,18.4,78,1017,4.1,190,0
1966,3,14,19,0,0,0,21.7,18.3,81,1018,3.1,240,0
1966,3,14,20,0,0,0,21.3,18.5,84,1018,3.1,240,0
1966,3,14,21,0,0,0,21,18.8,87,1018,3.1,250,0
1966,3,14,22,0,0,0,20.6,18.9,90,1018,3.1,250,0
1966,3,14,23,0,0,0,20.4,19.1,92,1018,3.3,250,0
1966,3,15,0,0,0,0,20.2,19.4,95,1017,3.4,260,0
1966,3,15,1,0,0,0,20,19.4,97,1017,3.6,260,0
1966,3,15,2,0,0,0,19.8,19.3,97,1016,3.4,260,0
1966,3,15,3,0,0,0,19.6,19.1,97,1016,3.3,250,0
1966,3,15,4,0,0,0,19.4,18.9,97,1016,3.1,250,0
1966,3,15,5,0,0,0,19.6,19,96,1016,3.1,250,0
1966,3,15,6,17,2,17,19.8,18.8,94,1017,3.1,250,0
1966,3,15,7,48,2,47,20,18.9,93,1018,3.1,250,0
1966,3,15,8,226,3,224,21.5,18.7,84,1017,2.9,210,0
1966,3,15,9,392,157,289,22.9,18.3,75,1017,2.8,170,0
1966,3,15,10,464,126,363,24.4,17.8,66,1017,2.6,130,0
1966,3,15,11,433,78,363,24.6,17.6,65,1016,3.8,120,0
1966,3,15,12,424,8,416,24.8,17.8,65,1015,5,110,0
1966,3,15,13,403,10,394,25,17.8,64,1015,6.2,100,0
1966,3,15,14,388,112,298,24.6,17.9,66,1015,6,100,0
1966,3,15,15,385,206,251,24.3,17.8,67,1014,5.9,100,0
1966,3,15,16,272,356,110,23.9,17.8,69,1014,5.7,100,0
1966,3,15,17,148,276,85,23.2,18.3,74,1015,4.7,150,0
1966,3,15,18,22,21,20,22.4,18.6,79,1016,3.6,210,0
1966,3,15,19,0,0,0,21.7,18.9,84,1016,2.6,260,0
1966,3,15,20,0,0,0,21.3,18.7,85,1016,2.4,250,0
1966,3,15,21,0,0,0,21,18.6,86,1017,2.3,250,0
1966,3,15,22,0,0,0,20.6,18.3,87,1017,2.1,240,0
1966,3,15,23,0,0,0,20.4,18,86,1017,2.3,250,0
1966,3,16,0,0,0,0,20.2,17.6,85,1016,2.4,260,0
1966,3,16,1,0,0,0,20,17.2,84,1016,2.6,270,0
1966,3,16,2,0,0,0,20,16.9,82,1016,2.8,260,0
1966,3,16,3,0,0,0,20,16.5,80,1015,2.9,240,0
1966,3,16,4,0,0,0,20,16.1,78,1015,3.1,230,0
1966,3,16,5,0,0,0,20.2,16.5,79,1016,2.8,220,0
1966,3,16,6,19,15,17,20.4,16.9,80,1016,2.4,220,0
1966,3,16,7,143,285,76,20.6,17.2,81,1017,2.1,210,0
1966,3,16,8,295,253,179,21.9,17.9,78,1017,1.4,180,0
1966,3,16,9,358,122,278,23.1,18.2,74,1017,0.7,150,0
1966,3,16,10,332,7,326,24.4,18.9,71,1017,0,0,0
1966,3,16,11,465,70,402,24.6,19,71,1016,1.7,90,0
1966,3,16,12,594,185,423,24.8,19.2,71,1015,3.5,60,0
1966,3,16,13,751,566,243,25,19.4,71,1014,5.2,30,0
1966,3,16,14,454,185,306,24.8,19.4,72,1014,4.3,50,0
1966,3,16,15,306,110,234,24.6,19.5,73,1013,3.5,80,0
1966,3,16,16,166,58,139,24.4,19.4,74,1013,2.6,100,0
1966,3,16,17,76,26,70,23.1,19.5,80,1014,2.4,160,0
1966,3,16,18,14,1,14,21.9,19.7,87,1015,2.3,210,0
1966,3,16,19,0,0,0,20.6,19.4,93,1016,2.1,270,0
1966,3,16,20,0,0,0,20.8,18.9,89,1016,2.9,270,0
1966,3,16,21,0,0,0,20.9,18.3,85,1016,3.8,270,0
1966,3,16,22,0,0,0,21.1,17.8,81,1016,4.6,270,0
1966,3,16,23,0,0,0,20.9,17.5,81,1016,4.4,250,0
1966,3,17,0,0,0,0,20.8,17.4,81,1015,4.3,220,0
1966,3,17,1,0,0,0,20.6,17.2,81,1015,4.1,200,0
1966,3,17,2,0,0,0,20.4,17.2,82,1015,3.8,200,0
1966,3,17,3,0,0,0,20.2,17.2,83,1014,3.4,200,0
1966,3,17,4,0,0,0,20,17.2,84,1014,3.1,200,0
1966,3,17,5,0,0,0,21.1,17.5,80,1014,2.9,190,0
1966,3,17,6,27,37,22,22.2,17.6,75,1015,2.8,180,0
1966,3,17,7,151,236,95,23.3,17.8,71,1015,2.6,170,0
1966,3,17,8,407,658,102,24.4,17.4,65,1015,3.1,120,0
1966,3,17,9,529,478,215,25.6,17.3,60,1016,3.6,80,0
1966,3,17,10,674,562,221,26.7,16.7,54,1016,4.1,30,0
1966,3,17,11,835,689,215,26.7,17.8,58,1015,4.5,30,0
1966,3,17,12,893,746,198,26.7,18.6,61,1014,4.8,40,0
1966,3,17,13,868,757,187,26.7,19.4,65,1014,5.2,40,0
1966,3,17,14,769,789,135,26.3,19.5,66,1013,4.8,30,0
1966,3,17,15,595,757,100,26,19.7,68,1013,4.5,10,0
1966,3,17,16,410,701,88,25.6,19.4,69,1013,4.1,0,0
1966,3,17,17,138,302,68,24.8,19.9,74,1014,3.6,350,0
1966,3,17,18,21,33,16,24.1,20.2,79,1014,3.1,330,0
1966,3,17,19,0,0,0,23.3,20.6,84,1015,2.6,320,0
1966,3,17,20,0,0,0,22.4,20.1,87,1016,2.9,10,0
1966,3,17,21,0,0,0,21.5,19.8,90,1016,3.3,70,0
1966,3,17,22,0,0,0,20.6,19.4,93,1017,3.6,120,0
1966,3,17,23,0,0,0,19.8,18.5,92,1016,3.3,150,0
1966,3,18,0,0,0,0,19.1,17.6,91,1016,2.9,190,0
1966,3,18,1,0,0,0,18.3,16.7,90,1016,2.6,220,0
1966,3,18,2,0,0,0,18.5,16.3,87,1015,2.6,220,0
1966,3,18,3,0,0,0,18.7,16,84,1015,2.6,210,0
1966,3,18,4,0,0,0,18.9,15.6,81,1015,2.6,210,0
1966,3,18,5,0,0,0,19.5,16.6,83,1016,3.1,190,0
1966,3,18,6,16,6,15,20,17.4,85,1016,3.6,170,0
1966,3,18,7,57,6,55,20.6,18.3,87,1017,4.1,150,0
1966,3,18,8,195,6,192,21,19,88,1017,3.9,100,0
1966,3,18,9,272,10,266,21.3,19.4,89,1017,3.8,60,0
1966,3,18,10,178,1,177,21.7,20,90,1017,3.6,10,0
1966,3,18,11,364,8,357,21.9,20.2,90,1016,3.3,10,0
1966,3,18,12,425,3,422,22,20.3,90,1016,2.9,20,0
1966,3,18,13,238,3,235,22.2,20.6,90,1015,2.6,20,0
1966,3,18,14,380,2,379,21.8,20.1,90,1015,3.3,40,0
1966,3,18,15,334,1,334,21.5,19.8,90,1015,3.9,50,0
1966,3,18,16,131,1,130,21.1,19.4,90,1016,4.6,70,0
1966,3,18,17,92,1,91,20.5,19.2,92,1016,4.3,110,0
1966,3,18,18,21,0,21,20,19.2,95,1017,3.9,160,0
1966,3,18,19,0,0,0,19.4,18.9,97,1018,3.6,200,0
1966,3,18,20,0,0,0,19.4,18.9,97,1018,3.3,230,0
1966,3,18,21,0,0,0,19.4,18.9,97,1018,2.9,250,0
1966,3,18,22,0,0,0,19.4,18.9,97,1018,2.6,280,0
1966,3,18,23,0,0,0,19.6,19,96,1018,2.4,280,0
1966,3,19,0,0,0,0,19.8,18.8,94,1017,2.3,290,0
1966,3,19,1,0,0,0,20,18.9,93,1017,2.1,290,0
1966,3,19,2,0,0,0,20,18.7,92,1017,2.8,280,0
1966,3,19,3,0,0,0,20,18.5,91,1016,3.4,270,0
1966,3,19,4,0,0,0,20,18.3,90,1016,4.1,260,0
1966,3,19,5,0,0,0,20.4,18.4,88,1017,2.7,270,0
1966,3,19,6,35,88,24,20.7,18.3,86,1017,1.4,280,0
1966,3,19,7,200,491,80,21.1,18.3,84,1018,0,0,0
1966,3,19,8,249,240,136,22,18.6,81,1018,0.7,300,0
1966,3,19,9,338,164,229,23,18.8,77,1018,1.4,310,0
1966,3,19,10,594,303,348,23.9,18.9,74,1018,2.1,320,0
1966,3,19,11,539,195,363,24.5,19.1,72,1018,3.6,10,0
1966,3,19,12,588,364,248,25,19.4,71,1017,5.2,50,0
1966,3,19,13,869,697,239,25.6,19.4,69,1016,6.7,100,0
1966,3,19,14,667,420,328,25,19.4,71,1016,6.2,100,0
1966,3,19,15,520,388,265,24.5,19.1,72,1016,5.7,100,0
1966,3,19,16,246,120,190,23.9,18.9,74,1016,5.2,100,0
1966,3,19,17,141,212,91,23.2,19.4,79,1017,4.7,160,0
1966,3,19,18,23,22,20,22.4,19.8,85,1017,4.1,210,0
1966,3,19,19,0,0,0,21.7,20,90,1018,3.6,270,0
1966,3,19,20,0,0,0,21.3,19.6,90,1018,3.6,250,0
1966,3,19,21,0,0,0,21,19.3,90,1019,3.6,240,0
1966,3,19,22,0,0,0,20.6,18.9,90,1019,3.6,220,0
1966,3,19,23,0,0,0,20.2,18.7,91,1019,3.1,190,0
1966,3,20,0,0,0,0,19.8,18.5,92,1019,2.6,160,0
1966,3,20,1,0,0,0,19.4,18.3,93,1018,2.1,130,0
1966,3,20,2,0,0,0,19.4,17.6,89,1018,3.1,170,0
1966,3,20,3,0,0,0,19.4,16.8,85,1018,4.2,210,0
1966,3,20,4,0,0,0,19.4,16.1,81,1018,5.2,250,0
1966,3,20,5,0,0,0,19.6,16.7,83,1018,4.2,240,0
1966,3,20,6,19,18,16,19.8,17.2,85,1018,3.1,230,0
1966,3,20,7,99,62,83,20,17.8,87,1019,2.1,220,0
1966,3,20,8,237,145,169,21.9,17.9,78,1019,2.1,180,0
1966,3,20,9,495,232,340,23.7,17.7,69,1019,2.1,130,0
1966,3,20,10,441,132,333,25.6,17.2,60,1019,2.1,90,0
1966,3,20,11,325,3,323,25.4,17.6,62,1018,3.8,90,0
1966,3,20,12,671,362,331,25.2,18.2,65,1017,5.5,90,0
1966,3,20,13,778,495,330,25,18.3,67,1017,7.2,90,0
1966,3,20,14,488,158,360,24.6,18.6,69,1016,6.3,90,0
1966,3,20,15,516,398,254,24.3,18.9,72,1016,5.5,90,0
1966,3,20,16,245,114,192,23.9,18.9,74,1016,4.6,90,0
1966,3,20,17,111,49,99,22.8,19.2,80,1017,4.4,100,0
1966,3,20,18,24,27,20,21.7,19.5,87,1017,4.3,100,0
1966,3,20,19,0,0,0,20.6,19.4,93,1018,4.1,110,0
1966,3,20,20,0,0,0,20.4,19.2,93,1018,4.1,140,0
1966,3,20,21,0,0,0,20.2,19,93,1018,4.1,170,0
1966,3,20,22,0,0,0,20,18.9,93,1018,4.1,200,0
1966,3,20,23,0,0,0,19.8,18.8,94,1018,3.8,220,0
1966,3,21,0,0,0,0,19.6,19,96,1017,3.4,230,0
1966,3,21,1,0,0,0,19.4,18.9,97,1017,3.1,250,0
1966,3,21,2,0,0,0,19.4,18.8,96,1017,3.6,250,0
1966,3,21,3,0,0,0,19.4,18.4,94,1017,4.1,260,0
1966,3,21,4,0,0,0,19.4,18.3,93,1017,4.6,260,0
1966,3,21,5,0,0,0,19.8,18.5,92,1017,3.9,270,0
1966,3,21,6,21,6,20,20.2,18.7,91,1017,3.3,270,0
1966,3,21,7,102,35,93,20.6,18.9,90,1018,2.6,280,0
1966,3,21,8,302,203,205,22.1,18.7,81,1018,3.8,330,0
1966,3,21,9,447,349,213,23.5,18,71,1018,5,20,0
1966,3,21,10,762,729,164,25,17.2,62,1018,6.2,70,0
1966,3,21,11,883,705,241,25.2,17.2,61,1017,6.2,60,0
1966,3,21,12,830,684,187,25.4,17.4,61,1016,6.2,50,0
1966,3,21,13,875,787,161,25.6,17.2,60,1016,6.2,40,0
1966,3,21,14,793,787,155,25.4,16.8,59,1015,5.9,50,0
1966,3,21,15,673,857,107,25.2,16.1,57,1015,5.5,60,0
1966,3,21,16,407,720,73,25,15.6,56,1015,5.2,70,0
1966,3,21,17,154,380,64,23.7,16.3,63,1015,4.2,20,0
1966,3,21,18,28,86,17,22.4,16.9,71,1016,3.1,320,0
1966,3,21,19,0,0,0,21.1,17.2,78,1016,2.1,270,0
1966,3,21,20,0,0,0,20.4,16.7,79,1017,2.3,240,0
1966,3,21,21,0,0,0,19.6,16.1,80,1018,2.4,220,0
1966,3,21,22,0,0,0,18.9,15.6,81,1019,2.6,190,0
1966,3,21,23,0,0,0,18.5,15.6,83,1018,2.9,200,0
1966,3,22,0,0,0,0,18.2,15.7,85,1017,3.3,200,0
1966,3,22,1,0,0,0,17.8,15.6,87,1016,3.6,210,0
1966,3,22,2,0,0,0,18,15.8,87,1015,3.8,230,0
1966,3,22,3,0,0,0,18.1,15.9,87,1015,3.9,250,0
1966,3,22,4,0,0,0,18.3,16.1,87,1015,4.1,270,0
1966,3,22,5,0,0,0,18.7,16.3,86,1015,3.4,260,0
1966,3,22,6,26,20,24,19,16.4,85,1016,2.8,240,0
1966,3,22,7,175,393,75,19.4,16.7,84,1017,2.1,230,0
1966,3,22,8,321,331,161,20.9,16.7,77,1017,2.6,260,0
1966,3,22,9,407,170,292,22.4,16.5,69,1017,3.1,300,0
1966,3,22,10,801,709,218,23.9,16.1,62,1017,3.6,330,0
1966,3,22,11,712,349,394,24.3,15.8,59,1016,3.9,350,0
1966,3,22,12,901,766,178,24.6,15.5,57,1015,4.3,20,0
1966,3,22,13,883,775,178,25,15,54,1014,4.6,40,0
1966,3,22,14,610,575,143,25,15.4,55,1014,4.6,60,0
1966,3,22,15,573,678,124,25,15.9,57,1014,4.6,80,0
1966,3,22,16,389,620,100,25,16.1,58,1014,4.6,100,0
1966,3,22,17,181,527,56,23.7,16.5,64,1014,4.1,140,0
1966,3,22,18,31,97,18,22.4,16.7,70,1015,3.6,180,0
1966,3,22,19,0,0,0,21.1,16.7,76,1015,3.1,220,0
1966,3,22,20,0,0,0,20.5,17.2,81,1016,3.4,220,0
1966,3,22,21,0,0,0,20,17.4,85,1016,3.8,230,0
1966,3,22,22,0,0,0,19.4,17.8,90,1016,4.1,230,0
1966,3,22,23,0,0,0,19.2,17.9,92,1016,3.6,230,0
1966,3,23,0,0,0,0,19.1,18.3,95,1015,3.1,220,0
1966,3,23,1,0,0,0,18.9,18.3,97,1015,2.6,220,0
1966,3,23,2,0,0,0,19.1,17.8,92,1014,2.6,220,0
1966,3,23,3,0,0,0,19.2,16.8,86,1014,2.6,220,0
1966,3,23,4,0,0,0,19.4,16.1,81,1013,2.6,220,0
1966,3,23,5,0,0,0,19.8,16.7,82,1014,2.6,220,0
1966,3,23,6,13,1,13,20.2,17.2,83,1014,2.6,220,0
1966,3,23,7,76,31,68,20.6,17.8,84,1015,2.6,220,0
1966,3,23,8,210,6,207,21.1,17.7,81,1015,3.5,220,0
1966,3,23,9,255,6,251,21.7,17.9,79,1015,4.3,230,0
1966,3,23,10,377,11,368,22.2,17.8,76,1015,5.2,230,0
1966,3,23,11,360,5,356,22.4,18.4,78,1014,4.2,210,0
1966,3,23,12,392,6,386,22.6,18.8,79,1014,3.1,200,0
1966,3,23,13,436,3,433,22.8,19.4,81,1013,2.1,180,0
1966,3,23,14,358,1,358,23.2,18.8,76,1013,4,160,0
1966,3,23,15,311,1,310,23.5,18,71,1012,5.8,140,0
1966,3,23,16,211,1,210,23.9,17.2,66,1012,7.7,120,0
1966,3,23,17,99,1,98,23,17.7,72,1013,6,150,0
1966,3,23,18,22,0,22,22,18,78,1013,4.3,180,0
1966,3,23,19,0,0,0,21.1,18.3,84,1014,2.6,210,0
1966,3,23,20,0,0,0,20.7,18.3,86,1014,2.9,230,0
1966,3,23,21,0,0,0,20.4,18.4,88,1014,3.3,240,0
1966,3,23,22,0,0,0,20,18.3,90,1015,3.6,260,0
1966,3,23,23,0,0,0,19.8,18.3,91,1014,3.3,240,0
1966,3,24,0,0,0,0,19.6,18.3,92,1014,2.9,230,0
1966,3,24,1,0,0,0,19.4,18.3,93,1014,2.6,210,0
1966,3,24,2,0,0,0,19.2,18.1,93,1013,2.8,210,0
1966,3,24,3,0,0,0,19.1,18,93,1013,2.9,200,0
1966,3,24,4,0,0,0,18.9,17.8,93,1013,3.1,200,0
1966,3,24,5,0,0,0,19.3,17.5,89,1014,2.9,190,0
1966,3,24,6,37,8,35,19.6,17,85,1014,2.8,190,0
1966,3,24,7,115,83,94,20,16.7,81,1015,2.6,180,0
1966,3,24,8,264,182,175,21.7,16.7,73,1015,2.9,190,0
1966,3,24,9,328,128,240,23.3,16.1,64,1015,3.3,200,0
1966,3,24,10,607,341,324,25,15.6,56,1015,3.6,210,0
1966,3,24,11,610,298,336,25.4,15.5,54,1014,5.1,180,0
1966,3,24,12,609,298,327,25.7,15.1,52,1013,6.7,150,0
1966,3,24,13,743,515,273,26.1,15,50,1012,8.2,120,0
1966,3,24,14,694,617,191,25.5,15.3,53,1012,6.7,120,0
1966,3,24,15,261,126,178,25,15.9,57,1012,5.1,120,0
1966,3,24,16,334,310,189,24.4,16.1,60,1012,3.6,120,0
1966,3,24,17,142,90,120,23.7,17,66,1012,3.3,150,0
1966,3,24,18,20,0,20,22.9,17.8,73,1013,2.9,190,0
1966,3,24,19,0,0,0,22.2,18.3,79,1013,2.6,220,0
1966,3,24,20,0,0,0,21.7,18.1,80,1013,2.9,220,0
1966,3,24,21,0,0,0,21.1,17.5,80,1014,3.3,230,0
1966,3,24,22,0,0,0,20.6,17.2,81,1014,3.6,230,0
1966,3,24,23,0,0,0,20.2,17.1,82,1014,3.6,220,0
1966,3,25,0,0,0,0,19.8,16.9,83,1013,3.6,220,0
1966,3,25,1,0,0,0,19.4,16.7,84,1013,3.6,210,0
1966,3,25,2,0,0,0,19,16.1,83,1013,3.6,220,0
1966,3,25,3,0,0,0,18.7,15.6,82,1013,3.6,220,0
1966,3,25,4,0,0,0,18.3,15,81,1013,3.6,230,0
1966,3,25,5,0,0,0,18.7,15.4,81,1014,3.3,280,0
1966,3,25,6,27,13,25,19,15.7,81,1014,2.9,320,0
1966,3,25,7,84,39,73,19.4,16.1,81,1015,2.6,10,0
1966,3,25,8,311,231,198,21.3,16.7,75,1015,3.8,50,0
1966,3,25,9,468,157,361,23.1,17.4,70,1014,5,90,0
1966,3,25,10,690,516,262,25,17.8,64,1014,6.2,130,0
1966,3,25,11,746,495,290,25.2,17.7,63,1014,6.4,120,0
1966,3,25,12,821,530,318,25.4,17.9,63,1013,6.5,120,0
1966,3,25,13,849,730,181,25.6,17.8,62,1012,6.7,110,0
1966,3,25,14,785,776,151,25.6,17.3,60,1012,6.4,110,0
1966,3,25,15,620,737,129,25.6,16.8,58,1012,6,110,0
1966,3,25,16,398,614,110,25.6,16.1,56,1012,5.7,110,0
1966,3,25,17,157,390,63,24.7,17.5,64,1013,4.8,130,0
1966,3,25,18,23,37,18,23.7,18.6,73,1013,4,150,0
1966,3,25,19,0,0,0,22.8,19.4,81,1014,3.1,170,0
1966,3,25,20,0,0,0,21.9,18.9,83,1014,2.8,190,0
1966,3,25,21,0,0,0,20.9,18.3,85,1015,2.4,200,0
1966,3,25,22,0,0,0,20,17.8,87,1015,2.1,220,0
1966,3,25,23,0,0,0,20,17.4,85,1014,2.6,210,0
1966,3,26,0,0,0,0,20,17,83,1014,3.1,210,0
1966,3,26,1,0,0,0,20,16.7,81,1013,3.6,200,0
1966,3,26,2,0,0,0,19.8,16.7,82,1013,3.4,200,0
1966,3,26,3,0,0,0,19.6,16.7,83,1013,3.3,210,0
1966,3,26,4,0,0,0,19.4,16.7,84,1013,3.1,210,0
1966,3,26,5,0,0,0,19.6,16.8,84,1014,3.8,190,0
1966,3,26,6,22,11,20,19.8,17,84,1014,4.5,180,0
1966,3,26,7,175,269,103,20,17.2,84,1015,5.2,160,0
1966,3,26,8,150,17,141,22.2,17.2,73,1015,4.7,150,0
1966,3,26,9,324,124,238,24.5,16.8,62,1015,4.1,150,0
1966,3,26,10,643,366,338,26.7,15.6,51,1015,3.6,140,0
1966,3,26,11,720,406,345,26.7,14.8,48,1014,4.6,130,0
1966,3,26,12,909,763,183,26.7,13.8,45,1014,5.7,130,0
1966,3,26,13,983,945,117,26.7,12.8,42,1013,6.7,120,0
1966,3,26,14,767,750,153,26.3,14.5,48,1013,6.4,120,0
1966,3,26,15,548,604,145,26,16,54,1013,6,130,0
1966,3,26,16,403,597,123,25.6,17.2,60,1014,5.7,130,0
1966,3,26,17,124,208,74,24.1,17.6,67,1014,4.8,160,0
1966,3,26,18,32,89,20,22.6,17.8,74,1014,4,180,0
1966,3,26,19,0,0,0,21.1,17.8,81,1015,3.1,210,0
1966,3,26,20,0,0,0,20.2,17.1,82,1015,3.4,220,0
1966,3,26,21,0,0,0,19.2,16.3,83,1016,3.8,220,0
1966,3,26,22,0,0,0,18.3,15.6,84,1016,4.1,230,0
1966,3,26,23,0,0,0,18.3,15,81,1016,3.9,240,0
1966,3,27,0,0,0,0,18.3,14.4,78,1016,3.8,240,0
1966,3,27,1,0,0,0,18.3,13.9,75,1016,3.6,250,0
1966,3,27,2,0,0,0,18.5,14,75,1016,3.4,240,0
1966,3,27,3,0,0,0,18.7,14.2,75,1015,3.3,240,0
1966,3,27,4,0,0,0,18.9,14.4,75,1015,3.1,230,0
1966,3,27,5,0,0,0,19.8,15.3,75,1016,3.3,240,0
1966,3,27,6,26,27,23,20.8,16.4,76,1016,3.4,250,0
1966,3,27,7,123,42,112,21.7,17.2,76,1017,3.6,260,0
1966,3,27,8,251,122,190,23.2,17.2,69,1016,5,210,0
1966,3,27,9,638,677,171,24.6,16.6,61,1016,6.3,160,0
1966,3,27,10,656,489,247,26.1,16.1,54,1016,7.7,110,0
1966,3,27,11,916,789,185,26.1,15.8,53,1015,7.5,100,0
1966,3,27,12,898,769,164,26.1,15.8,53,1014,7.4,100,0
1966,3,27,13,908,869,110,26.1,15.6,52,1013,7.2,90,0
1966,3,27,14,796,803,138,25.9,15.6,53,1013,6.2,100,0
1966,3,27,15,491,462,183,25.8,15.5,53,1013,5.1,100,0
1966,3,27,16,395,612,107,25.6,15.6,54,1013,4.1,110,0
1966,3,27,17,130,245,70,24.1,16.4,62,1014,3.6,140,0
1966,3,27,18,26,58,19,22.6,16.9,70,1014,3.1,180,0
1966,3,27,19,0,0,0,21.1,17.2,78,1015,2.6,210,0
1966,3,27,20,0,0,0,20.7,16.8,78,1015,2.8,220,0
1966,3,27,21,0,0,0,20.4,16.5,78,1015,2.9,230,0
1966,3,27,22,0,0,0,20,16.1,78,1016,3.1,240,0
1966,3,27,23,0,0,0,19.8,15.5,76,1015,3.3,240,0
1966,3,28,0,0,0,0,19.6,15.1,75,1015,3.4,230,0
1966,3,28,1,0,0,0,19.4,14.4,73,1015,3.6,230,0
1966,3,28,2,0,0,0,18.9,14.8,77,1015,3.6,230,0
1966,3,28,3,0,0,0,18.3,14.8,80,1015,3.6,220,0
1966,3,28,4,0,0,0,17.8,15,84,1015,3.6,220,0
1966,3,28,5,0,0,0,19.1,15.4,79,1015,3.6,210,0
1966,3,28,6,38,60,31,20.4,15.4,73,1016,3.6,190,0
1966,3,28,7,193,440,72,21.7,15.6,68,1016,3.6,180,0
1966,3,28,8,409,581,118,23.2,15.8,63,1016,3.9,180,0
1966,3,28,9,651,689,174,24.6,15.5,57,1016,4.3,170,0
1966,3,28,10,783,701,195,26.1,15.6,52,1016,4.6,170,0
1966,3,28,11,935,819,174,26.3,15.7,52,1015,5.1,150,0
1966,3,28,12,958,876,121,26.5,15.9,52,1014,5.7,130,0
1966,3,28,13,817,749,128,26.7,16.1,52,1013,6.2,110,0
1966,3,28,14,790,752,172,25.9,16.8,57,1013,5.9,100,0
1966,3,28,15,504,414,227,25.2,17.2,61,1013,5.5,90,0
1966,3,28,16,294,149,223,24.4,17.8,66,1013,5.2,80,0
1966,3,28,17,100,69,83,24,18,69,1014,4.7,120,0
1966,3,28,18,21,6,20,23.7,18.6,73,1014,4.1,150,0
1966,3,28,19,0,0,0,23.3,18.9,76,1014,3.6,190,0
1966,3,28,20,0,0,0,22.6,19.2,81,1015,3.1,210,0
1966,3,28,21,0,0,0,21.8,19.2,85,1015,2.6,240,0
1966,3,28,22,0,0,0,21.1,19.4,90,1016,2.1,260,0
1966,3,28,23,0,0,0,21.1,19.2,89,1015,2.4,260,0
1966,3,29,0,0,0,0,21.1,19.1,88,1015,2.8,260,0
1966,3,29,1,0,0,0,21.1,18.9,87,1015,3.1,260,0
1966,3,29,2,0,0,0,20.7,18.5,87,1015,3.3,250,0
1966,3,29,3,0,0,0,20.4,18.2,87,1014,3.4,250,0
1966,3,29,4,0,0,0,20,17.8,87,1014,3.6,240,0
1966,3,29,5,0,0,0,20.4,17.2,82,1015,3.6,230,0
1966,3,29,6,30,21,27,20.7,16.8,78,1015,3.6,230,0
1966,3,29,7,131,47,118,21.1,16.1,73,1016,3.6,220,0
1966,3,29,8,266,175,178,22.8,16.6,68,1016,3.8,200,0
1966,3,29,9,475,363,222,24.4,16.9,63,1015,3.9,180,0
1966,3,29,10,678,489,266,26.1,17.2,58,1015,4.1,160,0
1966,3,29,11,859,742,168,26.7,17.5,57,1014,5.1,150,0
1966,3,29,12,878,757,152,27.2,17.7,56,1014,6.2,130,0
1966,3,29,13,906,927,52,27.8,17.8,55,1013,7.2,120,0
1966,3,29,14,817,784,171,27.1,17.9,57,1013,6.2,110,0
1966,3,29,15,594,587,200,26.3,17.4,58,1013,5.1,110,0
1966,3,29,16,258,143,190,25.6,17.2,60,1013,4.1,100,0
1966,3,29,17,121,131,89,25,18,65,1013,2.7,110,0
1966,3,29,18,25,8,24,24.5,18.9,71,1014,1.4,130,0
1966,3,29,19,0,0,0,23.9,19.4,76,1014,0,0,0
1966,3,29,20,0,0,0,23.5,19.3,77,1015,0,0,0
1966,3,29,21,0,0,0,23.2,19.2,78,1015,0,0,0
1966,3,29,22,0,0,0,22.8,18.9,79,1015,0,0,0
1966,3,29,23,0,0,0,22.1,18.5,80,1015,1,190,0
1966,3,30,0,0,0,0,21.3,17.7,80,1015,2.1,210,0
1966,3,30,1,0,0,0,20.6,17.2,81,1014,3.1,220,0
1966,3,30,2,0,0,0,20.2,17.4,84,1014,2.9,230,0
1966,3,30,3,0,0,0,19.8,17.6,87,1014,2.8,230,0
1966,3,30,4,0,0,0,19.4,17.8,90,1014,2.6,240,0
1966,3,30,5,0,0,0,20,17.2,84,1014,2.8,220,0
1966,3,30,6,42,153,22,20.5,16.8,79,1014,2.9,190,0
1966,3,30,7,235,698,38,21.1,16.1,73,1014,3.1,170,0
1966,3,30,8,430,703,74,22.8,17.1,70,1014,3.8,120,0
1966,3,30,9,554,637,109,24.4,17.9,67,1015,4.5,60,0
1966,3,30,10,753,643,211,26.1,18.9,64,1015,5.2,10,0
1966,3,30,11,907,704,251,26.1,18.5,63,1014,5.5,10,0
1966,3,30,12,787,377,425,26.1,18,61,1013,5.9,20,0
1966,3,30,13,448,67,387,26.1,17.8,60,1012,6.2,20,0
1966,3,30,14,439,118,342,25.7,17.6,61,1012,5.3,10,0
1966,3,30,15,187,11,180,25.4,17.9,63,1012,4.5,10,0
1966,3,30,16,198,10,193,25,17.8,64,1012,3.6,0,0
1966,3,30,17,83,24,77,23.9,18.6,72,1013,5.8,0,0
1966,3,30,18,15,19,13,22.8,19,79,1013,8.1,0,0
1966,3,30,19,0,0,0,21.7,19.4,87,1014,10.3,0,0
1966,3,30,20,0,0,0,21.7,18.9,84,1014,11,360,0
1966,3,30,21,0,0,0,21.7,18.5,82,1014,11.7,350,0
1966,3,30,22,0,0,0,21.7,17.8,79,1014,12.4,350,0
1966,3,30,23,0,0,0,20.9,17.5,81,1014,11.7,350,0
1966,3,31,0,0,0,0,20.2,17.1,82,1014,11,350,0
1966,3,31,1,0,0,0,19.4,16.7,84,1014,10.3,350,0
1966,3,31,2,0,0,0,19.2,16.3,83,1014,10,350,0
1966,3,31,3,0,0,0,19.1,16,82,1014,9.6,350,0
1966,3,31,4,0,0,0,18.9,15.6,81,1015,9.3,350,0
1966,3,31,5,0,0,0,19.5,15.4,77,1015,9.1,350,0
1966,3,31,6,24,10,23,20,15.3,74,1016,9,350,0
1966,3,31,7,92,46,78,20.6,15,70,1016,8.8,350,0
1966,3,31,8,262,122,200,21.1,14.1,64,1016,9.8,350,0
1966,3,31,9,494,344,253,21.7,12.8,57,1016,10.8,360,0
1966,3,31,10,616,376,298,22.2,11.7,51,1016,11.8,360,0
1966,3,31,11,654,348,329,22,11.7,52,1015,12,360,0
1966,3,31,12,472,118,359,21.9,11.6,52,1015,12.2,360,0
1966,3,31,13,453,74,385,21.7,11.7,53,1014,12.4,360,0
1966,3,31,14,289,5,285,21.7,11.7,53,1014,11.4,360,0
1966,3,31,15,294,5,291,21.7,11.7,53,1014,10.3,360,0
1966,3,31,16,183,3,181,21.7,11.7,53,1014,9.3,360,0
1966,3,31,17,97,7,95,21.3,11.9,55,1014,8.6,350,0
1966,3,31,18,16,0,16,20.8,12.2,57,1015,7.5,347,0
1966,3,31,19,0,0,0,20.3,12.1,59,1016,6.6,337,0
1966,3,31,20,0,0,0,19.9,12.1,60,1016,6,336,0
1966,3,31,21,0,0,0,19.6,12,61,1016,5.6,330,0
1966,3,31,22,0,0,0,19.4,11.9,61,1016,5.3,330,0
1966,3,31,23,0,0,0,19.4,12,62,1016,5.2,330,0
1966,4,1,0,0,0,0,19.4,12,62,1016,5.1,330,0
1966,4,1,1,0,0,0,19.4,12.1,62,1016,5,330,0
1966,4,1,2,0,0,0,19.6,11.7,60,1016,5.3,334,0
1966,4,1,3,0,0,0,19.9,10.9,56,1015,5.8,341,0
1966,4,1,4,0,0,0,20.3,9.8,50,1015,6.6,351,0
1966,4,1,5,0,0,0,20.4,10.2,51,1016,6,347,0
1966,4,1,6,26,0,25,20.6,11,54,1016,5.1,330,0
1966,4,1,7,117,3,116,20.6,11.7,57,1017,4.1,320,0
1966,4,1,8,221,3,219,21.1,11.7,55,1017,4.3,330,0
1966,4,1,9,359,2,357,21.7,11.7,53,1017,4.4,350,0
1966,4,1,10,425,0,425,22.2,11.7,51,1017,4.6,360,0
1966,4,1,11,452,0,452,22.4,12.1,52,1016,5.1,360,0
1966,4,1,12,439,116,327,22.6,12.3,52,1015,5.7,360,0
1966,4,1,13,479,120,369,22.8,12.8,53,1014,6.2,360,0
1966,4,1,14,486,80,420,22.2,13,56,1014,6.4,350,0
1966,4,1,15,252,7,247,21.7,13.6,60,1014,6.5,340,0
1966,4,1,16,151,9,147,21.1,13.9,63,1014,6.7,330,0
1966,4,1,17,77,9,74,20.5,13.7,65,1015,6,330,0
1966,4,1,18,20,1,20,20,13.9,68,1015,5.3,330,0
1966,4,1,19,0,0,0,19.4,13.9,70,1016,4.6,330,0
1966,4,1,20,0,0,0,19.4,14.3,72,1016,4.3,330,0
1966,4,1,21,0,0,0,19.4,14.5,73,1017,3.9,330,0
1966,4,1,22,0,0,0,19.4,15,75,1017,3.6,330,0
1966,4,1,23,0,0,0,19,14.5,75,1017,3.3,310,0
1966,4,2,0,0,0,0,18.7,14.2,75,1016,2.9,280,0
1966,4,2,1,0,0,0,18.3,13.9,75,1016,2.6,260,0
1966,4,2,2,0,0,0,18.3,14.2,77,1016,2.8,260,0
1966,4,2,3,0,0,0,18.3,14.6,79,1015,2.9,250,0
1966,4,2,4,0,0,0,18.3,15,81,1015,3.1,250,0
1966,4,2,5,0,0,0,18.1,15.4,84,1016,3.3,250,0
1966,4,2,6,19,0,19,18,15.8,87,1017,3.4,240,0
1966,4,2,7,97,1,97,17.8,16.1,90,1017,3.6,240,0
1966,4,2,8,239,4,236,18.9,15.6,81,1017,2.9,280,0
1966,4,2,9,347,4,344,20,14.8,72,1017,2.2,320,0
1966,4,2,10,368,1,367,21.1,13.9,63,1017,1.5,360,0
1966,4,2,11,437,0,436,21.7,13.6,60,1016,3.7,360,0
1966,4,2,12,557,138,424,22.2,13,56,1016,6,360,0
1966,4,2,13,500,197,317,22.8,12.8,53,1015,8.2,360,0
1966,4,2,14,380,96,300,22.2,14.1,60,1015,7.2,350,0
1966,4,2,15,284,33,262,21.7,15.1,66,1014,6.2,330,0
1966,4,2,16,168,12,162,21.1,16.1,73,1014,5.2,320,0
1966,4,2,17,75,1,75,20.4,15.8,75,1015,5.4,320,0
1966,4,2,18,17,0,17,19.6,15.3,76,1016,5.5,320,0
1966,4,2,19,0,0,0,18.9,15,78,1017,5.7,320,0
1966,4,2,20,0,0,0,19.3,14.8,75,1017,5.5,330,0
1966,4,2,21,0,0,0,19.6,14.7,73,1018,5.4,330,0
1966,4,2,22,0,0,0,20,14.4,70,1018,5.2,340,0
1966,4,2,23,0,0,0,19.4,14.9,75,1018,4.5,310,0
1966,4,3,0,0,0,0,18.9,15.2,79,1017,3.8,290,0
1966,4,3,1,0,0,0,18.3,15.6,84,1017,3.1,260,0
1966,4,3,2,0,0,0,18.1,15.6,85,1016,3.1,250,0
1966,4,3,3,0,0,0,18,15.7,86,1016,3.1,250,0
1966,4,3,4,0,0,0,17.8,15.6,87,1016,3.1,240,0
1966,4,3,5,0,0,0,18.2,15.7,85,1016,2.9,260,0
1966,4,3,6,18,4,18,18.5,15.6,83,1017,2.8,270,0
1966,4,3,7,48,3,47,18.9,15.6,81,1017,2.6,290,0
1966,4,3,8,191,2,190,20.2,15.7,75,1017,2.9,310,0
1966,4,3,9,451,193,314,21.5,15.4,68,1017,3.3,330,0
1966,4,3,10,452,62,399,22.8,15,62,1017,3.6,350,0
1966,4,3,11,580,152,437,23.2,14.2,57,1016,4.5,350,0
1966,4,3,12,534,198,342,23.5,13.4,53,1016,5.3,360,0
1966,4,3,13,570,133,447,23.9,12.2,48,1015,6.2,0,0
1966,4,3,14,638,446,269,23.5,12.2,49,1015,5.9,0,0
1966,4,3,15,591,609,180,23.2,12.2,50,1015,5.5,10,0
1966,4,3,16,323,332,164,22.8,12.2,51,1015,5.2,10,0
1966,4,3,17,103,159,63,22.2,12.5,54,1015,5.5,0,0
1966,4,3,18,21,11,20,21.7,13.1,58,1016,5.9,350,0
1966,4,3,19,0,0,0,21.1,13.3,61,1016,6.2,340,0
1966,4,3,20,0,0,0,20.7,13.7,64,1017,5,320,0
1966,4,3,21,0,0,0,20.4,14.1,67,1017,3.8,300,0
1966,4,3,22,0,0,0,20,14.4,70,1017,2.6,280,0
1966,4,3,23,0,0,0,20,14.4,70,1017,3.1,290,0
1966,4,4,0,0,0,0,20,14.4,70,1016,3.6,300,0
1966,4,4,1,0,0,0,20,14.4,70,1016,4.1,310,0
1966,4,4,2,0,0,0,19.6,14.4,72,1016,3.4,290,0
1966,4,4,3,0,0,0,19.3,14.4,73,1015,2.8,270,0
1966,4,4,4,0,0,0,18.9,14.4,75,1015,2.1,250,0
1966,4,4,5,0,0,0,20,14.4,70,1015,2.8,260,0
1966,4,4,6,39,38,34,21.1,14.5,66,1016,3.4,280,0
1966,4,4,7,208,394,89,22.2,14.4,61,1016,4.1,290,0
1966,4,4,8,365,402,156,22,14.9,64,1016,3.6,300,0
1966,4,4,9,378,244,204,21.9,15.8,68,1016,3.1,320,0
1966,4,4,10,739,420,379,21.7,16.1,71,1016,2.6,330,0
1966,4,4,11,790,560,262,22.4,15.8,66,1016,4.1,350,0
1966,4,4,12,861,605,275,23.2,15,60,1015,5.7,0,0
1966,4,4,13,904,827,135,23.9,14.4,55,1014,7.2,20,0
1966,4,4,14,757,714,164,23.3,15.1,60,1014,7.9,20,0
1966,4,4,15,547,497,211,22.8,16.1,66,1014,8.6,20,0
1966,4,4,16,213,53,187,22.2,16.7,71,1014,9.3,20,0
1966,4,4,17,97,33,89,21.5,16.7,74,1015,8.1,0,0
1966,4,4,18,17,6,16,20.7,16.8,78,1015,6.9,340,0
1966,4,4,19,0,0,0,20,16.7,81,1016,5.7,320,0
1966,4,4,20,0,0,0,19.8,16.5,81,1016,5.5,310,0
1966,4,4,21,0,0,0,19.6,16.3,81,1016,5.4,310,0
1966,4,4,22,0,0,0,19.4,16.1,81,1016,5.2,300,0
1966,4,4,23,0,0,0,18.7,15.6,82,1016,4.7,280,0
1966,4,5,0,0,0,0,17.9,15,83,1015,4.1,270,0
1966,4,5,1,0,0,0,17.2,14.4,84,1015,3.6,250,0
1966,4,5,2,0,0,0,16.7,14.2,85,1015,3.4,240,0
1966,4,5,3,0,0,0,16.1,13.8,86,1014,3.3,240,0
1966,4,5,4,0,0,0,15.6,13.3,87,1014,3.1,230,0
1966,4,5,5,0,0,0,16.9,13.7,81,1015,2.8,240,0
1966,4,5,6,33,65,25,18.1,13.4,74,1015,2.4,240,0
1966,4,5,7,208,419,81,19.4,13.3,68,1016,2.1,250,0
1966,4,5,8,439,603,122,20.9,14.6,67,1016,3.5,290,0
1966,4,5,9,642,708,135,22.4,15.5,65,1015,4.8,340,0
1966,4,5,10,822,816,122,23.9,16.7,64,1015,6.2,20,0
1966,4,5,11,908,653,290,24.1,16.6,63,1015,6.5,20,0
1966,4,5,12,763,542,237,24.2,16.7,63,1014,6.9,10,0
1966,4,5,13,799,644,200,24.4,16.7,62,1014,7.2,10,0
1966,4,5,14,730,629,207,23.9,17.2,66,1014,6.5,20,0
1966,4,5,15,485,340,255,23.3,17.3,69,1014,5.9,30,0
1966,4,5,16,216,64,185,22.8,17.8,73,1014,5.2,40,0
1966,4,5,17,108,34,100,21.7,18.1,80,1014,4.8,30,0
1966,4,5,18,14,1,13,20.5,18.1,86,1015,4.5,10,0
1966,4,5,19,0,0,0,19.4,18.3,93,1016,4.1,0,0
1966,4,5,20,0,0,0,19.4,18.1,92,1016,2.7,340,0
1966,4,5,21,0,0,0,19.4,17.9,91,1017,1.4,320,0
1966,4,5,22,0,0,0,19.4,17.8,90,1017,0,0,0
1966,4,5,23,0,0,0,19.6,17.9,90,1016,0.7,270,0
1966,4,6,0,0,0,0,19.8,18.1,90,1016,1.4,250,0
1966,4,6,1,0,0,0,20,18.3,90,1015,2.1,230,0
1966,4,6,2,0,0,0,19.6,18.1,91,1015,2.4,240,0
1966,4,6,3,0,0,0,19.3,18,92,1015,2.8,260,0
1966,4,6,4,0,0,0,18.9,17.8,93,1015,3.1,270,0
1966,4,6,5,0,0,0,19.3,17.8,91,1016,3.3,270,0
1966,4,6,6,24,3,23,19.6,17.8,89,1016,3.4,270,0
1966,4,6,7,107,8,104,20,17.8,87,1017,3.6,270,0
1966,4,6,8,189,11,183,20.6,18.6,88,1017,3.6,320,0
1966,4,6,9,368,9,361,21.1,19.2,89,1017,3.6,10,0
1966,4,6,10,212,2,211,21.7,20,90,1017,3.6,60,0
1966,4,6,11,417,2,415,22.2,19.4,84,1017,3.6,40,0
1966,4,6,12,518,111,410,22.8,18.6,77,1016,3.6,20,0
1966,4,6,13,519,175,355,23.3,17.8,71,1015,3.6,0,0
1966,4,6,14,430,76,366,22.9,18,74,1015,4.5,10,0
1966,4,6,15,280,8,274,22.6,18.6,78,1015,5.3,20,0
1966,4,6,16,154,4,152,22.2,18.9,81,1015,6.2,30,0
1966,4,6,17,101,4,100,21.7,18.5,82,1016,6.2,20,0
1966,4,6,18,28,2,27,21.1,18.1,83,1016,6.2,0,0
1966,4,6,19,0,0,0,20.6,17.8,84,1017,6.2,350,0
1966,4,6,20,0,0,0,20.2,18,87,1017,5.7,320,0
1966,4,6,21,0,0,0,19.8,18.1,90,1017,5.1,300,0
1966,4,6,22,0,0,0,19.4,18.3,93,1018,4.6,270,0
1966,4,6,23,0,0,0,19.4,18.1,92,1017,4.1,260,0
1966,4,7,0,0,0,0,19.4,17.9,91,1016,3.6,260,0
1966,4,7,1,0,0,0,19.4,17.8,90,1016,3.1,250,0
1966,4,7,2,0,0,0,19.2,17.7,91,1015,3.1,250,0
1966,4,7,3,0,0,0,19.1,17.8,92,1015,3.1,240,0
1966,4,7,4,0,0,0,18.9,17.8,93,1015,3.1,240,0
1966,4,7,5,0,0,0,19.8,18.1,90,1016,3.4,250,0
1966,4,7,6,41,15,39,20.8,18.6,87,1017,3.8,260,0
1966,4,7,7,199,218,131,21.7,18.9,84,1017,4.1,270,0
1966,4,7,8,231,72,193,22.4,18.8,80,1017,4.5,320,0
1966,4,7,9,396,82,336,23.2,18.5,75,1018,4.8,10,0
1966,4,7,10,532,448,145,23.9,18.3,71,1018,5.2,60,0
1966,4,7,11,647,285,377,24.1,18.1,69,1017,5.4,60,0
1966,4,7,12,636,232,410,24.2,17.9,68,1016,5.5,70,0
1966,4,7,13,688,333,376,24.4,17.8,66,1015,5.7,70,0
1966,4,7,14,480,281,246,24.2,18.2,69,1015,6,70,0
1966,4,7,15,341,142,244,24.1,18.5,71,1015,6.4,70,0
1966,4,7,16,125,2,124,23.9,18.9,74,1015,6.7,70,0
1966,4,7,17,109,1,109,23.5,18.8,75,1015,6.2,70,0
1966,4,7,18,19,4,18,23.2,18.5,75,1016,5.7,70,0
1966,4,7,19,0,0,0,22.8,18.3,76,1016,5.2,70,0
1966,4,7,20,0,0,0,22.2,18.2,78,1017,4.5,130,0
1966,4,7,21,0,0,0,21.7,17.9,79,1017,3.8,180,0
1966,4,7,22,0,0,0,21.1,17.8,81,1017,3.1,240,0
1966,4,7,23,0,0,0,20.7,17.9,84,1017,3.8,250,0
1966,4,8,0,0,0,0,20.4,18.2,87,1017,4.5,270,0
1966,4,8,1,0,0,0,20,18.3,90,1016,5.2,280,0
1966,4,8,2,0,0,0,19.8,18.1,90,1016,4.3,270,0
1966,4,8,3,0,0,0,19.6,17.9,90,1016,3.5,250,0
1966,4,8,4,0,0,0,19.4,17.8,90,1016,2.6,240,0
1966,4,8,5,0,0,0,20.3,17.7,85,1016,2.8,270,0
1966,4,8,6,20,2,20,21.3,17.9,81,1017,2.9,300,0
1966,4,8,7,114,6,112,22.2,17.8,76,1017,3.1,330,0
1966,4,8,8,217,86,171,23.1,17.6,71,1017,3.4,350,0
1966,4,8,9,429,233,260,24.1,17.1,65,1017,3.8,0,0
1966,4,8,10,649,457,253,25,16.7,60,1017,4.1,20,0
1966,4,8,11,713,505,232,25.2,16.9,60,1016,4.8,30,0
1966,4,8,12,951,636,331,25.4,17.1,60,1015,5.5,50,0
1966,4,8,13,697,445,281,25.6,17.2,60,1015,6.2,60,0
1966,4,8,14,501,210,326,25,18,65,1014,6,70,0
1966,4,8,15,444,196,310,24.5,18.5,69,1014,5.9,70,0
1966,4,8,16,251,133,187,23.9,18.9,74,1014,5.7,80,0
1966,4,8,17,92,32,83,23.2,18.8,76,1015,5,140,0
1966,4,8,18,12,3,12,22.4,18.6,79,1015,4.3,200,0
1966,4,8,19,0,0,0,21.7,18.3,81,1016,3.6,260,0
1966,4,8,20,0,0,0,21.1,18.3,84,1016,3.4,260,0
1966,4,8,21,0,0,0,20.6,18.4,87,1016,3.3,250,0
1966,4,8,22,0,0,0,20,18.3,90,1016,3.1,250,0
1966,4,8,23,0,0,0,20,18.2,89,1016,2.9,250,0
1966,4,9,0,0,0,0,20,18,88,1015,2.8,250,0
1966,4,9,1,0,0,0,20,17.8,87,1014,2.6,250,0
1966,4,9,2,0,0,0,19.6,17.6,88,1014,2.8,240,0
1966,4,9,3,0,0,0,19.3,17.5,89,1014,2.9,240,0
1966,4,9,4,0,0,0,18.9,17.2,90,1014,3.1,230,0
1966,4,9,5,0,0,0,19.8,17.2,85,1014,2.8,240,0
1966,4,9,6,44,72,35,20.8,17.4,81,1015,2.4,250,0
1966,4,9,7,213,509,52,21.7,17.2,76,1015,2.1,260,0
1966,4,9,8,421,449,180,21.9,18.1,79,1015,2.1,290,0
1966,4,9,9,535,352,279,22,18.6,81,1015,2.1,320,0
1966,4,9,10,249,93,168,22.2,19.4,84,1015,2.1,350,0
1966,4,9,11,362,84,282,22.4,20,86,1015,2.3,290,0
1966,4,9,12,426,15,412,22.6,20.5,88,1014,2.4,230,0
1966,4,9,13,220,16,205,22.8,21.1,90,1014,2.6,170,0
1966,4,9,14,347,21,329,22.8,20.9,89,1013,2.6,170,0
1966,4,9,15,471,324,250,22.8,20.7,88,1013,2.6,180,0
1966,4,9,16,151,67,119,22.8,20.6,87,1013,2.6,180,0
1966,4,9,17,106,37,97,22.1,20.4,90,1014,2.8,220,0
1966,4,9,18,16,0,16,21.3,20.3,94,1014,2.9,250,0
1966,4,9,19,0,0,0,20.6,20,97,1015,3.1,290,0
1966,4,9,20,0,0,0,20.6,20,96,1015,2.1,280,0
1966,4,9,21,0,0,0,20.6,19.6,94,1015,1,260,0
1966,4,9,22,0,0,0,20.6,19.4,93,1016,0,0,0
1966,4,9,23,0,0,0,20.2,19.2,94,1015,1,230,0
1966,4,10,0,0,0,0,19.8,19.2,96,1015,2.1,220,0
1966,4,10,1,0,0,0,19.4,18.9,97,1014,3.1,200,0
1966,4,10,2,0,0,0,19.6,19.1,97,1014,2.9,190,0
1966,4,10,3,0,0,0,19.8,19.3,97,1014,2.8,180,0
1966,4,10,4,0,0,0,20,19.4,97,1014,2.6,170,0
1966,4,10,5,0,0,0,20,19.5,97,1014,2.9,190,0
1966,4,10,6,21,6,20,20,19.5,97,1015,3.3,220,0
1966,4,10,7,56,0,56,20,19.4,97,1015,3.6,240,0
1966,4,10,8,177,6,174,20.6,19.8,95,1015,3.1,220,0
1966,4,10,9,370,4,367,21.1,19.8,92,1015,2.6,190,0
1966,4,10,10,260,6,255,21.7,20,90,1015,2.1,170,0
1966,4,10,11,698,286,426,23,20.2,84,1014,4.3,150,0
1966,4,10,12,696,294,408,24.3,20,77,1014,6.6,140,0
1966,4,10,13,667,270,414,25.6,20,71,1013,8.8,120,0
1966,4,10,14,678,398,345,25.4,19.8,71,1013,8.3,120,0
1966,4,10,15,408,211,264,25.2,19.6,71,1013,7.7,110,0
1966,4,10,16,334,262,207,25,19.4,71,1013,7.2,110,0
1966,4,10,17,93,72,74,24.1,19.4,75,1014,5.5,140,0
1966,4,10,18,28,15,26,23.1,19.5,80,1015,3.8,180,0
1966,4,10,19,0,0,0,22.2,19.4,84,1015,2.1,210,0
1966,4,10,20,0,0,0,21.7,19.5,87,1016,2.4,210,0
1966,4,10,21,0,0,0,21.1,19.4,90,1016,2.8,210,0
1966,4,10,22,0,0,0,20.6,19.4,93,1016,3.1,210,0
1966,4,10,23,0,0,0,20.2,18.7,91,1016,3.1,210,0
1966,4,11,0,0,0,0,19.8,18,89,1015,3.1,210,0
1966,4,11,1,0,0,0,19.4,17.2,87,1015,3.1,210,0
1966,4,11,2,0,0,0,19,16.8,87,1015,2.8,200,0
1966,4,11,3,0,0,0,18.7,16.5,87,1014,2.4,200,0
1966,4,11,4,0,0,0,18.3,16.1,87,1014,2.1,190,0
1966,4,11,5,0,0,0,19.6,16.5,82,1015,1.9,190,0
1966,4,11,6,43,50,37,20.9,16.5,76,1015,1.7,200,0
1966,4,11,7,216,245,137,22.2,16.7,71,1016,1.5,200,0
1966,4,11,8,408,462,158,23.9,17.7,68,1015,3.2,180,0
1966,4,11,9,708,659,227,25.5,18.7,66,1015,5,160,0
1966,4,11,10,696,501,260,27.2,19.4,63,1015,6.7,140,0
1966,4,11,11,941,686,285,27.4,19.8,63,1014,6.9,130,0
1966,4,11,12,845,463,392,27.6,19.9,63,1013,7,130,0
1966,4,11,13,672,336,357,27.8,20,63,1013,7.2,120,0
1966,4,11,14,544,246,338,27.2,20.6,67,1013,5.8,100,0
1966,4,11,15,484,293,284,26.7,20.8,70,1013,4.5,90,0
1966,4,11,16,219,87,177,26.1,21.1,74,1013,3.1,70,0
1966,4,11,17,92,34,84,24.6,20.5,78,1013,3.3,10,0
1966,4,11,18,14,12,13,23.2,20.2,83,1014,3.4,320,0
1966,4,11,19,0,0,0,21.7,19.4,87,1015,3.6,260,0
1966,4,11,20,0,0,0,21.7,19.1,85,1015,3.6,250,0
1966,4,11,21,0,0,0,21.7,18.7,83,1015,3.6,240,0
1966,4,11,22,0,0,0,21.7,18.3,81,1016,3.6,230,0
1966,4,11,23,0,0,0,21.3,17.9,81,1015,2.4,220,0
1966,4,12,0,0,0,0,21,17.6,81,1015,1.2,200,0
1966,4,12,1,0,0,0,20.6,17.2,81,1014,0,0,0
1966,4,12,2,0,0,0,20.2,17.1,82,1014,0.7,180,0
1966,4,12,3,0,0,0,19.8,16.9,83,1014,1.4,160,0
1966,4,12,4,0,0,0,19.4,16.7,84,1014,2.1,150,0
1966,4,12,5,0,0,0,20.2,17.2,83,1014,2.1,190,0
1966,4,12,6,47,5,46,20.9,17.7,82,1014,2.1,230,0
1966,4,12,7,147,139,101,21.7,18.3,81,1015,2.1,270,0
1966,4,12,8,315,125,247,23.4,18.7,75,1015,3.5,210,0
1966,4,12,9,473,191,333,25,18.7,68,1014,4.8,150,0
1966,4,12,10,683,491,255,26.7,18.9,62,1014,6.2,90,0
1966,4,12,11,630,272,370,27.4,19.2,61,1014,6.2,90,0
1966,4,12,12,595,207,392,28.2,19.7,60,1013,6.2,100,0
1966,4,12,13,732,387,369,28.9,20,59,1012,6.2,100,0
1966,4,12,14,461,170,319,27.6,20.7,66,1012,6,100,0
1966,4,12,15,436,173,317,26.3,20.9,72,1012,5.9,90,0
1966,4,12,16,191,1,190,25,21.1,79,1013,5.7,90,0
1966,4,12,17,102,27,95,24.6,20.7,79,1013,3.8,110,0
1966,4,12,18,26,2,26,24.3,20.4,79,1014,1.9,120,0
1966,4,12,19,0,0,0,23.9,20,79,1015,0,0,0
1966,4,12,20,0,0,0,23.3,19.7,80,1015,1,160,0
1966,4,12,21,0,0,0,22.8,19.2,80,1015,2.1,170,0
1966,4,12,22,0,0,0,22.2,18.9,81,1015,3.1,190,0
1966,4,12,23,0,0,0,21.8,18.8,83,1015,2.8,190,0
1966,4,13,0,0,0,0,21.5,18.9,85,1014,2.4,200,0
1966,4,13,1,0,0,0,21.1,18.9,87,1014,2.1,200,0
1966,4,13,2,0,0,0,20.7,18.5,87,1013,2.4,200,0
1966,4,13,3,0,0,0,20.4,18.2,87,1013,2.8,210,0
1966,4,13,4,0,0,0,20,17.8,87,1013,3.1,210,0
1966,4,13,5,0,0,0,21.3,17.9,81,1013,2.1,240,0
1966,4,13,6,52,185,29,22.6,18,75,1014,1,260,0
1966,4,13,7,243,540,66,23.9,17.8,69,1014,0,0,0
1966,4,13,8,478,652,120,25.2,18.2,65,1014,1.7,310,0
1966,4,13,9,644,615,192,26.5,18.6,62,1015,3.5,340,0
1966,4,13,10,707,450,313,27.8,18.9,58,1015,5.2,0,0
1966,4,13,11,833,656,204,27.4,18.7,59,1014,4.8,20,0
1966,4,13,12,880,573,318,27.1,19,61,1014,4.5,30,0
1966,4,13,13,716,475,270,26.7,18.9,62,1013,4.1,50,0
1966,4,13,14,697,481,293,26.5,19.2,64,1013,4.1,40,0
1966,4,13,15,513,266,331,26.3,19.2,65,1013,4.1,30,0
1966,4,13,16,221,82,181,26.1,19.4,67,1013,4.1,20,0
1966,4,13,17,61,6,59,25.5,19.4,69,1014,3.6,20,0
1966,4,13,18,17,9,16,25,19.6,72,1014,3.1,20,0
1966,4,13,19,0,0,0,24.4,19.4,74,1015,2.6,20,0
1966,4,13,20,0,0,0,23.9,19.4,76,1015,2.6,330,0
1966,4,13,21,0,0,0,23.3,19.5,79,1016,2.6,270,0
1966,4,13,22,0,0,0,22.8,19.4,81,1016,2.6,220,0
1966,4,13,23,0,0,0,22.1,19.5,85,1016,2.9,210,0
1966,4,14,0,0,0,0,21.3,19.4,89,1015,3.3,210,0
1966,4,14,1,0,0,0,20.6,19.4,93,1015,3.6,200,0
1966,4,14,2,0,0,0,20.2,18.5,90,1015,3.1,180,0
1966,4,14,3,0,0,0,19.8,17.6,87,1015,2.6,150,0
1966,4,14,4,0,0,0,19.4,16.7,84,1015,2.1,130,0
1966,4,14,5,0,0,0,19.8,16.9,83,1016,1.9,180,0
1966,4,14,6,34,7,33,20.2,17.1,82,1016,1.7,220,0
1966,4,14,7,79,16,74,20.6,17.2,81,1017,1.5,270,0
1966,4,14,8,195,11,189,21.3,17.7,80,1017,2.5,300,0
1966,4,14,9,268,8,262,22.1,18.5,80,1017,3.6,320,0
1966,4,14,10,390,11,380,22.8,18.9,79,1017,4.6,350,0
1966,4,14,11,442,6,436,23.2,19,77,1017,5.6,360,0
1966,4,14,12,448,2,446,23.5,19,76,1016,6.7,0,0
1966,4,14,13,441,4,437,23.9,18.9,74,1016,7.7,10,0
1966,4,14,14,361,0,360,23.7,18.8,74,1015,6.2,10,0
1966,4,14,15,329,1,329,23.5,18.6,74,1015,4.6,0,0
1966,4,14,16,241,0,241,23.3,18.3,74,1015,3.1,0,0
1966,4,14,17,110,0,110,22.4,18.6,79,1016,2.9,330,0
1966,4,14,18,25,0,25,21.5,18.9,85,1017,2.8,290,0
1966,4,14,19,0,0,0,20.6,18.9,90,1017,2.6,260,0
1966,4,14,20,0,0,0,20.8,19.1,90,1018,2.9,280,0
1966,4,14,21,0,0,0,20.9,19.2,90,1018,3.3,310,0
1966,4,14,22,0,0,0,21.1,19.4,90,1018,3.6,330,0
1966,4,14,23,0,0,0,21.1,19.4,90,1018,3.4,310,0
1966,4,15,0,0,0,0,21.1,19.4,90,1017,3.3,300,0
1966,4,15,1,0,0,0,21.1,19.4,90,1017,3.1,280,0
1966,4,15,2,0,0,0,21.1,19.1,88,1017,4.1,320,0
1966,4,15,3,0,0,0,21.1,18.7,86,1016,5.2,0,0
1966,4,15,4,0,0,0,21.1,18.3,84,1016,6.2,40,0
1966,4,15,5,0,0,0,21.8,18.2,80,1017,5.5,40,0
1966,4,15,6,24,11,23,22.6,18,75,1018,4.8,40,0
1966,4,15,7,163,135,118,23.3,17.8,71,1018,4.1,40,0
1966,4,15,8,253,107,193,23.3,17.8,71,1018,4.5,10,0
1966,4,15,9,420,101,346,23.3,17.8,71,1018,4.8,330,0
1966,4,15,10,436,108,340,23.3,17.8,71,1018,5.2,300,0
1966,4,15,11,572,157,421,22.9,18,74,1018,4.7,310,0
1966,4,15,12,568,225,346,22.6,18.6,78,1017,4.1,320,0
1966,4,15,13,283,15,269,22.2,18.9,81,1016,3.6,330,0
1966,4,15,14,446,98,364,22,18.2,79,1016,3.4,330,0
1966,4,15,15,266,74,215,21.9,17.9,78,1015,3.3,320,0
1966,4,15,16,175,48,152,21.7,17.2,76,1015,3.1,320,0
1966,4,15,17,80,16,76,21.7,17.1,75,1016,3.1,310,0
1966,4,15,18,21,3,20,21.7,16.9,74,1016,3.1,310,0
1966,4,15,19,0,0,0,21.7,16.7,73,1017,3.1,300,0
1966,4,15,20,0,0,0,21.7,16.9,74,1017,3.6,300,0
1966,4,15,21,0,0,0,21.7,17.1,75,1017,4.1,310,0
1966,4,15,22,0,0,0,21.7,17.2,76,1017,4.6,310,0
1966,4,15,23,0,0,0,21.3,17.3,78,1017,3.9,300,0
1966,4,16,0,0,0,0,21,17.2,79,1016,3.3,290,0
1966,4,16,1,0,0,0,20.6,17.2,81,1016,2.6,280,0
1966,4,16,2,0,0,0,19.8,16.5,81,1015,2.8,270,0
1966,4,16,3,0,0,0,19.1,15.8,81,1015,2.9,250,0
1966,4,16,4,0,0,0,18.3,15,81,1015,3.1,240,0
1966,4,16,5,0,0,0,19.4,14.7,74,1015,2.1,260,0
1966,4,16,6,66,264,33,20.6,14.5,68,1016,1,290,0
1966,4,16,7,234,439,86,21.7,13.9,61,1016,0,0,0
1966,4,16,8,510,764,85,23,15.1,61,1016,2.1,330,0
1966,4,16,9,663,683,157,24.3,16.6,62,1016,4.1,360,0
1966,4,16,10,866,834,133,25.6,17.8,62,1016,6.2,20,0
1966,4,16,11,884,670,238,25.2,17.9,64,1015,5.9,30,0
1966,4,16,12,931,666,276,24.8,18.3,67,1014,5.5,40,0
1966,4,16,13,560,407,177,24.4,18.3,69,1014,5.2,50,0
1966,4,16,14,385,89,310,23.3,18.9,76,1013,4.3,10,0
1966,4,16,15,265,15,255,22.2,19.2,83,1013,3.5,340,0
1966,4,16,16,156,30,142,21.1,19.4,90,1013,2.6,300,0
1966,4,16,17,107,13,103,20.7,19.2,91,1014,2.6,300,0
1966,4,16,18,17,2,17,20.4,19.1,92,1014,2.6,290,0
1966,4,16,19,0,0,0,20,18.9,93,1015,2.6,290,0
1966,4,16,20,0,0,0,19.8,18.8,94,1015,2.6,270,0
1966,4,16,21,0,0,0,19.6,19,96,1016,2.6,260,0
1966,4,16,22,0,0,0,19.4,18.9,97,1016,2.6,240,0
1966,4,16,23,0,0,0,19.4,18.8,96,1015,2.8,240,0
1966,4,17,0,0,0,0,19.4,18.4,94,1015,2.9,230,0
1966,4,17,1,0,0,0,19.4,18.3,93,1014,3.1,230,0
1966,4,17,2,0,0,0,19.6,18.1,91,1014,2.1,240,0
1966,4,17,3,0,0,0,19.8,18,89,1013,1,250,0
1966,4,17,4,0,0,0,20,17.8,87,1013,0,0,0
1966,4,17,5,0,0,0,20.6,17.8,84,1014,1.2,260,0
1966,4,17,6,36,21,34,21.1,17.9,82,1014,2.4,270,0
1966,4,17,7,200,219,125,21.7,17.8,79,1015,3.6,280,0
1966,4,17,8,259,135,184,22.4,17.6,74,1015,4.1,310,0
1966,4,17,9,453,91,385,23.2,17.2,69,1015,4.7,340,0
1966,4,17,10,590,184,428,23.9,16.7,64,1015,5.2,10,0
1966,4,17,11,460,138,326,24.1,16.6,63,1014,5,10,0
1966,4,17,12,960,581,387,24.2,16.7,63,1014,4.8,0,0
1966,4,17,13,795,490,332,24.4,16.7,62,1013,4.6,0,0
1966,4,17,14,402,127,295,23.9,17.2,66,1013,3.8,320,0
1966,4,17,15,290,78,236,23.3,17.3,69,1013,2.9,280,0
1966,4,17,16,211,10,206,22.8,17.8,73,1013,2.1,240,0
1966,4,17,17,68,0,68,22.4,17.6,74,1014,2.3,250,0
1966,4,17,18,18,2,18,22.1,17.5,75,1014,2.4,270,0
1966,4,17,19,0,0,0,21.7,17.2,76,1015,2.6,280,0
1966,4,17,20,0,0,0,21.3,16.9,76,1015,2.8,270,0
1966,4,17,21,0,0,0,21,16.6,76,1015,2.9,260,0
1966,4,17,22,0,0,0,20.6,16.1,76,1016,3.1,250,0
1966,4,17,23,0,0,0,20,16.1,78,1015,3.3,240,0
1966,4,18,0,0,0,0,19.5,15.8,79,1014,3.4,230,0
1966,4,18,1,0,0,0,18.9,15.6,81,1013,3.6,220,0
1966,4,18,2,0,0,0,18.7,15,79,1013,3.6,220,0
1966,4,18,3,0,0,0,18.5,14.4,77,1013,3.6,220,0
1966,4,18,4,0,0,0,18.3,13.9,75,1013,3.6,220,0
1966,4,18,5,0,0,0,19.2,14.7,75,1013,3.4,240,0
1966,4,18,6,36,14,34,20.2,15.9,76,1013,3.3,260,0
1966,4,18,7,239,395,103,21.1,16.7,76,1014,3.1,280,0
1966,4,18,8,416,458,160,22.6,17.1,71,1014,3.6,310,0
1966,4,18,9,705,772,130,24.1,17.1,65,1014,4.1,340,0
1966,4,18,10,721,536,247,25.6,17.2,60,1014,4.6,10,0
1966,4,18,11,862,646,238,25.2,18.4,66,1013,4.4,10,0
1966,4,18,12,622,167,457,24.8,19.6,73,1012,4.3,0,0
1966,4,18,13,229,1,228,24.4,20.6,79,1012,4.1,0,0
1966,4,18,14,259,6,255,23.3,20.3,83,1011,3.8,10,0
1966,4,18,15,235,4,232,22.2,19.8,86,1011,3.4,30,0
1966,4,18,16,104,8,100,21.1,19.4,90,1011,3.1,40,0
1966,4,18,17,84,2,84,20.7,19.2,91,1012,2.8,350,0
1966,4,18,18,24,0,24,20.4,19.1,92,1012,2.4,300,0
1966,4,18,19,0,0,0,20,18.9,93,1013,2.1,250,0
1966,4,18,20,0,0,0,20,18.9,93,1013,1.9,230,0
1966,4,18,21,0,0,0,20,18.9,93,1013,1.7,200,0
1966,4,18,22,0,0,0,20,18.9,93,1013,1.5,180,0
1966,4,18,23,0,0,0,20,18.9,93,1012,1.7,190,0
1966,4,19,0,0,0,0,20,18.9,93,1012,1.9,190,0
1966,4,19,1,0,0,0,20,18.9,93,1011,2.1,200,0
1966,4,19,2,0,0,0,19.8,18.8,94,1011,1.9,200,0
1966,4,19,3,0,0,0,19.6,19,96,1011,1.7,200,0
1966,4,19,4,0,0,0,19.4,18.9,97,1010,1.5,200,0
1966,4,19,5,0,0,0,20.2,18.7,91,1011,1.7,190,0
1966,4,19,6,64,84,54,20.9,18.3,85,1011,1.9,190,0
1966,4,19,7,269,576,71,21.7,17.8,79,1011,2.1,180,0
1966,4,19,8,513,733,100,22.6,18,75,1011,3.3,120,0
1966,4,19,9,525,409,220,23.5,17.7,70,1011,4.5,70,0
1966,4,19,10,817,703,196,24.4,17.8,66,1011,5.7,10,0
1966,4,19,11,716,404,325,23.5,18.4,73,1010,5.5,10,0
1966,4,19,12,645,365,284,22.6,19,80,1009,5.4,0,0
1966,4,19,13,258,12,247,21.7,19.4,87,1009,5.2,0,0
1966,4,19,14,297,4,294,22.2,19,82,1009,6.2,0,0
1966,4,19,15,344,4,341,22.8,18.4,76,1008,7.2,10,0
1966,4,19,16,196,4,194,23.3,17.8,71,1008,8.2,10,0
1966,4,19,17,114,67,96,22.8,17.9,74,1008,8,10,0
1966,4,19,18,29,28,25,22.2,18.2,78,1009,7.9,0,0
1966,4,19,19,0,0,0,21.7,18.3,81,1009,7.7,0,0
1966,4,19,20,0,0,0,21.1,17.9,82,1010,7.5,360,0
1966,4,19,21,0,0,0,20.6,17.6,83,1010,7.4,350,0
1966,4,19,22,0,0,0,20,17.2,84,1011,7.2,350,0
1966,4,19,23,0,0,0,19.6,16.8,84,1010,4.8,350,0
1966,4,20,0,0,0,0,19.3,16.6,84,1010,2.4,350,0
1966,4,20,1,0,0,0,18.9,16.1,84,1010,0,0,0
1966,4,20,2,0,0,0,19.3,16.2,82,1009,1.4,360,0
1966,4,20,3,0,0,0,19.6,16.1,80,1009,2.7,360,0
1966,4,20,4,0,0,0,20,16.1,78,1009,4.1,360,0
1966,4,20,5,0,0,0,20.4,16.1,76,1009,4.5,360,0
1966,4,20,6,27,4,27,20.7,16.1,75,1010,4.8,350,0
1966,4,20,7,115,1,115,21.1,16.1,73,1010,5.2,350,0
1966,4,20,8,229,10,224,21.7,15.6,68,1010,5,350,0
1966,4,20,9,302,9,295,22.2,15.1,64,1010,4.8,360,0
1966,4,20,10,333,2,331,22.8,14.4,59,1010,4.6,0,0
1966,4,20,11,437,6,430,23,14.3,58,1010,5.6,0,0
1966,4,20,12,431,1,430,23.1,14.4,58,1009,6.7,10,0
1966,4,20,13,389,2,387,23.3,14.4,57,1008,7.7,10,0
1966,4,20,14,366,3,364,23.1,14.2,57,1008,7.9,10,0
1966,4,20,15,375,3,373,23,14.1,57,1008,8,0,0
1966,4,20,16,159,63,128,22.8,13.9,57,1008,8.2,0,0
1966,4,20,17,90,1,90,22.4,14,59,1008,7.2,350,0
1966,4,20,18,23,1,23,22.1,14.3,61,1009,6.2,340,0
1966,4,20,19,0,0,0,21.7,14.4,63,1010,5.2,330,0
1966,4,20,20,0,0,0,20.8,15.2,70,1010,4.5,270,0
1966,4,20,21,0,0,0,19.8,15.7,77,1010,3.8,220,0
1966,4,20,22,0,0,0,18.9,16.1,84,1011,3.1,160,0
1966,4,20,23,0,0,0,18.2,15.5,84,1010,2.8,160,0
1966,4,21,0,0,0,0,17.4,14.7,84,1010,2.4,150,0
1966,4,21,1,0,0,0,16.7,13.9,84,1009,2.1,150,0
1966,4,21,2,0,0,0,16.3,13.3,82,1009,2.8,180,0
1966,4,21,3,0,0,0,16,12.6,80,1009,3.4,200,0
1966,4,21,4,0,0,0,15.6,11.7,78,1010,4.1,230,0
1966,4,21,5,0,0,0,17.4,12.3,72,1010,2.7,260,0
1966,4,21,6,71,329,31,19.3,12.6,65,1011,1.4,280,0
1966,4,21,7,265,555,71,21.1,12.8,59,1011,0,0,0
1966,4,21,8,538,798,85,22.2,13.8,59,1011,2.2,330,0
1966,4,21,9,703,790,110,23.3,14.6,58,1012,4.5,360,0
1966,4,21,10,831,841,85,24.4,15.6,58,1012,6.7,20,0
1966,4,21,11,853,717,158,24.2,15.7,59,1012,6.4,10,0
1966,4,21,12,914,679,242,24.1,15.6,59,1011,6,10,0
1966,4,21,13,551,337,233,23.9,15.6,60,1011,5.7,0,0
1966,4,21,14,679,434,312,23.7,15.8,61,1011,5,350,0
1966,4,21,15,291,95,225,23.5,15.6,61,1011,4.3,350,0
1966,4,21,16,174,10,169,23.3,15.6,62,1011,3.6,340,0
1966,4,21,17,64,0,64,22.6,16,66,1011,3.4,300,0
1966,4,21,18,14,0,14,21.8,15.9,69,1012,3.3,260,0
1966,4,21,19,0,0,0,21.1,16.1,73,1013,3.1,220,0
1966,4,21,20,0,0,0,20.4,16.3,77,1013,2.9,230,0
1966,4,21,21,0,0,0,19.6,16.1,80,1013,2.8,250,0
1966,4,21,22,0,0,0,18.9,16.1,84,1014,2.6,260,0
1966,4,21,23,0,0,0,18.9,15.8,82,1014,2.4,250,0
1966,4,22,0,0,0,0,18.9,15.4,80,1013,2.3,250,0
1966,4,22,1,0,0,0,18.9,15,78,1013,2.1,240,0
1966,4,22,2,0,0,0,18.3,14.2,77,1013,2.3,230,0
1966,4,22,3,0,0,0,17.8,13.5,76,1013,2.4,230,0
1966,4,22,4,0,0,0,17.2,12.8,75,1014,2.6,220,0
1966,4,22,5,0,0,0,18.9,13.3,70,1014,2.2,230,0
1966,4,22,6,73,413,24,20.5,14,66,1015,1.9,230,0
1966,4,22,7,301,731,44,22.2,14.4,61,1015,1.5,240,0
1966,4,22,8,550,857,62,23.1,14.9,60,1015,3.1,280,0
1966,4,22,9,724,823,105,24.1,15.6,59,1015,4.6,330,0
1966,4,22,10,871,894,76,25,16.1,58,1015,6.2,10,0
1966,4,22,11,914,743,193,24.6,16.1,59,1015,5.9,10,0
1966,4,22,12,948,704,251,24.3,16.3,61,1014,5.5,20,0
1966,4,22,13,778,507,299,23.9,16.1,62,1014,5.2,20,0
1966,4,22,14,448,188,289,23.7,16.3,63,1014,5.4,10,0
1966,4,22,15,354,157,246,23.5,16.6,65,1014,5.5,0,0
1966,4,22,16,243,242,124,23.3,16.7,66,1014,5.7,350,0
1966,4,22,17,79,30,71,22.9,16.7,68,1014,4.7,350,0
1966,4,22,18,21,1,21,22.6,17.1,71,1015,3.6,340,0
1966,4,22,19,0,0,0,22.2,17.2,73,1016,2.6,340,0
1966,4,22,20,0,0,0,22,17.4,75,1016,2.9,330,0
1966,4,22,21,0,0,0,21.9,17.7,77,1016,3.3,330,0
1966,4,22,22,0,0,0,21.7,17.8,79,1016,3.6,320,0
1966,4,22,23,0,0,0,20.6,16.9,79,1016,3.3,300,0
1966,4,23,0,0,0,0,19.4,15.5,78,1016,2.9,290,0
1966,4,23,1,0,0,0,18.3,14.4,78,1016,2.6,270,0
1966,4,23,2,0,0,0,17.9,14,78,1016,2.8,260,0
1966,4,23,3,0,0,0,17.6,13.8,78,1015,2.9,260,0
1966,4,23,4,0,0,0,17.2,13.3,78,1015,3.1,250,0
1966,4,23,5,0,0,0,18.9,13.6,71,1015,2.6,260,0
1966,4,23,6,75,394,27,20.5,13.5,64,1016,2,270,0
1966,4,23,7,295,728,37,22.2,13.3,57,1016,1.5,280,0
1966,4,23,8,434,628,75,23.1,14.4,58,1016,2.7,320,0
1966,4,23,9,739,903,58,24.1,15.6,59,1016,4,350,0
1966,4,23,10,746,763,67,25,16.7,60,1016,5.2,30,0
1966,4,23,11,928,837,116,25.4,16.8,59,1016,6,30,0
1966,4,23,12,899,704,202,25.7,16.6,57,1015,6.9,30,0
1966,4,23,13,936,722,252,26.1,16.7,56,1015,7.7,30,0
1966,4,23,14,611,506,183,25.4,16.8,59,1015,7,30,0
1966,4,23,15,475,296,271,24.6,17.1,63,1015,6.4,30,0
1966,4,23,16,318,387,127,23.9,17.2,66,1015,5.7,30,0
1966,4,23,17,164,334,75,23.7,17.2,67,1015,5.5,30,0
1966,4,23,18,26,28,23,23.5,17.3,68,1016,5.4,40,0
1966,4,23,19,0,0,0,23.3,17.2,69,1016,5.2,40,0
1966,4,23,20,0,0,0,22.8,17.5,72,1016,3.5,20,0
1966,4,23,21,0,0,0,22.2,17.8,76,1016,1.7,0,0
1966,4,23,22,0,0,0,21.7,17.8,79,1017,0,0,0
1966,4,23,23,0,0,0,21.5,18.1,81,1016,0.9,320,0
1966,4,24,0,0,0,0,21.3,18.1,82,1016,1.7,300,0
1966,4,24,1,0,0,0,21.1,18.3,84,1016,2.6,280,0
1966,4,24,2,0,0,0,20.5,17.9,85,1016,2.8,280,0
1966,4,24,3,0,0,0,20,17.6,86,1016,2.9,270,0
1966,4,24,4,0,0,0,19.4,17.2,87,1016,3.1,270,0
1966,4,24,5,0,0,0,19.8,17.4,86,1016,3.4,270,0
1966,4,24,6,20,4,20,20.2,17.6,85,1017,3.8,260,0
1966,4,24,7,117,1,117,20.6,17.8,84,1017,4.1,260,0
1966,4,24,8,315,226,185,22.1,17.7,76,1017,4.8,300,0
1966,4,24,9,507,250,318,23.5,17.3,68,1017,5.5,340,0
1966,4,24,10,829,694,211,25,16.7,60,1017,6.2,20,0
1966,4,24,11,676,352,334,25,17,61,1016,6.2,20,0
1966,4,24,12,696,344,355,25,17.5,63,1016,6.2,20,0
1966,4,24,13,311,9,303,25,17.8,64,1016,6.2,20,0
1966,4,24,14,274,5,270,24.6,17.6,65,1015,5.5,10,0
1966,4,24,15,230,10,223,24.3,17.3,65,1015,4.8,350,0
1966,4,24,16,159,2,158,23.9,17.2,66,1015,4.1,340,0
1966,4,24,17,117,38,107,23.2,17.2,69,1016,4.3,340,0
1966,4,24,18,31,8,30,22.4,17.3,73,1016,4.4,340,0
1966,4,24,19,0,0,0,21.7,17.2,76,1017,4.6,340,0
1966,4,24,20,0,0,0,22.1,17.5,75,1017,4.4,340,0
1966,4,24,21,0,0,0,22.4,17.6,74,1018,4.3,330,0
1966,4,24,22,0,0,0,22.8,17.8,73,1018,4.1,330,0
1966,4,24,23,0,0,0,22.2,17.8,76,1017,3.6,310,0
1966,4,25,0,0,0,0,21.7,17.7,78,1017,3.1,280,0
1966,4,25,1,0,0,0,21.1,17.8,81,1016,2.6,260,0
1966,4,25,2,0,0,0,20.9,17.5,81,1016,2.8,260,0
1966,4,25,3,0,0,0,20.8,17.4,81,1016,2.9,270,0
1966,4,25,4,0,0,0,20.6,17.2,81,1016,3.1,270,0
1966,4,25,5,0,0,0,21.3,17.3,78,1016,2.9,300,0
1966,4,25,6,52,147,34,22.1,17.7,76,1017,2.8,340,0
1966,4,25,7,247,353,120,22.8,17.8,73,1017,2.6,10,0
1966,4,25,8,480,586,143,23.9,18.1,70,1017,4,20,0
1966,4,25,9,716,760,141,25,18.5,67,1017,5.3,40,0
1966,4,25,10,819,671,220,26.1,18.9,64,1017,6.7,50,0
1966,4,25,11,807,464,356,25.7,18.4,64,1017,6.4,40,0
1966,4,25,12,686,239,448,25.4,18.1,64,1016,6,40,0
1966,4,25,13,483,96,393,25,17.8,64,1016,5.7,30,0
1966,4,25,14,333,10,325,24.6,17.9,66,1016,6,20,0
1966,4,25,15,235,9,229,24.3,18.3,69,1015,6.4,0,0
1966,4,25,16,169,4,167,23.9,18.3,71,1015,6.7,350,0
1966,4,25,17,82,0,82,23.3,18.2,73,1016,6,350,0
1966,4,25,18,18,1,18,22.8,17.9,74,1016,5.3,350,0
1966,4,25,19,0,0,0,22.2,17.8,76,1017,4.6,350,0
1966,4,25,20,0,0,0,22,18,78,1017,4.8,340,0
1966,4,25,21,0,0,0,21.9,18.1,79,1018,5,340,0
1966,4,25,22,0,0,0,21.7,18.3,81,1018,5.2,330,0
1966,4,25,23,0,0,0,21.9,18.1,79,1018,4.5,340,0
1966,4,26,0,0,0,0,22,18,78,1017,3.8,350,0
1966,4,26,1,0,0,0,22.2,17.8,76,1017,3.1,360,0
1966,4,26,2,0,0,0,21.5,18.1,81,1016,2.9,320,0
1966,4,26,3,0,0,0,20.7,18.1,85,1016,2.8,290,0
1966,4,26,4,0,0,0,20,18.3,90,1016,2.6,250,0
1966,4,26,5,1,0,1,21.1,18.5,85,1016,1.7,280,0
1966,4,26,6,52,50,45,22.2,18.4,79,1017,0.9,300,0
1966,4,26,7,168,99,132,23.3,18.3,74,1017,0,0,0
1966,4,26,8,411,282,249,24.4,18.4,69,1017,1.9,350,0
1966,4,26,9,500,262,301,25.6,18.1,63,1016,3.8,20,0
1966,4,26,10,672,389,325,26.7,17.8,58,1016,5.7,40,0
1966,4,26,11,639,353,295,26.3,17.7,59,1016,5.9,40,0
1966,4,26,12,781,428,356,26,17.9,61,1015,6,40,0
1966,4,26,13,689,310,395,25.6,17.8,62,1015,6.2,40,0
1966,4,26,14,577,310,315,25.4,17.9,63,1015,6.2,40,0
1966,4,26,15,390,124,304,25.2,17.7,63,1015,6.2,50,0
1966,4,26,16,194,68,160,25,17.8,64,1015,6.2,50,0
1966,4,26,17,138,141,100,24.6,17.4,64,1015,5.9,50,0
1966,4,26,18,35,53,28,24.3,17.1,64,1016,5.5,40,0
1966,4,26,19,0,0,0,23.9,16.7,64,1016,5.2,40,0
1966,4,26,20,0,0,0,23.7,16.5,64,1016,4.8,40,0
1966,4,26,21,0,0,0,23.5,16.3,64,1017,4.5,40,0
1966,4,26,22,0,0,0,23.3,16.1,64,1017,4.1,40,0
1966,4,26,23,0,0,0,23.1,16.7,67,1016,4.1,40,0
1966,4,27,0,0,0,0,23,17.3,70,1016,4.1,30,0
1966,4,27,1,0,0,0,22.8,17.8,73,1015,4.1,30,0
1966,4,27,2,0,0,0,21.9,17.7,77,1015,3.9,350,0
1966,4,27,3,0,0,0,20.9,17.3,80,1015,3.8,300,0
1966,4,27,4,0,0,0,20,17.2,84,1015,3.6,260,0
1966,4,27,5,0,0,0,20.7,17.5,82,1015,3.4,270,0
1966,4,27,6,43,16,41,21.5,18.1,81,1016,3.3,270,0
1966,4,27,7,146,5,144,22.2,18.3,79,1016,3.1,280,0
1966,4,27,8,287,222,158,23.7,18.6,73,1016,4,310,0
1966,4,27,9,623,567,192,25.2,18.4,66,1016,4.8,330,0
1966,4,27,10,857,786,154,26.7,18.3,60,1016,5.7,0,0
1966,4,27,11,894,738,175,26.9,19,62,1015,6,10,0
1966,4,27,12,919,761,164,27,19.4,63,1015,6.4,10,0
1966,4,27,13,801,667,169,27.2,20,65,1014,6.7,20,0
1966,4,27,14,700,591,199,26.8,19.9,66,1014,6,10,0
1966,4,27,15,645,767,115,26.5,20.1,68,1014,5.3,10,0
1966,4,27,16,434,656,110,26.1,20,69,1014,4.6,0,0
1966,4,27,17,177,469,51,25.4,20,72,1014,3.1,340,0
1966,4,27,18,34,40,29,24.6,20.1,76,1015,1.5,310,0
1966,4,27,19,0,0,0,23.9,20,79,1015,0,0,0
1966,4,27,20,0,0,0,23.3,19.9,81,1016,0.7,270,0
1966,4,27,21,0,0,0,22.8,19.6,82,1016,1.4,240,0
1966,4,27,22,0,0,0,22.2,19.4,84,1016,2.1,220,0
1966,4,27,23,0,0,0,21.8,19,84,1016,2.6,220,0
1966,4,28,0,0,0,0,21.5,18.7,84,1015,3.1,220,0
1966,4,28,1,0,0,0,21.1,18.3,84,1015,3.6,220,0
1966,4,28,2,0,0,0,20.9,18.5,86,1015,2.9,210,0
1966,4,28,3,0,0,0,20.8,18.8,88,1015,2.2,210,0
1966,4,28,4,0,0,0,20.6,18.9,90,1015,1.5,200,0
1966,4,28,5,1,0,1,21.3,19.1,87,1016,1,190,0
1966,4,28,6,43,24,40,22.1,19.3,84,1016,0.5,170,0
1966,4,28,7,154,97,119,22.8,19.4,81,1017,0,0,0
1966,4,28,8,424,317,240,23.5,19.9,80,1017,1.4,150,0
1966,4,28,9,274,4,271,24.3,20.6,80,1017,2.7,130,0
1966,4,28,10,175,8,168,25,21.1,79,1017,4.1,120,0
1966,4,28,11,436,11,426,24.8,20.7,78,1016,3.6,140,0
1966,4,28,12,530,212,319,24.6,20.3,77,1016,3.1,160,0
1966,4,28,13,258,85,177,24.4,20,76,1015,2.6,180,0
1966,4,28,14,382,100,298,24.4,19.9,76,1015,2.8,200,0
1966,4,28,15,208,7,203,24.4,19.9,76,1015,2.9,210,0
1966,4,28,16,157,1,157,24.4,20,76,1015,3.1,230,0
1966,4,28,17,135,52,121,23.7,19.7,78,1016,3.1,220,0
1966,4,28,18,31,32,27,22.9,19.1,79,1016,3.1,220,0
1966,4,28,19,0,0,0,22.2,18.9,81,1017,3.1,210,0
1966,4,28,20,0,0,0,21.8,19,84,1017,3.6,220,0
1966,4,28,21,0,0,0,21.5,19.3,87,1018,4.1,230,0
1966,4,28,22,0,0,0,21.1,19.4,90,1018,4.6,240,0
1966,4,28,23,0,0,0,20.9,19.2,90,1017,3.9,250,0
1966,4,29,0,0,0,0,20.8,19.1,90,1017,3.3,250,0
1966,4,29,1,0,0,0,20.6,18.9,90,1016,2.6,260,0
1966,4,29,2,0,0,0,20.6,18.6,88,1016,2.6,250,0
1966,4,29,3,0,0,0,20.6,18.2,86,1015,2.6,230,0
1966,4,29,4,0,0,0,20.6,17.8,84,1015,2.6,220,0
1966,4,29,5,3,4,2,21.9,18.3,80,1016,2.4,270,0
1966,4,29,6,61,165,38,23.1,18.4,75,1017,2.3,310,0
1966,4,29,7,252,482,75,24.4,18.9,71,1017,2.1,0,0
1966,4,29,8,492,625,128,25.3,18.8,67,1017,2.9,0,0
1966,4,29,9,666,603,206,26.3,19,64,1017,3.8,10,0
1966,4,29,10,835,740,172,27.2,18.9,60,1017,4.6,10,0
1966,4,29,11,782,611,185,27,18.6,60,1017,5.1,30,0
1966,4,29,12,816,581,239,26.9,18.5,60,1016,5.7,60,0
1966,4,29,13,887,668,251,26.7,18.3,60,1016,6.2,80,0
1966,4,29,14,702,576,214,26.5,18.4,61,1016,5.3,90,0
1966,4,29,15,493,431,194,26.3,18.7,63,1016,4.5,100,0
1966,4,29,16,458,671,125,26.1,18.9,64,1016,3.6,110,0
1966,4,29,17,186,440,67,25,19.2,70,1016,3.3,150,0
1966,4,29,18,39,106,26,23.9,19.2,75,1017,2.9,190,0
1966,4,29,19,0,0,0,22.8,19.4,81,1018,2.6,230,0
1966,4,29,20,0,0,0,22.2,18.6,80,1018,2.8,230,0
1966,4,29,21,0,0,0,21.7,17.9,79,1018,2.9,220,0
1966,4,29,22,0,0,0,21.1,17.2,78,1019,3.1,220,0
1966,4,29,23,0,0,0,20.4,16.5,78,1018,2.9,220,0
1966,4,30,0,0,0,0,19.6,15.7,78,1017,2.8,210,0
1966,4,30,1,0,0,0,18.9,15,78,1017,2.6,210,0
1966,4,30,2,0,0,0,19.1,15.2,78,1017,2.6,200,0
1966,4,30,3,0,0,0,19.2,15.3,78,1017,2.6,200,0
1966,4,30,4,0,0,0,19.4,15.6,78,1017,2.6,190,0
1966,4,30,5,0,0,0,20.5,16.6,78,1017,2.8,210,0
1966,4,30,6,26,0,26,21.7,17.9,79,1017,2.9,240,0
1966,4,30,7,158,17,151,22.8,18.9,79,1018,3.1,260,0
1966,4,30,8,179,2,177,24.1,18.5,71,1018,3.4,210,0
1966,4,30,9,327,107,245,25.4,17.6,62,1018,3.8,150,0
1966,4,30,10,494,98,406,26.7,16.7,54,1018,4.1,100,0
1966,4,30,11,487,97,393,26.5,16.8,55,1017,4.1,100,0
1966,4,30,12,582,162,421,26.3,16.6,55,1017,4.1,100,0
1966,4,30,13,425,131,301,26.1,16.7,56,1017,4.1,100,0
1966,4,30,14,687,327,410,25.7,17.9,62,1017,4.5,90,0
1966,4,30,15,385,102,314,25.4,19.1,68,1016,4.8,90,0
1966,4,30,16,153,6,150,25,20,74,1016,5.2,80,0
1966,4,30,17,119,29,111,24.3,19.8,76,1017,4.2,20,0
1966,4,30,18,20,1,20,23,19.2,79,1017,3.2,318,0
1966,4,30,19,0,0,0,22.1,18.9,82,1018,2.5,263,0
1966,4,30,20,0,0,0,21.4,18.9,85,1018,3,254,0
1966,4,30,21,0,0,0,20.9,18.8,88,1017,3.4,243,0
1966,4,30,22,0,0,0,20.5,18.8,89,1017,3.6,241,0
1966,4,30,23,0,0,0,20.3,18.8,90,1017,3.6,244,0
1970,5,1,0,0,0,0,20.2,18.7,91,1017,3.6,246,0
1970,5,1,1,0,0,0,20,18.6,91,1017,3.6,249,0
1970,5,1,2,0,0,0,19.9,18.5,91,1017,3.7,247,0
1970,5,1,3,0,0,0,19.8,18.3,91,1016,3.8,242,0
1970,5,1,4,0,0,0,19.6,18.1,90,1016,4,234,0
1970,5,1,5,3,0,3,19.7,18.2,91,1016,4.4,232,0
1970,5,1,6,57,1,56,19.8,18.5,92,1017,4.8,230,0
1970,5,1,7,98,0,98,20,18.9,93,1017,5.2,230,0
1970,5,1,8,273,1,273,21.3,19.4,89,1017,4.3,230,0
1970,5,1,9,357,1,357,22.6,20.2,86,1016,3.5,220,0
1970,5,1,10,261,0,261,23.9,20.6,82,1016,2.6,220,0
1970,5,1,11,499,1,499,23.7,20.5,82,1016,1.7,220,0
1970,5,1,12,464,1,462,23.5,20.3,82,1015,0.9,220,0
1970,5,1,13,465,1,463,23.3,20,82,1014,0,0,0
1970,5,1,14,428,1,427,22.9,20.3,85,1014,0,0,0
1970,5,1,15,317,1,316,22.6,20.3,87,1014,0,0,0
1970,5,1,16,141,0,141,22.2,20.6,90,1014,0,0,0
1970,5,1,17,133,0,133,21.7,20.2,91,1015,0.9,230,0
1970,5,1,18,32,0,32,21.1,19.8,92,1015,1.7,230,0
1970,5,1,19,0,0,0,20.6,19.4,93,1016,2.6,230,0
1970,5,1,20,0,0,0,20.6,19.4,93,1016,3.8,230,0
1970,5,1,21,0,0,0,20.6,19.4,93,1016,5,240,0
1970,5,1,22,0,0,0,20.6,19.4,93,1016,6.2,240,0
1970,5,1,23,0,0,0,20.8,19.6,93,1016,5.9,230,0
1970,5,2,0,0,0,0,20.9,19.7,93,1015,5.5,210,0
1970,5,2,1,0,0,0,21.1,20,93,1015,5.2,200,0
1970,5,2,2,0,0,0,21.1,19.9,93,1015,3.5,210,0
1970,5,2,3,0,0,0,21.1,19.9,93,1014,1.7,220,0
1970,5,2,4,0,0,0,21.1,20,93,1014,0,0,0
1970,5,2,5,2,0,2,20.9,19.7,93,1015,0.9,250,0
1970,5,2,6,50,1,50,20.8,19.6,93,1015,1.7,260,0
1970,5,2,7,104,1,104,20.6,19.4,93,1016,2.6,270,0
1970,5,2,8,275,0,275,21.9,20,89,1016,3.6,220,0
1970,5,2,9,384,0,383,23.1,20.6,86,1016,4.7,170,0
1970,5,2,10,468,1,467,24.4,21.1,82,1017,5.7,120,0
1970,5,2,11,484,0,484,25.2,21.3,79,1016,5.5,120,0
1970,5,2,12,382,104,278,25.9,21.1,75,1015,5.4,130,0
1970,5,2,13,547,71,480,26.7,21.1,72,1015,5.2,130,0
1970,5,2,14,699,425,339,26.1,20.9,73,1015,5.9,120,0
1970,5,2,15,317,155,210,25.6,20.9,75,1014,6.5,120,0
1970,5,2,16,357,345,186,25,20.6,76,1014,7.2,110,0
1970,5,2,17,152,170,106,24.3,19.8,76,1015,5.5,140,0
1970,5,2,18,24,20,21,23.5,19,76,1016,3.8,170,0
1970,5,2,19,0,0,0,22.8,18.3,76,1017,2.1,200,0
1970,5,2,20,0,0,0,22.1,18.7,81,1017,2.3,200,0
1970,5,2,21,0,0,0,21.3,18.7,85,1017,2.4,190,0
1970,5,2,22,0,0,0,20.6,18.9,90,1018,2.6,190,0
1970,5,2,23,0,0,0,20,18.2,89,1017,2.6,200,0
1970,5,3,0,0,0,0,19.5,17.5,88,1017,2.6,220,0
1970,5,3,1,0,0,0,18.9,16.7,87,1016,2.6,230,0
1970,5,3,2,0,0,0,19.1,16.9,87,1016,2.6,230,0
1970,5,3,3,0,0,0,19.2,17,87,1016,2.6,220,0
1970,5,3,4,0,0,0,19.4,17.2,87,1016,2.6,220,0
1970,5,3,5,4,6,2,21.5,18.3,82,1016,2.6,200,0
1970,5,3,6,72,194,44,23.5,19,76,1016,2.6,180,0
1970,5,3,7,285,522,90,25.6,20,71,1017,2.6,160,0
1970,5,3,8,497,592,149,26.3,20.2,69,1017,4.1,150,0
1970,5,3,9,572,531,165,27.1,20.5,67,1017,5.7,130,0
1970,5,3,10,912,818,176,27.8,20.6,65,1017,7.2,120,0
1970,5,3,11,859,611,261,27.8,20.4,64,1016,6.9,110,0
1970,5,3,12,842,611,233,27.8,19.9,62,1016,6.5,100,0
1970,5,3,13,909,762,184,27.8,19.4,61,1015,6.2,90,0
1970,5,3,14,629,466,233,26.9,19.5,64,1015,5.7,90,0
1970,5,3,15,441,347,200,25.9,19.6,68,1015,5.1,80,0
1970,5,3,16,296,108,242,25,19.4,71,1015,4.6,80,0
1970,5,3,17,86,1,86,24.4,19.3,73,1016,3.9,110,0
1970,5,3,18,26,14,24,23.9,19,74,1017,3.3,150,0
1970,5,3,19,0,0,0,23.3,18.9,76,1017,2.6,180,0
1970,5,3,20,0,0,0,22.8,19.2,80,1018,2.8,170,0
1970,5,3,21,0,0,0,22.2,19.2,83,1018,2.9,170,0
1970,5,3,22,0,0,0,21.7,19.4,87,1018,3.1,160,0
1970,5,3,23,0,0,0,21.3,18.9,86,1017,3.3,170,0
1970,5,4,0,0,0,0,21,18.4,85,1017,3.4,170,0
1970,5,4,1,0,0,0,20.6,17.8,84,1016,3.6,180,0
1970,5,4,2,0,0,0,20,17.6,86,1016,3.6,200,0
1970,5,4,3,0,0,0,19.5,17.5,88,1016,3.6,210,0
1970,5,4,4,0,0,0,18.9,17.2,90,1016,3.6,230,0
1970,5,4,5,5,1,5,20.6,18,85,1016,3.1,230,0
1970,5,4,6,64,32,59,22.2,18.4,79,1017,2.6,220,0
1970,5,4,7,171,56,150,23.9,18.9,74,1017,2.1,220,0
1970,5,4,8,336,137,255,24.5,19.1,72,1017,2.9,180,0
1970,5,4,9,263,70,209,25,18.9,69,1017,3.8,130,0
1970,5,4,10,301,11,291,25.6,18.9,67,1017,4.6,90,0
1970,5,4,11,387,12,375,25.4,18.8,67,1017,4.8,100,0
1970,5,4,12,483,154,329,25.2,18.7,67,1016,5,100,0
1970,5,4,13,424,102,326,25,18.3,67,1016,5.2,110,0
1970,5,4,14,518,123,414,24.8,18.5,68,1016,4.7,90,0
1970,5,4,15,409,247,237,24.6,18.3,68,1016,4.1,80,0
1970,5,4,16,261,108,207,24.4,18.3,69,1016,3.6,60,0
1970,5,4,17,136,141,97,23.9,18.3,71,1016,2.9,120,0
1970,5,4,18,37,31,34,23.3,18,72,1017,2.2,180,0
1970,5,4,19,0,0,0,22.8,17.8,74,1017,1.5,240,0
1970,5,4,20,0,0,0,22.4,18,76,1018,1.7,230,0
1970,5,4,21,0,0,0,22.1,18.3,79,1018,1.9,220,0
1970,5,4,22,0,0,0,21.7,18.3,81,1018,2.1,210,0
1970,5,4,23,0,0,0,20.8,17.8,83,1018,2.3,210,0
1970,5,5,0,0,0,0,19.8,17.2,85,1017,2.4,220,0
1970,5,5,1,0,0,0,18.9,16.7,87,1016,2.6,220,0
1970,5,5,2,0,0,0,18.7,16.2,85,1016,2.9,220,0
1970,5,5,3,0,0,0,18.5,15.6,83,1016,3.3,220,0
1970,5,5,4,0,0,0,18.3,15,81,1016,3.6,220,0
1970,5,5,5,2,1,2,20.5,15.9,75,1017,3.4,230,0
1970,5,5,6,66,101,51,22.8,17.1,70,1017,3.3,230,0
1970,5,5,7,239,390,92,25,17.8,64,1018,3.1,240,0
1970,5,5,8,468,511,167,25.9,17.8,61,1018,3.4,200,0
1970,5,5,9,563,374,276,26.9,18.2,59,1018,3.8,160,0
1970,5,5,10,727,493,283,27.8,18.3,56,1018,4.1,120,0
1970,5,5,11,827,551,287,27.4,18.4,58,1018,4.1,90,0
1970,5,5,12,871,582,292,27.1,18.7,60,1017,4.1,70,0
1970,5,5,13,750,444,327,26.7,18.9,62,1017,4.1,40,0
1970,5,5,14,653,488,239,25.9,19.1,66,1017,4.1,70,0
1970,5,5,15,385,79,330,25.2,19.4,70,1017,4.1,90,0
1970,5,5,16,213,5,210,24.4,19.4,74,1017,4.1,120,0
1970,5,5,17,93,35,83,23.7,19.4,77,1017,3.6,160,0
1970,5,5,18,19,0,19,22.9,19.5,81,1018,3.1,200,0
1970,5,5,19,0,0,0,22.2,19.4,84,1018,2.6,240,0
1970,5,5,20,0,0,0,22,19.4,85,1018,2.8,230,0
1970,5,5,21,0,0,0,21.9,19.5,86,1018,2.9,230,0
1970,5,5,22,0,0,0,21.7,19.4,87,1019,3.1,220,0
1970,5,5,23,0,0,0,21.1,19.2,89,1018,2.9,200,0
1970,5,6,0,0,0,0,20.6,19.1,91,1018,2.8,190,0
1970,5,6,1,0,0,0,20,18.9,93,1017,2.6,170,0
1970,5,6,2,0,0,0,20,18.7,92,1017,2.6,170,0
1970,5,6,3,0,0,0,20,18.5,91,1016,2.6,180,0
1970,5,6,4,0,0,0,20,18.3,90,1016,2.6,180,0
1970,5,6,5,7,8,5,21.9,18.9,83,1016,2.6,160,0
1970,5,6,6,87,344,36,23.7,19.2,76,1017,2.6,150,0
1970,5,6,7,312,669,58,25.6,19.4,69,1017,2.6,130,0
1970,5,6,8,459,521,151,26.1,19.7,68,1017,3.8,120,0
1970,5,6,9,682,628,198,26.7,20.3,68,1017,5,110,0
1970,5,6,10,618,462,200,27.2,20.6,67,1017,6.2,100,0
1970,5,6,11,866,721,159,27.2,20.6,67,1017,6.2,100,0
1970,5,6,12,782,517,266,27.2,20.6,67,1017,6.2,110,0
1970,5,6,13,590,364,243,27.2,20.6,67,1017,6.2,110,0
1970,5,6,14,608,502,181,26.8,20.6,69,1017,5.2,120,0
1970,5,6,15,427,234,264,26.5,20.6,70,1017,4.1,120,0
1970,5,6,16,331,397,132,26.1,20.6,72,1017,3.1,130,0
1970,5,6,17,130,115,98,25.2,20.3,74,1017,2.6,140,0
1970,5,6,18,37,18,35,24.2,19.9,77,1018,2,150,0
1970,5,6,19,0,0,0,23.3,19.4,79,1018,1.5,160,0
1970,5,6,20,0,0,0,22.8,19.6,82,1018,1.9,190,0
1970,5,6,21,0,0,0,22.2,19.4,84,1019,2.2,220,0
1970,5,6,22,0,0,0,21.7,19.4,87,1019,2.6,250,0
1970,5,6,23,0,0,0,21.3,19.2,88,1018,2.6,240,0
1970,5,7,0,0,0,0,21,19.1,89,1018,2.6,220,0
1970,5,7,1,0,0,0,20.6,18.9,90,1017,2.6,210,0
1970,5,7,2,0,0,0,20.4,18.7,90,1017,2.4,220,0
1970,5,7,3,0,0,0,20.2,18.5,90,1017,2.3,230,0
1970,5,7,4,0,0,0,20,18.3,90,1017,2.1,240,0
1970,5,7,5,3,3,3,20.9,19,89,1018,2.6,240,0
1970,5,7,6,73,206,42,21.9,19.8,88,1018,3.1,250,0
1970,5,7,7,240,217,157,22.8,20.6,87,1019,3.6,250,0
1970,5,7,8,428,442,166,22.8,20.7,88,1019,3.6,200,0
1970,5,7,9,537,346,271,22.8,20.9,89,1019,3.6,160,0
1970,5,7,10,180,26,156,22.8,21.1,90,1019,3.6,110,0
1970,5,7,11,428,11,417,22.8,21.1,90,1018,3.9,100,0
1970,5,7,12,465,9,455,22.8,21.1,90,1018,4.3,90,0
1970,5,7,13,238,13,226,22.8,21.1,90,1017,4.6,80,0
1970,5,7,14,503,157,369,23.2,21.1,88,1017,3.9,30,0
1970,5,7,15,297,99,228,23.5,21.2,87,1016,3.3,330,0
1970,5,7,16,305,282,163,23.9,21.1,85,1016,2.6,280,0
1970,5,7,17,125,72,105,23.2,20.9,87,1016,2.4,270,0
1970,5,7,18,41,62,33,22.4,20.3,88,1017,2.3,260,0
1970,5,7,19,0,0,0,21.7,20,90,1017,2.1,250,0
1970,5,7,20,0,0,0,21.5,20.2,92,1018,2.3,250,0
1970,5,7,21,0,0,0,21.3,20.5,95,1018,2.4,240,0
1970,5,7,22,0,0,0,21.1,20.6,97,1018,2.6,240,0
1970,5,7,23,0,0,0,21.1,20.4,96,1018,2.2,240,0
1970,5,8,0,0,0,0,21.1,20.1,94,1017,1.9,240,0
1970,5,8,1,0,0,0,21.1,20,93,1017,1.5,240,0
1970,5,8,2,0,0,0,20.9,19.7,93,1017,1.7,240,0
1970,5,8,3,0,0,0,20.8,19.6,93,1017,1.9,240,0
1970,5,8,4,0,0,0,20.6,19.4,93,1017,2.1,240,0
1970,5,8,5,0,0,0,21.1,19.8,92,1017,1.9,240,0
1970,5,8,6,70,38,64,21.7,20.2,91,1018,1.7,240,0
1970,5,8,7,156,17,150,22.2,20.6,90,1018,1.5,240,0
1970,5,8,8,288,6,284,23.7,21.2,86,1018,2.7,190,0
1970,5,8,9,269,16,256,25.2,21.7,81,1018,4,140,0
1970,5,8,10,442,33,412,26.7,22.2,77,1018,5.2,90,0
1970,5,8,11,336,0,336,26.1,21.8,77,1018,4.8,90,0
1970,5,8,12,474,9,465,25.6,21.1,76,1017,4.5,90,0
1970,5,8,13,450,3,447,25,20.6,76,1017,4.1,90,0
1970,5,8,14,333,7,327,24.6,20.7,79,1016,4.5,90,0
1970,5,8,15,309,0,309,24.3,21,82,1016,4.8,90,0
1970,5,8,16,201,3,199,23.9,21.1,85,1016,5.2,90,0
1970,5,8,17,102,2,102,23.2,20.9,87,1016,4.2,50,0
1970,5,8,18,27,0,27,22.4,20.3,88,1017,3.1,20,0
1970,5,8,19,0,0,0,21.7,20,90,1017,2.1,340,0
1970,5,8,20,0,0,0,21.5,20,91,1018,2.8,300,0
1970,5,8,21,0,0,0,21.3,20,92,1018,3.4,260,0
1970,5,8,22,0,0,0,21.1,20,93,1019,4.1,220,0
1970,5,8,23,0,0,0,20.9,19.7,93,1018,3.4,220,0
1970,5,9,0,0,0,0,20.8,19.6,93,1018,2.8,230,0
1970,5,9,1,0,0,0,20.6,19.4,93,1017,2.1,230,0
1970,5,9,2,0,0,0,20.6,19.4,93,1018,1.4,210,0
1970,5,9,3,0,0,0,20.6,19.4,93,1018,0.7,200,0
1970,5,9,4,0,0,0,20.6,19.4,93,1018,0,0,0
1970,5,9,5,3,5,3,22.3,19.9,86,1018,0.7,160,0
1970,5,9,6,90,251,51,23.9,19.8,78,1018,1.4,150,0
1970,5,9,7,262,457,87,25.6,20,71,1018,2.1,130,0
1970,5,9,8,553,785,86,26.3,20.4,70,1018,3.5,110,0
1970,5,9,9,675,723,117,27.1,20.7,68,1018,4.8,100,0
1970,5,9,10,836,747,161,27.8,21.1,67,1018,6.2,80,0
1970,5,9,11,768,502,276,27.4,21.2,69,1018,6,70,0
1970,5,9,12,851,585,268,27.1,21.6,72,1017,5.9,70,0
1970,5,9,13,505,202,312,26.7,21.7,74,1017,5.7,60,0
1970,5,9,14,673,489,258,26.5,21.1,72,1017,4.8,60,0
1970,5,9,15,506,355,258,26.3,20.6,71,1016,4,70,0
1970,5,9,16,321,268,186,26.1,20,69,1016,3.1,70,0
1970,5,9,17,142,93,115,25.4,19.8,71,1016,2.9,80,0
1970,5,9,18,35,21,33,24.6,19.7,74,1017,2.8,80,0
1970,5,9,19,0,0,0,23.9,19.4,76,1017,2.6,90,0
1970,5,9,20,0,0,0,23.7,19.7,78,1018,2.8,80,0
1970,5,9,21,0,0,0,23.5,19.9,80,1018,2.9,70,0
1970,5,9,22,0,0,0,23.3,20,82,1018,3.1,60,0
1970,5,9,23,0,0,0,23.3,20.1,82,1018,2.6,60,0
1970,5,10,0,0,0,0,23.3,20.1,82,1017,2,70,0
1970,5,10,1,0,0,0,23.3,20,82,1017,1.5,70,0
1970,5,10,2,0,0,0,22.4,20,86,1017,2.2,20,0
1970,5,10,3,0,0,0,21.5,19.6,89,1016,2.9,320,0
1970,5,10,4,0,0,0,20.6,19.4,93,1016,3.6,270,0
1970,5,10,5,0,0,0,21,19.8,93,1017,2.9,260,0
1970,5,10,6,29,11,28,21.3,20.1,93,1017,2.2,240,0
1970,5,10,7,81,7,78,21.7,20.6,93,1018,1.5,230,0
1970,5,10,8,212,7,208,22.1,20.8,92,1018,2.7,190,0
1970,5,10,9,340,1,339,22.4,20.9,91,1018,4,140,0
1970,5,10,10,218,1,217,22.8,21.1,90,1017,5.2,100,0
1970,5,10,11,409,5,404,22.6,20.7,89,1017,5.7,100,0
1970,5,10,12,447,3,444,22.4,20.3,88,1017,6.2,110,0
1970,5,10,13,246,1,245,22.2,20,87,1017,6.7,110,0
1970,5,10,14,386,1,385,22.2,19.8,86,1016,5.5,140,0
1970,5,10,15,319,1,318,22.2,19.6,85,1016,4.3,160,0
1970,5,10,16,130,1,129,22.2,19.4,84,1016,3.1,190,0
1970,5,10,17,113,0,113,21.7,19.1,85,1016,2.9,210,0
1970,5,10,18,29,0,29,21.1,18.7,86,1017,2.8,220,0
1970,5,10,19,0,0,0,20.6,18.3,87,1017,2.6,240,0
1970,5,10,20,0,0,0,20.6,18.7,89,1017,1.7,240,0
1970,5,10,21,0,0,0,20.6,19.1,91,1018,0.9,240,0
1970,5,10,22,0,0,0,20.6,19.4,93,1018,0,0,0
1970,5,10,23,0,0,0,20.6,19.4,93,1017,0.7,240,0
1970,5,11,0,0,0,0,20.6,19.4,93,1017,1.4,240,0
1970,5,11,1,0,0,0,20.6,19.4,93,1016,2.1,240,0
1970,5,11,2,0,0,0,20.4,19.1,92,1016,2.1,230,0
1970,5,11,3,0,0,0,20.2,18.7,91,1016,2.1,230,0
1970,5,11,4,0,0,0,20,18.3,90,1016,2.1,220,0
1970,5,11,5,3,3,3,20.6,18.7,89,1016,2.1,220,0
1970,5,11,6,55,59,46,21.1,19.1,88,1017,2.1,210,0
1970,5,11,7,201,171,135,21.7,19.4,87,1017,2.1,210,0
1970,5,11,8,367,170,266,23.2,20,82,1017,2.6,160,0
1970,5,11,9,525,283,306,24.6,20.3,77,1017,3.1,110,0
1970,5,11,10,461,164,313,26.1,20.6,72,1016,3.6,60,0
1970,5,11,11,490,196,297,26.3,20.6,71,1016,3.8,50,0
1970,5,11,12,639,278,362,26.5,20.6,70,1015,3.9,30,0
1970,5,11,13,750,570,207,26.7,20.6,69,1015,4.1,20,0
1970,5,11,14,626,468,227,26.3,20.2,69,1014,3.9,40,0
1970,5,11,15,651,733,139,26,19.9,69,1014,3.8,50,0
1970,5,11,16,425,590,127,25.6,19.4,69,1014,3.6,70,0
1970,5,11,17,191,393,80,24.5,19.4,73,1014,3.3,80,0
1970,5,11,18,38,47,32,23.3,19.3,78,1015,2.9,80,0
1970,5,11,19,0,0,0,22.2,18.9,82,1016,2.6,90,0
1970,5,11,20,0,0,0,21.7,19.3,86,1016,1.7,120,0
1970,5,11,21,0,0,0,21.1,19.2,89,1017,0.9,150,0
1970,5,11,22,0,0,0,20.6,19.4,93,1017,0,0,0
1970,5,11,23,0,0,0,20.6,19.4,93,1016,0.7,200,0
1970,5,12,0,0,0,0,20.6,19.4,93,1015,1.4,230,0
1970,5,12,1,0,0,0,20.6,19.4,93,1015,2.1,260,0
1970,5,12,2,0,0,0,20,18.7,92,1014,2.3,240,0
1970,5,12,3,0,0,0,19.5,18,91,1014,2.4,220,0
1970,5,12,4,0,0,0,18.9,17.2,90,1014,2.6,200,0
1970,5,12,5,10,19,7,20,18.2,89,1015,1.7,190,0
1970,5,12,6,91,168,65,21.1,19.1,88,1015,0.9,170,0
1970,5,12,7,210,222,124,22.2,20,87,1016,0,0,0
1970,5,12,8,553,664,156,23.5,20.3,82,1016,1.4,150,0
1970,5,12,9,584,460,229,24.8,20.5,77,1016,2.7,130,0
1970,5,12,10,809,669,203,26.1,20.6,72,1016,4.1,120,0
1970,5,12,11,727,464,271,25.2,20.7,76,1015,3.4,120,0
1970,5,12,12,621,258,363,24.2,20.5,80,1015,2.8,120,0
1970,5,12,13,371,132,245,23.3,20.6,84,1015,2.1,120,0
1970,5,12,14,344,46,305,23.9,20.5,81,1015,2.9,110,0
1970,5,12,15,340,88,278,24.4,20.5,79,1015,3.8,100,0
1970,5,12,16,278,123,216,25,20.6,76,1015,4.6,90,0
1970,5,12,17,109,45,96,24.3,20.2,78,1015,3.6,120,0
1970,5,12,18,30,45,24,23.5,19.9,80,1016,2.5,160,0
1970,5,12,19,0,0,0,22.8,19.4,82,1017,1.5,190,0
1970,5,12,20,0,0,0,22.4,19.4,83,1017,1.5,190,0
1970,5,12,21,0,0,0,22.1,19.1,83,1017,1.5,190,0
1970,5,12,22,0,0,0,21.7,18.9,84,1018,1.5,190,0
1970,5,12,23,0,0,0,20.8,18.2,85,1017,1,200,0
1970,5,13,0,0,0,0,19.8,17.4,86,1017,0.5,200,0
1970,5,13,1,0,0,0,18.9,16.7,87,1017,0,0,0
1970,5,13,2,0,0,0,19.3,17.3,88,1017,1.2,220,0
1970,5,13,3,0,0,0,19.6,17.8,89,1017,2.4,220,0
1970,5,13,4,0,0,0,20,18.3,90,1017,3.6,230,0
1970,5,13,5,4,3,4,21.9,18.9,83,1017,3.8,210,0
1970,5,13,6,77,170,50,23.7,19.2,76,1017,3.9,180,0
1970,5,13,7,266,444,93,25.6,19.4,69,1017,4.1,160,0
1970,5,13,8,406,406,163,26.3,19.9,68,1017,4.8,140,0
1970,5,13,9,632,525,226,27.1,20.2,66,1017,5.5,130,0
1970,5,13,10,706,418,327,27.8,20.6,65,1017,6.2,110,0
1970,5,13,11,786,461,334,27.4,20.5,66,1017,6.5,110,0
1970,5,13,12,715,411,304,27.1,20.7,68,1016,6.9,120,0
1970,5,13,13,557,139,425,26.7,20.6,69,1016,7.2,120,0
1970,5,13,14,383,102,296,26.3,20.2,69,1016,6.2,110,0
1970,5,13,15,259,32,237,26,19.9,69,1016,5.1,110,0
1970,5,13,16,263,88,219,25.6,19.4,69,1016,4.1,100,0
1970,5,13,17,109,79,86,24.8,19.4,72,1017,3.4,140,0
1970,5,13,18,24,2,24,24.1,19.6,76,1017,2.8,170,0
1970,5,13,19,0,0,0,23.3,19.4,79,1018,2.1,210,0
1970,5,13,20,0,0,0,22.8,19.6,82,1018,2.1,220,0
1970,5,13,21,0,0,0,22.2,19.4,84,1019,2.1,220,0
1970,5,13,22,0,0,0,21.7,19.4,87,1019,2.1,230,0
1970,5,13,23,0,0,0,21.1,18.9,87,1019,2.3,220,0
1970,5,14,0,0,0,0,20.6,18.4,87,1018,2.4,220,0
1970,5,14,1,0,0,0,20,17.8,87,1018,2.6,210,0
1970,5,14,2,0,0,0,19.4,17,86,1018,2.9,210,0
1970,5,14,3,0,0,0,18.9,16.3,85,1018,3.3,220,0
1970,5,14,4,0,0,0,18.3,15.6,84,1018,3.6,220,0
1970,5,14,5,11,29,7,20.7,16.5,77,1018,3.1,200,0
1970,5,14,6,91,161,65,23.2,17.2,69,1019,2.6,180,0
1970,5,14,7,307,612,69,25.6,17.8,62,1019,2.1,160,0
1970,5,14,8,522,723,89,26.9,18.2,59,1019,3.1,150,0
1970,5,14,9,697,725,135,28.1,18.5,56,1019,4.2,130,0
1970,5,14,10,847,777,143,29.4,18.9,53,1018,5.2,120,0
1970,5,14,11,920,803,131,29,19.4,56,1018,5.4,110,0
1970,5,14,12,958,826,133,28.7,19.6,58,1017,5.5,100,0
1970,5,14,13,804,671,164,28.3,20,61,1017,5.7,90,0
1970,5,14,14,704,574,214,27.6,20.2,64,1017,5.2,100,0
1970,5,14,15,536,477,202,26.8,19.9,66,1017,4.6,100,0
1970,5,14,16,280,150,204,26.1,20,69,1017,4.1,110,0
1970,5,14,17,141,93,114,25,20.1,74,1017,3.6,100,0
1970,5,14,18,33,7,32,23.9,20.1,79,1018,3.1,90,0
1970,5,14,19,0,0,0,22.8,20,84,1019,2.6,80,0
1970,5,14,20,0,0,0,22.4,20.1,87,1019,2.6,30,0
1970,5,14,21,0,0,0,22.1,20.4,90,1019,2.6,350,0
1970,5,14,22,0,0,0,21.7,20.6,93,1019,2.6,300,0
1970,5,14,23,0,0,0,21.9,20.6,92,1019,1.7,290,0
1970,5,15,0,0,0,0,22,20.5,91,1018,0.9,270,0
1970,5,15,1,0,0,0,22.2,20.6,90,1018,0,0,0
1970,5,15,2,0,0,0,21.8,20.1,90,1018,1,250,0
1970,5,15,3,0,0,0,21.5,19.8,90,1017,2.1,230,0
1970,5,15,4,0,0,0,21.1,19.4,90,1017,3.1,220,0
1970,5,15,5,7,6,7,21.8,19.6,87,1018,2.1,200,0
1970,5,15,6,72,51,64,22.6,20,85,1018,1,170,0
1970,5,15,7,242,256,143,23.3,20,82,1018,0,0,0
1970,5,15,8,493,511,187,24.4,20.3,78,1018,1.5,120,0
1970,5,15,9,427,218,259,25.6,20.4,73,1018,3.1,100,0
1970,5,15,10,750,532,268,26.7,20.6,69,1018,4.6,70,0
1970,5,15,11,767,470,306,26.3,20.6,71,1018,5.1,80,0
1970,5,15,12,877,651,227,26,20.6,72,1017,5.7,100,0
1970,5,15,13,680,355,341,25.6,20.6,74,1017,6.2,110,0
1970,5,15,14,595,286,351,25.4,20.4,74,1016,5.2,170,0
1970,5,15,15,482,312,264,25.2,20.3,74,1016,4.1,220,0
1970,5,15,16,199,63,167,25,20,74,1016,3.1,280,0
1970,5,15,17,156,163,109,23.9,19.8,78,1017,2.9,260,0
1970,5,15,18,29,21,27,22.8,19.8,83,1017,2.8,240,0
1970,5,15,19,0,0,0,21.7,19.4,87,1018,2.6,220,0
1970,5,15,20,0,0,0,21.3,19.4,89,1018,2.4,210,0
1970,5,15,21,0,0,0,21,19.5,91,1019,2.3,200,0
1970,5,15,22,0,0,0,20.6,19.4,93,1019,2.1,190,0
1970,5,15,23,0,0,0,20.6,19.3,92,1019,2.6,210,0
1970,5,16,0,0,0,0,20.6,19.1,91,1018,3.1,220,0
1970,5,16,1,0,0,0,20.6,18.9,90,1018,3.6,240,0
1970,5,16,2,0,0,0,20.2,18.7,91,1018,3.4,230,0
1970,5,16,3,0,0,0,19.8,18.5,92,1018,3.3,220,0
1970,5,16,4,0,0,0,19.4,18.3,93,1018,3.1,210,0
1970,5,16,5,9,11,7,20.9,18.7,87,1018,3.4,220,0
1970,5,16,6,86,125,66,22.4,19.2,82,1018,3.8,220,0
1970,5,16,7,249,413,87,23.9,19.4,76,1018,4.1,230,0
1970,5,16,8,477,564,139,25.2,19.8,72,1018,4.5,190,0
1970,5,16,9,754,789,143,26.5,19.9,67,1018,4.8,140,0
1970,5,16,10,775,713,129,27.8,20,63,1018,5.2,100,0
1970,5,16,11,970,791,194,27.4,20,64,1018,5.7,90,0
1970,5,16,12,551,181,371,27.1,19.7,64,1017,6.2,80,0
1970,5,16,13,287,22,265,26.7,19.4,65,1017,6.7,70,0
1970,5,16,14,346,6,341,25.8,19.7,69,1017,5.5,130,0
1970,5,16,15,283,96,216,24.8,19.4,72,1017,4.3,180,0
1970,5,16,16,249,78,209,23.9,19.4,76,1017,3.1,240,0
1970,5,16,17,106,55,91,23.3,19.7,80,1018,2.6,230,0
1970,5,16,18,39,27,36,22.8,19.8,83,1018,2,230,0
1970,5,16,19,0,0,0,22.2,20,87,1019,1.5,220,0
1970,5,16,20,0,0,0,21.7,19.8,89,1019,2.2,220,0
1970,5,16,21,0,0,0,21.1,19.6,91,1020,2.9,220,0
1970,5,16,22,0,0,0,20.6,19.4,93,1020,3.6,220,0
1970,5,16,23,0,0,0,20.4,19.2,93,1019,3.6,220,0
1970,5,17,0,0,0,0,20.2,19,93,1018,3.6,230,0
1970,5,17,1,0,0,0,20,18.9,93,1018,3.6,230,0
1970,5,17,2,0,0,0,19.8,18.5,92,1018,2.4,230,0
1970,5,17,3,0,0,0,19.6,18.1,91,1017,1.2,240,0
1970,5,17,4,0,0,0,19.4,17.8,90,1017,0,0,0
1970,5,17,5,6,1,6,20.7,18.7,88,1018,0.9,240,0
1970,5,17,6,93,254,51,22,19.6,86,1018,1.7,250,0
1970,5,17,7,246,296,130,23.3,20.6,84,1019,2.6,250,0
1970,5,17,8,393,352,181,24.2,20.3,79,1019,3.6,200,0
1970,5,17,9,569,377,277,25.2,20.3,74,1019,4.7,160,0
1970,5,17,10,702,464,282,26.1,20,69,1019,5.7,110,0
1970,5,17,11,893,721,186,26.3,20.2,69,1019,5.3,100,0
1970,5,17,12,1026,888,139,26.5,20.4,69,1018,5,90,0
1970,5,17,13,889,758,166,26.7,20.6,69,1018,4.6,80,0
1970,5,17,14,520,370,204,26.5,20.4,69,1018,5,80,0
1970,5,17,15,616,688,133,26.3,20.2,69,1018,5.3,70,0
1970,5,17,16,319,268,182,26.1,20,69,1017,5.7,70,0
1970,5,17,17,159,231,92,25.2,19.6,71,1018,5,70,0
1970,5,17,18,47,74,37,24.2,19.3,74,1018,4.3,70,0
1970,5,17,19,0,0,0,23.3,18.9,76,1019,3.6,70,0
1970,5,17,20,0,0,0,23.3,18.6,75,1019,3.6,80,0
1970,5,17,21,0,0,0,23.3,18.6,75,1020,3.6,100,0
1970,5,17,22,0,0,0,23.3,18.3,74,1020,3.6,110,0
1970,5,17,23,0,0,0,22.6,18.8,79,1020,3.6,160,0
1970,5,18,0,0,0,0,21.8,19.2,85,1019,3.6,210,0
1970,5,18,1,0,0,0,21.1,19.4,90,1019,3.6,260,0
1970,5,18,2,0,0,0,21.1,18.9,87,1019,3.3,200,0
1970,5,18,3,0,0,0,21.1,18.3,84,1019,2.9,150,0
1970,5,18,4,0,0,0,21.1,17.8,81,1019,2.6,90,0
1970,5,18,5,11,21,9,22.8,17.9,74,1019,3.1,90,0
1970,5,18,6,90,221,54,24.4,17.9,67,1020,3.6,100,0
1970,5,18,7,288,521,84,26.1,17.8,60,1020,4.1,100,0
1970,5,18,8,420,311,233,26.3,18.5,62,1020,4.3,90,0
1970,5,18,9,768,784,160,26.5,18.9,63,1020,4.4,90,0
1970,5,18,10,668,446,264,26.7,19.4,65,1020,4.6,80,0
1970,5,18,11,612,226,390,26.5,19.4,65,1019,4.4,80,0
1970,5,18,12,803,527,277,26.3,19.2,65,1019,4.3,70,0
1970,5,18,13,720,410,328,26.1,18.9,65,1018,4.1,70,0
1970,5,18,14,496,255,279,25.4,18.6,66,1018,4.1,70,0
1970,5,18,15,337,125,249,24.6,18.3,68,1018,4.1,80,0
1970,5,18,16,211,53,185,23.9,17.8,69,1017,4.1,80,0
1970,5,18,17,145,98,117,23.7,17.7,69,1018,3.8,70,0
1970,5,18,18,27,21,24,23.5,17.5,69,1019,3.4,60,0
1970,5,18,19,0,0,0,23.3,17.2,69,1019,3.1,50,0
1970,5,18,20,0,0,0,23.1,17.6,71,1020,2.6,60,0
1970,5,18,21,0,0,0,23,17.7,72,1020,2,60,0
1970,5,18,22,0,0,0,22.8,17.8,74,1020,1.5,70,0
1970,5,18,23,0,0,0,22.4,18,76,1020,1.9,130,0
1970,5,19,0,0,0,0,22.1,17.9,77,1020,2.2,180,0
1970,5,19,1,0,0,0,21.7,17.8,79,1019,2.6,240,0
1970,5,19,2,0,0,0,21.3,18.1,82,1019,2.6,230,0
1970,5,19,3,0,0,0,21,18.2,84,1019,2.6,210,0
1970,5,19,4,0,0,0,20.6,18.3,87,1019,2.6,200,0
1970,5,19,5,8,5,7,21.7,18.1,80,1019,2.6,140,0
1970,5,19,6,71,50,62,22.8,17.7,73,1020,2.6,90,0
1970,5,19,7,199,103,159,23.9,17.2,66,1020,2.6,30,0
1970,5,19,8,466,487,173,24.8,17.6,64,1020,3.5,40,0
1970,5,19,9,641,631,151,25.8,18,62,1020,4.3,50,0
1970,5,19,10,808,724,152,26.7,18.3,60,1020,5.2,60,0
1970,5,19,11,807,605,214,26.5,17.9,59,1020,4.8,60,0
1970,5,19,12,752,500,253,26.3,17.7,59,1019,4.5,50,0
1970,5,19,13,733,532,225,26.1,17.2,58,1019,4.1,50,0
1970,5,19,14,610,351,310,25.7,17.1,59,1018,4.3,50,0
1970,5,19,15,671,739,152,25.4,17.4,61,1018,4.4,60,0
1970,5,19,16,364,429,145,25,17.2,62,1018,4.6,60,0
1970,5,19,17,161,220,96,23.5,17.3,68,1019,3.1,90,0
1970,5,19,18,42,101,30,22.1,17.5,75,1019,1.5,120,0
1970,5,19,19,0,0,0,20.6,17.2,81,1020,0,0,0
1970,5,19,20,0,0,0,20.6,17.8,84,1020,1.7,170,0
1970,5,19,21,0,0,0,20.6,18.4,87,1020,3.5,200,0
1970,5,19,22,0,0,0,20.6,18.9,90,1021,5.2,230,0
1970,5,19,23,0,0,0,20.2,18.5,90,1020,4.5,230,0
1970,5,20,0,0,0,0,19.8,18.1,90,1019,3.8,230,0
1970,5,20,1,0,0,0,19.4,17.8,90,1019,3.1,230,0
1970,5,20,2,0,0,0,19.4,17.9,91,1019,3.3,230,0
1970,5,20,3,0,0,0,19.4,18.1,92,1019,3.4,240,0
1970,5,20,4,0,0,0,19.4,18.3,93,1019,3.6,240,0
1970,5,20,5,3,0,3,19.8,18.7,93,1019,3.4,210,0
1970,5,20,6,54,8,52,20.2,19,93,1020,3.3,190,0
1970,5,20,7,101,8,98,20.6,19.4,93,1020,3.1,160,0
1970,5,20,8,223,9,217,21.5,19.6,89,1020,2.1,190,0
1970,5,20,9,277,2,275,22.4,20,86,1020,1,210,0
1970,5,20,10,398,1,397,23.3,20,82,1020,0,0,0
1970,5,20,11,457,4,453,23.7,19.7,78,1019,0.5,260,0
1970,5,20,12,478,121,357,24,19.3,75,1019,1,290,0
1970,5,20,13,600,112,494,24.4,18.9,71,1018,1.5,310,0
1970,5,20,14,486,126,378,24.4,18.4,69,1018,2.2,350,0
1970,5,20,15,409,204,266,24.4,17.7,66,1017,2.9,20,0
1970,5,20,16,331,333,160,24.4,17.2,64,1017,3.6,60,0
1970,5,20,17,144,158,98,23.3,17.5,70,1017,3.1,10,0
1970,5,20,18,35,24,32,22.2,17.6,75,1018,2.6,310,0
1970,5,20,19,0,0,0,21.1,17.8,81,1018,2.1,260,0
1970,5,20,20,0,0,0,20.4,17.6,84,1018,2.3,240,0
1970,5,20,21,0,0,0,19.6,17.4,87,1019,2.4,230,0
1970,5,20,22,0,0,0,18.9,17.2,90,1019,2.6,210,0
1970,5,20,23,0,0,0,19.1,17.4,90,1019,2.8,210,0
1970,5,21,0,0,0,0,19.2,17.5,90,1018,2.9,210,0
1970,5,21,1,0,0,0,19.4,17.8,90,1018,3.1,210,0
1970,5,21,2,0,0,0,19.2,17.7,91,1018,2.8,210,0
1970,5,21,3,0,0,0,19.1,17.8,92,1018,2.4,220,0
1970,5,21,4,0,0,0,18.9,17.8,93,1018,2.1,220,0
1970,5,21,5,7,3,6,19.5,18.4,93,1018,2.8,230,0
1970,5,21,6,65,28,60,20,18.9,93,1018,3.4,230,0
1970,5,21,7,232,117,186,20.6,19.4,93,1019,4.1,240,0
1970,5,21,8,343,237,201,22.3,19.5,84,1018,3.9,280,0
1970,5,21,9,356,100,279,23.9,19.4,76,1018,3.8,310,0
1970,5,21,10,536,257,304,25.6,18.9,67,1018,3.6,350,0
1970,5,21,11,948,698,264,26,19.2,66,1018,3.6,10,0
1970,5,21,12,845,620,227,26.3,19.5,66,1017,3.6,40,0
1970,5,21,13,830,653,207,26.7,19.4,65,1017,3.6,60,0
1970,5,21,14,498,268,269,26.3,19.5,66,1016,4.1,60,0
1970,5,21,15,450,204,307,26,19.7,68,1016,4.7,70,0
1970,5,21,16,409,494,156,25.6,19.4,69,1016,5.2,70,0
1970,5,21,17,150,236,81,24.7,19.6,73,1017,4.3,60,0
1970,5,21,18,31,25,28,23.7,19.7,78,1017,3.5,50,0
1970,5,21,19,0,0,0,22.8,19.4,82,1018,2.6,40,0
1970,5,21,20,0,0,0,22.1,19.5,85,1018,2.2,40,0
1970,5,21,21,0,0,0,21.3,19.1,87,1019,1.9,30,0
1970,5,21,22,0,0,0,20.6,18.9,90,1019,1.5,30,0
1970,5,21,23,0,0,0,20.4,18.5,89,1018,1.9,340,0
1970,5,22,0,0,0,0,20.2,18.2,88,1018,2.2,280,0
1970,5,22,1,0,0,0,20,17.8,87,1017,2.6,230,0
1970,5,22,2,0,0,0,19.6,17.6,88,1017,2.6,230,0
1970,5,22,3,0,0,0,19.3,17.5,89,1016,2.6,220,0
1970,5,22,4,0,0,0,18.9,17.2,90,1016,2.6,220,0
1970,5,22,5,8,0,8,20,17.8,87,1016,1.7,210,0
1970,5,22,6,84,26,79,21.1,18.5,85,1017,0.9,190,0
1970,5,22,7,170,73,140,22.2,18.9,82,1017,0,0,0
1970,5,22,8,297,92,242,22.6,19.6,83,1018,1.2,160,0
1970,5,22,9,324,7,319,22.9,19.9,83,1018,2.4,150,0
1970,5,22,10,179,7,173,23.3,20.6,84,1018,3.6,130,0
1970,5,22,11,389,7,382,24.1,20.2,79,1017,4.1,120,0
1970,5,22,12,530,13,517,24.8,19.9,74,1017,4.7,120,0
1970,5,22,13,403,3,399,25.6,19.4,69,1016,5.2,110,0
1970,5,22,14,348,4,345,24.8,19.6,73,1016,4,70,0
1970,5,22,15,313,6,309,24.1,20,78,1016,2.7,20,0
1970,5,22,16,132,0,132,23.3,20,82,1016,1.5,340,0
1970,5,22,17,139,2,139,22.6,20.2,86,1016,2.2,290,0
1970,5,22,18,41,0,40,21.8,19.9,89,1016,2.9,250,0
1970,5,22,19,0,0,0,21.1,20,93,1017,3.6,200,0
1970,5,22,20,0,0,0,20.9,19.7,93,1017,3.8,210,0
1970,5,22,21,0,0,0,20.8,19.6,93,1017,3.9,220,0
1970,5,22,22,0,0,0,20.6,19.4,93,1017,4.1,230,0
1970,5,22,23,0,0,0,20.6,19.3,92,1017,3.8,230,0
1970,5,23,0,0,0,0,20.6,19.1,91,1016,3.4,230,0
1970,5,23,1,0,0,0,20.6,18.9,90,1016,3.1,230,0
1970,5,23,2,0,0,0,20.6,18.9,90,1015,2.9,220,0
1970,5,23,3,0,0,0,20.6,18.9,90,1015,2.8,200,0
1970,5,23,4,0,0,0,20.6,18.9,90,1015,2.6,190,0
1970,5,23,5,10,0,10,20.8,19.3,91,1015,2.8,170,0
1970,5,23,6,73,0,73,20.9,19.6,92,1016,2.9,150,0
1970,5,23,7,189,1,188,21.1,20,93,1016,3.1,130,0
1970,5,23,8,307,2,306,22.2,20.1,88,1016,2.9,80,0
1970,5,23,9,368,2,367,23.3,20.5,84,1016,2.8,40,0
1970,5,23,10,423,0,423,24.4,20.6,79,1016,2.6,350,0
1970,5,23,11,452,0,452,24.8,20.3,76,1016,2.2,300,0
1970,5,23,12,599,120,479,25.2,20.3,74,1015,1.9,250,0
1970,5,23,13,486,97,393,25.6,20,71,1015,1.5,200,0
1970,5,23,14,413,127,305,25.4,19.8,71,1015,1.5,190,0
1970,5,23,15,280,36,255,25.2,19.6,71,1014,1.5,190,0
1970,5,23,16,194,20,183,25,19.4,71,1014,1.5,180,0
1970,5,23,17,126,1,126,24.3,19.8,76,1015,1,190,0
1970,5,23,18,25,4,24,23.5,20.3,82,1015,0.5,210,0
1970,5,23,19,0,0,0,22.8,20.6,87,1016,0,0,0
1970,5,23,20,0,0,0,22.4,20.3,88,1016,0.7,230,0
1970,5,23,21,0,0,0,22.1,20.2,89,1016,1.4,250,0
1970,5,23,22,0,0,0,21.7,20,90,1017,2.1,260,0
1970,5,23,23,0,0,0,21.3,20,92,1016,2.4,260,0
1970,5,24,0,0,0,0,21,20.2,95,1016,2.8,270,0
1970,5,24,1,0,0,0,20.6,20,97,1015,3.1,270,0
1970,5,24,2,0,0,0,19.7,19.1,96,1015,2.1,280,0
1970,5,24,3,0,0,0,18.7,17.7,94,1015,1,290,0
1970,5,24,4,0,0,0,17.8,16.7,93,1015,0,0,0
1970,5,24,5,13,25,9,20,18,88,1016,1.4,320,0
1970,5,24,6,96,305,43,22.2,19.4,84,1016,2.7,330,0
1970,5,24,7,299,555,79,24.4,20.6,79,1017,4.1,340,0
1970,5,24,8,511,647,121,25,20.7,77,1017,4.1,360,0
1970,5,24,9,684,686,151,25.5,21,76,1016,4.1,10,0
1970,5,24,10,748,637,171,26.1,21.1,74,1016,4.1,30,0
1970,5,24,11,940,820,136,26.3,21.1,73,1016,4.5,10,0
1970,5,24,12,980,812,169,26.5,21.3,73,1016,4.8,360,0
1970,5,24,13,928,787,177,26.7,21.1,72,1016,5.2,340,0
1970,5,24,14,814,781,147,26.3,20.9,72,1015,4.5,0,0
1970,5,24,15,637,706,139,26,20.3,71,1015,3.8,30,0
1970,5,24,16,265,175,175,25.6,20,71,1015,3.1,50,0
1970,5,24,17,153,212,89,24.8,20.1,75,1016,2.8,10,0
1970,5,24,18,37,85,27,24.1,20,78,1016,2.4,330,0
1970,5,24,19,0,0,0,23.3,20,82,1017,2.1,290,0
1970,5,24,20,0,0,0,22.6,20.3,87,1017,2.6,240,0
1970,5,24,21,0,0,0,21.8,20.5,92,1018,3.1,180,0
1970,5,24,22,0,0,0,21.1,20.6,97,1018,3.6,130,0
1970,5,24,23,0,0,0,20.5,19.9,96,1018,4.1,160,0
1970,5,25,0,0,0,0,20,19,94,1017,4.7,190,0
1970,5,25,1,0,0,0,19.4,18.3,93,1017,5.2,220,0
1970,5,25,2,0,0,0,19.4,18.1,92,1017,4,190,0
1970,5,25,3,0,0,0,19.4,17.9,91,1017,2.7,150,0
1970,5,25,4,0,0,0,19.4,17.8,90,1017,1.5,120,0
1970,5,25,5,6,5,6,20.5,18.1,86,1017,1.5,60,0
1970,5,25,6,52,9,51,21.7,18.7,83,1018,1.5,10,0
1970,5,25,7,136,46,117,22.8,18.9,79,1018,1.5,310,0
1970,5,25,8,346,299,166,24.1,19.4,75,1018,2,330,0
1970,5,25,9,613,556,181,25.4,19.8,71,1018,2.6,340,0
1970,5,25,10,882,870,94,26.7,20,67,1018,3.1,360,0
1970,5,25,11,928,806,137,26.7,20.3,68,1017,3.6,360,0
1970,5,25,12,881,715,166,26.7,20.3,68,1017,4.1,360,0
1970,5,25,13,933,824,146,26.7,20.6,69,1017,4.6,0,0
1970,5,25,14,828,826,121,26.3,20.4,70,1016,4.1,20,0
1970,5,25,15,658,772,114,26,20.1,70,1016,3.6,50,0
1970,5,25,16,359,408,149,25.6,20,71,1016,3.1,70,0
1970,5,25,17,179,340,77,24.7,20.2,76,1016,2.8,120,0
1970,5,25,18,48,123,34,23.7,20.5,82,1017,2.4,170,0
1970,5,25,19,0,0,0,22.8,20.6,87,1017,2.1,220,0
1970,5,25,20,0,0,0,22.4,20.3,88,1018,2.1,220,0
1970,5,25,21,0,0,0,22.1,20.2,89,1018,2.1,210,0
1970,5,25,22,0,0,0,21.7,20,90,1018,2.1,210,0
1970,5,25,23,0,0,0,21.3,19.8,91,1018,2.6,230,0
1970,5,26,0,0,0,0,21,19.7,92,1017,3.1,250,0
1970,5,26,1,0,0,0,20.6,19.4,93,1017,3.6,270,0
1970,5,26,2,0,0,0,20.2,19,93,1017,3.8,260,0
1970,5,26,3,0,0,0,19.8,18.7,93,1017,3.9,240,0
1970,5,26,4,0,0,0,19.4,18.3,93,1017,4.1,230,0
1970,5,26,5,3,1,3,19.8,18.7,93,1018,5,210,0
1970,5,26,6,62,2,62,20.2,19,93,1019,5.8,200,0
1970,5,26,7,88,9,84,20.6,19.4,93,1020,6.7,180,0
1970,5,26,8,207,8,202,20.8,19.6,93,1019,6,210,0
1970,5,26,9,319,1,318,20.9,19.7,93,1019,5.3,230,0
1970,5,26,10,223,4,219,21.1,20,93,1019,4.6,260,0
1970,5,26,11,431,6,425,21.7,20.5,93,1018,4.1,250,0
1970,5,26,12,482,4,478,22.2,21,93,1018,3.6,250,0
1970,5,26,13,421,1,420,22.8,21.7,93,1018,3.1,240,0
1970,5,26,14,504,277,267,23.5,21,86,1017,3.3,290,0
1970,5,26,15,521,292,314,24.3,20.2,78,1017,3.4,350,0
1970,5,26,16,430,616,111,25,19.4,71,1017,3.6,40,0
1970,5,26,17,215,453,79,23.7,19.2,76,1017,3.3,340,0
1970,5,26,18,45,92,34,22.4,19.2,82,1018,2.9,290,0
1970,5,26,19,0,0,0,21.1,18.9,87,1018,2.6,230,0
1970,5,26,20,0,0,0,20.7,18.8,89,1018,2.8,220,0
1970,5,26,21,0,0,0,20.4,18.9,91,1019,2.9,210,0
1970,5,26,22,0,0,0,20,18.9,93,1019,3.1,200,0
1970,5,26,23,0,0,0,19.8,18.8,94,1019,2.6,220,0
1970,5,27,0,0,0,0,19.6,19,96,1018,2,240,0
1970,5,27,1,0,0,0,19.4,18.9,97,1018,1.5,260,0
1970,5,27,2,0,0,0,19.6,19.1,97,1018,1,240,0
1970,5,27,3,0,0,0,19.8,19.3,97,1017,0.5,220,0
1970,5,27,4,0,0,0,20,19.4,97,1017,0,0,0
1970,5,27,5,6,1,6,20,19.5,97,1018,0.7,190,0
1970,5,27,6,55,8,54,20,19.5,97,1018,1.4,170,0
1970,5,27,7,99,5,97,20,19.4,97,1018,2.1,150,0
1970,5,27,8,248,6,244,20.6,19.6,94,1018,2.6,140,0
1970,5,27,9,391,2,390,21.1,19.4,90,1018,3.1,130,0
1970,5,27,10,230,7,224,21.7,19.4,87,1018,3.6,120,0
1970,5,27,11,444,1,442,22.8,19.8,83,1017,3.9,80,0
1970,5,27,12,554,201,353,23.9,20.3,80,1017,4.3,30,0
1970,5,27,13,544,205,348,25,20.6,76,1016,4.6,350,0
1970,5,27,14,427,79,360,24.6,20.3,77,1016,4.1,30,0
1970,5,27,15,322,39,294,24.3,20.2,78,1015,3.6,60,0
1970,5,27,16,275,91,228,23.9,20,79,1015,3.1,100,0
1970,5,27,17,110,13,107,23.7,19.7,78,1016,3.1,90,0
1970,5,27,18,34,5,33,23.5,19.3,77,1016,3.1,70,0
1970,5,27,19,0,0,0,23.3,18.9,76,1017,3.1,60,0
1970,5,27,20,0,0,0,22.4,19,81,1017,2.9,110,0
1970,5,27,21,0,0,0,21.5,18.9,85,1017,2.8,170,0
1970,5,27,22,0,0,0,20.6,18.9,90,1018,2.6,220,0
1970,5,27,23,0,0,0,20.4,18.7,90,1017,2.6,220,0
1970,5,28,0,0,0,0,20.2,18.5,90,1016,2.6,220,0
1970,5,28,1,0,0,0,20,18.3,90,1016,2.6,220,0
1970,5,28,2,0,0,0,19.8,18.1,90,1016,2.6,230,0
1970,5,28,3,0,0,0,19.6,17.9,90,1016,2.6,230,0
1970,5,28,4,0,0,0,19.4,17.8,90,1016,2.6,240,0
1970,5,28,5,11,19,9,21.3,18.5,84,1016,2.4,270,0
1970,5,28,6,98,157,71,23.1,18.9,77,1016,2.3,300,0
1970,5,28,7,293,551,74,25,19.4,71,1017,2.1,330,0
1970,5,28,8,463,529,144,25,19.8,73,1017,2.8,350,0
1970,5,28,9,548,357,271,25,20.1,74,1016,3.4,0,0
1970,5,28,10,393,3,391,25,20.6,76,1016,4.1,20,0
1970,5,28,11,566,242,329,25.4,20.7,75,1016,4.1,40,0
1970,5,28,12,961,879,84,25.7,20.5,73,1015,4.1,50,0
1970,5,28,13,851,734,149,26.1,20.6,72,1015,4.1,70,0
1970,5,28,14,688,556,213,26.1,20.4,71,1015,4.6,100,0
1970,5,28,15,523,397,242,26.1,20.2,70,1015,5.2,120,0
1970,5,28,16,312,242,186,26.1,20,69,1015,5.7,150,0
1970,5,28,17,140,43,127,24.3,20,77,1015,5,180,0
1970,5,28,18,40,11,38,22.4,19.8,85,1016,4.3,220,0
1970,5,28,19,0,0,0,20.6,19.4,93,1016,3.6,250,0
1970,5,28,20,0,0,0,20.8,19.5,92,1016,3.1,240,0
1970,5,28,21,0,0,0,20.9,19.4,91,1016,2.6,240,0
1970,5,28,22,0,0,0,21.1,19.4,90,1017,2.1,230,0
1970,5,28,23,0,0,0,21.1,19.4,90,1016,2.4,220,0
1970,5,29,0,0,0,0,21.1,19.4,90,1016,2.8,220,0
1970,5,29,1,0,0,0,21.1,19.4,90,1015,3.1,210,0
1970,5,29,2,0,0,0,20.9,19.4,91,1015,3.3,210,0
1970,5,29,3,0,0,0,20.8,19.5,92,1015,3.4,200,0
1970,5,29,4,0,0,0,20.6,19.4,93,1015,3.6,200,0
1970,5,29,5,10,22,7,21.9,19.8,88,1016,3.3,220,0
1970,5,29,6,103,226,63,23.1,20.3,84,1016,2.9,230,0
1970,5,29,7,224,268,118,24.4,20.6,79,1017,2.6,250,0
1970,5,29,8,434,463,155,25.7,20.3,72,1017,3.1,200,0
1970,5,29,9,611,592,152,27,20.1,66,1016,3.6,140,0
1970,5,29,10,699,435,306,28.3,19.4,59,1016,4.1,90,0
1970,5,29,11,513,218,299,28.1,19.4,59,1016,5.3,100,0
1970,5,29,12,788,506,283,28,19,58,1015,6.5,110,0
1970,5,29,13,792,526,289,27.8,18.9,58,1015,7.7,120,0
1970,5,29,14,573,387,241,27.1,19.2,62,1015,6.9,110,0
1970,5,29,15,451,272,258,26.3,19.2,65,1015,6,110,0
1970,5,29,16,165,47,141,25.6,19.4,69,1015,5.2,100,0
1970,5,29,17,139,107,107,25,19.4,71,1015,4.3,150,0
1970,5,29,18,32,1,32,24.5,19.6,74,1016,3.5,190,0
1970,5,29,19,0,0,0,23.9,19.4,76,1016,2.6,240,0
1970,5,29,20,0,0,0,23.3,19.1,77,1016,2.8,230,0
1970,5,29,21,0,0,0,22.8,18.8,78,1017,2.9,230,0
1970,5,29,22,0,0,0,22.2,18.3,79,1017,3.1,220,0
1970,5,29,23,0,0,0,21.7,18.7,83,1017,2.1,220,0
1970,5,30,0,0,0,0,21.1,18.7,86,1016,1,220,0
1970,5,30,1,0,0,0,20.6,18.9,90,1016,0,0,0
1970,5,30,2,0,0,0,20.4,18.9,91,1016,1,220,0
1970,5,30,3,0,0,0,20.2,18.9,92,1016,2.1,220,0
1970,5,30,4,0,0,0,20,18.9,93,1016,3.1,220,0
1970,5,30,5,7,4,7,21.7,19.5,87,1016,2.9,230,0
1970,5,30,6,83,69,71,23.3,19.7,80,1017,2.8,250,0
1970,5,30,7,232,267,126,25,20,74,1017,2.6,260,0
1970,5,30,8,391,263,233,25.6,20.2,72,1017,3.8,320,0
1970,5,30,9,534,430,200,26.1,20.4,71,1017,5,10,0
1970,5,30,10,440,101,349,26.7,20.6,69,1017,6.2,70,0
1970,5,30,11,641,267,380,27.2,20.6,67,1017,6,80,0
1970,5,30,12,660,282,379,27.8,20.6,65,1016,5.9,100,0
1970,5,30,13,688,394,311,28.3,20.6,63,1016,5.7,110,0
1970,5,30,14,568,295,315,27.4,20.3,65,1016,5.3,100,0
1970,5,30,15,573,403,287,26.5,19.9,67,1015,5,90,0
1970,5,30,16,258,100,206,25.6,19.4,69,1015,4.6,80,0
1970,5,30,17,160,55,143,25,19.4,71,1016,3.8,90,0
1970,5,30,18,41,35,37,24.5,19.1,72,1016,2.9,110,0
1970,5,30,19,0,0,0,23.9,18.9,74,1017,2.1,120,0
1970,5,30,20,0,0,0,22.8,19.2,80,1017,1.9,150,0
1970,5,30,21,0,0,0,21.7,19.5,87,1017,1.7,190,0
1970,5,30,22,0,0,0,20.6,19.4,93,1018,1.5,220,0
1970,5,30,23,0,0,0,20.6,19.4,93,1017,1.9,220,0
1970,5,31,0,0,0,0,20.6,19.4,93,1017,2.2,230,0
1970,5,31,1,0,0,0,20.6,19.4,93,1016,2.6,230,0
1970,5,31,2,0,0,0,20.8,19.6,93,1016,2.6,230,0
1970,5,31,3,0,0,0,20.9,19.7,93,1016,2.6,240,0
1970,5,31,4,0,0,0,21.1,20,93,1016,2.6,240,0
1970,5,31,5,8,13,7,22.6,20.2,86,1016,3.1,190,0
1970,5,31,6,81,81,67,24.1,20,78,1017,3.6,130,0
1970,5,31,7,265,370,118,25.6,20,71,1017,4.1,80,0
1970,5,31,8,427,438,163,26,19.4,67,1017,3.9,70,0
1970,5,31,9,399,186,255,26.3,18.5,62,1017,3.8,50,0
1970,5,31,10,490,223,289,26.7,17.8,58,1017,3.6,40,0
1970,5,31,11,560,170,393,26.7,17.8,58,1017,4.3,40,0
1970,5,31,12,843,567,277,26.7,17.8,58,1016,5,40,0
1970,5,31,13,787,555,257,26.7,17.8,58,1016,5.7,40,0
1970,5,31,14,864,876,113,26.5,17.6,58,1015,5.2,30,0
1970,5,31,15,582,610,150,26.3,17.4,58,1015,4.6,10,0
1970,5,31,16,446,726,68,26.1,17.2,58,1015,4.1,0,0
1970,5,31,17,236,583,57,25,17.2,62,1015,3.9,0,0
1970,5,31,18,55,188,33,23.5,17.4,68,1015,3.6,36,0
1970,5,31,19,0,0,0,22.2,17.3,73,1016,3.3,63,0
1970,5,31,20,0,0,0,21.6,17.4,77,1016,3,278,0
1970,5,31,21,0,0,0,21.2,17.6,79,1016,2.7,249,0
1970,5,31,22,0,0,0,20.9,17.6,81,1016,2.6,222,0
1970,5,31,23,0,0,0,20.8,17.5,81,1016,2.6,217,0
1974,6,1,0,0,0,0,20.9,17.4,80,1015,2.6,173,0
1974,6,1,1,0,0,0,20.8,17.4,80,1015,2.6,168,0
1974,6,1,2,0,0,0,20.7,17.3,80,1015,2.7,171,0
1974,6,1,3,0,0,0,20.7,17.3,80,1015,2.8,186,0
1974,6,1,4,0,0,0,20.7,17.3,80,1015,3,213,0
1974,6,1,5,17,49,11,22.2,18.1,77,1015,2.9,199,0
1974,6,1,6,98,332,40,24.3,19.2,73,1016,2.8,170,0
1974,6,1,7,324,654,64,26.1,20,69,1016,2.6,150,0
1974,6,1,8,484,683,72,27,19.6,64,1016,3.6,130,0
1974,6,1,9,688,832,42,28,19.5,60,1016,4.7,100,0
1974,6,1,10,865,913,38,28.9,18.9,55,1016,5.7,80,0
1974,6,1,11,911,878,50,28.9,19.5,57,1016,6.2,90,0
1974,6,1,12,949,866,84,28.9,20.1,59,1015,6.7,100,0
1974,6,1,13,922,849,110,28.9,20.6,61,1015,7.2,110,0
1974,6,1,14,777,696,179,28.2,20.5,63,1015,6.3,110,0
1974,6,1,15,435,393,156,27.4,20.3,65,1015,5.5,110,0
1974,6,1,16,312,121,249,26.7,20,67,1015,4.6,110,0
1974,6,1,17,156,50,141,25.9,19.8,69,1016,3.8,120,0
1974,6,1,18,28,21,25,25.2,19.8,72,1017,2.9,140,0
1974,6,1,19,0,0,0,24.4,19.4,74,1018,2.1,150,0
1974,6,1,20,0,0,0,23.7,19.4,77,1018,2.8,160,0
1974,6,1,21,0,0,0,22.9,19.5,81,1018,3.4,160,0
1974,6,1,22,0,0,0,22.2,19.4,84,1019,4.1,170,0
1974,6,1,23,0,0,0,22,19.4,85,1018,3.6,180,0
1974,6,2,0,0,0,0,21.9,19.5,86,1017,3.1,200,0
1974,6,2,1,0,0,0,21.7,19.4,87,1016,2.6,210,0
1974,6,2,2,0,0,0,21.7,19.5,87,1016,2.4,210,0
1974,6,2,3,0,0,0,21.7,19.5,87,1016,2.3,220,0
1974,6,2,4,0,0,0,21.7,19.4,87,1016,2.1,220,0
1974,6,2,5,12,23,9,23.4,19.8,80,1017,2.4,210,0
1974,6,2,6,116,427,42,25,19.6,72,1017,2.8,210,0
1974,6,2,7,276,568,50,26.7,19.4,65,1017,3.1,200,0
1974,6,2,8,475,602,112,27.2,19.8,64,1017,3.4,160,0
1974,6,2,9,553,520,149,27.8,19.9,62,1018,3.8,110,0
1974,6,2,10,837,766,144,28.3,20,61,1018,4.1,70,0
1974,6,2,11,907,784,139,27.8,19.9,62,1017,5,70,0
1974,6,2,12,1048,958,92,27.2,19.8,64,1017,5.8,60,0
1974,6,2,13,863,745,150,26.7,19.4,65,1017,6.7,60,0
1974,6,2,14,735,638,188,26.5,19.4,65,1017,6.2,60,0
1974,6,2,15,641,737,117,26.3,19.2,65,1017,5.7,60,0
1974,6,2,16,422,569,125,26.1,18.9,65,1017,5.2,60,0
1974,6,2,17,169,189,111,25,18.5,67,1017,4,70,0
1974,6,2,18,42,59,35,23.9,17.9,69,1018,2.7,70,0
1974,6,2,19,0,0,0,22.8,17.2,71,1018,1.5,80,0
1974,6,2,20,0,0,0,22.4,17.8,75,1018,1.9,120,0
1974,6,2,21,0,0,0,22.1,18.5,80,1019,2.2,160,0
1974,6,2,22,0,0,0,21.7,18.9,84,1019,2.6,200,0
1974,6,2,23,0,0,0,21.1,17.7,81,1018,2.8,210,0
1974,6,3,0,0,0,0,20.6,16.9,79,1017,2.9,220,0
1974,6,3,1,0,0,0,20,15.6,76,1017,3.1,230,0
1974,6,3,2,0,0,0,19.6,15.9,79,1017,2.9,220,0
1974,6,3,3,0,0,0,19.3,16,81,1016,2.8,220,0
1974,6,3,4,0,0,0,18.9,16.1,84,1016,2.6,210,0
1974,6,3,5,15,46,9,21.1,17.3,79,1017,2.2,240,0
1974,6,3,6,110,490,24,23.4,18.5,74,1017,1.9,270,0
1974,6,3,7,355,813,32,25.6,19.4,69,1018,1.5,300,0
1974,6,3,8,515,753,61,26.3,19.7,67,1018,2.2,330,0
1974,6,3,9,713,819,78,27.1,20,65,1018,2.9,350,0
1974,6,3,10,850,775,150,27.8,20,63,1018,3.6,20,0
1974,6,3,11,889,723,180,27.8,20.4,64,1017,3.8,40,0
1974,6,3,12,935,808,128,27.8,20.4,64,1017,3.9,60,0
1974,6,3,13,913,803,144,27.8,20.6,65,1016,4.1,80,0
1974,6,3,14,670,600,156,26.9,20.3,67,1016,3.9,80,0
1974,6,3,15,475,414,181,25.9,19.8,69,1016,3.8,70,0
1974,6,3,16,227,27,213,25,19.4,71,1016,3.6,70,0
1974,6,3,17,114,22,107,24.3,19.6,75,1016,3.3,120,0
1974,6,3,18,50,53,44,23.5,19.5,78,1017,2.9,180,0
1974,6,3,19,0,0,0,22.8,19.4,82,1017,2.6,230,0
1974,6,3,20,0,0,0,22.2,19.6,85,1018,2.2,220,0
1974,6,3,21,0,0,0,21.7,19.5,87,1018,1.9,200,0
1974,6,3,22,0,0,0,21.1,19.4,90,1018,1.5,190,0
1974,6,3,23,0,0,0,20.9,19.4,91,1018,2,210,0
1974,6,4,0,0,0,0,20.8,19.5,92,1017,2.6,220,0
1974,6,4,1,0,0,0,20.6,19.4,93,1017,3.1,240,0
1974,6,4,2,0,0,0,20.4,19.2,93,1017,2.9,230,0
1974,6,4,3,0,0,0,20.2,19,93,1017,2.8,230,0
1974,6,4,4,0,0,0,20,18.9,93,1017,2.6,220,0
1974,6,4,5,7,1,7,20.4,19.2,93,1017,2.9,230,0
1974,6,4,6,84,7,82,20.7,19.5,93,1017,3.3,250,0
1974,6,4,7,103,11,98,21.1,20,93,1018,3.6,260,0
1974,6,4,8,271,11,264,22.4,20.1,87,1018,2.4,230,0
1974,6,4,9,383,157,262,23.7,20.1,80,1018,1.2,200,0
1974,6,4,10,732,466,311,25,20,74,1018,0,0,0
1974,6,4,11,936,636,312,25.7,20.1,71,1017,0.7,150,0
1974,6,4,12,1018,816,203,26.5,20.1,68,1017,1.4,120,0
1974,6,4,13,836,629,234,27.2,20,65,1016,2.1,90,0
1974,6,4,14,710,571,220,26.8,19.9,66,1016,2.9,90,0
1974,6,4,15,707,780,152,26.5,19.6,66,1016,3.8,90,0
1974,6,4,16,439,563,143,26.1,19.4,67,1016,4.6,90,0
1974,6,4,17,179,182,123,25,19.6,72,1016,4.1,120,0
1974,6,4,18,42,129,27,23.9,19.6,77,1017,3.6,150,0
1974,6,4,19,0,0,0,22.8,19.4,82,1017,3.1,180,0
1974,6,4,20,0,0,0,22.1,19.7,86,1017,3.1,200,0
1974,6,4,21,0,0,0,21.3,19.4,89,1018,3.1,220,0
1974,6,4,22,0,0,0,20.6,19.4,93,1018,3.1,240,0
1974,6,4,23,0,0,0,20.6,19.4,93,1018,3.6,240,0
1974,6,5,0,0,0,0,20.6,19.4,93,1017,4.1,240,0
1974,6,5,1,0,0,0,20.6,19.4,93,1016,4.6,240,0
1974,6,5,2,0,0,0,20.6,19.4,93,1016,3.8,240,0
1974,6,5,3,0,0,0,20.6,19.4,93,1016,2.9,240,0
1974,6,5,4,0,0,0,20.6,19.4,93,1016,2.1,240,0
1974,6,5,5,8,0,8,20.8,19.6,93,1017,2.6,230,0
1974,6,5,6,52,2,52,20.9,19.7,93,1017,3.1,220,0
1974,6,5,7,86,8,83,21.1,20,93,1018,3.6,210,0
1974,6,5,8,231,4,229,22.6,20.5,88,1018,3.1,220,0
1974,6,5,9,333,5,329,24.1,20.8,82,1018,2.6,220,0
1974,6,5,10,397,8,390,25.6,21.1,77,1017,2.1,230,0
1974,6,5,11,725,369,363,26,21.5,76,1017,3.3,190,0
1974,6,5,12,817,503,315,26.3,21.5,75,1016,4.5,160,0
1974,6,5,13,854,682,201,26.7,21.7,74,1016,5.7,120,0
1974,6,5,14,538,268,308,25.9,21.4,76,1016,5.5,120,0
1974,6,5,15,351,41,321,25.2,20.9,77,1015,5.4,130,0
1974,6,5,16,126,3,125,24.4,20.6,79,1015,5.2,130,0
1974,6,5,17,137,14,132,23.5,20.5,83,1016,4.5,160,0
1974,6,5,18,34,0,33,22.6,20.2,86,1016,3.8,190,0
1974,6,5,19,0,0,0,21.7,20,90,1017,3.1,220,0
1974,6,5,20,0,0,0,21.5,20,91,1017,3.1,230,0
1974,6,5,21,0,0,0,21.3,20,92,1017,3.1,230,0
1974,6,5,22,0,0,0,21.1,20,93,1017,3.1,240,0
1974,6,5,23,0,0,0,20.9,19.6,92,1017,2.1,230,0
1974,6,6,0,0,0,0,20.8,19.3,91,1016,1,220,0
1974,6,6,1,0,0,0,20.6,18.9,90,1016,0,0,0
1974,6,6,2,0,0,0,20.4,18.9,91,1016,0.7,210,0
1974,6,6,3,0,0,0,20.2,18.9,92,1015,1.4,200,0
1974,6,6,4,0,0,0,20,18.9,93,1015,2.1,190,0
1974,6,6,5,11,3,10,21.5,19.6,89,1016,1.4,180,0
1974,6,6,6,75,35,69,22.9,20.4,86,1016,0.7,160,0
1974,6,6,7,213,157,150,24.4,21.1,82,1016,0,0,0
1974,6,6,8,385,302,203,24.8,20.9,79,1016,1.4,130,0
1974,6,6,9,555,256,357,25.2,20.9,77,1017,2.7,120,0
1974,6,6,10,545,176,386,25.6,20.6,74,1017,4.1,100,0
1974,6,6,11,509,152,361,26.9,21,70,1016,4.8,100,0
1974,6,6,12,767,337,430,28.1,20.9,65,1016,5.5,110,0
1974,6,6,13,745,444,321,29.4,21.1,61,1016,6.2,110,0
1974,6,6,14,668,467,266,28.5,20.8,63,1016,6,110,0
1974,6,6,15,346,197,205,27.6,20.4,65,1015,5.9,120,0
1974,6,6,16,356,439,125,26.7,20,67,1015,5.7,120,0
1974,6,6,17,159,119,122,25.6,20.4,73,1016,4.8,140,0
1974,6,6,18,47,37,43,24.4,20.3,78,1016,4,150,0
1974,6,6,19,0,0,0,23.3,20.6,84,1017,3.1,170,0
1974,6,6,20,0,0,0,22.9,20.3,85,1017,3.1,180,0
1974,6,6,21,0,0,0,22.6,20.2,86,1017,3.1,200,0
1974,6,6,22,0,0,0,22.2,20,87,1018,3.1,210,0
1974,6,6,23,0,0,0,22,19.8,87,1017,2.9,210,0
1974,6,7,0,0,0,0,21.9,19.7,87,1017,2.8,210,0
1974,6,7,1,0,0,0,21.7,19.4,87,1017,2.6,210,0
1974,6,7,2,0,0,0,21.5,19.3,87,1017,2.2,160,0
1974,6,7,3,0,0,0,21.3,19.1,87,1016,1.9,110,0
1974,6,7,4,0,0,0,21.1,18.9,87,1016,1.5,60,0
1974,6,7,5,4,3,4,21.8,19.6,87,1017,1.9,120,0
1974,6,7,6,61,46,53,22.6,20.3,87,1017,2.2,170,0
1974,6,7,7,245,240,150,23.3,21.1,87,1018,2.6,230,0
1974,6,7,8,372,225,237,24.1,21,83,1018,3.8,190,0
1974,6,7,9,429,113,342,24.8,20.7,78,1018,5,150,0
1974,6,7,10,476,145,345,25.6,20.6,74,1018,6.2,110,0
1974,6,7,11,456,125,333,25.8,20.4,72,1017,5.5,110,0
1974,6,7,12,297,11,286,25.9,20.3,71,1017,4.8,100,0
1974,6,7,13,297,12,285,26.1,20,69,1017,4.1,100,0
1974,6,7,14,397,10,388,25.9,19.8,69,1017,4.1,100,0
1974,6,7,15,250,15,239,25.8,19.7,69,1016,4.1,110,0
1974,6,7,16,163,5,160,25.6,19.4,69,1016,4.1,110,0
1974,6,7,17,134,26,126,24.3,19.4,74,1016,2.7,130,0
1974,6,7,18,39,62,32,23,19.2,79,1017,1.4,150,0
1974,6,7,19,0,0,0,21.7,18.9,84,1017,0,0,0
1974,6,7,20,0,0,0,21.5,19.1,86,1017,1,190,0
1974,6,7,21,0,0,0,21.3,19.2,88,1018,2.1,210,0
1974,6,7,22,0,0,0,21.1,19.4,90,1018,3.1,230,0
1974,6,7,23,0,0,0,20.9,19.4,91,1017,2.9,180,0
1974,6,8,0,0,0,0,20.8,19.5,92,1017,2.8,120,0
1974,6,8,1,0,0,0,20.6,19.4,93,1016,2.6,70,0
1974,6,8,2,0,0,0,20.6,19.4,93,1016,2.4,130,0
1974,6,8,3,0,0,0,20.6,19.4,93,1016,2.3,190,0
1974,6,8,4,0,0,0,20.6,19.4,93,1016,2.1,250,0
1974,6,8,5,8,0,8,22.1,20,88,1016,1.9,260,0
1974,6,8,6,72,47,64,23.5,20.7,84,1017,1.7,280,0
1974,6,8,7,197,220,109,25,21.1,79,1017,1.5,290,0
1974,6,8,8,289,148,200,24.4,20.5,79,1017,1.9,300,0
1974,6,8,9,498,341,234,23.9,20.1,79,1017,2.2,320,0
1974,6,8,10,381,211,191,23.3,19.4,79,1017,2.6,330,0
1974,6,8,11,503,137,369,24.2,19.9,77,1017,2.4,340,0
1974,6,8,12,647,376,272,25.2,20.3,74,1016,2.3,360,0
1974,6,8,13,469,123,352,26.1,20.6,72,1016,2.1,10,0
1974,6,8,14,525,296,270,25.9,20.5,72,1016,2.6,10,0
1974,6,8,15,326,139,227,25.8,20.2,71,1015,3.1,0,0
1974,6,8,16,192,25,179,25.6,20,71,1015,3.6,0,0
1974,6,8,17,109,26,101,25,19.6,72,1015,3.3,0,0
1974,6,8,18,55,102,44,24.5,19.4,73,1016,2.9,10,0
1974,6,8,19,0,0,0,23.9,18.9,74,1016,2.6,10,0
1974,6,8,20,0,0,0,23.3,19.1,77,1016,2.4,330,0
1974,6,8,21,0,0,0,22.8,19,79,1017,2.3,280,0
1974,6,8,22,0,0,0,22.2,18.9,82,1017,2.1,240,0
1974,6,8,23,0,0,0,22,19.2,84,1016,1.9,230,0
1974,6,9,0,0,0,0,21.9,19.3,85,1016,1.7,220,0
1974,6,9,1,0,0,0,21.7,19.4,87,1015,1.5,210,0
1974,6,9,2,0,0,0,21.3,19.2,88,1015,1.9,240,0
1974,6,9,3,0,0,0,21,19.1,89,1015,2.2,260,0
1974,6,9,4,0,0,0,20.6,18.9,90,1015,2.6,290,0
1974,6,9,5,7,7,6,21.9,19.3,85,1015,2.2,310,0
1974,6,9,6,83,51,74,23.1,19.7,81,1016,1.9,330,0
1974,6,9,7,284,420,118,24.4,20,76,1016,1.5,350,0
1974,6,9,8,408,431,149,25,20.3,75,1016,2.5,350,0
1974,6,9,9,721,743,146,25.5,20.8,75,1015,3.6,360,0
1974,6,9,10,673,415,298,26.1,21.1,74,1015,4.6,0,0
1974,6,9,11,661,353,316,26.3,20.9,72,1015,3.8,10,0
1974,6,9,12,705,386,320,26.5,20.8,71,1015,2.9,20,0
1974,6,9,13,699,402,313,26.7,20.6,69,1014,2.1,30,0
1974,6,9,14,698,567,210,26.7,20.6,69,1014,2.4,20,0
1974,6,9,15,434,145,331,26.7,20.6,69,1014,2.8,10,0
1974,6,9,16,334,399,123,26.7,20.6,69,1013,3.1,0,0
1974,6,9,17,229,428,93,25.8,20.2,71,1014,2.8,10,0
1974,6,9,18,39,17,37,24.8,19.4,72,1014,2.4,10,0
1974,6,9,19,0,0,0,23.9,18.9,74,1015,2.1,20,0
1974,6,9,20,0,0,0,22.8,18.8,78,1015,2.6,330,0
1974,6,9,21,0,0,0,21.7,18.7,83,1015,3.1,290,0
1974,6,9,22,0,0,0,20.6,18.3,87,1016,3.6,240,0
1974,6,9,23,0,0,0,19.8,17,84,1015,3.4,230,0
1974,6,10,0,0,0,0,19.1,15.8,81,1015,3.3,220,0
1974,6,10,1,0,0,0,18.3,14.4,78,1014,3.1,210,0
1974,6,10,2,0,0,0,18.7,14.4,76,1014,2.9,210,0
1974,6,10,3,0,0,0,19,14.5,75,1014,2.8,220,0
1974,6,10,4,0,0,0,19.4,14.4,73,1014,2.6,220,0
1974,6,10,5,13,14,11,20.9,15.7,72,1014,2.8,210,0
1974,6,10,6,93,38,86,22.4,17.1,72,1014,2.9,190,0
1974,6,10,7,155,10,151,23.9,18.3,71,1015,3.1,180,0
1974,6,10,8,303,133,224,24.3,19.2,73,1015,3.1,230,0
1974,6,10,9,507,272,297,24.6,19.7,74,1015,3.1,290,0
1974,6,10,10,585,329,289,25,20.6,76,1015,3.1,340,0
1974,6,10,11,680,362,326,25.4,20.7,75,1015,4.5,20,0
1974,6,10,12,760,494,267,25.7,20.5,73,1014,5.8,50,0
1974,6,10,13,539,138,407,26.1,20.6,72,1014,7.2,90,0
1974,6,10,14,480,124,373,25.5,20.3,73,1014,5.7,40,0
1974,6,10,15,291,7,286,25,20.3,75,1014,4.1,340,0
1974,6,10,16,211,2,210,24.4,20,76,1014,2.6,290,0
1974,6,10,17,100,1,100,24,19.7,77,1014,2.8,330,0
1974,6,10,18,43,0,43,23.7,19.7,78,1014,2.9,0,0
1974,6,10,19,0,0,0,23.3,19.4,79,1015,3.1,40,0
1974,6,10,20,0,0,0,22.8,19.6,82,1015,2.6,100,0
1974,6,10,21,0,0,0,22.2,19.4,84,1015,2,160,0
1974,6,10,22,0,0,0,21.7,19.4,87,1015,1.5,220,0
1974,6,10,23,0,0,0,21.5,19.6,89,1015,2.2,240,0
1974,6,11,0,0,0,0,21.3,19.8,91,1015,2.9,270,0
1974,6,11,1,0,0,0,21.1,20,93,1015,3.6,290,0
1974,6,11,2,0,0,0,21.1,19.9,93,1015,3.1,270,0
1974,6,11,3,0,0,0,21.1,19.9,93,1015,2.6,260,0
1974,6,11,4,0,0,0,21.1,20,93,1015,2.1,240,0
1974,6,11,5,8,5,8,22.2,20.1,88,1015,1.4,270,0
1974,6,11,6,43,3,42,23.3,20.5,84,1015,0.7,300,0
1974,6,11,7,127,3,126,24.4,20.6,79,1016,0,0,0
1974,6,11,8,381,155,288,25.3,20.3,74,1016,0.9,350,0
1974,6,11,9,454,198,301,26.3,19.9,68,1015,1.7,20,0
1974,6,11,10,577,282,323,27.2,19.4,63,1015,2.6,50,0
1974,6,11,11,778,433,354,27.2,19.6,63,1015,2.9,40,0
1974,6,11,12,548,149,400,27.2,19.6,63,1015,3.3,20,0
1974,6,11,13,502,109,397,27.2,19.4,63,1015,3.6,10,0
1974,6,11,14,597,360,287,26.8,19.4,64,1015,3.6,30,0
1974,6,11,15,376,141,275,26.5,19.2,64,1015,3.6,40,0
1974,6,11,16,251,144,174,26.1,18.9,65,1015,3.6,60,0
1974,6,11,17,147,127,107,25.4,19.5,70,1015,3.1,70,0
1974,6,11,18,52,47,46,24.6,19.7,74,1015,2.6,80,0
1974,6,11,19,0,0,0,23.9,20,79,1016,2.1,90,0
1974,6,11,20,0,0,0,23.5,20.3,82,1016,2.1,130,0
1974,6,11,21,0,0,0,23.2,20.4,84,1016,2.1,170,0
1974,6,11,22,0,0,0,22.8,20.6,87,1016,2.1,210,0
1974,6,11,23,0,0,0,22.8,20.3,86,1016,2.3,210,0
1974,6,12,0,0,0,0,22.8,20.2,85,1015,2.4,220,0
1974,6,12,1,0,0,0,22.8,20,84,1015,2.6,220,0
1974,6,12,2,0,0,0,22.8,19.8,83,1015,1.7,220,0
1974,6,12,3,0,0,0,22.8,19.8,83,1015,0.9,230,0
1974,6,12,4,0,0,0,22.8,19.4,82,1015,0,0,0
1974,6,12,5,9,1,9,23,19.8,82,1016,0.7,230,0
1974,6,12,6,56,27,52,23.1,19.9,82,1016,1.4,240,0
1974,6,12,7,208,123,160,23.3,20,82,1016,2.1,240,0
1974,6,12,8,343,212,216,24.6,19.9,75,1016,2.9,180,0
1974,6,12,9,620,561,187,25.9,19.3,67,1017,3.8,120,0
1974,6,12,10,693,516,228,27.2,18.9,60,1017,4.6,60,0
1974,6,12,11,746,543,216,27.4,18.7,59,1016,4.4,40,0
1974,6,12,12,855,560,297,27.6,18.9,59,1016,4.3,30,0
1974,6,12,13,714,376,355,27.8,18.9,58,1016,4.1,10,0
1974,6,12,14,625,389,290,27.2,18.8,60,1016,4.1,10,0
1974,6,12,15,487,324,255,26.7,19.1,63,1015,4.1,20,0
1974,6,12,16,380,421,157,26.1,18.9,65,1015,4.1,20,0
1974,6,12,17,167,171,112,25.2,18.7,67,1016,2.7,0,0
1974,6,12,18,42,62,35,24.2,18.2,69,1016,1.4,350,0
1974,6,12,19,0,0,0,23.3,17.8,71,1017,0,0,0
1974,6,12,20,0,0,0,22.9,18.3,75,1017,0,0,0
1974,6,12,21,0,0,0,22.6,18.6,78,1017,0,0,0
1974,6,12,22,0,0,0,22.2,18.9,82,1017,0,0,0
1974,6,12,23,0,0,0,21.8,18.6,82,1017,0.9,260,0
1974,6,13,0,0,0,0,21.5,18.1,81,1016,1.7,250,0
1974,6,13,1,0,0,0,21.1,17.8,81,1016,2.6,230,0
1974,6,13,2,0,0,0,20.9,17.7,82,1016,2.8,190,0
1974,6,13,3,0,0,0,20.8,17.8,83,1016,2.9,160,0
1974,6,13,4,0,0,0,20.6,17.8,84,1016,3.1,120,0
1974,6,13,5,6,5,6,21.5,18.1,81,1016,2.9,170,0
1974,6,13,6,68,50,59,22.4,18.6,79,1017,2.8,230,0
1974,6,13,7,141,40,125,23.3,18.9,76,1017,2.6,280,0
1974,6,13,8,235,19,223,24.2,18.9,72,1017,3.5,320,0
1974,6,13,9,519,312,278,25.2,19.1,69,1017,4.3,350,0
1974,6,13,10,416,129,299,26.1,18.9,65,1017,5.2,30,0
1974,6,13,11,589,141,451,26.1,18.8,64,1017,4.7,30,0
1974,6,13,12,543,92,450,26.1,18.5,63,1016,4.1,20,0
1974,6,13,13,607,262,356,26.1,18.3,62,1016,3.6,20,0
1974,6,13,14,587,274,351,26.1,18,61,1016,3.3,30,0
1974,6,13,15,501,311,278,26.1,18,61,1015,2.9,40,0
1974,6,13,16,333,260,195,26.1,17.8,60,1015,2.6,50,0
1974,6,13,17,188,203,123,24.8,17.8,65,1016,1.7,80,0
1974,6,13,18,37,51,31,23.5,18,71,1016,0.9,110,0
1974,6,13,19,0,0,0,22.2,17.8,76,1016,0,0,0
1974,6,13,20,0,0,0,21.8,17.8,78,1016,1,160,0
1974,6,13,21,0,0,0,21.5,17.7,79,1017,2.1,190,0
1974,6,13,22,0,0,0,21.1,17.8,81,1017,3.1,220,0
1974,6,13,23,0,0,0,20.7,17.3,81,1016,2.9,220,0
1974,6,14,0,0,0,0,20.4,17.1,81,1016,2.8,230,0
1974,6,14,1,0,0,0,20,16.7,81,1015,2.6,230,0
1974,6,14,2,0,0,0,20.2,17.1,82,1015,2.4,230,0
1974,6,14,3,0,0,0,20.4,17.4,83,1016,2.3,240,0
1974,6,14,4,0,0,0,20.6,17.8,84,1016,2.1,240,0
1974,6,14,5,11,9,10,21.9,18.9,83,1016,2.1,280,0
1974,6,14,6,73,177,42,23.1,20.1,83,1016,2.1,320,0
1974,6,14,7,283,477,95,24.4,21.1,82,1017,2.1,360,0
1974,6,14,8,362,226,227,24.4,20.5,79,1017,1.4,350,0
1974,6,14,9,482,269,276,24.4,20.1,77,1017,0.7,340,0
1974,6,14,10,407,55,358,24.4,19.4,74,1017,0,0,0
1974,6,14,11,521,116,407,25.2,19.8,72,1017,1,330,0
1974,6,14,12,757,385,373,25.9,20.3,71,1016,2.1,320,0
1974,6,14,13,791,511,301,26.7,20.6,69,1016,3.1,310,0
1974,6,14,14,415,42,379,25.2,20.7,76,1016,2.9,310,0
1974,6,14,15,315,102,241,23.7,20.7,83,1015,2.8,320,0
1974,6,14,16,134,13,127,22.2,20.6,90,1015,2.6,320,0
1974,6,14,17,94,12,90,21.8,20.3,91,1016,2.6,310,0
1974,6,14,18,33,2,33,21.5,20.2,92,1016,2.6,290,0
1974,6,14,19,0,0,0,21.1,20,93,1016,2.6,280,0
1974,6,14,20,0,0,0,21.1,19.9,93,1016,2.9,260,0
1974,6,14,21,0,0,0,21.1,19.9,93,1017,3.3,250,0
1974,6,14,22,0,0,0,21.1,20,93,1017,3.6,230,0
1974,6,14,23,0,0,0,21.1,19.9,93,1016,2.4,240,0
1974,6,15,0,0,0,0,21.1,19.9,93,1016,1.2,250,0
1974,6,15,1,0,0,0,21.1,20,93,1015,0,0,0
1974,6,15,2,0,0,0,20.7,19.4,92,1015,0.9,260,0
1974,6,15,3,0,0,0,20.4,18.9,91,1015,1.7,270,0
1974,6,15,4,0,0,0,20,18.3,90,1015,2.6,280,0
1974,6,15,5,10,7,9,20.7,19,90,1015,3.5,260,0
1974,6,15,6,61,12,59,21.5,19.8,90,1016,4.3,240,0
1974,6,15,7,232,166,167,22.2,20.6,90,1016,5.2,220,0
1974,6,15,8,283,163,186,23.7,20.5,82,1016,4,210,0
1974,6,15,9,677,529,269,25.2,20,73,1016,2.7,210,0
1974,6,15,10,602,253,375,26.7,19.4,65,1016,1.5,200,0
1974,6,15,11,594,203,396,26.7,19.8,66,1016,2.7,170,0
1974,6,15,12,584,146,438,26.7,20.3,68,1015,4,130,0
1974,6,15,13,423,13,411,26.7,20.6,69,1015,5.2,100,0
1974,6,15,14,303,10,294,25.9,20.3,71,1015,4.5,110,0
1974,6,15,15,260,13,251,25.2,20.3,74,1015,3.8,120,0
1974,6,15,16,230,4,228,24.4,20,76,1015,3.1,130,0
1974,6,15,17,117,3,116,23.7,20.1,80,1015,4.3,130,0
1974,6,15,18,39,2,39,22.9,19.9,83,1016,5.5,120,0
1974,6,15,19,0,0,0,22.2,20,87,1016,6.7,120,0
1974,6,15,20,0,0,0,21.8,19.7,88,1016,5.3,150,0
1974,6,15,21,0,0,0,21.5,19.6,89,1016,4,180,0
1974,6,15,22,0,0,0,21.1,19.4,90,1017,2.6,210,0
1974,6,15,23,0,0,0,21.1,19.4,90,1016,2.6,190,0
1974,6,16,0,0,0,0,21.1,19.4,90,1016,2.6,170,0
1974,6,16,1,0,0,0,21.1,19.4,90,1015,2.6,150,0
1974,6,16,2,0,0,0,21.1,19.4,90,1015,3.3,160,0
1974,6,16,3,0,0,0,21.1,19.4,90,1015,3.9,180,0
1974,6,16,4,0,0,0,21.1,19.4,90,1015,4.6,190,0
1974,6,16,5,5,0,5,21.8,19.7,88,1015,3.9,180,0
1974,6,16,6,76,41,69,22.6,20.2,86,1016,3.3,180,0
1974,6,16,7,182,1,182,23.3,20.6,84,1016,2.6,170,0
1974,6,16,8,326,220,195,24.8,20.3,76,1016,3.5,150,0
1974,6,16,9,617,500,232,26.3,20.2,69,1016,4.3,120,0
1974,6,16,10,825,730,168,27.8,19.4,61,1016,5.2,100,0
1974,6,16,11,934,806,147,28.2,19.7,60,1015,5.7,100,0
1974,6,16,12,975,866,112,28.5,20,60,1015,6.2,100,0
1974,6,16,13,786,685,129,28.9,20,59,1014,6.7,100,0
1974,6,16,14,863,915,74,28.2,20.2,62,1014,6.5,110,0
1974,6,16,15,672,785,107,27.4,20.5,66,1014,6.4,110,0
1974,6,16,16,480,722,93,26.7,20.6,69,1014,6.2,120,0
1974,6,16,17,221,450,76,25.6,20.4,73,1014,5,140,0
1974,6,16,18,61,175,41,24.4,20.3,78,1015,3.8,150,0
1974,6,16,19,0,0,0,23.3,20,82,1015,2.6,170,0
1974,6,16,20,0,0,0,22.8,20.3,86,1015,2.8,180,0
1974,6,16,21,0,0,0,22.2,20.3,89,1016,2.9,190,0
1974,6,16,22,0,0,0,21.7,20.6,93,1016,3.1,200,0
1974,6,16,23,0,0,0,21.7,20.5,93,1016,2.9,170,0
1974,6,17,0,0,0,0,21.7,20.5,93,1015,2.8,140,0
1974,6,17,1,0,0,0,21.7,20.6,93,1015,2.6,110,0
1974,6,17,2,0,0,0,21.7,20.5,93,1014,2.8,140,0
1974,6,17,3,0,0,0,21.7,20.5,93,1014,2.9,180,0
1974,6,17,4,0,0,0,21.7,20.6,93,1014,3.1,210,0
1974,6,17,5,2,0,2,21.9,20.6,92,1014,2.8,220,0
1974,6,17,6,60,2,60,22,20.5,91,1015,2.4,240,0
1974,6,17,7,165,2,164,22.2,20.6,90,1015,2.1,250,0
1974,6,17,8,292,74,248,23.7,20.7,83,1015,3.1,210,0
1974,6,17,9,449,150,334,25.2,20.7,76,1015,4.2,160,0
1974,6,17,10,827,566,318,26.7,20.6,69,1015,5.2,120,0
1974,6,17,11,749,454,306,27.4,20.5,66,1014,5.5,120,0
1974,6,17,12,877,660,218,28.2,20.2,62,1014,5.9,110,0
1974,6,17,13,950,785,196,28.9,20,59,1013,6.2,110,0
1974,6,17,14,727,579,226,28.2,20.2,62,1013,5.9,110,0
1974,6,17,15,619,665,140,27.4,20.5,66,1012,5.5,120,0
1974,6,17,16,440,582,128,26.7,20.6,69,1012,5.2,120,0
1974,6,17,17,195,312,94,25.6,20.6,74,1012,4.3,120,0
1974,6,17,18,38,16,36,24.4,20.5,79,1013,3.5,110,0
1974,6,17,19,0,0,0,23.3,20.6,84,1014,2.6,110,0
1974,6,17,20,0,0,0,22.9,20.6,87,1014,2.8,140,0
1974,6,17,21,0,0,0,22.6,20.9,90,1014,2.9,160,0
1974,6,17,22,0,0,0,22.2,21.1,93,1015,3.1,190,0
1974,6,17,23,0,0,0,21.7,20.7,94,1014,3.6,200,0
1974,6,18,0,0,0,0,21.1,20.4,96,1014,4.1,220,0
1974,6,18,1,0,0,0,20.6,20,97,1013,4.6,230,0
1974,6,18,2,0,0,0,20.8,20.2,96,1013,3.8,240,0
1974,6,18,3,0,0,0,20.9,19.9,94,1013,2.9,240,0
1974,6,18,4,0,0,0,21.1,20,93,1013,2.1,250,0
1974,6,18,5,7,9,5,21.7,20.5,93,1014,2.1,260,0
1974,6,18,6,65,34,59,22.2,21,93,1014,2.1,260,0
1974,6,18,7,191,65,166,22.8,21.7,93,1014,2.1,270,0
1974,6,18,8,360,259,205,24.5,22,86,1014,4,220,0
1974,6,18,9,473,271,264,26.1,22.2,79,1014,5.8,160,0
1974,6,18,10,807,660,213,27.8,22.2,72,1014,7.7,110,0
1974,6,18,11,653,379,283,28,22,70,1013,7.7,110,0
1974,6,18,12,795,592,204,28.1,21.4,67,1013,7.7,120,0
1974,6,18,13,833,615,244,28.3,21.1,65,1013,7.7,120,0
1974,6,18,14,680,546,207,27.6,20.9,67,1013,7.2,120,0
1974,6,18,15,574,564,168,26.8,20.9,70,1013,6.7,120,0
1974,6,18,16,387,440,151,26.1,20.6,72,1013,6.2,120,0
1974,6,18,17,189,253,107,25.4,20.4,74,1013,5,130,0
1974,6,18,18,33,14,32,24.6,20.3,77,1014,3.8,140,0
1974,6,18,19,0,0,0,23.9,20,79,1015,2.6,150,0
1974,6,18,20,0,0,0,23.5,20.3,82,1015,2.6,170,0
1974,6,18,21,0,0,0,23.2,20.4,84,1016,2.6,180,0
1974,6,18,22,0,0,0,22.8,20.6,87,1016,2.6,200,0
1974,6,18,23,0,0,0,22.2,20.1,88,1016,2.6,200,0
1974,6,19,0,0,0,0,21.7,19.8,89,1015,2.6,210,0
1974,6,19,1,0,0,0,21.1,19.4,90,1015,2.6,210,0
1974,6,19,2,0,0,0,20.7,18.8,89,1015,2.4,210,0
1974,6,19,3,0,0,0,20.4,18.4,88,1015,2.3,200,0
1974,6,19,4,0,0,0,20,17.8,87,1015,2.1,200,0
1974,6,19,5,13,49,7,21.1,18.7,86,1016,2.1,200,0
1974,6,19,6,90,251,47,22.2,19.6,85,1016,2.1,200,0
1974,6,19,7,207,61,183,23.3,20.6,84,1017,2.1,200,0
1974,6,19,8,490,538,170,24.8,20.5,77,1016,3.1,160,0
1974,6,19,9,383,188,238,26.3,20.4,70,1016,4.2,130,0
1974,6,19,10,904,874,119,27.8,20,63,1016,5.2,90,0
1974,6,19,11,883,746,155,28.2,20.2,62,1016,5.7,100,0
1974,6,19,12,842,631,212,28.5,20,60,1015,6.2,110,0
1974,6,19,13,833,668,192,28.9,20,59,1015,6.7,120,0
1974,6,19,14,804,728,175,28.3,20.1,61,1015,5.8,100,0
1974,6,19,15,578,522,202,27.8,20.1,63,1015,5,80,0
1974,6,19,16,329,305,165,27.2,20,65,1015,4.1,60,0
1974,6,19,17,123,1,123,26.1,20.2,70,1016,3.8,80,0
1974,6,19,18,39,30,36,25,20.1,74,1016,3.4,90,0
1974,6,19,19,0,0,0,23.9,20,79,1017,3.1,110,0
1974,6,19,20,0,0,0,23.3,19.9,81,1017,3.1,150,0
1974,6,19,21,0,0,0,22.8,19.6,82,1018,3.1,200,0
1974,6,19,22,0,0,0,22.2,19.4,84,1018,3.1,240,0
1974,6,19,23,0,0,0,22,19,83,1017,3.1,230,0
1974,6,20,0,0,0,0,21.9,18.7,82,1017,3.1,230,0
1974,6,20,1,0,0,0,21.7,18.3,81,1016,3.1,220,0
1974,6,20,2,0,0,0,21.7,19.1,85,1016,3.1,230,0
1974,6,20,3,0,0,0,21.7,19.8,89,1016,3.1,240,0
1974,6,20,4,0,0,0,21.7,20.6,93,1016,3.1,250,0
1974,6,20,5,10,17,8,22.2,20.8,92,1016,3.3,260,0
1974,6,20,6,78,105,60,22.8,21.3,91,1017,3.4,280,0
1974,6,20,7,196,173,129,23.3,21.7,90,1017,3.6,290,0
1974,6,20,8,433,481,147,24.4,21.1,82,1017,3.4,310,0
1974,6,20,9,598,424,272,25.6,20.9,75,1018,3.3,330,0
1974,6,20,10,891,803,170,26.7,20,67,1018,3.1,350,0
1974,6,20,11,748,536,225,26.9,20,66,1017,3.3,10,0
1974,6,20,12,943,750,195,27,19.6,64,1017,3.4,30,0
1974,6,20,13,857,700,185,27.2,19.4,63,1017,3.6,50,0
1974,6,20,14,742,617,208,26.5,19.9,67,1016,3.1,20,0
1974,6,20,15,367,174,242,25.7,20.3,72,1016,2.6,360,0
1974,6,20,16,291,105,235,25,20.6,76,1016,2.1,330,0
1974,6,20,17,166,66,144,24.4,20.1,77,1016,2.3,20,0
1974,6,20,18,42,15,41,23.9,19.8,78,1017,2.4,70,0
1974,6,20,19,0,0,0,23.3,19.4,79,1017,2.6,120,0
1974,6,20,20,0,0,0,22.8,19.8,83,1017,2.4,140,0
1974,6,20,21,0,0,0,22.2,19.8,86,1017,2.3,160,0
1974,6,20,22,0,0,0,21.7,20,90,1018,2.1,180,0
1974,6,20,23,0,0,0,21.3,19.8,91,1017,2.4,190,0
1974,6,21,0,0,0,0,21,19.7,92,1017,2.8,210,0
1974,6,21,1,0,0,0,20.6,19.4,93,1017,3.1,220,0
1974,6,21,2,0,0,0,20.2,18.9,92,1017,3.1,220,0
1974,6,21,3,0,0,0,19.8,18.3,91,1017,3.1,210,0
1974,6,21,4,0,0,0,19.4,17.8,90,1017,3.1,210,0
1974,6,21,5,7,1,7,20.2,18.7,91,1017,2.8,220,0
1974,6,21,6,43,4,43,20.9,19.6,92,1017,2.4,240,0
1974,6,21,7,162,200,84,21.7,20.6,93,1018,2.1,250,0
1974,6,21,8,293,125,219,23.4,20.6,84,1018,2.4,280,0
1974,6,21,9,670,550,248,25,20.5,76,1018,2.8,310,0
1974,6,21,10,789,674,184,26.7,20,67,1018,3.1,340,0
1974,6,21,11,557,255,308,26.5,20.1,68,1017,4.3,20,0
1974,6,21,12,742,384,359,26.3,19.9,68,1017,5.5,50,0
1974,6,21,13,540,210,338,26.1,20,69,1017,6.7,90,0
1974,6,21,14,706,519,257,26.3,19.9,68,1016,5.3,70,0
1974,6,21,15,358,126,267,26.5,19.6,66,1016,4,50,0
1974,6,21,16,418,561,115,26.7,19.4,65,1016,2.6,30,0
1974,6,21,17,206,348,92,25,19.4,71,1016,2.6,330,0
1974,6,21,18,59,197,36,23.4,19.4,78,1017,2.6,280,0
1974,6,21,19,0,0,0,21.7,18.9,84,1017,2.6,220,0
1974,6,21,20,0,0,0,21.5,17.9,80,1017,2.9,220,0
1974,6,21,21,0,0,0,21.3,16.7,75,1018,3.3,230,0
1974,6,21,22,0,0,0,21.1,15.6,71,1018,3.6,230,0
1974,6,21,23,0,0,0,20.7,15.3,71,1018,2.9,210,0
1974,6,22,0,0,0,0,20.4,15,71,1017,2.2,200,0
1974,6,22,1,0,0,0,20,14.4,71,1017,1.5,180,0
1974,6,22,2,0,0,0,19.4,14.3,72,1017,2.2,190,0
1974,6,22,3,0,0,0,18.9,13.8,72,1016,2.9,190,0
1974,6,22,4,0,0,0,18.3,13.3,73,1016,3.6,200,0
1974,6,22,5,14,49,8,20.9,14.6,67,1017,2.4,180,0
1974,6,22,6,115,498,32,23.5,15.8,62,1017,1.2,160,0
1974,6,22,7,300,591,70,26.1,16.7,56,1018,0,0,0
1974,6,22,8,482,577,139,26.7,17.8,58,1018,1,110,0
1974,6,22,9,720,787,116,27.2,18.5,59,1018,2.1,90,0
1974,6,22,10,816,727,164,27.8,19.4,61,1018,3.1,70,0
1974,6,22,11,1006,872,155,27.6,19.7,62,1017,3.1,70,0
1974,6,22,12,936,752,186,27.4,20,64,1017,3.1,80,0
1974,6,22,13,946,848,132,27.2,20,65,1017,3.1,80,0
1974,6,22,14,712,566,221,26.7,19.8,66,1016,3.4,80,0
1974,6,22,15,435,209,284,26.1,19.7,68,1016,3.8,80,0
1974,6,22,16,270,83,225,25.6,19.4,69,1016,4.1,80,0
1974,6,22,17,148,127,106,25,19.4,71,1016,2.7,100,0
1974,6,22,18,34,0,34,24.5,19.6,74,1017,1.4,130,0
1974,6,22,19,0,0,0,23.9,19.4,76,1017,0,0,0
1974,6,22,20,0,0,0,23.2,20,82,1017,1.2,170,0
1974,6,22,21,0,0,0,22.4,20.1,87,1018,2.4,200,0
1974,6,22,22,0,0,0,21.7,20.6,93,1018,3.6,220,0
1974,6,22,23,0,0,0,21.7,20.5,93,1018,3.1,200,0
1974,6,23,0,0,0,0,21.7,20.5,93,1017,2.6,190,0
1974,6,23,1,0,0,0,21.7,20.6,93,1016,2.1,170,0
1974,6,23,2,0,0,0,21.5,20.3,93,1016,2.6,200,0
1974,6,23,3,0,0,0,21.3,20.1,93,1016,3.1,240,0
1974,6,23,4,0,0,0,21.1,20,93,1016,3.6,270,0
1974,6,23,5,10,18,7,22.4,20.1,87,1016,3.8,310,0
1974,6,23,6,91,99,75,23.7,20.1,80,1017,3.9,350,0
1974,6,23,7,237,222,151,25,20,74,1017,4.1,30,0
1974,6,23,8,356,188,244,25.4,20,72,1017,3.9,30,0
1974,6,23,9,405,95,332,25.7,20.1,71,1017,3.8,20,0
1974,6,23,10,612,403,251,26.1,20,69,1017,3.6,20,0
1974,6,23,11,549,216,339,26.7,19.8,66,1017,4.3,40,0
1974,6,23,12,894,745,151,27.2,19.8,64,1016,5,60,0
1974,6,23,13,759,442,334,27.8,19.4,61,1016,5.7,80,0
1974,6,23,14,830,787,147,27.2,19.3,62,1016,4.8,60,0
1974,6,23,15,660,787,90,26.7,19.3,64,1015,4,30,0
1974,6,23,16,445,669,84,26.1,18.9,65,1015,3.1,10,0
1974,6,23,17,232,377,108,24.8,19.2,71,1016,2.6,20,0
1974,6,23,18,55,139,39,23.5,19.5,78,1016,2,40,0
1974,6,23,19,0,0,0,22.2,19.4,84,1016,1.5,50,0
1974,6,23,20,0,0,0,22,19.6,86,1017,2.4,350,0
1974,6,23,21,0,0,0,21.9,19.8,88,1017,3.2,300,0
1974,6,23,22,0,0,0,21.7,20,90,1018,4.1,240,0
1974,6,23,23,0,0,0,21.3,19.8,91,1017,3.6,240,0
1974,6,24,0,0,0,0,21,19.7,92,1017,3.1,250,0
1974,6,24,1,0,0,0,20.6,19.4,93,1017,2.6,250,0
1974,6,24,2,0,0,0,20.4,19.2,93,1017,3.5,250,0
1974,6,24,3,0,0,0,20.2,19,93,1016,4.3,240,0
1974,6,24,4,0,0,0,20,18.9,93,1016,5.2,240,0
1974,6,24,5,7,2,7,20.9,19.2,90,1017,4.2,180,0
1974,6,24,6,103,177,74,21.9,19.7,87,1017,3.1,130,0
1974,6,24,7,121,56,99,22.8,20,84,1017,2.1,70,0
1974,6,24,8,268,130,191,23.9,19.8,78,1017,2.3,70,0
1974,6,24,9,402,107,320,25,19.8,73,1017,2.4,60,0
1974,6,24,10,562,289,302,26.1,19.4,67,1017,2.6,60,0
1974,6,24,11,731,292,446,26.5,19.6,66,1017,3.1,70,0
1974,6,24,12,745,411,334,26.8,19.9,66,1017,3.6,90,0
1974,6,24,13,710,367,358,27.2,20,65,1016,4.1,100,0
1974,6,24,14,552,370,230,26.8,19.9,66,1016,3.6,80,0
1974,6,24,15,519,404,226,26.5,19.6,66,1016,3.1,50,0
1974,6,24,16,252,55,222,26.1,19.4,67,1016,2.6,30,0
1974,6,24,17,121,48,105,24.8,19.6,73,1016,2.4,340,0
1974,6,24,18,40,7,39,23.5,19.5,78,1017,2.3,290,0
1974,6,24,19,0,0,0,22.2,19.4,84,1017,2.1,240,0
1974,6,24,20,0,0,0,21.7,19.5,87,1017,2.4,260,0
1974,6,24,21,0,0,0,21.1,19.4,90,1018,2.8,270,0
1974,6,24,22,0,0,0,20.6,19.4,93,1018,3.1,290,0
1974,6,24,23,0,0,0,20.6,19.3,92,1018,3.1,270,0
1974,6,25,0,0,0,0,20.6,19.1,91,1017,3.1,250,0
1974,6,25,1,0,0,0,20.6,18.9,90,1017,3.1,230,0
1974,6,25,2,0,0,0,20.6,18.9,90,1017,2.1,230,0
1974,6,25,3,0,0,0,20.6,18.9,90,1017,1,240,0
1974,6,25,4,0,0,0,20.6,18.9,90,1017,0,0,0
1974,6,25,5,8,8,6,21.9,19.7,87,1017,0.9,240,0
1974,6,25,6,78,155,52,23.1,20.5,85,1018,1.7,250,0
1974,6,25,7,255,331,127,24.4,21.1,82,1018,2.6,250,0
1974,6,25,8,445,493,154,24.8,20.3,76,1018,2.6,300,0
1974,6,25,9,391,73,335,25.2,19.4,70,1018,2.6,360,0
1974,6,25,10,731,477,304,25.6,18.3,64,1018,2.6,50,0
1974,6,25,11,794,565,243,26.3,18.7,63,1018,3.5,60,0
1974,6,25,12,767,485,283,27.1,19.2,62,1018,4.3,80,0
1974,6,25,13,803,519,304,27.8,19.4,61,1017,5.2,90,0
1974,6,25,14,763,648,201,27.2,19,61,1017,5.2,100,0
1974,6,25,15,592,590,164,26.7,18.8,62,1017,5.2,100,0
1974,6,25,16,413,452,169,26.1,18.3,62,1017,5.2,110,0
1974,6,25,17,110,78,84,25,18.9,69,1017,3.5,130,0
1974,6,25,18,35,30,31,23.9,19.2,75,1017,1.7,150,0
1974,6,25,19,0,0,0,22.8,19.4,82,1018,0,0,0
1974,6,25,20,0,0,0,22.1,19.1,83,1018,1,180,0
1974,6,25,21,0,0,0,21.3,18.3,83,1018,2.1,200,0
1974,6,25,22,0,0,0,20.6,17.8,84,1018,3.1,220,0
1974,6,25,23,0,0,0,20.4,17.1,81,1018,3.1,230,0
1974,6,26,0,0,0,0,20.2,16.5,79,1017,3.1,230,0
1974,6,26,1,0,0,0,20,15.6,76,1017,3.1,240,0
1974,6,26,2,0,0,0,19.3,14.8,75,1017,3.1,230,0
1974,6,26,3,0,0,0,18.5,13.8,74,1017,3.1,220,0
1974,6,26,4,0,0,0,17.8,12.8,73,1017,3.1,210,0
1974,6,26,5,13,39,8,19.8,14.4,71,1017,3.1,210,0
1974,6,26,6,81,81,68,21.9,15.8,68,1018,3.1,220,0
1974,6,26,7,236,244,143,23.9,17.2,66,1018,3.1,220,0
1974,6,26,8,393,374,172,25,17.7,64,1018,3.6,160,0
1974,6,26,9,399,121,307,26.1,18.3,62,1018,4.1,100,0
1974,6,26,10,655,525,185,27.2,18.9,60,1018,4.6,40,0
1974,6,26,11,809,602,222,27.6,19.2,60,1017,3.9,50,0
1974,6,26,12,861,590,273,27.9,19.2,59,1017,3.3,60,0
1974,6,26,13,630,304,338,28.3,19.4,59,1017,2.6,70,0
1974,6,26,14,868,765,205,27.6,19.4,61,1016,2.8,70,0
1974,6,26,15,525,399,236,26.8,19.2,63,1016,2.9,60,0
1974,6,26,16,448,644,99,26.1,18.9,65,1016,3.1,60,0
1974,6,26,17,238,493,75,24.4,18.8,71,1016,2.1,90,0
1974,6,26,18,44,97,33,22.8,18.8,78,1017,1,110,0
1974,6,26,19,0,0,0,21.1,18.3,84,1017,0,0,0
1974,6,26,20,0,0,0,20.5,17.3,82,1017,0.9,170,0
1974,6,26,21,0,0,0,20,16.5,80,1017,1.7,190,0
1974,6,26,22,0,0,0,19.4,15.6,78,1017,2.6,220,0
1974,6,26,23,0,0,0,19.6,15.3,76,1017,2.2,210,0
1974,6,27,0,0,0,0,19.8,14.9,73,1016,1.9,200,0
1974,6,27,1,0,0,0,20,14.4,71,1016,1.5,190,0
1974,6,27,2,0,0,0,20.2,15.7,75,1016,2,210,0
1974,6,27,3,0,0,0,20.4,16.9,80,1015,2.6,240,0
1974,6,27,4,0,0,0,20.6,17.8,84,1015,3.1,260,0
1974,6,27,5,2,1,2,21.7,17.5,77,1016,2.6,220,0
1974,6,27,6,69,31,64,22.8,17.3,71,1016,2,170,0
1974,6,27,7,140,7,137,23.9,16.7,64,1017,1.5,130,0
1974,6,27,8,272,71,230,24.3,16.8,63,1017,2,80,0
1974,6,27,9,346,73,291,24.6,17.1,63,1016,2.6,30,0
1974,6,27,10,506,330,210,25,17.2,62,1016,3.1,340,0
1974,6,27,11,477,54,425,26.3,18.2,61,1016,4.1,10,0
1974,6,27,12,460,191,269,27.6,19.2,60,1015,5.2,40,0
1974,6,27,13,632,263,380,28.9,20,59,1015,6.2,70,0
1974,6,27,14,650,419,286,27.8,19.9,62,1015,5.3,70,0
1974,6,27,15,502,366,236,26.7,19.3,64,1014,4.5,60,0
1974,6,27,16,219,32,201,25.6,18.9,67,1014,3.6,60,0
1974,6,27,17,145,49,129,24.1,19.6,76,1014,3.3,110,0
1974,6,27,18,51,22,49,22.6,19.8,84,1015,2.9,160,0
1974,6,27,19,0,0,0,21.1,20,93,1015,2.6,210,0
1974,6,27,20,0,0,0,20.9,19.7,93,1016,2.6,210,0
1974,6,27,21,0,0,0,20.8,19.6,93,1016,2.6,210,0
1974,6,27,22,0,0,0,20.6,19.4,93,1016,2.6,210,0
1974,6,27,23,0,0,0,20.4,19.1,92,1016,2.6,210,0
1974,6,28,0,0,0,0,20.2,18.7,91,1015,2.6,210,0
1974,6,28,1,0,0,0,20,18.3,90,1015,2.6,210,0
1974,6,28,2,0,0,0,19.6,17.8,89,1015,2.4,200,0
1974,6,28,3,0,0,0,19.3,17.3,88,1014,2.3,200,0
1974,6,28,4,0,0,0,18.9,16.7,87,1014,2.1,190,0
1974,6,28,5,9,20,6,19.6,17.8,89,1015,2.3,200,0
1974,6,28,6,100,280,55,20.4,18.9,91,1015,2.4,200,0
1974,6,28,7,124,6,121,21.1,20,93,1016,2.6,210,0
1974,6,28,8,288,67,248,23.1,19.7,81,1016,2.8,190,0
1974,6,28,9,358,92,288,25.2,19.4,70,1016,2.9,160,0
1974,6,28,10,477,213,286,27.2,18.3,58,1016,3.1,140,0
1974,6,28,11,879,684,212,27.8,18.8,58,1015,4.1,120,0
1974,6,28,12,774,448,327,28.3,19.5,59,1015,5.2,110,0
1974,6,28,13,908,825,114,28.9,20,59,1014,6.2,90,0
1974,6,28,14,447,222,253,27.8,19.9,62,1014,5.3,100,0
1974,6,28,15,415,249,234,26.7,19.8,66,1014,4.5,110,0
1974,6,28,16,213,50,186,25.6,19.4,69,1014,3.6,120,0
1974,6,28,17,152,48,136,24.3,19.8,76,1014,3.9,160,0
1974,6,28,18,38,5,37,23,20,83,1014,4.3,200,0
1974,6,28,19,0,0,0,21.7,20,90,1015,4.6,240,0
1974,6,28,20,0,0,0,21.7,19.8,89,1015,3.9,230,0
1974,6,28,21,0,0,0,21.7,19.6,88,1016,3.3,230,0
1974,6,28,22,0,0,0,21.7,19.4,87,1016,2.6,220,0
1974,6,28,23,0,0,0,21.3,19.2,88,1016,2.6,230,0
1974,6,29,0,0,0,0,21,19.1,89,1015,2.6,250,0
1974,6,29,1,0,0,0,20.6,18.9,90,1015,2.6,260,0
1974,6,29,2,0,0,0,20,18.3,90,1015,1.7,260,0
1974,6,29,3,0,0,0,19.5,17.8,90,1014,0.9,250,0
1974,6,29,4,0,0,0,18.9,17.2,90,1014,0,0,0
1974,6,29,5,12,39,6,21.1,18.3,84,1015,0.7,250,0
1974,6,29,6,92,343,37,23.4,19.2,77,1015,1.4,240,0
1974,6,29,7,304,622,66,25.6,20,71,1016,2.1,240,0
1974,6,29,8,494,674,97,26,20.1,70,1016,2.9,190,0
1974,6,29,9,741,759,163,26.3,19.9,68,1016,3.8,140,0
1974,6,29,10,615,262,381,26.7,20,67,1016,4.6,90,0
1974,6,29,11,773,496,290,27.2,19.8,64,1016,5,90,0
1974,6,29,12,764,482,284,27.8,19.9,62,1016,5.3,90,0
1974,6,29,13,845,687,184,28.3,19.4,59,1015,5.7,90,0
1974,6,29,14,739,652,172,27.2,19.3,62,1015,5,90,0
1974,6,29,15,436,187,300,26.1,18.8,64,1015,4.3,80,0
1974,6,29,16,294,193,189,25,18.3,67,1014,3.6,80,0
1974,6,29,17,162,137,116,24.6,18.8,70,1015,2.4,110,0
1974,6,29,18,37,29,33,24.3,19.2,73,1015,1.2,140,0
1974,6,29,19,0,0,0,23.9,19.4,76,1016,0,0,0
1974,6,29,20,0,0,0,23.2,19.4,79,1016,0.7,190,0
1974,6,29,21,0,0,0,22.4,19,81,1016,1.4,220,0
1974,6,29,22,0,0,0,21.7,18.9,84,1017,2.1,250,0
1974,6,29,23,0,0,0,21.3,18.3,83,1016,2.4,240,0
1974,6,30,0,0,0,0,21,17.8,82,1016,2.8,240,0
1974,6,30,1,0,0,0,20.6,17.2,81,1015,3.1,230,0
1974,6,30,2,0,0,0,19.8,16.7,82,1015,2.9,220,0
1974,6,30,3,0,0,0,19.1,16.2,83,1015,2.8,220,0
1974,6,30,4,0,0,0,18.3,15.6,84,1015,2.6,210,0
1974,6,30,5,13,48,6,20.2,16.3,78,1015,2.2,250,0
1974,6,30,6,70,165,43,22,16.7,72,1016,1.9,290,0
1974,6,30,7,287,533,83,23.9,17.2,66,1016,1.5,330,0
1974,6,30,8,416,513,115,25,18,65,1016,2.4,350,0
1974,6,30,9,475,199,323,26.1,18.8,64,1016,3.2,10,0
1974,6,30,10,560,246,340,27.2,19.4,63,1016,4.1,30,0
1974,6,30,11,703,392,321,26.7,20.3,68,1016,3.9,350,0
1974,6,30,12,500,95,406,26.1,20.7,72,1016,3.8,310,0
1974,6,30,13,424,74,353,25.6,21.1,77,1016,3.6,270,0
1974,6,30,14,600,387,263,26.1,20.9,73,1016,3.9,320,0
1974,6,30,15,560,454,230,26.7,20.6,69,1015,4.3,20,0
1974,6,30,16,417,553,116,27.2,20,65,1015,4.6,70,0
1974,6,30,17,167,278,74,25.9,20.3,71,1015,3.8,100,0
1974,6,30,18,41,90,31,24.2,20,77,1016,2.9,136,0
1974,6,30,19,0,0,0,22.8,19.7,82,1016,2.3,173,0
1974,6,30,20,0,0,0,22.5,19.5,83,1016,2.6,196,0
1974,6,30,21,0,0,0,22.2,19.4,84,1016,2.7,217,0
1974,6,30,22,0,0,0,21.9,19.2,84,1016,2.9,227,0
1974,6,30,23,0,0,0,21.7,19.1,84,1016,2.9,230,0
1985,7,1,0,0,0,0,21.5,19,86,1016,3,230,0
1985,7,1,1,0,0,0,21.3,18.8,85,1016,2.9,233,0
1985,7,1,2,0,0,0,21.2,19.2,88,1016,2.6,230,0
1985,7,1,3,0,0,0,20.7,19,89,1015,2.1,247,0
1985,7,1,4,0,0,0,20.9,18.9,88,1015,3.1,280,0
1985,7,1,5,5,1,5,20.7,19.4,91,1015,2.6,256,0
1985,7,1,6,30,21,27,20.6,18.9,90,1015,1.5,160,0
1985,7,1,7,106,28,95,20.6,19.4,93,1016,0,0,0
1985,7,1,8,131,10,125,21.1,20,93,1016,3.1,270,0
1985,7,1,9,337,1,336,22.8,20,84,1016,4.1,340,0
1985,7,1,10,342,10,333,23.3,18.9,76,1016,3.6,300,0
1985,7,1,11,421,121,302,25.6,18.9,67,1015,3.6,320,0
1985,7,1,12,414,57,357,26.1,18.9,65,1015,4.6,310,0
1985,7,1,13,524,109,419,26.1,19.4,67,1014,3.1,350,0
1985,7,1,14,792,737,150,26.1,19.4,67,1014,3.6,40,0
1985,7,1,15,657,807,69,26.7,18.3,60,1014,3.6,50,0
1985,7,1,16,413,450,168,26.1,18.9,65,1014,4.1,90,0
1985,7,1,17,251,555,66,25,18.3,67,1014,2.6,70,0
1985,7,1,18,54,74,45,23.9,18.9,74,1014,2.6,50,0
1985,7,1,19,0,0,0,22.8,18.3,76,1015,1.5,50,0
1985,7,1,20,0,0,0,22.8,18.9,79,1015,2.1,120,0
1985,7,1,21,0,0,0,21.7,18.3,81,1016,3.6,270,0
1985,7,1,22,0,0,0,21.7,17.8,79,1016,2.6,250,0
1985,7,1,23,0,0,0,20.6,18.3,87,1016,3.6,240,0
1985,7,2,0,0,0,0,20.6,18.9,90,1015,3.1,220,0
1985,7,2,1,0,0,0,20.6,18.9,90,1015,3.1,260,0
1985,7,2,2,0,0,0,20.6,19.4,93,1015,2.6,230,0
1985,7,2,3,0,0,0,20.6,18.3,87,1015,2.6,260,0
1985,7,2,4,0,0,0,20.6,18.9,90,1015,2.6,270,0
1985,7,2,5,2,0,2,20,18.3,90,1015,3.1,190,0
1985,7,2,6,70,49,62,20.6,18.9,90,1016,3.1,240,0
1985,7,2,7,245,255,149,22.8,20,84,1016,2.6,260,0
1985,7,2,8,174,4,172,23.9,19.4,76,1016,2.6,20,0
1985,7,2,9,378,124,284,24.4,20,76,1016,3.1,330,0
1985,7,2,10,606,415,234,26.1,18.3,62,1016,3.6,350,0
1985,7,2,11,360,191,173,25,18.9,69,1016,2.1,350,0
1985,7,2,12,928,643,286,25.6,18.9,67,1015,2.1,250,0
1985,7,2,13,632,383,263,26.1,19.4,67,1015,3.1,40,0
1985,7,2,14,440,196,269,26.1,18.9,65,1015,3.1,10,0
1985,7,2,15,423,282,217,26.7,20,67,1014,3.1,110,0
1985,7,2,16,427,571,115,26.1,18.9,65,1014,4.1,90,0
1985,7,2,17,164,186,102,25,19.4,71,1015,3.1,50,0
1985,7,2,18,49,22,47,23.9,18.9,74,1015,3.1,60,0
1985,7,2,19,0,0,0,23.3,18.9,76,1016,1.5,80,0
1985,7,2,20,0,0,0,23.9,18.9,74,1016,1.5,340,0
1985,7,2,21,0,0,0,22.8,18.3,76,1017,2.1,260,0
1985,7,2,22,0,0,0,22.8,18.3,76,1017,3.6,240,0
1985,7,2,23,0,0,0,22.2,18.3,79,1017,2.6,250,0
1985,7,3,0,0,0,0,21.7,17.8,79,1016,3.6,240,0
1985,7,3,1,0,0,0,21.7,16.7,73,1015,2.6,270,0
1985,7,3,2,0,0,0,21.7,17.2,76,1015,2.6,270,0
1985,7,3,3,0,0,0,21.7,18.9,84,1016,3.6,310,0
1985,7,3,4,0,0,0,21.7,19.4,87,1015,3.6,270,0
1985,7,3,5,0,0,0,21.1,19.4,90,1016,3.6,250,0
1985,7,3,6,53,3,53,22.2,18.3,79,1016,2.6,280,0
1985,7,3,7,72,10,68,23.3,20.6,85,1017,0,0,0
1985,7,3,8,267,5,264,23.3,21.7,90,1017,4.6,290,0
1985,7,3,9,307,5,303,24.4,21.1,82,1017,2.6,330,0
1985,7,3,10,349,4,346,25,20.6,76,1017,3.1,340,0
1985,7,3,11,380,2,378,25.6,20.6,74,1017,4.6,60,0
1985,7,3,12,241,0,241,24.4,20.6,79,1017,3.1,240,0
1985,7,3,13,297,1,295,24.4,21.1,82,1016,2.6,290,0
1985,7,3,14,236,1,236,25,21.7,82,1016,5.2,120,0
1985,7,3,15,215,1,214,23.3,21.7,90,1016,4.1,290,0
1985,7,3,16,149,1,148,21.7,20.6,93,1016,2.6,350,0
1985,7,3,17,148,0,148,21.7,21.1,97,1016,3.6,290,0
1985,7,3,18,23,1,23,22.2,20.6,90,1016,1.5,260,0
1985,7,3,19,0,0,0,21.7,21.1,97,1017,2.6,290,0
1985,7,3,20,0,0,0,21.7,21.1,97,1017,3.1,250,0
1985,7,3,21,0,0,0,21.7,20.6,93,1017,3.1,220,0
1985,7,3,22,0,0,0,22.2,21.1,94,1017,4.1,250,0
1985,7,3,23,0,0,0,22.2,20.6,90,1017,3.6,280,0
1985,7,4,0,0,0,0,22.2,20.6,90,1016,2.1,270,0
1985,7,4,1,0,0,0,22.2,20.6,90,1016,2.6,290,0
1985,7,4,2,0,0,0,21.7,21.1,97,1016,2.6,170,0
1985,7,4,3,0,0,0,21.7,21.1,97,1015,2.1,260,0
1985,7,4,4,0,0,0,21.7,21.1,97,1015,2.6,280,0
1985,7,4,5,3,0,3,21.7,21.1,97,1016,2.6,230,0
1985,7,4,6,39,0,38,22.2,21.1,94,1017,2.6,240,0
1985,7,4,7,105,1,105,22.2,21.7,97,1017,2.1,250,0
1985,7,4,8,156,1,155,22.8,22.2,97,1017,2.6,270,0
1985,7,4,9,212,2,211,23.3,22.2,94,1017,2.6,290,0
1985,7,4,10,261,1,260,23.3,21.7,90,1017,2.6,50,0
1985,7,4,11,282,0,282,23.3,22.2,94,1017,3.1,330,0
1985,7,4,12,296,0,296,23.9,22.2,90,1017,3.1,90,0
1985,7,4,13,267,2,266,24.4,22.8,91,1016,2.6,260,0
1985,7,4,14,245,0,244,24.4,21.7,85,1016,4.1,80,0
1985,7,4,15,342,2,341,23.9,22.2,90,1015,2.6,280,0
1985,7,4,16,151,2,150,22.8,22.2,97,1015,3.1,300,0
1985,7,4,17,88,1,87,22.2,21.7,97,1016,2.1,270,0
1985,7,4,18,27,0,27,22.2,21.7,97,1016,3.6,240,0
1985,7,4,19,0,0,0,22.2,21.7,97,1016,2.6,160,0
1985,7,4,20,0,0,0,21.7,21.1,97,1017,2.6,250,0
1985,7,4,21,0,0,0,21.7,21.1,97,1017,2.6,260,0
1985,7,4,22,0,0,0,21.7,21.1,97,1017,2.6,290,0
1985,7,4,23,0,0,0,21.7,21.1,97,1017,2.1,250,0
1985,7,5,0,0,0,0,21.1,21.1,100,1017,3.6,230,0
1985,7,5,1,0,0,0,21.7,21.1,97,1016,2.1,260,0
1985,7,5,2,0,0,0,21.1,20.6,97,1016,3.1,290,0
1985,7,5,3,0,0,0,21.1,20.6,97,1016,3.1,250,0
1985,7,5,4,0,0,0,21.1,20.6,97,1017,3.1,290,0
1985,7,5,5,3,0,3,20.6,20,97,1017,3.6,240,0
1985,7,5,6,39,1,39,21.1,20,93,1018,4.1,250,0
1985,7,5,7,168,1,168,22.8,19.4,82,1018,5.7,280,0
1985,7,5,8,282,71,241,25,20,74,1018,3.1,250,0
1985,7,5,9,615,623,142,26.7,20.6,69,1018,3.1,10,0
1985,7,5,10,725,581,206,26.7,20.6,69,1018,3.6,20,0
1985,7,5,11,887,739,168,26.7,20.6,69,1017,3.6,360,0
1985,7,5,12,982,904,79,27.2,20.6,67,1017,3.6,20,0
1985,7,5,13,933,906,60,27.2,21.1,69,1016,4.1,10,0
1985,7,5,14,813,842,79,27.2,21.1,69,1016,3.6,30,0
1985,7,5,15,675,783,104,27.2,20,65,1016,4.6,10,0
1985,7,5,16,485,711,96,26.1,20.6,72,1016,3.6,360,0
1985,7,5,17,206,172,148,25,21.1,79,1016,3.6,10,0
1985,7,5,18,39,73,30,23.9,20,79,1017,3.1,360,0
1985,7,5,19,0,0,0,23.3,20,82,1017,3.1,10,0
1985,7,5,20,0,0,0,23.3,20,82,1017,3.1,340,0
1985,7,5,21,0,0,0,22.8,20,84,1018,2.1,310,0
1985,7,5,22,0,0,0,21.7,18.9,84,1018,2.1,270,0
1985,7,5,23,0,0,0,21.7,18.3,81,1018,3.1,250,0
1985,7,6,0,0,0,0,21.1,17.8,81,1017,3.6,240,0
1985,7,6,1,0,0,0,20.6,18.9,90,1016,2.6,250,0
1985,7,6,2,0,0,0,20,18.3,90,1016,0,0,0
1985,7,6,3,0,0,0,20,18.9,93,1016,3.6,240,0
1985,7,6,4,0,0,0,20,18.3,90,1016,2.1,210,0
1985,7,6,5,5,9,3,19.4,17.8,90,1016,1.5,200,0
1985,7,6,6,92,320,43,19.4,17.8,90,1017,2.6,240,0
1985,7,6,7,262,510,71,21.7,18.9,84,1017,0,0,0
1985,7,6,8,515,794,52,25,20.6,76,1017,2.1,40,0
1985,7,6,9,579,562,153,25,20.6,76,1017,2.1,90,0
1985,7,6,10,845,888,53,27.2,19.4,63,1016,2.6,50,0
1985,7,6,11,998,941,81,27.2,20.6,67,1016,4.6,50,0
1985,7,6,12,952,898,56,27.2,21.1,69,1015,5.7,70,0
1985,7,6,13,859,694,190,27.2,20.6,67,1015,3.6,90,0
1985,7,6,14,749,668,166,27.2,21.1,69,1015,4.6,30,0
1985,7,6,15,603,588,173,25.6,20.6,74,1014,5.7,70,0
1985,7,6,16,337,285,181,26.7,20.6,69,1014,4.1,70,0
1985,7,6,17,159,24,151,25,21.1,79,1015,3.1,80,0
1985,7,6,18,23,16,21,22.8,21.7,94,1015,2.6,50,0
1985,7,6,19,0,0,0,22.8,21.7,94,1016,2.6,260,0
1985,7,6,20,0,0,0,22.8,21.7,94,1017,2.1,220,0
1985,7,6,21,0,0,0,22.8,21.1,90,1017,2.1,220,0
1985,7,6,22,0,0,0,22.8,21.1,90,1017,2.1,210,0
1985,7,6,23,0,0,0,22.2,20.6,90,1017,1.5,280,0
1985,7,7,0,0,0,0,22.2,20,87,1016,1.5,180,0
1985,7,7,1,0,0,0,21.7,20.6,93,1016,2.1,160,0
1985,7,7,2,0,0,0,21.7,20.6,93,1016,3.6,270,0
1985,7,7,3,0,0,0,21.1,20.6,97,1016,2.1,250,0
1985,7,7,4,0,0,0,21.1,20,93,1016,1.5,200,0
1985,7,7,5,2,0,2,21.1,20,93,1016,3.1,260,0
1985,7,7,6,46,5,46,21.7,20,90,1016,2.6,230,0
1985,7,7,7,219,185,150,23.9,20.6,82,1016,2.6,240,0
1985,7,7,8,212,29,195,25.6,21.1,77,1016,2.1,200,0
1985,7,7,9,300,2,298,26.1,20.6,72,1016,3.1,90,0
1985,7,7,10,344,15,331,26.7,20.6,69,1016,4.6,110,0
1985,7,7,11,392,6,386,26.7,21.7,74,1016,5.7,70,0
1985,7,7,12,466,8,458,26.1,21.7,77,1015,6.2,90,0
1985,7,7,13,408,2,406,26.1,21.7,77,1015,5.7,90,0
1985,7,7,14,471,77,404,26.1,21.7,77,1015,6.7,90,0
1985,7,7,15,301,11,293,25.6,21.7,79,1014,5.2,90,0
1985,7,7,16,254,28,239,25,21.1,79,1014,3.6,90,0
1985,7,7,17,119,5,118,25,21.1,79,1015,3.6,90,0
1985,7,7,18,28,0,27,24.4,21.1,82,1015,3.6,110,0
1985,7,7,19,0,0,0,23.9,21.1,85,1016,2.6,120,0
1985,7,7,20,0,0,0,23.9,20.6,82,1016,2.1,140,0
1985,7,7,21,0,0,0,23.3,21.1,87,1017,1.5,210,0
1985,7,7,22,0,0,0,22.8,20.6,87,1017,0,0,0
1985,7,7,23,0,0,0,23.3,21.1,87,1017,2.6,220,0
1985,7,8,0,0,0,0,22.8,21.1,90,1016,2.6,220,0
1985,7,8,1,0,0,0,22.2,20.6,90,1016,2.1,240,0
1985,7,8,2,0,0,0,22.2,20,87,1015,2.1,250,0
1985,7,8,3,0,0,0,22.2,19.4,84,1015,2.1,240,0
1985,7,8,4,0,0,0,21.7,19.4,87,1015,2.1,240,0
1985,7,8,5,5,11,3,21.7,18.9,84,1016,3.6,250,0
1985,7,8,6,68,76,57,22.8,18.9,79,1016,2.1,240,0
1985,7,8,7,212,216,132,25.6,20,72,1016,1.5,230,0
1985,7,8,8,361,336,166,26.1,20.6,72,1016,3.1,10,0
1985,7,8,9,367,205,212,25.6,20.6,74,1016,3.6,80,0
1985,7,8,10,703,518,240,25.6,21.1,77,1016,4.1,50,0
1985,7,8,11,877,690,205,27.2,21.1,69,1016,4.1,30,0
1985,7,8,12,909,635,275,27.8,20.6,65,1015,4.1,60,0
1985,7,8,13,804,641,186,27.2,21.1,69,1015,4.6,50,0
1985,7,8,14,824,806,120,27.2,21.1,69,1014,4.1,50,0
1985,7,8,15,521,306,297,26.1,21.1,74,1014,4.6,50,0
1985,7,8,16,434,599,106,26.7,21.7,74,1014,3.6,40,0
1985,7,8,17,224,343,109,25,20.6,76,1014,2.6,40,0
1985,7,8,18,44,0,44,24.4,20.6,79,1014,1.5,40,0
1985,7,8,19,0,0,0,23.9,20.6,82,1015,0,0,0
1985,7,8,20,0,0,0,23.3,21.1,87,1015,1.5,10,0
1985,7,8,21,0,0,0,22.8,21.7,94,1016,3.1,230,0
1985,7,8,22,0,0,0,22.8,21.7,94,1016,3.1,190,0
1985,7,8,23,0,0,0,22.2,20.6,90,1015,4.1,270,0
1985,7,9,0,0,0,0,21.1,20,93,1015,4.1,290,0
1985,7,9,1,0,0,0,21.1,20,93,1014,2.1,290,0
1985,7,9,2,0,0,0,21.1,20,93,1014,2.1,270,0
1985,7,9,3,0,0,0,21.1,20,93,1014,2.1,290,0
1985,7,9,4,0,0,0,21.1,20,93,1015,2.6,270,0
1985,7,9,5,2,6,1,21.1,20,93,1015,2.6,250,0
1985,7,9,6,43,2,42,21.7,20,90,1016,3.1,270,0
1985,7,9,7,76,5,75,22.2,19.4,84,1016,3.1,240,0
1985,7,9,8,207,7,204,23.9,20,79,1016,3.6,280,0
1985,7,9,9,430,167,303,25.6,20,72,1016,2.6,330,0
1985,7,9,10,490,153,354,26.1,21.1,74,1016,2.6,350,0
1985,7,9,11,718,355,372,26.7,20,67,1015,4.1,50,0
1985,7,9,12,567,184,383,26.7,20.6,69,1015,5.2,60,0
1985,7,9,13,921,791,158,27.2,20,65,1014,3.6,100,0
1985,7,9,14,674,564,181,27.2,20,65,1014,3.6,90,0
1985,7,9,15,515,433,198,26.7,20,67,1014,4.6,90,0
1985,7,9,16,425,575,109,26.1,20,69,1014,3.6,100,0
1985,7,9,17,253,595,52,25.6,20.6,74,1014,4.1,110,0
1985,7,9,18,51,169,31,23.9,20,79,1015,2.6,70,0
1985,7,9,19,0,0,0,23.3,20.6,85,1015,0,0,0
1985,7,9,20,0,0,0,23.3,20.6,85,1016,1.5,230,0
1985,7,9,21,0,0,0,22.2,20,87,1016,2.1,240,0
1985,7,9,22,0,0,0,22.2,20,87,1016,2.6,240,0
1985,7,9,23,0,0,0,22.2,18.9,82,1015,2.1,240,0
1985,7,10,0,0,0,0,21.1,19.4,90,1015,3.6,240,0
1985,7,10,1,0,0,0,21.1,19.4,90,1015,2.1,300,0
1985,7,10,2,0,0,0,21.1,19.4,90,1014,2.1,210,0
1985,7,10,3,0,0,0,21.1,18.9,87,1014,2.6,230,0
1985,7,10,4,0,0,0,21.1,18.3,84,1015,2.1,220,0
1985,7,10,5,0,0,0,21.1,18.3,84,1015,2.6,220,0
1985,7,10,6,88,204,58,21.1,18.9,87,1016,3.1,230,0
1985,7,10,7,166,53,147,24.4,19.4,74,1016,3.1,230,0
1985,7,10,8,343,123,272,25.6,20.6,74,1016,2.6,170,0
1985,7,10,9,390,85,325,26.1,21.1,74,1016,3.6,170,0
1985,7,10,10,619,215,428,26.1,20.6,72,1016,5.2,90,0
1985,7,10,11,386,56,332,27.8,21.7,69,1015,4.1,120,0
1985,7,10,12,614,194,420,27.8,20.6,65,1015,5.7,130,0
1985,7,10,13,672,273,409,27.8,21.1,67,1014,6.2,110,0
1985,7,10,14,548,228,349,27.2,20,65,1014,4.6,140,0
1985,7,10,15,351,152,240,26.7,21.1,72,1014,6.2,90,0
1985,7,10,16,470,624,128,26.7,21.1,72,1014,3.1,100,0
1985,7,10,17,186,230,109,26.7,20.6,69,1014,3.1,120,0
1985,7,10,18,54,229,26,25,20.6,76,1015,1.5,130,0
1985,7,10,19,0,0,0,23.3,20.6,85,1015,1.5,180,0
1985,7,10,20,0,0,0,23.3,20.6,85,1016,2.6,230,0
1985,7,10,21,0,0,0,22.2,19.4,84,1016,2.6,240,0
1985,7,10,22,0,0,0,21.7,18.9,84,1016,2.1,240,0
1985,7,10,23,0,0,0,21.1,17.8,81,1016,3.6,240,0
1985,7,11,0,0,0,0,21.7,16.7,73,1015,2.6,240,0
1985,7,11,1,0,0,0,20.6,15.6,73,1015,4.1,230,0
1985,7,11,2,0,0,0,20.6,15,71,1015,3.6,240,0
1985,7,11,3,0,0,0,21.1,16.1,73,1015,2.6,250,0
1985,7,11,4,0,0,0,20.6,16.7,79,1015,2.6,230,0
1985,7,11,5,1,2,1,20,16.7,81,1015,3.1,230,0
1985,7,11,6,50,20,47,21.1,17.8,81,1015,2.6,230,0
1985,7,11,7,181,127,134,24.4,20,76,1016,2.1,280,0
1985,7,11,8,441,463,173,26.7,20.6,69,1016,2.1,300,0
1985,7,11,9,622,546,209,26.1,20,69,1016,3.1,10,0
1985,7,11,10,811,700,187,27.8,20,63,1015,2.6,40,0
1985,7,11,11,928,766,182,27.8,20,63,1015,4.1,20,0
1985,7,11,12,950,832,119,27.2,18.3,58,1015,4.1,80,0
1985,7,11,13,974,870,135,27.2,18.9,60,1014,5.2,80,0
1985,7,11,14,827,805,124,27.2,18.9,60,1014,4.1,90,0
1985,7,11,15,675,743,132,27.2,20,65,1013,4.1,60,0
1985,7,11,16,442,558,136,26.7,20,67,1013,3.6,60,0
1985,7,11,17,250,478,89,26.1,20.6,72,1013,2.6,40,0
1985,7,11,18,48,85,38,24.4,20,76,1014,2.1,60,0
1985,7,11,19,0,0,0,24.4,20.6,79,1014,1.5,30,0
1985,7,11,20,0,0,0,23.9,20,79,1015,1.5,50,0
1985,7,11,21,0,0,0,23.3,20.6,85,1015,2.1,260,0
1985,7,11,22,0,0,0,22.8,18.3,76,1015,3.1,250,0
1985,7,11,23,0,0,0,21.1,16.7,76,1015,3.1,230,0
1985,7,12,0,0,0,0,20.6,16.7,79,1014,2.6,240,0
1985,7,12,1,0,0,0,20.6,17.2,81,1013,3.1,230,0
1985,7,12,2,0,0,0,20,15.6,76,1013,4.1,230,0
1985,7,12,3,0,0,0,19.4,13.9,70,1013,3.6,230,0
1985,7,12,4,0,0,0,19.4,14.4,73,1013,4.1,240,0
1985,7,12,5,1,0,1,20,15,73,1013,3.6,240,0
1985,7,12,6,75,238,40,21.7,16.1,71,1014,3.1,240,0
1985,7,12,7,95,73,68,22.8,17.8,74,1014,5.2,80,0
1985,7,12,8,225,2,224,23.3,21.7,90,1015,1.5,210,0
1985,7,12,9,309,6,304,24.4,20,76,1015,3.6,260,0
1985,7,12,10,396,92,313,26.7,21.7,74,1014,3.1,260,0
1985,7,12,11,601,187,419,27.2,20.6,67,1014,2.1,300,0
1985,7,12,12,748,343,406,27.8,19.4,61,1014,2.6,100,0
1985,7,12,13,503,123,384,27.2,21.1,69,1013,3.1,70,0
1985,7,12,14,699,542,225,27.8,21.1,67,1013,4.1,10,0
1985,7,12,15,587,516,209,27.2,20.6,67,1012,3.6,40,0
1985,7,12,16,417,451,170,26.7,19.4,65,1013,3.1,110,0
1985,7,12,17,187,247,103,25.6,20,72,1013,3.1,110,0
1985,7,12,18,43,30,40,24.4,20.6,79,1014,0,0,0
1985,7,12,19,0,0,0,23.3,20.6,85,1014,0,0,0
1985,7,12,20,0,0,0,22.8,20.6,87,1015,2.1,230,0
1985,7,12,21,0,0,0,22.2,20,87,1015,3.1,230,0
1985,7,12,22,0,0,0,21.7,18.9,84,1015,2.6,230,0
1985,7,12,23,0,0,0,21.1,17.8,81,1015,3.1,240,0
1985,7,13,0,0,0,0,20.6,17.8,84,1014,3.6,230,0
1985,7,13,1,0,0,0,20,17.2,84,1014,2.6,210,0
1985,7,13,2,0,0,0,20,16.7,81,1014,3.1,230,0
1985,7,13,3,0,0,0,20,15.6,76,1014,3.6,230,0
1985,7,13,4,0,0,0,20,16.1,78,1014,4.1,230,0
1985,7,13,5,4,2,4,20.6,16.1,76,1014,3.6,230,0
1985,7,13,6,78,261,40,22.8,16.7,69,1015,3.6,240,0
1985,7,13,7,242,438,80,26.1,18.3,62,1015,1.5,260,0
1985,7,13,8,448,538,138,26.7,20.6,69,1016,2.1,120,0
1985,7,13,9,575,500,198,27.8,19.4,61,1015,3.6,100,0
1985,7,13,10,786,644,213,27.8,21.7,69,1015,5.7,80,0
1985,7,13,11,966,864,125,28.3,19.4,59,1015,3.6,80,0
1985,7,13,12,738,492,247,28.9,20.6,61,1015,5.2,70,0
1985,7,13,13,785,586,219,28.9,20,59,1014,4.1,110,0
1985,7,13,14,807,777,127,28.3,20.6,63,1014,5.2,80,0
1985,7,13,15,673,818,74,28.3,20,61,1014,4.6,120,0
1985,7,13,16,471,671,103,27.2,21.7,72,1014,4.1,100,0
1985,7,13,17,187,144,138,26.1,21.1,74,1014,3.1,80,0
1985,7,13,18,54,25,51,25.6,21.7,79,1015,2.6,90,0
1985,7,13,19,0,0,0,24.4,21.1,82,1015,1.5,90,0
1985,7,13,20,0,0,0,23.9,21.7,87,1016,2.1,280,0
1985,7,13,21,0,0,0,23.9,22.2,90,1016,2.6,220,0
1985,7,13,22,0,0,0,23.3,21.7,90,1016,2.6,240,0
1985,7,13,23,0,0,0,23.3,20,82,1016,2.6,220,0
1985,7,14,0,0,0,0,23.3,20.6,85,1015,3.6,240,0
1985,7,14,1,0,0,0,22.8,20,84,1015,2.6,230,0
1985,7,14,2,0,0,0,22.8,18.9,79,1015,2.1,190,0
1985,7,14,3,0,0,0,22.8,18.3,76,1015,3.1,240,0
1985,7,14,4,0,0,0,22.2,18.3,79,1015,2.6,260,0
1985,7,14,5,3,4,3,22.2,18.3,79,1015,3.6,240,0
1985,7,14,6,70,142,49,22.8,17.8,74,1016,3.1,240,0
1985,7,14,7,283,547,82,25.6,20.6,74,1016,1.5,270,0
1985,7,14,8,468,528,163,26.7,20.6,69,1016,2.6,340,0
1985,7,14,9,699,712,162,27.2,21.7,72,1016,3.6,50,0
1985,7,14,10,824,787,124,27.8,20,63,1016,4.1,50,0
1985,7,14,11,805,574,247,28.3,20,61,1016,4.1,60,0
1985,7,14,12,818,463,355,28.3,20.6,63,1015,3.6,40,0
1985,7,14,13,753,528,244,26.7,20.6,69,1015,5.2,90,0
1985,7,14,14,723,557,235,27.8,21.1,67,1014,4.6,60,0
1985,7,14,15,557,510,184,27.8,21.7,69,1015,4.6,50,0
1985,7,14,16,442,630,96,27.2,21.1,69,1014,5.7,60,0
1985,7,14,17,211,224,135,26.1,21.1,74,1014,3.6,90,0
1985,7,14,18,66,249,37,25,20.6,76,1015,2.6,80,0
1985,7,14,19,0,0,0,23.9,20.6,82,1016,2.6,70,0
1985,7,14,20,0,0,0,23.9,20.6,82,1016,2.1,210,0
1985,7,14,21,0,0,0,23.9,20.6,82,1017,1.5,130,0
1985,7,14,22,0,0,0,23.9,21.1,85,1017,2.1,230,0
1985,7,14,23,0,0,0,23.3,20.6,85,1016,2.6,250,0
1985,7,15,0,0,0,0,22.8,19.4,82,1016,3.6,240,0
1985,7,15,1,0,0,0,21.1,17.8,81,1015,3.1,230,0
1985,7,15,2,0,0,0,21.1,17.8,81,1015,3.1,220,0
1985,7,15,3,0,0,0,21.1,17.2,79,1014,3.6,240,0
1985,7,15,4,0,0,0,20.6,16.7,79,1014,2.6,220,0
1985,7,15,5,0,0,0,20,17.2,84,1015,3.1,280,0
1985,7,15,6,87,337,39,21.7,18.9,84,1015,2.1,210,0
1985,7,15,7,289,628,59,24.4,20.6,79,1015,2.1,320,0
1985,7,15,8,390,370,178,25.6,21.1,77,1016,3.6,10,0
1985,7,15,9,367,89,300,26.1,22.8,82,1015,2.6,10,0
1985,7,15,10,865,728,218,27.2,22.8,77,1015,4.1,50,0
1985,7,15,11,498,94,407,26.7,21.7,74,1015,3.1,90,0
1985,7,15,12,646,279,368,27.2,22.2,74,1015,3.1,40,0
1985,7,15,13,657,252,413,27.8,22.2,72,1014,4.6,50,0
1985,7,15,14,739,516,288,27.8,22.8,74,1014,3.6,30,0
1985,7,15,15,352,130,256,26.1,22.8,82,1014,3.6,20,0
1985,7,15,16,123,12,117,25,22.2,85,1013,3.1,70,0
1985,7,15,17,102,7,100,25.6,21.1,77,1013,2.6,10,0
1985,7,15,18,16,5,15,22.8,21.7,94,1014,0,0,0
1985,7,15,19,0,0,0,22.8,22.2,97,1015,2.6,270,0
1985,7,15,20,0,0,0,22.8,21.7,94,1015,2.6,250,0
1985,7,15,21,0,0,0,22.8,21.7,94,1016,2.1,280,0
1985,7,15,22,0,0,0,22.8,22.2,97,1016,2.6,230,0
1985,7,15,23,0,0,0,22.8,21.7,94,1015,1.5,220,0
1985,7,16,0,0,0,0,22.2,21.7,97,1014,1.5,250,0
1985,7,16,1,0,0,0,21.1,20.6,97,1014,3.1,240,0
1985,7,16,2,0,0,0,20.6,19.4,93,1013,3.1,240,0
1985,7,16,3,0,0,0,21.1,19.4,90,1013,2.1,220,0
1985,7,16,4,0,0,0,20.6,18.9,90,1014,2.6,230,0
1985,7,16,5,4,10,2,20.6,18.9,90,1014,3.1,230,0
1985,7,16,6,88,339,41,20.6,18.3,87,1014,3.1,240,0
1985,7,16,7,311,705,53,24.4,21.1,82,1014,2.1,90,0
1985,7,16,8,479,633,116,26.1,22.2,79,1015,2.6,300,0
1985,7,16,9,630,596,181,26.7,22.8,79,1015,3.6,200,0
1985,7,16,10,691,431,308,27.8,23.3,77,1014,3.1,50,0
1985,7,16,11,636,412,235,27.8,23.3,77,1014,5.2,80,0
1985,7,16,12,270,14,256,24.4,22.8,91,1014,3.6,80,0
1985,7,16,13,603,359,256,26.7,22.8,79,1013,2.6,300,0
1985,7,16,14,826,697,216,27.2,22.8,77,1013,5.2,110,0
1985,7,16,15,449,246,269,27.2,23.3,79,1012,5.2,90,0
1985,7,16,16,276,140,199,26.7,22.8,79,1013,2.6,90,0
1985,7,16,17,153,35,141,25.6,23.3,88,1013,3.1,120,0
1985,7,16,18,47,56,41,25.6,22.8,85,1013,2.6,190,0
1985,7,16,19,0,0,0,25,22.2,85,1014,2.1,160,0
1985,7,16,20,0,0,0,24.4,22.8,91,1014,2.6,160,0
1985,7,16,21,0,0,0,23.9,22.2,90,1015,3.1,200,0
1985,7,16,22,0,0,0,23.9,21.7,87,1016,2.1,160,0
1985,7,16,23,0,0,0,23.3,21.1,87,1015,2.6,190,0
1985,7,17,0,0,0,0,23.3,21.7,90,1015,3.6,180,0
1985,7,17,1,0,0,0,22.8,21.7,94,1015,2.6,210,0
1985,7,17,2,0,0,0,22.8,21.7,94,1014,2.6,190,0
1985,7,17,3,0,0,0,22.8,21.7,94,1014,2.1,190,0
1985,7,17,4,0,0,0,22.8,21.1,90,1015,2.1,200,0
1985,7,17,5,3,3,2,22.2,21.1,94,1015,2.1,210,0
1985,7,17,6,24,35,19,22.2,20.6,90,1015,1.5,230,0
1985,7,17,7,76,0,76,24.4,22.2,88,1015,2.1,220,0
1985,7,17,8,254,20,242,25,23.3,91,1016,3.6,220,0
1985,7,17,9,183,13,173,25.6,23.9,91,1016,2.1,180,0
1985,7,17,10,822,696,203,27.2,22.8,77,1016,5.2,120,0
1985,7,17,11,862,596,281,28.3,22.8,72,1015,7.2,120,0
1985,7,17,12,751,468,284,28.3,22.8,72,1015,7.7,100,0
1985,7,17,13,551,258,302,27.8,22.8,74,1015,6.2,120,0
1985,7,17,14,563,270,327,26.7,22.2,77,1015,6.2,80,0
1985,7,17,15,606,586,176,27.2,22.8,77,1015,5.2,80,0
1985,7,17,16,311,178,213,26.1,22.2,79,1015,5.2,80,0
1985,7,17,17,147,51,130,25.6,22.2,82,1015,2.6,80,0
1985,7,17,18,25,20,23,25.6,22.2,82,1015,2.1,50,0
1985,7,17,19,0,0,0,23.9,21.7,87,1016,0,0,0
1985,7,17,20,0,0,0,23.9,22.8,94,1016,1.5,260,0
1985,7,17,21,0,0,0,23.9,22.8,94,1017,1.5,250,0
1985,7,17,22,0,0,0,23.3,22.2,94,1017,2.6,170,0
1985,7,17,23,0,0,0,23.3,22.2,94,1017,2.6,260,0
1985,7,18,0,0,0,0,22.8,21.7,94,1016,2.6,330,0
1985,7,18,1,0,0,0,22.8,22.2,97,1016,2.1,250,0
1985,7,18,2,0,0,0,22.8,22.2,97,1015,0,0,0
1985,7,18,3,0,0,0,23.3,22.2,94,1015,1.5,140,0
1985,7,18,4,0,0,0,23.3,22.2,94,1015,0,0,0
1985,7,18,5,0,1,0,23.3,21.7,90,1016,1.5,240,0
1985,7,18,6,45,19,43,23.9,22.2,90,1016,3.6,90,0
1985,7,18,7,118,7,115,24.4,22.2,88,1017,3.6,80,0
1985,7,18,8,312,119,244,25,21.1,79,1017,3.1,140,0
1985,7,18,9,246,14,236,25.6,21.7,79,1017,3.6,20,0
1985,7,18,10,335,1,335,26.7,21.7,74,1017,2.1,20,0
1985,7,18,11,375,0,375,28.3,22.2,70,1016,2.1,350,0
1985,7,18,12,436,3,433,27.2,21.7,72,1016,3.6,40,0
1985,7,18,13,246,8,238,26.1,22.8,82,1016,3.6,10,0
1985,7,18,14,320,90,241,26.7,21.1,72,1015,5.2,90,0
1985,7,18,15,434,197,290,26.7,20.6,69,1015,5.7,120,0
1985,7,18,16,363,254,224,26.1,20,69,1015,3.6,90,0
1985,7,18,17,141,108,105,25.6,21.1,77,1015,2.6,60,0
1985,7,18,18,35,20,33,25,21.1,79,1016,2.6,80,0
1985,7,18,19,0,0,0,24.4,20.6,79,1017,1.5,60,0
1985,7,18,20,0,0,0,23.9,20.6,82,1017,0,0,0
1985,7,18,21,0,0,0,23.9,21.1,85,1017,2.6,220,0
1985,7,18,22,0,0,0,23.3,21.7,90,1018,2.1,210,0
1985,7,18,23,0,0,0,22.8,21.1,90,1018,2.6,240,0
1985,7,19,0,0,0,0,22.8,20.6,87,1017,1.5,260,0
1985,7,19,1,0,0,0,22.2,21.1,94,1017,2.1,250,0
1985,7,19,2,0,0,0,22.2,20.6,90,1016,3.6,230,0
1985,7,19,3,0,0,0,22.2,20.6,90,1016,2.1,250,0
1985,7,19,4,0,0,0,22.8,21.1,90,1017,2.6,240,0
1985,7,19,5,1,0,1,22.8,20.6,87,1017,1.5,100,0
1985,7,19,6,50,4,49,23.3,20.6,85,1017,1.5,200,0
1985,7,19,7,216,154,161,25.6,20.6,74,1018,3.6,60,0
1985,7,19,8,341,196,229,25.6,20,72,1018,3.6,50,0
1985,7,19,9,403,114,317,26.7,20,67,1018,3.6,50,0
1985,7,19,10,467,90,387,26.1,19.4,67,1018,3.1,60,0
1985,7,19,11,820,657,181,27.2,20,65,1017,4.1,70,0
1985,7,19,12,952,737,215,27.2,19.4,63,1017,4.1,40,0
1985,7,19,13,842,658,206,27.8,19.4,61,1017,4.1,70,0
1985,7,19,14,832,858,81,27.2,19.4,63,1016,4.6,20,0
1985,7,19,15,669,820,68,26.7,20,67,1016,3.1,20,0
1985,7,19,16,472,723,75,26.7,19.4,65,1016,3.6,40,0
1985,7,19,17,259,619,52,25.6,18.3,64,1017,2.6,20,0
1985,7,19,18,66,339,26,23.9,18.3,71,1017,1.5,10,0
1985,7,19,19,0,0,0,23.3,19.4,79,1018,3.6,280,0
1985,7,19,20,0,0,0,23.3,18.9,76,1018,2.6,230,0
1985,7,19,21,0,0,0,22.2,17.8,76,1019,3.1,250,0
1985,7,19,22,0,0,0,21.7,18.3,81,1019,3.1,240,0
1985,7,19,23,0,0,0,21.7,18.3,81,1018,3.1,250,0
1985,7,20,0,0,0,0,21.1,17.8,81,1018,3.6,230,0
1985,7,20,1,0,0,0,21.1,17.2,79,1017,2.6,240,0
1985,7,20,2,0,0,0,21.1,16.7,76,1017,2.1,250,0
1985,7,20,3,0,0,0,20.6,16.1,76,1017,2.6,240,0
1985,7,20,4,0,0,0,20.6,15.6,73,1017,3.1,250,0
1985,7,20,5,1,0,1,20.6,15,71,1017,3.1,230,0
1985,7,20,6,57,46,51,19.4,18.9,97,1018,2.6,220,0
1985,7,20,7,223,379,86,22.8,19.4,82,1018,2.6,260,0
1985,7,20,8,198,132,122,23.3,20,82,1018,5.2,340,0
1985,7,20,9,561,349,299,25.6,18.9,67,1018,2.6,300,0
1985,7,20,10,743,630,183,26.7,19.4,65,1018,3.6,300,0
1985,7,20,11,798,521,291,27.2,20,65,1017,4.1,360,0
1985,7,20,12,864,619,246,26.7,20.6,69,1017,3.1,340,0
1985,7,20,13,939,823,144,27.2,20,65,1016,3.6,10,0
1985,7,20,14,736,688,133,26.7,20.6,69,1016,3.6,30,0
1985,7,20,15,610,620,155,26.7,19.4,65,1016,3.6,50,0
1985,7,20,16,462,569,150,25.6,19.4,69,1016,3.6,40,0
1985,7,20,17,157,224,82,25.6,18.9,67,1016,3.6,30,0
1985,7,20,18,64,274,32,24.4,18.9,71,1016,2.6,20,0
1985,7,20,19,0,0,0,23.9,19.4,76,1016,2.6,320,0
1985,7,20,20,0,0,0,22.8,20,84,1017,0,0,0
1985,7,20,21,0,0,0,22.2,19.4,84,1017,3.1,290,0
1985,7,20,22,0,0,0,22.2,20,87,1017,2.6,240,0
1985,7,20,23,0,0,0,21.7,20,90,1017,3.6,280,0
1985,7,21,0,0,0,0,21.1,19.4,90,1016,3.6,240,0
1985,7,21,1,0,0,0,20.6,18.9,90,1016,1.5,200,0
1985,7,21,2,0,0,0,20.6,18.9,90,1016,3.1,250,0
1985,7,21,3,0,0,0,20.6,18.9,90,1016,5.2,240,0
1985,7,21,4,0,0,0,20.6,18.3,87,1016,4.1,260,0
1985,7,21,5,3,2,2,20.6,18.3,87,1016,3.6,280,0
1985,7,21,6,68,91,55,21.1,18.3,84,1016,3.1,250,0
1985,7,21,7,210,253,119,22.2,19.4,84,1017,2.6,210,0
1985,7,21,8,466,653,94,24.4,18.9,71,1017,3.6,300,0
1985,7,21,9,657,678,148,25.6,20,72,1017,2.1,290,0
1985,7,21,10,790,623,236,26.1,20,69,1016,3.6,350,0
1985,7,21,11,605,176,434,26.1,20,69,1016,4.1,20,0
1985,7,21,12,828,595,233,26.1,21.1,74,1016,5.2,30,0
1985,7,21,13,916,805,137,26.7,20.6,69,1015,5.7,60,0
1985,7,21,14,696,495,263,26.1,21.1,74,1015,4.6,90,0
1985,7,21,15,265,60,221,22.8,21.1,90,1015,2.6,250,0
1985,7,21,16,116,9,111,22.2,20.6,90,1015,2.6,260,0
1985,7,21,17,74,1,74,22.2,20,87,1015,3.6,90,0
1985,7,21,18,36,6,36,21.7,20,90,1015,3.6,270,0
1985,7,21,19,0,0,0,21.7,20.6,93,1016,0,0,0
1985,7,21,20,0,0,0,21.7,20.6,93,1016,3.1,240,0
1985,7,21,21,0,0,0,21.1,19.4,90,1017,3.6,240,0
1985,7,21,22,0,0,0,21.1,19.4,90,1016,4.1,270,0
1985,7,21,23,0,0,0,21.1,18.9,87,1016,3.6,240,0
1985,7,22,0,0,0,0,21.1,19.4,90,1015,3.6,260,0
1985,7,22,1,0,0,0,21.1,18.9,87,1015,3.1,160,0
1985,7,22,2,0,0,0,20.6,18.9,90,1015,2.6,250,0
1985,7,22,3,0,0,0,20.6,18.9,90,1014,2.1,200,0
1985,7,22,4,0,0,0,20,18.3,90,1014,2.6,230,0
1985,7,22,5,1,1,1,20,18.3,90,1015,2.1,210,0
1985,7,22,6,62,131,44,20.6,18.9,90,1015,2.1,210,0
1985,7,22,7,234,265,139,22.8,20.6,87,1015,1.5,240,0
1985,7,22,8,433,449,177,24.4,19.4,74,1015,2.1,320,0
1985,7,22,9,664,698,140,26.1,20,69,1015,3.6,60,0
1985,7,22,10,878,867,109,26.7,19.4,65,1015,3.6,70,0
1985,7,22,11,855,681,192,26.7,20.6,69,1015,3.1,80,0
1985,7,22,12,833,626,206,27.2,21.1,69,1015,4.6,40,0
1985,7,22,13,825,660,187,27.8,20,63,1014,4.1,40,0
1985,7,22,14,817,748,162,27.2,20.6,67,1014,5.2,40,0
1985,7,22,15,519,361,254,27.2,20.6,67,1014,4.1,60,0
1985,7,22,16,362,328,183,26.1,20.6,72,1014,3.6,40,0
1985,7,22,17,225,362,104,26.1,21.1,74,1014,2.6,30,0
1985,7,22,18,48,111,35,23.9,18.3,71,1015,0,0,0
1985,7,22,19,0,0,0,21.7,20,90,1015,3.6,360,0
1985,7,22,20,0,0,0,22.2,19.4,84,1016,3.1,260,0
1985,7,22,21,0,0,0,22.2,19.4,84,1016,3.1,240,0
1985,7,22,22,0,0,0,21.7,19.4,87,1016,3.6,240,0
1985,7,22,23,0,0,0,21.1,18.3,84,1016,3.1,250,0
1985,7,23,0,0,0,0,21.7,18.3,81,1015,2.6,250,0
1985,7,23,1,0,0,0,21.1,18.9,87,1014,2.1,230,0
1985,7,23,2,0,0,0,20.6,18.3,87,1014,2.6,230,0
1985,7,23,3,0,0,0,20.6,18.3,87,1014,1.5,230,0
1985,7,23,4,0,0,0,19.4,18.3,93,1014,1.5,180,0
1985,7,23,5,3,12,1,19.4,17.8,90,1014,3.6,240,0
1985,7,23,6,59,161,38,20.6,18.3,87,1015,3.6,240,0
1985,7,23,7,205,174,142,22.8,19.4,82,1015,1.5,180,0
1985,7,23,8,321,264,171,25,20.6,76,1015,2.1,330,0
1985,7,23,9,470,264,272,26.1,20.6,72,1015,2.1,300,0
1985,7,23,10,481,99,393,26.1,19.4,67,1015,3.6,20,0
1985,7,23,11,774,537,251,26.7,20.6,69,1015,2.6,20,0
1985,7,23,12,808,528,281,27.2,20.6,67,1014,3.6,80,0
1985,7,23,13,721,479,258,27.2,21.1,69,1014,3.1,30,0
1985,7,23,14,696,484,272,27.2,21.1,69,1014,4.1,90,0
1985,7,23,15,472,177,342,24.4,20,76,1013,6.2,70,0
1985,7,23,16,407,423,176,26.1,18.3,62,1013,2.1,60,0
1985,7,23,17,97,8,94,23.3,20,82,1014,5.7,80,0
1985,7,23,18,22,5,22,22.2,21.1,94,1015,2.6,310,0
1985,7,23,19,0,0,0,22.2,20.6,90,1015,4.1,250,0
1985,7,23,20,0,0,0,22.8,20,84,1015,2.1,340,0
1985,7,23,21,0,0,0,22.8,20,84,1015,3.1,290,0
1985,7,23,22,0,0,0,22.2,20.6,90,1016,3.1,280,0
1985,7,23,23,0,0,0,21.1,20,93,1015,3.6,260,0
1985,7,24,0,0,0,0,21.7,20.6,93,1015,3.1,260,0
1985,7,24,1,0,0,0,21.7,20,90,1014,2.6,270,0
1985,7,24,2,0,0,0,21.7,18.9,84,1014,3.1,270,0
1985,7,24,3,0,0,0,21.7,19.4,87,1013,3.1,230,0
1985,7,24,4,0,0,0,21.1,20,93,1014,2.1,60,0
1985,7,24,5,1,0,1,21.7,21.1,97,1014,0,0,0
1985,7,24,6,40,4,39,21.7,20.6,93,1015,2.1,260,0
1985,7,24,7,71,0,71,22.2,21.1,94,1015,2.6,220,0
1985,7,24,8,327,124,256,23.3,22.8,97,1015,4.1,280,0
1985,7,24,9,429,212,270,25.6,21.7,79,1015,3.1,300,0
1985,7,24,10,748,603,213,26.7,21.7,74,1015,1.5,10,0
1985,7,24,11,646,280,373,27.2,21.7,72,1014,3.6,60,0
1985,7,24,12,895,672,223,27.8,22.2,72,1014,5.2,100,0
1985,7,24,13,913,692,245,27.8,22.8,74,1014,4.1,50,0
1985,7,24,14,820,771,145,27.8,21.1,67,1013,4.6,100,0
1985,7,24,15,694,800,109,27.8,21.7,69,1013,4.6,110,0
1985,7,24,16,378,377,171,26.7,21.7,74,1013,4.6,110,0
1985,7,24,17,165,147,116,26.1,22.2,79,1014,3.1,100,0
1985,7,24,18,51,114,38,24.4,22.2,88,1014,2.6,110,0
1985,7,24,19,0,0,0,25,22.2,85,1015,2.6,130,0
1985,7,24,20,0,0,0,24.4,22.2,88,1015,2.1,190,0
1985,7,24,21,0,0,0,24.4,21.7,85,1015,2.1,200,0
1985,7,24,22,0,0,0,23.9,22.2,90,1015,3.6,240,0
1985,7,24,23,0,0,0,23.3,21.7,90,1015,3.6,270,0
1985,7,25,0,0,0,0,23.3,21.7,90,1015,2.6,230,0
1985,7,25,1,0,0,0,22.8,21.7,94,1014,1.5,360,0
1985,7,25,2,0,0,0,22.8,21.7,94,1014,2.6,230,0
1985,7,25,3,0,0,0,22.8,21.7,94,1014,2.6,230,0
1985,7,25,4,0,0,0,22.2,21.7,97,1014,2.1,110,0
1985,7,25,5,1,1,1,22.2,21.1,94,1015,3.1,270,0
1985,7,25,6,26,12,25,21.7,20.6,93,1015,3.6,300,0
1985,7,25,7,120,6,118,21.7,20.6,93,1016,3.6,250,0
1985,7,25,8,181,2,180,24.4,22.2,88,1016,4.6,340,0
1985,7,25,9,338,96,267,25.6,22.8,85,1016,2.6,40,0
1985,7,25,10,706,452,305,27.2,21.7,72,1016,3.6,70,0
1985,7,25,11,294,74,222,25.6,21.7,79,1016,5.7,110,0
1985,7,25,12,198,15,183,25.6,22.2,82,1016,4.1,30,0
1985,7,25,13,229,18,212,22.8,21.7,94,1015,3.6,270,0
1985,7,25,14,526,161,385,23.3,21.7,90,1015,3.1,300,0
1985,7,25,15,131,7,126,23.9,21.1,85,1015,2.1,160,0
1985,7,25,16,114,10,109,23.9,22.2,90,1015,3.6,280,0
1985,7,25,17,59,2,58,23.3,21.7,90,1016,4.1,280,0
1985,7,25,18,19,1,19,23.9,21.7,87,1016,2.6,290,0
1985,7,25,19,0,0,0,22.8,21.7,94,1017,3.6,250,0
1985,7,25,20,0,0,0,22.2,21.1,94,1017,3.1,250,0
1985,7,25,21,0,0,0,22.8,21.1,90,1017,2.6,220,0
1985,7,25,22,0,0,0,22.2,20.6,90,1017,2.1,240,0
1985,7,25,23,0,0,0,22.2,20.6,90,1017,1.5,170,0
1985,7,26,0,0,0,0,21.7,20.6,93,1016,2.1,230,0
1985,7,26,1,0,0,0,21.7,20,90,1016,3.1,230,0
1985,7,26,2,0,0,0,21.7,20,90,1015,2.6,230,0
1985,7,26,3,0,0,0,21.7,20,90,1015,3.1,230,0
1985,7,26,4,0,0,0,21.7,20,90,1015,2.6,240,0
1985,7,26,5,1,0,1,21.7,20,90,1015,2.1,230,0
1985,7,26,6,28,3,27,22.2,20,87,1016,2.1,170,0
1985,7,26,7,84,0,83,22.2,21.7,97,1017,1.5,130,0
1985,7,26,8,228,3,226,22.2,21.7,97,1017,4.1,260,0
1985,7,26,9,321,0,321,24.4,21.1,82,1017,4.1,280,0
1985,7,26,10,269,0,269,22.8,21.7,94,1018,3.1,310,0
1985,7,26,11,281,0,281,22.8,21.7,94,1017,2.6,310,0
1985,7,26,12,577,115,463,24.4,22.2,88,1017,3.6,290,0
1985,7,26,13,345,29,317,26.1,22.2,79,1016,3.1,300,0
1985,7,26,14,252,12,241,25.6,22.2,82,1016,3.6,10,0
1985,7,26,15,323,0,323,25.6,22.8,85,1015,2.6,320,0
1985,7,26,16,121,7,117,22.8,21.1,90,1015,3.1,50,0
1985,7,26,17,122,6,120,23.3,20.6,85,1016,3.6,270,0
1985,7,26,18,36,2,36,23.3,20.6,85,1016,2.6,250,0
1985,7,26,19,0,0,0,23.3,21.1,87,1017,2.6,270,0
1985,7,26,20,0,0,0,22.8,21.1,90,1017,2.1,260,0
1985,7,26,21,0,0,0,22.2,21.1,94,1017,2.1,260,0
1985,7,26,22,0,0,0,21.7,20.6,93,1017,2.6,230,0
1985,7,26,23,0,0,0,21.7,20.6,93,1017,2.1,230,0
1985,7,27,0,0,0,0,21.7,20.6,93,1017,2.6,230,0
1985,7,27,1,0,0,0,21.1,20.6,97,1016,2.6,250,0
1985,7,27,2,0,0,0,21.1,20,93,1015,2.6,90,0
1985,7,27,3,0,0,0,21.1,20.6,97,1015,3.6,240,0
1985,7,27,4,0,0,0,20.6,20.6,100,1015,3.1,230,0
1985,7,27,5,0,0,0,20.6,19.4,93,1016,3.1,280,0
1985,7,27,6,39,0,39,21.7,19.4,87,1016,2.6,270,0
1985,7,27,7,135,0,135,22.8,20.6,87,1016,2.1,10,0
1985,7,27,8,321,207,203,23.9,20.6,82,1017,3.1,300,0
1985,7,27,9,594,506,215,26.1,21.1,74,1016,4.1,340,0
1985,7,27,10,920,825,188,26.7,21.7,74,1016,3.1,360,0
1985,7,27,11,854,651,221,26.7,21.7,74,1015,2.6,40,0
1985,7,27,12,928,737,191,26.7,21.1,72,1015,4.1,40,0
1985,7,27,13,898,722,200,26.7,20.6,69,1014,3.6,10,0
1985,7,27,14,708,575,205,27.2,21.7,72,1014,4.1,70,0
1985,7,27,15,602,580,178,26.7,21.7,74,1014,3.6,60,0
1985,7,27,16,452,559,147,26.1,20,69,1014,3.6,50,0
1985,7,27,17,220,268,131,25,20.6,76,1014,2.1,70,0
1985,7,27,18,51,132,35,23.9,20,79,1015,2.1,60,0
1985,7,27,19,0,0,0,23.3,20,82,1015,1.5,30,0
1985,7,27,20,0,0,0,23.9,20.6,82,1015,0,0,0
1985,7,27,21,0,0,0,23.9,20.6,82,1016,1.5,100,0
1985,7,27,22,0,0,0,23.3,20.6,85,1016,2.6,270,0
1985,7,27,23,0,0,0,22.8,20.6,87,1016,3.6,260,0
1985,7,28,0,0,0,0,21.7,20,90,1015,4.1,250,0
1985,7,28,1,0,0,0,21.1,19.4,90,1015,4.1,240,0
1985,7,28,2,0,0,0,21.1,19.4,90,1015,3.6,250,0
1985,7,28,3,0,0,0,21.1,20,93,1014,2.6,260,0
1985,7,28,4,0,0,0,21.1,20,93,1014,2.6,40,0
1985,7,28,5,2,2,1,21.7,20.6,93,1015,3.1,250,0
1985,7,28,6,51,69,42,22.2,20,87,1015,3.1,240,0
1985,7,28,7,71,12,67,22.2,21.1,94,1016,1.5,110,0
1985,7,28,8,216,8,212,22.8,22.2,97,1016,2.6,280,0
1985,7,28,9,351,123,260,24.4,20,76,1016,2.1,40,0
1985,7,28,10,464,68,403,25.6,21.1,77,1016,2.6,300,0
1985,7,28,11,679,259,426,25.6,20.6,74,1016,3.1,290,0
1985,7,28,12,295,13,282,23.9,21.1,85,1016,2.1,20,0
1985,7,28,13,553,193,366,25.6,21.1,77,1015,2.6,10,0
1985,7,28,14,561,283,314,23.3,22.2,94,1015,2.6,310,0
1985,7,28,15,266,106,189,25.6,21.1,77,1014,2.6,40,0
1985,7,28,16,294,111,233,25.6,21.7,79,1014,2.6,360,0
1985,7,28,17,172,165,117,24.4,20.6,79,1015,2.6,300,0
1985,7,28,18,40,26,36,23.9,21.1,85,1015,2.6,290,0
1985,7,28,19,0,0,0,23.3,20.6,85,1016,3.1,280,0
1985,7,28,20,0,0,0,22.8,20,84,1016,1.5,200,0
1985,7,28,21,0,0,0,21.7,19.4,87,1017,1.5,190,0
1985,7,28,22,0,0,0,21.7,20,90,1017,0,0,0
1985,7,28,23,0,0,0,21.7,20,90,1016,1.5,280,0
1985,7,29,0,0,0,0,21.1,19.4,90,1016,3.1,250,0
1985,7,29,1,0,0,0,20.6,20,97,1015,0,0,0
1985,7,29,2,0,0,0,21.7,20.6,93,1015,3.1,300,0
1985,7,29,3,0,0,0,22.2,19.4,84,1015,2.1,320,0
1985,7,29,4,0,0,0,21.1,19.4,90,1015,2.1,300,0
1985,7,29,5,0,0,0,22.8,19.4,82,1015,5.2,360,0
1985,7,29,6,55,119,40,23.3,19.4,79,1016,3.1,330,0
1985,7,29,7,236,319,124,23.9,19.4,76,1016,3.1,320,0
1985,7,29,8,423,448,170,25.6,19.4,69,1016,4.6,350,0
1985,7,29,9,351,139,247,25,20,74,1016,4.1,360,0
1985,7,29,10,819,727,175,25,20.6,76,1016,3.1,310,0
1985,7,29,11,763,399,374,26.7,20,67,1016,4.6,350,0
1985,7,29,12,933,692,241,27.2,20.6,67,1015,5.7,360,0
1985,7,29,13,701,433,282,27.2,19.4,63,1015,4.1,20,0
1985,7,29,14,638,367,317,26.7,20,67,1015,3.6,20,0
1985,7,29,15,218,10,210,24.4,21.1,82,1014,6.7,70,0
1985,7,29,16,104,5,101,22.8,18.9,79,1015,2.1,360,0
1985,7,29,17,210,197,145,23.3,18.9,76,1015,2.6,290,0
1985,7,29,18,38,72,29,23.9,18.3,71,1014,2.1,310,0
1985,7,29,19,0,0,0,23.3,18.9,76,1016,3.1,330,0
1985,7,29,20,0,0,0,22.8,18.9,79,1016,2.6,310,0
1985,7,29,21,0,0,0,22.8,18.9,79,1017,2.6,350,0
1985,7,29,22,0,0,0,22.2,18.9,82,1017,3.6,300,0
1985,7,29,23,0,0,0,22.8,20,84,1016,2.1,250,0
1985,7,30,0,0,0,0,21.7,20.6,93,1016,4.1,240,0
1985,7,30,1,0,0,0,21.7,20,90,1015,3.1,250,0
1985,7,30,2,0,0,0,21.7,20.6,93,1015,4.6,110,0
1985,7,30,3,0,0,0,20.6,20,97,1015,3.1,260,0
1985,7,30,4,0,0,0,21.1,20,93,1015,2.1,100,0
1985,7,30,5,0,0,0,21.1,20.6,97,1016,1.5,340,0
1985,7,30,6,44,15,42,21.1,20.6,97,1016,3.1,260,0
1985,7,30,7,132,9,129,22.8,20.6,87,1016,3.1,270,0
1985,7,30,8,161,0,161,22.2,20.6,90,1017,3.1,260,0
1985,7,30,9,454,206,300,25.6,21.1,77,1017,3.6,300,0
1985,7,30,10,461,104,368,26.7,20.6,69,1016,1.5,290,0
1985,7,30,11,205,4,202,25,21.1,79,1016,3.1,30,0
1985,7,30,12,479,2,477,26.1,20.6,72,1016,4.1,300,0
1985,7,30,13,669,456,227,26.7,22.2,77,1015,2.1,350,0
1985,7,30,14,798,703,183,26.7,21.7,74,1015,4.1,10,0
1985,7,30,15,678,793,99,25.6,22.2,82,1015,4.1,20,0
1985,7,30,16,463,685,90,26.1,21.7,77,1014,3.6,350,0
1985,7,30,17,122,97,91,24.4,21.7,85,1015,3.1,360,0
1985,7,30,18,29,4,29,23.9,21.7,87,1015,2.6,50,0
1985,7,30,19,0,0,0,23.3,16.1,64,1015,2.6,40,0
1985,7,30,20,0,0,0,22.8,21.1,90,1016,2.1,330,0
1985,7,30,21,0,0,0,22.8,21.1,90,1016,2.1,300,0
1985,7,30,22,0,0,0,22.8,21.7,94,1016,2.6,40,0
1985,7,30,23,0,0,0,22.8,21.7,94,1016,2.6,360,0
1985,7,31,0,0,0,0,22.2,16.1,69,1015,2.6,300,0
1985,7,31,1,0,0,0,22.2,21.7,97,1015,0,0,0
1985,7,31,2,0,0,0,21.1,20.6,97,1014,2.6,220,0
1985,7,31,3,0,0,0,20.6,20,97,1014,2.1,210,0
1985,7,31,4,0,0,0,20.6,20,97,1014,3.1,240,0
1985,7,31,5,3,2,2,20,18.3,90,1015,3.6,220,0
1985,7,31,6,56,184,33,21.7,19.4,87,1015,3.6,230,0
1985,7,31,7,269,642,44,24.4,21.7,85,1016,2.1,240,0
1985,7,31,8,457,636,98,26.7,20.6,69,1016,3.6,80,0
1985,7,31,9,332,114,247,26.7,21.7,74,1016,3.6,90,0
1985,7,31,10,377,7,371,27.8,20.6,65,1016,3.6,110,0
1985,7,31,11,700,339,370,27.8,21.7,69,1015,3.6,80,0
1985,7,31,12,787,418,369,28.3,21.7,67,1015,4.6,80,0
1985,7,31,13,812,568,263,28.3,19.4,59,1014,5.2,80,0
1985,7,31,14,650,532,185,27.2,21.1,69,1014,3.6,90,0
1985,7,31,15,662,832,55,27.2,20.6,67,1014,6.7,90,0
1985,7,31,16,465,679,96,27.2,21.1,69,1014,4.6,100,0
1985,7,31,17,248,656,33,26.7,21.1,72,1014,2.6,80,0
1985,7,31,18,69,434,16,23.6,20.2,81,1015,2.6,108,0
1985,7,31,19,0,0,0,23.3,20.2,83,1015,2.3,204,0
1985,7,31,20,0,0,0,22.3,19.2,82,1015,2.6,224,0
1985,7,31,21,0,0,0,21.7,18.4,81,1015,2.4,217,0
1985,7,31,22,0,0,0,21.5,17.7,78,1015,2.7,219,0
1985,7,31,23,0,0,0,21.7,17.8,78,1015,2.7,214,0
1976,8,1,0,0,0,0,21.7,18.3,81,1014,2.7,216,0
1976,8,1,1,0,0,0,21.5,18.4,82,1014,2.8,219,0
1976,8,1,2,0,0,0,21.5,18.9,84,1014,2.8,221,0
1976,8,1,3,0,0,0,21.6,19.6,88,1014,2.8,224,0
1976,8,1,4,0,0,0,21.7,20.2,91,1013,2.6,226,0
1976,8,1,5,0,0,0,21.7,20.8,94,1014,2.6,228,0
1976,8,1,6,29,4,28,21.7,21.2,97,1014,2.6,230,0
1976,8,1,7,91,6,89,21.7,21.1,97,1014,2.6,230,0
1976,8,1,8,193,3,191,23,21.8,93,1014,3.5,200,0
1976,8,1,9,297,12,288,24.3,22.4,89,1015,4.3,170,0
1976,8,1,10,200,6,194,25.6,22.8,85,1015,5.2,140,0
1976,8,1,11,427,5,422,26.3,22.8,81,1014,5.7,130,0
1976,8,1,12,398,2,396,27.1,22.9,78,1014,6.2,130,0
1976,8,1,13,410,5,406,27.8,22.8,74,1014,6.7,120,0
1976,8,1,14,374,3,372,26.9,23.2,80,1014,5.5,120,0
1976,8,1,15,364,1,364,25.9,23.2,85,1014,4.3,130,0
1976,8,1,16,239,1,239,25,23.3,91,1014,3.1,130,0
1976,8,1,17,148,1,148,24.8,23.1,90,1015,2.9,130,0
1976,8,1,18,28,11,26,24.6,22.5,88,1015,2.8,140,0
1976,8,1,19,0,0,0,24.4,22.2,87,1016,2.6,140,0
1976,8,1,20,0,0,0,24.2,22.1,88,1016,2.6,150,0
1976,8,1,21,0,0,0,24.1,22.2,89,1017,2.6,170,0
1976,8,1,22,0,0,0,23.9,22.2,90,1017,2.6,180,0
1976,8,1,23,0,0,0,23.7,22.2,91,1017,2.4,190,0
1976,8,2,0,0,0,0,23.5,22.3,93,1016,2.3,200,0
1976,8,2,1,0,0,0,23.3,22.2,94,1016,2.1,210,0
1976,8,2,2,0,0,0,23.1,22.3,95,1016,2.3,200,0
1976,8,2,3,0,0,0,23,22.3,96,1016,2.4,200,0
1976,8,2,4,0,0,0,22.8,22.2,97,1016,2.6,190,0
1976,8,2,5,0,0,0,23,22.3,96,1017,2.9,210,0
1976,8,2,6,34,5,34,23.1,22.3,95,1017,3.3,220,0
1976,8,2,7,138,28,128,23.3,22.2,94,1018,3.6,240,0
1976,8,2,8,216,3,215,24.4,22.1,87,1018,4.5,190,0
1976,8,2,9,350,96,278,25.6,22.1,81,1018,5.3,140,0
1976,8,2,10,517,136,396,26.7,21.7,74,1018,6.2,90,0
1976,8,2,11,559,206,358,26.9,21.4,72,1017,6.4,90,0
1976,8,2,12,898,740,159,27,20.8,69,1017,6.5,90,0
1976,8,2,13,865,681,207,27.2,20.6,67,1016,6.7,90,0
1976,8,2,14,794,733,155,27.2,20.3,66,1016,6.4,100,0
1976,8,2,15,608,623,155,27.2,20.3,66,1016,6,100,0
1976,8,2,16,432,641,85,27.2,20,65,1016,5.7,110,0
1976,8,2,17,227,410,94,25.9,20.3,71,1017,5.2,110,0
1976,8,2,18,38,33,33,24.6,20.5,78,1017,4.6,120,0
1976,8,2,19,0,0,0,23.3,20.6,84,1018,4.1,120,0
1976,8,2,20,0,0,0,23.3,20.5,84,1018,3.8,160,0
1976,8,2,21,0,0,0,23.3,20.5,84,1018,3.4,200,0
1976,8,2,22,0,0,0,23.3,20.6,84,1019,3.1,240,0
1976,8,2,23,0,0,0,22.6,20,85,1018,3.3,240,0
1976,8,3,0,0,0,0,21.8,19.4,86,1018,3.4,230,0
1976,8,3,1,0,0,0,21.1,18.9,87,1018,3.6,230,0
1976,8,3,2,0,0,0,21.1,18.9,87,1018,3.1,230,0
1976,8,3,3,0,0,0,21.1,18.9,87,1018,2.6,230,0
1976,8,3,4,0,0,0,21.1,18.9,87,1018,2.1,230,0
1976,8,3,5,0,0,0,21.8,19,84,1018,1.9,260,0
1976,8,3,6,46,71,37,22.6,19.4,82,1018,1.7,280,0
1976,8,3,7,194,150,142,23.3,19.4,79,1019,1.5,310,0
1976,8,3,8,481,595,146,24.6,19.7,74,1019,2.2,340,0
1976,8,3,9,535,489,170,25.9,19.6,68,1019,2.9,0,0
1976,8,3,10,843,859,82,27.2,19.4,63,1019,3.6,30,0
1976,8,3,11,936,762,195,26.8,19.9,66,1018,4.5,40,0
1976,8,3,12,816,543,273,26.5,20.4,69,1018,5.3,50,0
1976,8,3,13,393,58,337,26.1,20.6,72,1018,6.2,60,0
1976,8,3,14,367,38,334,25.9,20.3,71,1017,4.8,50,0
1976,8,3,15,515,226,351,25.8,19.9,70,1017,3.5,50,0
1976,8,3,16,314,230,190,25.6,19.4,69,1017,2.1,40,0
1976,8,3,17,167,144,121,24.5,19.6,74,1018,1.4,20,0
1976,8,3,18,53,126,37,23.3,19.5,79,1018,0.7,350,0
1976,8,3,19,0,0,0,22.2,19.4,84,1019,0,0,0
1976,8,3,20,0,0,0,22.2,19.4,84,1019,0.9,300,0
1976,8,3,21,0,0,0,22.2,19.4,84,1019,1.7,280,0
1976,8,3,22,0,0,0,22.2,19.4,84,1020,2.6,250,0
1976,8,3,23,0,0,0,21.7,18.9,84,1019,2.8,240,0
1976,8,4,0,0,0,0,21.1,18.3,84,1018,2.9,240,0
1976,8,4,1,0,0,0,20.6,17.8,84,1018,3.1,230,0
1976,8,4,2,0,0,0,20.4,17.2,82,1018,3.4,190,0
1976,8,4,3,0,0,0,20.2,16.7,80,1018,3.8,160,0
1976,8,4,4,0,0,0,20,16.1,78,1018,4.1,120,0
1976,8,4,5,0,0,0,21.1,16.9,77,1018,3.4,150,0
1976,8,4,6,59,95,48,22.2,18,77,1019,2.8,180,0
1976,8,4,7,180,165,123,23.3,18.9,76,1019,2.1,210,0
1976,8,4,8,267,121,199,24.4,19,72,1019,2.3,160,0
1976,8,4,9,474,275,269,25.6,19.5,69,1019,2.4,120,0
1976,8,4,10,560,123,451,26.7,19.4,65,1019,2.6,70,0
1976,8,4,11,753,397,367,26.3,19.9,68,1019,2.4,40,0
1976,8,4,12,503,132,371,26,20.3,71,1018,2.3,0,0
1976,8,4,13,422,82,342,25.6,20.6,74,1018,2.1,330,0
1976,8,4,14,476,140,354,25.8,20.2,71,1017,2.4,350,0
1976,8,4,15,381,111,301,25.9,19.6,68,1017,2.8,10,0
1976,8,4,16,440,533,153,26.1,18.9,65,1017,3.1,30,0
1976,8,4,17,111,96,80,25,19.4,71,1017,3.3,50,0
1976,8,4,18,27,18,25,23.9,19.4,76,1018,3.4,60,0
1976,8,4,19,0,0,0,22.8,19.4,82,1018,3.6,80,0
1976,8,4,20,0,0,0,22.6,19.4,82,1018,3.3,130,0
1976,8,4,21,0,0,0,22.4,19.2,82,1019,2.9,180,0
1976,8,4,22,0,0,0,22.2,18.9,82,1019,2.6,230,0
1976,8,4,23,0,0,0,21.8,19.2,85,1019,2.6,240,0
1976,8,5,0,0,0,0,21.5,19.3,87,1018,2.6,240,0
1976,8,5,1,0,0,0,21.1,19.4,90,1018,2.6,250,0
1976,8,5,2,0,0,0,21.1,19.4,90,1018,1.7,260,0
1976,8,5,3,0,0,0,21.1,19.4,90,1018,0.9,260,0
1976,8,5,4,0,0,0,21.1,19.4,90,1018,0,0,0
1976,8,5,5,0,0,0,22.4,20,86,1018,1.2,270,0
1976,8,5,6,51,82,41,23.7,20.7,83,1018,2.4,280,0
1976,8,5,7,266,617,52,25,21.1,79,1019,3.6,280,0
1976,8,5,8,350,392,130,25.9,20.3,71,1019,3.6,300,0
1976,8,5,9,502,443,172,26.9,19.5,64,1019,3.6,330,0
1976,8,5,10,728,571,223,27.8,18.3,56,1019,3.6,350,0
1976,8,5,11,633,248,393,27.6,19.2,60,1018,3.9,10,0
1976,8,5,12,582,154,428,27.4,20.3,65,1018,4.3,30,0
1976,8,5,13,364,9,355,27.2,21.1,69,1017,4.6,50,0
1976,8,5,14,401,31,375,26.3,21.1,73,1017,4.1,50,0
1976,8,5,15,282,8,276,25.3,21.2,78,1017,3.6,60,0
1976,8,5,16,219,7,215,24.4,21.1,82,1017,3.1,60,0
1976,8,5,17,123,3,122,24,21.3,85,1017,2.9,10,0
1976,8,5,18,33,1,33,23.7,21.4,87,1017,2.8,330,0
1976,8,5,19,0,0,0,23.3,21.7,90,1018,2.6,280,0
1976,8,5,20,0,0,0,23.3,21.9,92,1018,2.4,260,0
1976,8,5,21,0,0,0,23.3,22.5,95,1018,2.3,250,0
1976,8,5,22,0,0,0,23.3,22.8,97,1018,2.1,230,0
1976,8,5,23,0,0,0,23.3,22.8,97,1018,2.3,220,0
1976,8,6,0,0,0,0,23.3,22.8,97,1017,2.4,220,0
1976,8,6,1,0,0,0,23.3,22.8,97,1017,2.6,210,0
1976,8,6,2,0,0,0,23.1,22.6,97,1017,2.6,220,0
1976,8,6,3,0,0,0,23,22.5,97,1017,2.6,230,0
1976,8,6,4,0,0,0,22.8,22.2,97,1017,2.6,240,0
1976,8,6,5,0,0,0,23.5,22.8,96,1017,2.2,250,0
1976,8,6,6,65,222,38,24.3,23.5,95,1017,1.9,260,0
1976,8,6,7,264,621,50,25,23.9,94,1018,1.5,270,0
1976,8,6,8,511,719,108,24.6,23.4,93,1018,1.9,280,0
1976,8,6,9,667,582,234,24.3,22.7,91,1018,2.2,300,0
1976,8,6,10,202,4,199,23.9,22.2,90,1018,2.6,310,0
1976,8,6,11,423,50,375,24.8,22.3,86,1018,3.3,360,0
1976,8,6,12,714,377,337,25.8,22.3,81,1017,3.9,40,0
1976,8,6,13,898,688,235,26.7,22.2,77,1017,4.6,90,0
1976,8,6,14,525,215,338,26.7,22.1,76,1017,4.1,90,0
1976,8,6,15,545,281,341,26.7,21.9,75,1017,3.6,80,0
1976,8,6,16,360,201,253,26.7,21.7,74,1017,3.1,80,0
1976,8,6,17,172,64,152,25.4,21.7,80,1017,2.8,70,0
1976,8,6,18,36,2,36,24.1,21.8,87,1018,2.4,50,0
1976,8,6,19,0,0,0,22.8,21.7,93,1019,2.1,40,0
1976,8,6,20,0,0,0,22.6,21.6,94,1019,2.3,350,0
1976,8,6,21,0,0,0,22.4,21.7,96,1020,2.4,290,0
1976,8,6,22,0,0,0,22.2,21.7,97,1020,2.6,240,0
1976,8,6,23,0,0,0,22.2,21.7,97,1020,2.2,240,0
1976,8,7,0,0,0,0,22.2,21.7,97,1019,1.9,250,0
1976,8,7,1,0,0,0,22.2,21.7,97,1018,1.5,250,0
1976,8,7,2,0,0,0,22,21.3,96,1018,1.7,250,0
1976,8,7,3,0,0,0,21.9,20.9,94,1018,1.9,250,0
1976,8,7,4,0,0,0,21.7,20.6,93,1018,2.1,250,0
1976,8,7,5,0,0,0,22.2,21,93,1019,2.1,250,0
1976,8,7,6,56,4,56,22.8,21.8,94,1019,2.1,240,0
1976,8,7,7,189,147,138,23.3,22.2,94,1019,2.1,240,0
1976,8,7,8,294,176,195,24.6,22.3,87,1019,2.6,270,0
1976,8,7,9,683,776,105,25.9,22,79,1019,3.1,290,0
1976,8,7,10,896,949,58,27.2,21.7,72,1019,3.6,320,0
1976,8,7,11,896,748,170,26.7,21.7,74,1019,3.6,350,0
1976,8,7,12,734,545,190,26.1,21.8,77,1018,3.6,20,0
1976,8,7,13,481,124,361,25.6,21.7,79,1018,3.6,50,0
1976,8,7,14,638,400,289,25.6,21.7,79,1018,3.3,30,0
1976,8,7,15,521,506,155,25.6,21.7,79,1017,2.9,10,0
1976,8,7,16,376,496,111,25.6,21.7,79,1017,2.6,350,0
1976,8,7,17,182,207,117,24.5,21.4,83,1017,2.4,350,0
1976,8,7,18,40,72,32,23.3,20.8,86,1018,2.3,360,0
1976,8,7,19,0,0,0,22.2,20.6,90,1018,2.1,360,0
1976,8,7,20,0,0,0,22,20.7,92,1019,2.3,330,0
1976,8,7,21,0,0,0,21.9,21.1,95,1019,2.4,300,0
1976,8,7,22,0,0,0,21.7,21.1,97,1019,2.6,270,0
1976,8,7,23,0,0,0,21.7,21,96,1018,2.9,270,0
1976,8,8,0,0,0,0,21.7,20.7,94,1017,3.3,270,0
1976,8,8,1,0,0,0,21.7,20.6,93,1017,3.6,270,0
1976,8,8,2,0,0,0,21.7,20.5,93,1016,3.1,250,0
1976,8,8,3,0,0,0,21.7,20.5,93,1016,2.6,240,0
1976,8,8,4,0,0,0,21.7,20.6,93,1016,2.1,220,0
1976,8,8,5,0,0,0,21.9,20.4,91,1016,1.4,250,0
1976,8,8,6,54,85,44,22,20.1,89,1016,0.7,270,0
1976,8,8,7,263,577,65,22.2,20,87,1017,0,0,0
1976,8,8,8,452,623,104,23.7,20.5,82,1017,1.2,330,0
1976,8,8,9,551,559,135,25.2,20.9,77,1017,2.4,350,0
1976,8,8,10,873,834,135,26.7,21.1,72,1017,3.6,20,0
1976,8,8,11,882,684,218,26.9,20.7,69,1016,3.6,10,0
1976,8,8,12,938,841,99,27,20.1,66,1016,3.6,0,0
1976,8,8,13,848,754,122,27.2,19.4,63,1015,3.6,350,0
1976,8,8,14,774,754,119,26.8,19.4,64,1015,3.1,350,0
1976,8,8,15,641,764,89,26.5,19.6,66,1015,2.6,360,0
1976,8,8,16,424,620,93,26.1,19.4,67,1015,2.1,360,0
1976,8,8,17,220,517,58,25.2,19.4,70,1015,1.9,350,0
1976,8,8,18,49,167,29,24.2,19.1,73,1016,1.7,330,0
1976,8,8,19,0,0,0,23.3,18.9,76,1016,1.5,320,0
1976,8,8,20,0,0,0,22.4,18.2,77,1016,1.9,290,0
1976,8,8,21,0,0,0,21.5,17.5,78,1016,2.2,260,0
1976,8,8,22,0,0,0,20.6,16.7,79,1017,2.6,230,0
1976,8,8,23,0,0,0,20.4,16.9,80,1016,2.4,220,0
1976,8,9,0,0,0,0,20.2,16.7,80,1016,2.3,220,0
1976,8,9,1,0,0,0,20,16.7,81,1015,2.1,210,0
1976,8,9,2,0,0,0,20.2,16.7,80,1015,2.3,210,0
1976,8,9,3,0,0,0,20.4,16.9,80,1015,2.4,220,0
1976,8,9,4,0,0,0,20.6,16.7,79,1015,2.6,220,0
1976,8,9,5,0,0,0,22.1,17.5,75,1015,2.2,240,0
1976,8,9,6,58,63,51,23.5,18,71,1016,1.9,260,0
1976,8,9,7,159,91,128,25,18.3,67,1016,1.5,280,0
1976,8,9,8,338,187,234,25.7,18.9,66,1016,2.2,320,0
1976,8,9,9,476,305,249,26.5,19.6,66,1016,2.9,350,0
1976,8,9,10,446,147,316,27.2,20,65,1016,3.6,30,0
1976,8,9,11,614,248,373,27.4,20,64,1016,4.1,30,0
1976,8,9,12,699,222,478,27.6,19.7,62,1015,4.7,20,0
1976,8,9,13,498,155,349,27.8,19.4,61,1015,5.2,20,0
1976,8,9,14,458,113,360,27.1,20,65,1015,4.5,30,0
1976,8,9,15,309,108,231,26.3,20.4,70,1014,3.8,30,0
1976,8,9,16,245,101,192,25.6,20.6,74,1014,3.1,40,0
1976,8,9,17,142,46,128,25,20.3,75,1015,2.1,20,0
1976,8,9,18,39,13,37,24.5,19.8,75,1016,1,350,0
1976,8,9,19,0,0,0,23.9,19.4,76,1016,0,0,0
1976,8,9,20,0,0,0,23.5,19.5,78,1017,0.5,310,0
1976,8,9,21,0,0,0,23.2,19.6,80,1017,1,280,0
1976,8,9,22,0,0,0,22.8,19.4,82,1017,1.5,260,0
1976,8,9,23,0,0,0,22.6,19.4,82,1017,2,250,0
1976,8,10,0,0,0,0,22.4,19.2,82,1016,2.6,240,0
1976,8,10,1,0,0,0,22.2,18.9,82,1016,3.1,230,0
1976,8,10,2,0,0,0,21.8,18.6,82,1016,2.9,220,0
1976,8,10,3,0,0,0,21.5,18.1,81,1016,2.8,220,0
1976,8,10,4,0,0,0,21.1,17.8,81,1016,2.6,210,0
1976,8,10,5,0,0,0,22.8,18.4,76,1016,2.4,220,0
1976,8,10,6,46,44,41,24.4,18.6,70,1017,2.3,240,0
1976,8,10,7,195,110,157,26.1,18.9,65,1017,2.1,250,0
1976,8,10,8,342,288,181,26.8,19.2,63,1017,2.4,300,0
1976,8,10,9,522,423,208,27.6,19.4,61,1017,2.8,360,0
1976,8,10,10,695,584,178,28.3,19.4,59,1017,3.1,50,0
1976,8,10,11,689,385,315,28.3,19.5,59,1017,3.6,50,0
1976,8,10,12,732,446,287,28.3,19.5,59,1016,4.1,40,0
1976,8,10,13,555,119,441,28.3,19.4,59,1016,4.6,40,0
1976,8,10,14,655,414,295,27.4,19.5,62,1016,4.1,30,0
1976,8,10,15,660,684,167,26.5,19.2,64,1015,3.6,20,0
1976,8,10,16,441,565,141,25.6,18.9,67,1015,3.1,10,0
1976,8,10,17,183,415,54,24.8,18.5,68,1016,3.4,0,0
1976,8,10,18,41,103,28,24.1,18.3,70,1016,3.8,350,0
1976,8,10,19,0,0,0,23.3,17.8,71,1016,4.1,340,0
1976,8,10,20,0,0,0,22.9,18.3,75,1017,3.4,310,0
1976,8,10,21,0,0,0,22.6,19,80,1017,2.8,290,0
1976,8,10,22,0,0,0,22.2,19.4,84,1017,2.1,260,0
1976,8,10,23,0,0,0,21.8,19.6,87,1017,2.4,300,0
1976,8,11,0,0,0,0,21.5,19.8,90,1017,2.8,350,0
1976,8,11,1,0,0,0,21.1,20,93,1017,3.1,30,0
1976,8,11,2,0,0,0,21.1,19.9,93,1016,2.8,350,0
1976,8,11,3,0,0,0,21.1,19.9,93,1016,2.4,300,0
1976,8,11,4,0,0,0,21.1,20,93,1016,2.1,260,0
1976,8,11,5,0,0,0,21.8,20.3,91,1016,2.1,280,0
1976,8,11,6,28,20,26,22.6,20.7,89,1017,2.1,290,0
1976,8,11,7,173,49,156,23.3,21.1,87,1017,2.1,310,0
1976,8,11,8,274,112,211,24.4,21.3,83,1017,2.6,320,0
1976,8,11,9,410,145,302,25.6,21.5,78,1017,3.1,320,0
1976,8,11,10,622,278,376,26.7,21.7,74,1017,3.6,330,0
1976,8,11,11,411,84,329,25.6,21.3,77,1017,3.1,320,0
1976,8,11,12,633,242,391,24.4,20.9,81,1016,2.6,320,0
1976,8,11,13,377,131,251,23.3,20.6,84,1016,2.1,310,0
1976,8,11,14,502,210,320,23.5,20.8,85,1016,2.1,330,0
1976,8,11,15,327,78,272,23.7,21.2,86,1015,2.1,350,0
1976,8,11,16,363,261,225,23.9,21.7,87,1015,2.1,10,0
1976,8,11,17,144,119,107,23.5,21.4,88,1016,2.1,330,0
1976,8,11,18,29,11,28,23.2,21.3,89,1016,2.1,290,0
1976,8,11,19,0,0,0,22.8,21.1,90,1016,2.1,250,0
1976,8,11,20,0,0,0,22.6,20.9,90,1017,2.3,250,0
1976,8,11,21,0,0,0,22.4,20.7,90,1017,2.4,260,0
1976,8,11,22,0,0,0,22.2,20.6,90,1017,2.6,260,0
1976,8,11,23,0,0,0,21.8,20.3,91,1017,2.9,250,0
1976,8,12,0,0,0,0,21.5,20.2,92,1016,3.3,240,0
1976,8,12,1,0,0,0,21.1,20,93,1016,3.6,230,0
1976,8,12,2,0,0,0,21.3,20.1,93,1016,3.1,230,0
1976,8,12,3,0,0,0,21.5,20.3,93,1016,2.6,240,0
1976,8,12,4,0,0,0,21.7,20.6,93,1016,2.1,240,0
1976,8,12,5,0,0,0,22.2,20.7,91,1016,2.3,260,0
1976,8,12,6,27,23,25,22.8,20.9,89,1017,2.4,270,0
1976,8,12,7,209,112,170,23.3,21.1,87,1017,2.6,290,0
1976,8,12,8,308,167,215,24.1,21.2,84,1017,2.8,310,0
1976,8,12,9,447,187,308,24.8,21.1,80,1017,2.9,340,0
1976,8,12,10,588,374,257,25.6,21.1,77,1017,3.1,360,0
1976,8,12,11,594,280,322,25.6,21.5,78,1017,2.9,350,0
1976,8,12,12,471,107,364,25.6,21.5,78,1016,2.8,330,0
1976,8,12,13,435,80,359,25.6,21.7,79,1016,2.6,320,0
1976,8,12,14,879,728,249,25.6,21.3,77,1016,2.4,320,0
1976,8,12,15,578,530,198,25.6,21.1,76,1015,2.3,320,0
1976,8,12,16,384,497,123,25.6,20.6,74,1015,2.1,320,0
1976,8,12,17,214,409,89,24.8,20.7,78,1015,1.4,310,0
1976,8,12,18,44,29,40,24.1,21,83,1016,0.7,290,0
1976,8,12,19,0,0,0,23.3,21.1,87,1016,0,0,0
1976,8,12,20,0,0,0,23.1,21,88,1016,1.2,270,0
1976,8,12,21,0,0,0,23,21.1,89,1016,2.4,250,0
1976,8,12,22,0,0,0,22.8,21.1,90,1017,3.6,240,0
1976,8,12,23,0,0,0,22.6,21.1,91,1016,3.1,240,0
1976,8,13,0,0,0,0,22.4,21,92,1016,2.6,230,0
1976,8,13,1,0,0,0,22.2,21.1,93,1016,2.1,230,0
1976,8,13,2,0,0,0,22.2,21,93,1016,1.4,210,0
1976,8,13,3,0,0,0,22.2,21,93,1016,0.7,190,0
1976,8,13,4,0,0,0,22.2,21.1,93,1016,0,0,0
1976,8,13,5,0,0,0,22.8,21.1,90,1016,0,0,0
1976,8,13,6,52,65,44,23.3,21.2,88,1016,0,0,0
1976,8,13,7,213,223,137,23.9,21.1,85,1016,0,0,0
1976,8,13,8,408,326,226,24.6,21.3,82,1016,2.1,100,0
1976,8,13,9,545,402,246,25.4,21.7,80,1016,4.1,80,0
1976,8,13,10,473,138,351,26.1,21.7,77,1016,6.2,60,0
1976,8,13,11,542,160,387,26.3,21.7,76,1016,5,40,0
1976,8,13,12,746,438,310,26.5,21.7,75,1015,3.8,20,0
1976,8,13,13,657,439,235,26.7,21.7,74,1015,2.6,0,0
1976,8,13,14,583,244,372,26.5,21.7,75,1015,2.9,10,0
1976,8,13,15,305,77,250,26.3,21.7,76,1014,3.3,20,0
1976,8,13,16,222,11,216,26.1,21.7,77,1014,3.6,30,0
1976,8,13,17,146,8,144,25.7,21.4,77,1015,3.1,30,0
1976,8,13,18,40,13,39,25.4,20.9,76,1015,2.6,40,0
1976,8,13,19,0,0,0,25,20.6,76,1016,2.1,40,0
1976,8,13,20,0,0,0,24.4,20.3,78,1016,2.6,10,0
1976,8,13,21,0,0,0,23.9,20.3,80,1016,3.1,340,0
1976,8,13,22,0,0,0,23.3,20,82,1017,3.6,310,0
1976,8,13,23,0,0,0,22.9,20.1,84,1016,3.4,300,0
1976,8,14,0,0,0,0,22.6,20,85,1016,3.3,290,0
1976,8,14,1,0,0,0,22.2,20,87,1015,3.1,280,0
1976,8,14,2,0,0,0,22,19.9,88,1015,2.1,290,0
1976,8,14,3,0,0,0,21.9,20,89,1015,1,300,0
1976,8,14,4,0,0,0,21.7,20,90,1014,0,0,0
1976,8,14,5,0,0,0,22.4,20.3,88,1015,1.2,320,0
1976,8,14,6,31,0,31,23.2,20.9,87,1015,2.4,330,0
1976,8,14,7,159,40,145,23.9,21.1,85,1015,3.6,340,0
1976,8,14,8,192,5,189,24.8,21.3,81,1015,3.9,350,0
1976,8,14,9,297,6,292,25.8,21.3,76,1015,4.3,350,0
1976,8,14,10,330,4,326,26.7,21.1,72,1015,4.6,360,0
1976,8,14,11,700,350,361,27.1,20.7,68,1014,4.1,360,0
1976,8,14,12,935,730,208,27.4,20.3,65,1014,3.6,360,0
1976,8,14,13,935,788,180,27.8,19.4,61,1014,3.1,360,0
1976,8,14,14,491,314,220,27.4,19.5,62,1013,3.6,350,0
1976,8,14,15,306,119,221,27.1,19.7,64,1013,4.1,350,0
1976,8,14,16,371,428,148,26.7,19.4,65,1013,4.6,340,0
1976,8,14,17,142,103,111,26.1,19.7,68,1014,4.4,340,0
1976,8,14,18,34,10,33,25.6,20,71,1014,4.3,350,0
1976,8,14,19,0,0,0,25,20,74,1014,4.1,350,0
1976,8,14,20,0,0,0,24.8,19.9,74,1014,3.8,350,0
1976,8,14,21,0,0,0,24.6,19.7,74,1015,3.4,350,0
1976,8,14,22,0,0,0,24.4,19.4,74,1015,3.1,350,0
1976,8,14,23,0,0,0,24,19.5,76,1014,2.8,330,0
1976,8,15,0,0,0,0,23.7,19.4,77,1014,2.4,320,0
1976,8,15,1,0,0,0,23.3,19.4,79,1013,2.1,300,0
1976,8,15,2,0,0,0,22.2,19,82,1013,2.3,280,0
1976,8,15,3,0,0,0,21.1,18.3,84,1013,2.4,260,0
1976,8,15,4,0,0,0,20,17.8,87,1012,2.6,240,0
1976,8,15,5,0,0,0,21.7,18.5,82,1012,3.1,280,0
1976,8,15,6,46,125,31,23.3,18.9,76,1013,3.6,320,0
1976,8,15,7,214,310,110,25,19.4,71,1013,4.1,360,0
1976,8,15,8,343,287,184,25.7,19.8,70,1013,4.1,360,0
1976,8,15,9,529,303,304,26.5,20.1,68,1013,4.1,360,0
1976,8,15,10,604,284,353,27.2,20.6,67,1013,4.1,0,0
1976,8,15,11,692,361,342,27,20.8,69,1012,4.3,10,0
1976,8,15,12,549,148,402,26.9,21.4,72,1012,4.4,10,0
1976,8,15,13,537,191,354,26.7,21.7,74,1012,4.6,20,0
1976,8,15,14,448,118,346,26.3,21.5,75,1012,3.9,10,0
1976,8,15,15,240,10,233,26,21.5,76,1012,3.3,10,0
1976,8,15,16,209,10,204,25.6,21.1,77,1012,2.6,0,0
1976,8,15,17,85,3,84,24.7,21.2,81,1013,2.8,340,0
1976,8,15,18,26,4,26,23.7,21.2,86,1013,2.9,330,0
1976,8,15,19,0,0,0,22.8,21.1,90,1014,3.1,310,0
1976,8,15,20,0,0,0,22.6,21.1,91,1014,2.1,290,0
1976,8,15,21,0,0,0,22.4,21,92,1014,1,280,0
1976,8,15,22,0,0,0,22.2,21.1,93,1015,0,0,0
1976,8,15,23,0,0,0,21.7,20.5,93,1014,0.7,240,0
1976,8,16,0,0,0,0,21.1,19.9,93,1014,1.4,230,0
1976,8,16,1,0,0,0,20.6,19.4,93,1013,2.1,210,0
1976,8,16,2,0,0,0,20.2,18.9,92,1013,2.3,210,0
1976,8,16,3,0,0,0,19.8,18.3,91,1013,2.4,220,0
1976,8,16,4,0,0,0,19.4,17.8,90,1013,2.6,220,0
1976,8,16,5,0,0,0,21.1,17.3,79,1013,2.2,230,0
1976,8,16,6,65,326,26,22.7,16.7,69,1014,1.9,240,0
1976,8,16,7,251,530,72,24.4,15.6,58,1015,1.5,250,0
1976,8,16,8,434,558,124,25.5,17.7,62,1014,2.4,290,0
1976,8,16,9,658,674,159,26.7,19.6,65,1014,3.2,320,0
1976,8,16,10,823,825,95,27.8,21.7,69,1014,4.1,0,0
1976,8,16,11,957,897,88,27.8,21.8,70,1013,4.3,10,0
1976,8,16,12,945,863,87,27.8,22.1,71,1013,4.4,20,0
1976,8,16,13,982,956,67,27.8,22.2,72,1013,4.6,30,0
1976,8,16,14,736,704,130,27.6,21.9,71,1012,4.1,50,0
1976,8,16,15,516,407,226,27.4,21.5,70,1012,3.6,70,0
1976,8,16,16,313,286,165,27.2,21.1,69,1012,3.1,90,0
1976,8,16,17,170,182,116,26.7,21,71,1013,2.9,30,0
1976,8,16,18,33,13,32,26.1,20.7,72,1013,2.8,340,0
1976,8,16,19,0,0,0,25.6,20.6,74,1014,2.6,280,0
1976,8,16,20,0,0,0,24.8,20.5,77,1013,2.4,250,0
1976,8,16,21,0,0,0,24.1,20.6,81,1013,2.3,210,0
1976,8,16,22,0,0,0,23.3,20.6,84,1013,2.1,180,0
1976,8,16,23,0,0,0,23.1,20.5,85,1014,2.1,190,0
1976,8,17,0,0,0,0,23,20.5,86,1015,2.1,190,0
1976,8,17,1,0,0,0,22.8,20.6,87,1016,2.1,200,0
1976,8,17,2,0,0,0,22.4,20,86,1015,2.1,210,0
1976,8,17,3,0,0,0,22.1,19.5,85,1014,2.1,210,0
1976,8,17,4,0,0,0,21.7,18.9,84,1013,2.1,220,0
1976,8,17,5,0,0,0,23,19.6,81,1013,2.3,210,0
1976,8,17,6,56,180,35,24.3,20,77,1014,2.4,200,0
1976,8,17,7,223,429,79,25.6,20.6,74,1014,2.6,190,0
1976,8,17,8,472,621,127,26.1,21.5,76,1014,3.8,160,0
1976,8,17,9,458,279,251,26.7,22.3,77,1015,5,140,0
1976,8,17,10,244,9,236,27.2,23.3,79,1015,6.2,110,0
1976,8,17,11,637,332,315,28.3,23.2,74,1014,6.2,110,0
1976,8,17,12,951,735,220,29.5,23,68,1014,6.2,100,0
1976,8,17,13,902,842,96,30.6,22.8,63,1013,6.2,100,0
1976,8,17,14,786,724,163,29.8,22.3,64,1013,6.2,100,0
1976,8,17,15,379,147,275,29.1,22.1,66,1013,6.2,110,0
1976,8,17,16,240,78,200,28.3,21.7,67,1013,6.2,110,0
1976,8,17,17,133,99,103,27.4,21.7,71,1014,5,130,0
1976,8,17,18,40,39,35,26.5,21.7,75,1015,3.8,140,0
1976,8,17,19,0,0,0,25.6,21.7,79,1016,2.6,160,0
1976,8,17,20,0,0,0,24.8,21.3,81,1016,2.8,170,0
1976,8,17,21,0,0,0,24.1,20.8,82,1016,2.9,170,0
1976,8,17,22,0,0,0,23.3,20.6,84,1017,3.1,180,0
1976,8,17,23,0,0,0,22.6,20,85,1016,2.9,180,0
1976,8,18,0,0,0,0,21.8,19.4,86,1016,2.8,180,0
1976,8,18,1,0,0,0,21.1,18.9,87,1015,2.6,180,0
1976,8,18,2,0,0,0,20.7,18.3,86,1015,2.6,200,0
1976,8,18,3,0,0,0,20.4,17.8,85,1016,2.6,210,0
1976,8,18,4,0,0,0,20,17.2,84,1016,2.6,230,0
1976,8,18,5,0,0,0,21.3,17.9,81,1016,2.8,220,0
1976,8,18,6,29,29,26,22.6,18.4,77,1017,2.9,220,0
1976,8,18,7,131,4,130,23.9,18.9,74,1017,3.1,210,0
1976,8,18,8,297,121,230,24.3,20.6,80,1017,2.1,190,0
1976,8,18,9,538,435,216,24.6,21.9,85,1017,1,160,0
1976,8,18,10,562,203,383,25,23.3,91,1017,0,0,0
1976,8,18,11,728,270,466,26.1,23.4,85,1017,2.1,120,0
1976,8,18,12,600,263,339,27.2,23.5,80,1016,4.1,90,0
1976,8,18,13,875,665,240,28.3,23.3,74,1015,6.2,70,0
1976,8,18,14,718,578,222,27.9,22.6,73,1015,4.8,70,0
1976,8,18,15,628,611,195,27.6,22.3,73,1015,3.5,80,0
1976,8,18,16,260,195,159,27.2,21.7,72,1015,2.1,80,0
1976,8,18,17,169,318,76,25.9,21.4,76,1016,1.9,130,0
1976,8,18,18,41,90,29,24.6,20.9,80,1016,1.7,190,0
1976,8,18,19,0,0,0,23.3,20.6,84,1017,1.5,240,0
1976,8,18,20,0,0,0,22.8,20.2,85,1017,2.2,240,0
1976,8,18,21,0,0,0,22.2,19.8,86,1018,2.9,230,0
1976,8,18,22,0,0,0,21.7,19.4,87,1018,3.6,230,0
1976,8,18,23,0,0,0,21.3,18.9,86,1018,3.8,230,0
1976,8,19,0,0,0,0,21,18.4,85,1017,3.9,240,0
1976,8,19,1,0,0,0,20.6,17.8,84,1017,4.1,240,0
1976,8,19,2,0,0,0,20.4,18.2,87,1017,3.4,240,0
1976,8,19,3,0,0,0,20.2,18.5,90,1016,2.8,250,0
1976,8,19,4,0,0,0,20,18.9,93,1016,2.1,250,0
1976,8,19,5,0,0,0,21.1,19.8,92,1016,2.1,250,0
1976,8,19,6,43,73,33,22.2,20.7,91,1017,2.1,240,0
1976,8,19,7,75,11,71,23.3,21.7,90,1017,2.1,240,0
1976,8,19,8,201,0,201,23.7,22,90,1017,2.3,190,0
1976,8,19,9,305,1,304,24,22.3,90,1018,2.4,130,0
1976,8,19,10,265,2,264,24.4,22.8,90,1018,2.6,80,0
1976,8,19,11,433,7,426,24.8,22.7,88,1017,2.9,70,0
1976,8,19,12,411,1,409,25.2,22.9,87,1016,3.3,60,0
1976,8,19,13,449,2,447,25.6,22.8,85,1016,3.6,50,0
1976,8,19,14,389,0,389,25.2,22.5,85,1016,2.9,60,0
1976,8,19,15,346,1,345,24.8,22.1,85,1015,2.2,80,0
1976,8,19,16,238,1,238,24.4,21.7,85,1015,1.5,90,0
1976,8,19,17,127,0,127,24.4,21.7,85,1016,2,80,0
1976,8,19,18,36,0,36,24.4,21.7,85,1016,2.6,70,0
1976,8,19,19,0,0,0,24.4,21.7,85,1016,3.1,60,0
1976,8,19,20,0,0,0,24,21.7,87,1016,3.8,70,0
1976,8,19,21,0,0,0,23.7,21.6,88,1017,4.5,70,0
1976,8,19,22,0,0,0,23.3,21.7,90,1017,5.2,80,0
1976,8,19,23,0,0,0,22.8,21.3,91,1017,4.3,130,0
1976,8,20,0,0,0,0,22.2,20.8,92,1016,3.5,190,0
1976,8,20,1,0,0,0,21.7,20.6,93,1016,2.6,240,0
1976,8,20,2,0,0,0,21.7,20.4,92,1016,2.9,250,0
1976,8,20,3,0,0,0,21.7,20.2,91,1015,3.3,270,0
1976,8,20,4,0,0,0,21.7,20,90,1015,3.6,280,0
1976,8,20,5,0,0,0,21.7,20.2,91,1016,3.8,280,0
1976,8,20,6,48,0,48,21.7,20.4,92,1016,3.9,280,0
1976,8,20,7,103,0,102,21.7,20.6,93,1017,4.1,280,0
1976,8,20,8,255,2,255,23.2,21.5,90,1017,3.9,320,0
1976,8,20,9,387,2,386,24.6,22.5,88,1017,3.8,10,0
1976,8,20,10,421,2,419,26.1,23.3,85,1017,3.6,50,0
1976,8,20,11,443,1,442,26.1,22.6,81,1016,3.6,50,0
1976,8,20,12,548,127,422,26.1,22,78,1016,3.6,50,0
1976,8,20,13,362,95,272,26.1,21.1,74,1015,3.6,50,0
1976,8,20,14,635,316,364,25.5,21,76,1015,3.3,40,0
1976,8,20,15,623,649,165,25,20.7,77,1014,2.9,30,0
1976,8,20,16,301,324,135,24.4,20.6,79,1014,2.6,20,0
1976,8,20,17,195,361,91,24.2,20.1,78,1015,2.4,20,0
1976,8,20,18,43,42,37,24.1,19.8,77,1015,2.3,20,0
1976,8,20,19,0,0,0,23.9,19.4,76,1016,2.1,20,0
1976,8,20,20,0,0,0,23.2,19.6,80,1016,1.4,350,0
1976,8,20,21,0,0,0,22.4,19.4,83,1016,0.7,330,0
1976,8,20,22,0,0,0,21.7,19.4,87,1016,0,0,0
1976,8,20,23,0,0,0,21.1,18.9,87,1016,0.9,270,0
1976,8,21,0,0,0,0,20.6,18.4,87,1015,1.7,250,0
1976,8,21,1,0,0,0,20,17.8,87,1015,2.6,220,0
1976,8,21,2,0,0,0,19.8,17.8,88,1015,2.9,220,0
1976,8,21,3,0,0,0,19.6,17.8,89,1014,3.3,220,0
1976,8,21,4,0,0,0,19.4,17.8,90,1014,3.6,220,0
1976,8,21,5,0,0,0,21.1,18.5,85,1015,3.4,230,0
1976,8,21,6,39,35,34,22.7,19.3,81,1015,3.3,250,0
1976,8,21,7,180,232,102,24.4,20,76,1015,3.1,260,0
1976,8,21,8,359,403,136,25.2,20,73,1015,3.1,310,0
1976,8,21,9,650,694,137,25.9,20,70,1015,3.1,0,0
1976,8,21,10,895,934,73,26.7,20,67,1014,3.1,50,0
1976,8,21,11,899,807,120,26.9,20,66,1014,3.4,60,0
1976,8,21,12,947,830,125,27,20.1,66,1013,3.8,60,0
1976,8,21,13,896,781,153,27.2,20,65,1013,4.1,70,0
1976,8,21,14,776,785,106,27,20.1,66,1013,3.9,70,0
1976,8,21,15,608,686,126,26.9,20,66,1013,3.8,70,0
1976,8,21,16,443,717,78,26.7,20,67,1013,3.6,70,0
1976,8,21,17,196,445,70,25.4,19.8,71,1013,2.4,100,0
1976,8,21,18,44,139,26,24.1,19.4,75,1014,1.2,120,0
1976,8,21,19,0,0,0,22.8,18.9,79,1014,0,0,0
1976,8,21,20,0,0,0,22.4,19.2,82,1015,0.9,170,0
1976,8,21,21,0,0,0,22.1,19.3,84,1015,1.7,200,0
1976,8,21,22,0,0,0,21.7,19.4,87,1015,2.6,220,0
1976,8,21,23,0,0,0,21.1,19.1,88,1015,2.6,220,0
1976,8,22,0,0,0,0,20.6,18.7,89,1015,2.6,220,0
1976,8,22,1,0,0,0,20,18.3,90,1014,2.6,220,0
1976,8,22,2,0,0,0,20,17.6,86,1014,2.4,220,0
1976,8,22,3,0,0,0,20,16.9,82,1014,2.3,210,0
1976,8,22,4,0,0,0,20,16.1,78,1014,2.1,210,0
1976,8,22,5,0,0,0,21.7,17.1,75,1015,2.3,220,0
1976,8,22,6,47,79,38,23.3,18,72,1015,2.4,220,0
1976,8,22,7,191,170,134,25,18.9,69,1016,2.6,230,0
1976,8,22,8,322,258,179,26.1,19.7,68,1016,3.3,170,0
1976,8,22,9,523,414,217,27.2,20.8,68,1016,3.9,120,0
1976,8,22,10,781,654,205,28.3,21.7,67,1016,4.6,60,0
1976,8,22,11,758,524,252,28.3,21.6,67,1015,4.8,60,0
1976,8,22,12,835,549,292,28.3,21.6,67,1015,5,60,0
1976,8,22,13,724,453,293,28.3,21.7,67,1014,5.2,60,0
1976,8,22,14,718,631,179,27.9,21.5,68,1014,4.7,70,0
1976,8,22,15,496,410,208,27.6,21.2,68,1014,4.1,70,0
1976,8,22,16,374,468,137,27.2,21.1,69,1014,3.6,80,0
1976,8,22,17,135,94,108,26.1,21.1,74,1015,3.4,80,0
1976,8,22,18,37,46,31,25,21.3,80,1015,3.3,80,0
1976,8,22,19,0,0,0,23.9,21.1,85,1016,3.1,80,0
1976,8,22,20,0,0,0,23.5,20.8,85,1016,3.1,130,0
1976,8,22,21,0,0,0,23.2,20.4,84,1017,3.1,170,0
1976,8,22,22,0,0,0,22.8,20,84,1017,3.1,220,0
1976,8,22,23,0,0,0,22.2,19.8,86,1017,2.9,220,0
1976,8,23,0,0,0,0,21.7,19.6,88,1016,2.8,230,0
1976,8,23,1,0,0,0,21.1,19.4,90,1016,2.6,230,0
1976,8,23,2,0,0,0,20.5,19,91,1016,2.8,230,0
1976,8,23,3,0,0,0,20,18.7,92,1016,2.9,220,0
1976,8,23,4,0,0,0,19.4,18.3,93,1016,3.1,220,0
1976,8,23,5,0,0,0,20.9,18.7,87,1016,2.1,240,0
1976,8,23,6,54,180,31,22.4,19.2,82,1017,1,270,0
1976,8,23,7,207,311,104,23.9,19.4,76,1017,0,0,0
1976,8,23,8,367,295,204,25,19.8,73,1017,1.2,310,0
1976,8,23,9,350,154,237,26.1,20.2,70,1017,2.4,340,0
1976,8,23,10,641,338,344,27.2,20.6,67,1017,3.6,0,0
1976,8,23,11,625,267,367,27.2,20.6,67,1017,3.4,10,0
1976,8,23,12,822,480,347,27.2,20.6,67,1016,3.3,20,0
1976,8,23,13,551,233,330,27.2,20.6,67,1016,3.1,30,0
1976,8,23,14,544,351,245,27,20.4,67,1016,2.8,30,0
1976,8,23,15,415,274,223,26.9,20.3,67,1016,2.4,40,0
1976,8,23,16,297,169,212,26.7,20,67,1016,2.1,40,0
1976,8,23,17,135,70,115,25.8,20.6,73,1016,2.1,40,0
1976,8,23,18,37,36,32,24.8,20.9,79,1016,2.1,30,0
1976,8,23,19,0,0,0,23.9,21.1,85,1017,2.1,30,0
1976,8,23,20,0,0,0,23.5,21.2,87,1017,2.1,90,0
1976,8,23,21,0,0,0,23.2,21.1,88,1017,2.1,150,0
1976,8,23,22,0,0,0,22.8,21.1,90,1018,2.1,210,0
1976,8,23,23,0,0,0,21.9,20.2,90,1017,2.3,220,0
1976,8,24,0,0,0,0,20.9,19.2,90,1017,2.4,220,0
1976,8,24,1,0,0,0,20,18.3,90,1016,2.6,230,0
1976,8,24,2,0,0,0,20.2,18.3,89,1016,2.2,220,0
1976,8,24,3,0,0,0,20.4,18.4,88,1016,1.9,220,0
1976,8,24,4,0,0,0,20.6,18.3,87,1016,1.5,210,0
1976,8,24,5,0,0,0,21.7,19.1,85,1016,1.7,250,0
1976,8,24,6,54,171,33,22.8,20,84,1017,1.9,290,0
1976,8,24,7,255,566,66,23.9,20.6,82,1017,2.1,330,0
1976,8,24,8,466,671,96,24.6,20.7,79,1017,2.3,350,0
1976,8,24,9,637,674,140,25.4,21.1,77,1018,2.4,10,0
1976,8,24,10,431,153,296,26.1,21.1,74,1018,2.6,30,0
1976,8,24,11,799,609,212,26.7,20.8,70,1017,2.9,20,0
1976,8,24,12,885,731,162,27.2,20.6,67,1017,3.3,10,0
1976,8,24,13,922,844,121,27.8,20,63,1016,3.6,0,0
1976,8,24,14,827,878,80,27.4,20,64,1016,3.6,0,0
1976,8,24,15,582,641,136,27.1,20.2,66,1015,3.6,10,0
1976,8,24,16,425,654,96,26.7,20,67,1015,3.6,10,0
1976,8,24,17,177,378,72,25.8,19.9,70,1016,3.1,10,0
1976,8,24,18,36,26,32,24.8,19.6,73,1016,2.6,0,0
1976,8,24,19,0,0,0,23.9,19.4,76,1017,2.1,0,0
1976,8,24,20,0,0,0,23.5,19.7,79,1017,2.4,320,0
1976,8,24,21,0,0,0,23.2,19.8,81,1017,2.8,270,0
1976,8,24,22,0,0,0,22.8,20,84,1018,3.1,230,0
1976,8,24,23,0,0,0,22.2,19.9,87,1017,2.9,230,0
1976,8,25,0,0,0,0,21.7,20,90,1017,2.8,220,0
1976,8,25,1,0,0,0,21.1,20,93,1017,2.6,220,0
1976,8,25,2,0,0,0,21.1,19.8,92,1016,1.7,230,0
1976,8,25,3,0,0,0,21.1,19.6,91,1016,0.9,240,0
1976,8,25,4,0,0,0,21.1,19.4,90,1016,0,0,0
1976,8,25,5,0,0,0,22.4,20,86,1016,0.7,270,0
1976,8,25,6,41,41,36,23.7,20.7,83,1017,1.4,280,0
1976,8,25,7,252,565,65,25,21.1,79,1017,2.1,290,0
1976,8,25,8,486,794,49,25.7,20.9,75,1017,2.6,310,0
1976,8,25,9,670,797,82,26.5,20.8,71,1017,3.1,340,0
1976,8,25,10,839,853,90,27.2,20.6,67,1017,3.6,360,0
1976,8,25,11,843,628,238,27.4,20.5,66,1017,3.4,360,0
1976,8,25,12,805,586,227,27.6,20.2,64,1016,3.3,360,0
1976,8,25,13,682,488,220,27.8,20,63,1016,3.1,360,0
1976,8,25,14,544,366,233,27.2,20.3,66,1015,3.3,360,0
1976,8,25,15,459,369,203,26.7,20.6,69,1015,3.4,360,0
1976,8,25,16,364,436,146,26.1,20.6,72,1015,3.6,360,0
1976,8,25,17,161,373,59,25.4,20.4,74,1015,3.4,340,0
1976,8,25,18,33,35,29,24.6,20.3,77,1016,3.3,330,0
1976,8,25,19,0,0,0,23.9,20,79,1016,3.1,310,0
1976,8,25,20,0,0,0,23.7,20.1,80,1017,2.6,300,0
1976,8,25,21,0,0,0,23.5,20.1,81,1017,2,300,0
1976,8,25,22,0,0,0,23.3,20,82,1017,1.5,290,0
1976,8,25,23,0,0,0,22.4,20,86,1017,1.7,260,0
1976,8,26,0,0,0,0,21.5,19.6,89,1017,1.9,240,0
1976,8,26,1,0,0,0,20.6,19.4,93,1017,2.1,210,0
1976,8,26,2,0,0,0,20.2,18.5,90,1016,2.3,210,0
1976,8,26,3,0,0,0,19.8,17.6,87,1016,2.4,210,0
1976,8,26,4,0,0,0,19.4,16.7,84,1015,2.6,210,0
1976,8,26,5,0,0,0,20.3,17.5,84,1016,2.2,210,0
1976,8,26,6,45,24,42,21.3,18.5,84,1016,1.9,210,0
1976,8,26,7,105,62,84,22.2,19.4,84,1016,1.5,210,0
1976,8,26,8,430,555,124,24.1,20,78,1016,2.7,150,0
1976,8,26,9,670,720,139,25.9,20.7,73,1016,4,90,0
1976,8,26,10,687,604,156,27.8,21.1,67,1016,5.2,30,0
1976,8,26,11,809,630,202,28,21.1,66,1016,5,40,0
1976,8,26,12,739,389,355,28.1,20.7,64,1015,4.8,60,0
1976,8,26,13,771,431,363,28.3,20.6,63,1014,4.6,70,0
1976,8,26,14,734,643,189,27.8,20.9,66,1014,4.6,70,0
1976,8,26,15,611,677,142,27.2,21,69,1014,4.6,70,0
1976,8,26,16,279,336,112,26.7,21.1,72,1014,4.6,70,0
1976,8,26,17,183,348,89,25.9,21.1,75,1015,3.6,40,0
1976,8,26,18,44,66,35,25.2,21.3,79,1015,2.5,20,0
1976,8,26,19,0,0,0,24.4,21.1,82,1016,1.5,350,0
1976,8,26,20,0,0,0,23.9,21,84,1016,1.7,310,0
1976,8,26,21,0,0,0,23.3,20.6,85,1016,1.9,270,0
1976,8,26,22,0,0,0,22.8,20.6,87,1016,2.1,230,0
1976,8,26,23,0,0,0,22.6,20.5,88,1016,2.3,230,0
1976,8,27,0,0,0,0,22.4,20.5,89,1015,2.4,240,0
1976,8,27,1,0,0,0,22.2,20.6,90,1015,2.6,240,0
1976,8,27,2,0,0,0,21.8,20.5,92,1015,2.6,230,0
1976,8,27,3,0,0,0,21.5,20.7,95,1015,2.6,220,0
1976,8,27,4,0,0,0,21.1,20.6,97,1015,2.6,210,0
1976,8,27,5,0,0,0,22,21,94,1015,2.8,220,0
1976,8,27,6,55,104,43,23,21.3,90,1015,2.9,240,0
1976,8,27,7,167,294,70,23.9,21.7,87,1016,3.1,250,0
1976,8,27,8,372,452,124,24.6,21.5,83,1015,2.8,290,0
1976,8,27,9,630,618,174,25.4,21.3,78,1015,2.4,340,0
1976,8,27,10,663,434,282,26.1,21.1,74,1015,2.1,20,0
1976,8,27,11,802,607,219,26.7,21.2,72,1014,3.5,30,0
1976,8,27,12,980,806,186,27.2,21.5,71,1014,4.8,40,0
1976,8,27,13,941,824,161,27.8,21.7,69,1013,6.2,50,0
1976,8,27,14,756,740,131,27.4,21.2,69,1013,5.5,50,0
1976,8,27,15,647,757,124,27.1,20.9,69,1013,4.8,60,0
1976,8,27,16,424,687,84,26.7,20.6,69,1013,4.1,60,0
1976,8,27,17,179,447,59,25.6,20.6,74,1013,3.6,120,0
1976,8,27,18,41,112,27,24.4,20.5,79,1013,3.1,180,0
1976,8,27,19,0,0,0,23.3,20.6,84,1014,2.6,240,0
1976,8,27,20,0,0,0,22.8,20.5,87,1014,4,240,0
1976,8,27,21,0,0,0,22.2,20.5,90,1014,5.3,240,0
1976,8,27,22,0,0,0,21.7,20.6,93,1015,6.7,240,0
1976,8,27,23,0,0,0,21.5,20.2,92,1014,5.7,240,0
1976,8,28,0,0,0,0,21.3,19.8,91,1014,4.6,230,0
1976,8,28,1,0,0,0,21.1,19.4,90,1013,3.6,230,0
1976,8,28,2,0,0,0,21.5,19.8,90,1013,3.1,220,0
1976,8,28,3,0,0,0,21.8,20.1,90,1013,2.6,210,0
1976,8,28,4,0,0,0,22.2,20.6,90,1013,2.1,200,0
1976,8,28,5,0,0,0,22.8,21.3,91,1013,2.3,220,0
1976,8,28,6,35,59,27,23.3,22.1,93,1013,2.4,230,0
1976,8,28,7,105,127,63,23.9,22.8,94,1014,2.6,250,0
1976,8,28,8,427,466,171,25.2,23.1,88,1014,2.9,280,0
1976,8,28,9,546,479,193,26.5,23.4,83,1014,3.3,320,0
1976,8,28,10,821,770,145,27.8,23.3,77,1014,3.6,350,0
1976,8,28,11,908,742,195,27.8,23.4,77,1014,3.9,20,0
1976,8,28,12,808,460,356,27.8,23.4,77,1013,4.3,60,0
1976,8,28,13,656,397,281,27.8,23.3,77,1013,4.6,90,0
1976,8,28,14,553,258,336,27.4,22.8,76,1012,4.3,80,0
1976,8,28,15,471,379,211,27.1,22.3,75,1012,3.9,80,0
1976,8,28,16,255,247,134,26.7,21.7,74,1012,3.6,70,0
1976,8,28,17,137,220,79,25.8,21.7,78,1013,2.9,60,0
1976,8,28,18,34,64,26,24.8,21.7,83,1013,2.2,60,0
1976,8,28,19,0,0,0,23.9,21.7,87,1014,1.5,50,0
1976,8,28,20,0,0,0,23.7,21.6,88,1014,1.7,100,0
1976,8,28,21,0,0,0,23.5,21.6,89,1014,1.9,160,0
1976,8,28,22,0,0,0,23.3,21.7,90,1015,2.1,210,0
1976,8,28,23,0,0,0,22.9,21.2,90,1015,2.4,220,0
1976,8,29,0,0,0,0,22.6,20.9,90,1014,2.8,230,0
1976,8,29,1,0,0,0,22.2,20.6,90,1014,3.1,240,0
1976,8,29,2,0,0,0,22,20.3,90,1014,3.4,240,0
1976,8,29,3,0,0,0,21.9,20.2,90,1014,3.8,230,0
1976,8,29,4,0,0,0,21.7,20,90,1014,4.1,230,0
1976,8,29,5,0,0,0,21.9,20.2,90,1015,3.2,230,0
1976,8,29,6,40,43,34,22,20.3,90,1015,2.4,240,0
1976,8,29,7,102,1,102,22.2,20.6,90,1016,1.5,240,0
1976,8,29,8,254,62,220,23.9,21.2,85,1016,1.9,300,0
1976,8,29,9,207,42,176,25.5,21.6,79,1015,2.2,350,0
1976,8,29,10,572,279,328,27.2,22.2,74,1015,2.6,50,0
1976,8,29,11,728,509,239,27.6,22.3,73,1015,3.3,50,0
1976,8,29,12,806,477,337,27.9,22.2,71,1014,3.9,50,0
1976,8,29,13,868,682,225,28.3,22.2,70,1014,4.6,50,0
1976,8,29,14,676,484,270,27.6,21.9,71,1014,4.4,60,0
1976,8,29,15,539,522,180,26.8,21.1,71,1014,4.3,60,0
1976,8,29,16,271,254,147,26.1,20.6,72,1014,4.1,70,0
1976,8,29,17,157,255,90,25.2,20.3,74,1014,3.2,70,0
1976,8,29,18,29,42,24,24.2,19.9,77,1015,2.4,60,0
1976,8,29,19,0,0,0,23.3,19.4,79,1015,1.5,60,0
1976,8,29,20,0,0,0,22.9,19.7,82,1015,1.9,120,0
1976,8,29,21,0,0,0,22.6,19.8,84,1016,2.2,170,0
1976,8,29,22,0,0,0,22.2,20,87,1016,2.6,230,0
1976,8,29,23,0,0,0,21.5,19.1,86,1015,2.8,230,0
1976,8,30,0,0,0,0,20.7,18.1,85,1015,2.9,240,0
1976,8,30,1,0,0,0,20,17.2,84,1014,3.1,240,0
1976,8,30,2,0,0,0,20.2,17.2,83,1014,2.8,240,0
1976,8,30,3,0,0,0,20.4,17.2,82,1014,2.4,230,0
1976,8,30,4,0,0,0,20.6,17.2,81,1014,2.1,230,0
1976,8,30,5,0,0,0,22.4,18.6,79,1014,2.6,240,0
1976,8,30,6,58,206,32,24.3,19.8,76,1014,3.1,260,0
1976,8,30,7,137,242,57,26.1,21.1,74,1015,3.6,270,0
1976,8,30,8,491,702,106,26.3,21.1,73,1015,3.3,320,0
1976,8,30,9,516,282,309,26.5,21.3,73,1015,2.9,0,0
1976,8,30,10,312,28,288,26.7,21.1,72,1015,2.6,50,0
1976,8,30,11,615,134,487,26.7,21.5,73,1014,3.6,40,0
1976,8,30,12,625,152,475,26.7,21.5,73,1014,4.7,30,0
1976,8,30,13,601,227,388,26.7,21.7,74,1013,5.7,20,0
1976,8,30,14,729,516,296,26.1,21.8,77,1013,5,20,0
1976,8,30,15,411,121,327,25.6,21.7,79,1013,4.3,10,0
1976,8,30,16,269,224,160,25,21.7,82,1013,3.6,10,0
1976,8,30,17,160,135,125,24.6,21.5,83,1013,3.4,360,0
1976,8,30,18,34,16,32,24.3,21.4,84,1014,3.3,340,0
1976,8,30,19,0,0,0,23.9,21.1,85,1014,3.1,330,0
1976,8,30,20,0,0,0,23.7,21.4,87,1014,3.1,300,0
1976,8,30,21,0,0,0,23.5,21.4,88,1015,3.1,270,0
1976,8,30,22,0,0,0,23.3,21.7,90,1015,3.1,240,0
1976,8,30,23,0,0,0,22.9,21.5,92,1014,2.6,230,0
1976,8,31,0,0,0,0,22.6,21.8,95,1014,2,220,0
1976,8,31,1,0,0,0,22.2,21.7,97,1013,1.5,210,0
1976,8,31,2,0,0,0,22.2,21.5,96,1013,1,190,0
1976,8,31,3,0,0,0,22.2,21.2,94,1013,0.5,170,0
1976,8,31,4,0,0,0,22.2,21.1,93,1013,0,0,0
1976,8,31,5,0,0,0,22.9,21,89,1014,0,0,0
1976,8,31,6,45,1,45,23.7,21.2,86,1014,0,0,0
1976,8,31,7,140,11,137,24.4,21.1,82,1015,0,0,0
1976,8,31,8,203,4,201,25.5,21.6,79,1015,1.2,90,0
1976,8,31,9,259,3,257,26.7,21.9,75,1015,2.4,70,0
1976,8,31,10,467,11,457,27.8,22.2,72,1015,3.6,50,0
1976,8,31,11,594,261,344,27.8,22.1,71,1014,3.3,40,0
1976,8,31,12,621,321,306,27.8,21.8,70,1013,2.9,40,0
1976,8,31,13,713,322,411,27.8,21.7,69,1013,2.6,30,0
1976,8,31,14,609,414,263,27.6,21.4,69,1013,2.9,20,0
1976,8,31,15,546,427,255,27.4,21.2,69,1013,3.3,20,0
1976,8,31,16,391,531,135,27.2,21.1,69,1013,3.6,10,0
1976,8,31,17,162,195,112,26.3,20.9,72,1013,2.4,350,0
1976,8,31,18,29,31,25,24.9,20.8,77,1014,1.4,307,0
1976,8,31,19,0,0,0,23.9,20.6,81,1014,0.8,66,0
1976,8,31,20,0,0,0,23.4,20.7,84,1014,1.7,259,0
1976,8,31,21,0,0,0,23.1,20.7,86,1015,2.4,239,0
1976,8,31,22,0,0,0,22.9,20.7,87,1015,2.8,230,0
1976,8,31,23,0,0,0,22.7,20.6,88,1014,2.8,230,0
1977,9,1,0,0,0,0,22.7,20.6,87,1015,2.9,230,0
1977,9,1,1,0,0,0,22.6,20.4,87,1014,2.9,230,0
1977,9,1,2,0,0,0,22.4,20.3,87,1014,2.5,234,0
1977,9,1,3,0,0,0,22.2,20.1,87,1014,1.8,236,0
1977,9,1,4,0,0,0,22,19.7,87,1014,0.8,66,0
1977,9,1,5,0,0,0,23,19.9,82,1015,1,247,0
1977,9,1,6,45,91,34,24.3,19.8,76,1015,1.4,260,0
1977,9,1,7,168,225,94,25.6,20,71,1015,2.1,260,0
1977,9,1,8,425,570,113,26.7,20.3,68,1015,2.8,290,0
1977,9,1,9,690,773,123,27.8,20.9,66,1015,3.4,310,0
1977,9,1,10,840,852,94,28.9,21.1,63,1015,4.1,340,0
1977,9,1,11,930,852,114,28.9,21.4,64,1015,3.9,350,0
1977,9,1,12,890,804,102,28.9,21.4,64,1014,3.8,0,0
1977,9,1,13,916,889,82,28.9,21.7,65,1014,3.6,10,0
1977,9,1,14,785,744,162,28.3,21.4,66,1013,3.1,20,0
1977,9,1,15,550,573,160,27.8,21.4,68,1013,2.6,30,0
1977,9,1,16,241,226,132,27.2,21.1,69,1013,2.1,40,0
1977,9,1,17,161,355,70,26.5,21.1,72,1014,1.9,40,0
1977,9,1,18,26,54,19,25.7,21.2,76,1014,1.7,50,0
1977,9,1,19,0,0,0,25,21.1,79,1015,1.5,50,0
1977,9,1,20,0,0,0,24.6,21.1,81,1015,1.7,60,0
1977,9,1,21,0,0,0,24.3,21.2,83,1015,1.9,80,0
1977,9,1,22,0,0,0,23.9,21.1,85,1015,2.1,90,0
1977,9,1,23,0,0,0,23.5,21,86,1015,1.9,140,0
1977,9,2,0,0,0,0,23.2,20.7,86,1015,1.7,200,0
1977,9,2,1,0,0,0,22.8,20.6,87,1014,1.5,250,0
1977,9,2,2,0,0,0,22.6,20.3,87,1014,2,250,0
1977,9,2,3,0,0,0,22.4,20.1,87,1014,2.6,250,0
1977,9,2,4,0,0,0,22.2,20,87,1014,3.1,250,0
1977,9,2,5,0,0,0,22.9,20.3,85,1014,2.8,250,0
1977,9,2,6,55,131,39,23.7,20.8,84,1015,2.4,260,0
1977,9,2,7,224,413,88,24.4,21.1,82,1015,2.1,260,0
1977,9,2,8,379,465,124,25.5,21.2,77,1015,2.4,300,0
1977,9,2,9,567,564,153,26.7,21.2,72,1015,2.8,340,0
1977,9,2,10,539,269,304,27.8,21.1,67,1015,3.1,20,0
1977,9,2,11,853,561,316,27.1,21.2,70,1015,2.1,30,0
1977,9,2,12,612,223,394,26.3,21.3,74,1015,1,30,0
1977,9,2,13,565,123,450,25.6,21.1,77,1014,0,0,0
1977,9,2,14,431,120,331,26.1,21.1,74,1014,1.4,50,0
1977,9,2,15,360,161,251,26.7,21.2,72,1014,2.7,50,0
1977,9,2,16,252,126,191,27.2,21.1,69,1013,4.1,60,0
1977,9,2,17,136,142,100,26.5,20.8,71,1014,3.6,60,0
1977,9,2,18,24,21,21,25.7,20.3,72,1014,3.1,60,0
1977,9,2,19,0,0,0,25,20,74,1015,2.6,60,0
1977,9,2,20,0,0,0,24.4,19.9,76,1015,2.2,0,0
1977,9,2,21,0,0,0,23.9,19.6,77,1016,1.9,310,0
1977,9,2,22,0,0,0,23.3,19.4,79,1016,1.5,250,0
1977,9,2,23,0,0,0,22.8,19.6,82,1016,1.7,240,0
1977,9,3,0,0,0,0,22.2,19.4,84,1015,1.9,240,0
1977,9,3,1,0,0,0,21.7,19.4,87,1015,2.1,230,0
1977,9,3,2,0,0,0,20.9,18.5,86,1015,2.1,220,0
1977,9,3,3,0,0,0,20.2,17.6,85,1014,2.1,220,0
1977,9,3,4,0,0,0,19.4,16.7,84,1014,2.1,210,0
1977,9,3,5,0,0,0,21.1,17.7,81,1015,2.8,230,0
1977,9,3,6,65,302,27,22.7,18.5,77,1015,3.4,250,0
1977,9,3,7,251,589,58,24.4,19.4,74,1016,4.1,270,0
1977,9,3,8,438,619,100,25.7,19.6,69,1016,3.8,300,0
1977,9,3,9,677,784,102,27,19.6,64,1015,3.4,330,0
1977,9,3,10,835,761,170,28.3,19.4,59,1015,3.1,360,0
1977,9,3,11,913,795,152,28.3,20.3,62,1015,3.4,360,0
1977,9,3,12,978,858,139,28.3,20.9,64,1014,3.8,360,0
1977,9,3,13,895,866,85,28.3,21.7,67,1013,4.1,360,0
1977,9,3,14,680,599,181,26.6,21.4,73,1013,3.6,340,0
1977,9,3,15,516,427,228,25,20.9,78,1013,3.1,320,0
1977,9,3,16,206,51,181,23.3,20.6,84,1013,2.6,300,0
1977,9,3,17,128,36,119,23.1,20.5,85,1014,2.2,270,0
1977,9,3,18,24,2,23,23,20.5,86,1014,1.9,230,0
1977,9,3,19,0,0,0,22.8,20.6,87,1015,1.5,200,0
1977,9,3,20,0,0,0,22.2,20.1,88,1015,1.9,190,0
1977,9,3,21,0,0,0,21.7,19.8,89,1015,2.2,190,0
1977,9,3,22,0,0,0,21.1,19.4,90,1015,2.6,180,0
1977,9,3,23,0,0,0,20.9,19,89,1015,2.8,180,0
1977,9,4,0,0,0,0,20.8,18.8,88,1014,2.9,180,0
1977,9,4,1,0,0,0,20.6,18.3,87,1014,3.1,180,0
1977,9,4,2,0,0,0,20.2,18,87,1014,2.9,200,0
1977,9,4,3,0,0,0,19.8,17.6,87,1014,2.8,210,0
1977,9,4,4,0,0,0,19.4,17.2,87,1014,2.6,230,0
1977,9,4,5,0,0,0,21.5,18.1,81,1014,2.4,240,0
1977,9,4,6,65,231,36,23.5,18.8,75,1014,2.3,240,0
1977,9,4,7,237,453,89,25.6,19.4,69,1015,2.1,250,0
1977,9,4,8,510,822,60,26.5,19.9,67,1015,2.4,280,0
1977,9,4,9,689,814,92,27.4,20.3,65,1015,2.8,320,0
1977,9,4,10,857,889,82,28.3,20.6,63,1015,3.1,350,0
1977,9,4,11,857,753,138,28.5,20.8,63,1014,3.8,20,0
1977,9,4,12,928,854,95,28.7,21,63,1014,4.5,40,0
1977,9,4,13,914,802,165,28.9,21.1,63,1013,5.2,70,0
1977,9,4,14,668,599,171,28.2,20.8,64,1013,4.5,70,0
1977,9,4,15,581,595,180,27.4,20,64,1013,3.8,60,0
1977,9,4,16,255,227,147,26.7,19.4,65,1013,3.1,60,0
1977,9,4,17,136,266,70,25.9,20,70,1013,2.8,70,0
1977,9,4,18,26,27,23,25.2,20.3,74,1014,2.4,80,0
1977,9,4,19,0,0,0,24.4,20.6,79,1014,2.1,90,0
1977,9,4,20,0,0,0,24,20.4,80,1014,2.3,130,0
1977,9,4,21,0,0,0,23.7,20.3,81,1015,2.4,160,0
1977,9,4,22,0,0,0,23.3,20,82,1015,2.6,200,0
1977,9,4,23,0,0,0,22.8,19.8,83,1014,2.9,200,0
1977,9,5,0,0,0,0,22.2,19.2,83,1014,3.3,190,0
1977,9,5,1,0,0,0,21.7,18.9,84,1014,3.6,190,0
1977,9,5,2,0,0,0,21.7,19.1,85,1014,3.1,190,0
1977,9,5,3,0,0,0,21.7,19.3,86,1014,2.6,190,0
1977,9,5,4,0,0,0,21.7,19.4,87,1014,2.1,190,0
1977,9,5,5,0,0,0,22.1,19.5,85,1014,2.1,210,0
1977,9,5,6,35,11,34,22.4,19.6,84,1014,2.1,240,0
1977,9,5,7,124,44,110,22.8,19.4,82,1015,2.1,260,0
1977,9,5,8,241,79,198,24.5,20,76,1015,2.4,280,0
1977,9,5,9,351,35,326,26.1,20.4,71,1015,2.8,310,0
1977,9,5,10,354,92,273,27.8,20.6,65,1015,3.1,330,0
1977,9,5,11,555,109,451,28,20.8,65,1014,3.6,340,0
1977,9,5,12,730,348,391,28.1,20.9,65,1014,4.1,340,0
1977,9,5,13,653,313,361,28.3,21.1,65,1013,4.6,350,0
1977,9,5,14,525,258,312,27.6,20.7,66,1013,4.1,10,0
1977,9,5,15,492,427,206,26.8,19.9,66,1013,3.6,30,0
1977,9,5,16,253,220,149,26.1,19.4,67,1013,3.1,50,0
1977,9,5,17,115,102,90,25.2,20,73,1013,2.6,30,0
1977,9,5,18,16,6,15,24.2,20.1,78,1013,2,20,0
1977,9,5,19,0,0,0,23.3,20.6,84,1014,1.5,0,0
1977,9,5,20,0,0,0,22.9,19.9,83,1014,1.7,30,0
1977,9,5,21,0,0,0,22.6,19.6,83,1014,1.9,60,0
1977,9,5,22,0,0,0,22.2,18.9,82,1015,2.1,90,0
1977,9,5,23,0,0,0,21.8,18.8,83,1014,2.3,130,0
1977,9,6,0,0,0,0,21.5,18.5,83,1014,2.4,180,0
1977,9,6,1,0,0,0,21.1,18.3,84,1014,2.6,220,0
1977,9,6,2,0,0,0,21.1,17.7,81,1013,2.8,220,0
1977,9,6,3,0,0,0,21.1,17.3,79,1013,2.9,230,0
1977,9,6,4,0,0,0,21.1,16.7,76,1013,3.1,230,0
1977,9,6,5,0,0,0,22.4,17.6,74,1013,3.1,240,0
1977,9,6,6,53,13,52,23.7,18.2,71,1013,3.1,240,0
1977,9,6,7,173,147,125,25,18.9,69,1014,3.1,250,0
1977,9,6,8,399,328,220,26.3,19.7,67,1014,3.4,300,0
1977,9,6,9,522,395,232,27.6,20.4,65,1014,3.8,340,0
1977,9,6,10,714,589,201,28.9,21.1,63,1014,4.1,30,0
1977,9,6,11,741,446,315,28.5,21.3,65,1013,3.9,30,0
1977,9,6,12,715,450,277,28.2,21.5,67,1012,3.8,40,0
1977,9,6,13,573,292,301,27.8,21.7,69,1012,3.6,40,0
1977,9,6,14,540,296,295,27.2,21.3,70,1012,3.4,40,0
1977,9,6,15,559,469,245,26.7,21,71,1012,3.3,50,0
1977,9,6,16,205,68,174,26.1,20.6,72,1012,3.1,50,0
1977,9,6,17,97,16,93,25,20.9,78,1012,3.4,350,0
1977,9,6,18,24,8,23,23.9,21,84,1013,3.8,300,0
1977,9,6,19,0,0,0,22.8,21.1,90,1014,4.1,240,0
1977,9,6,20,0,0,0,22.6,20.9,90,1014,3.6,240,0
1977,9,6,21,0,0,0,22.4,20.7,90,1014,3.1,240,0
1977,9,6,22,0,0,0,22.2,20.6,90,1015,2.6,240,0
1977,9,6,23,0,0,0,22.2,20.5,90,1014,2.8,240,0
1977,9,7,0,0,0,0,22.2,20.5,90,1014,2.9,250,0
1977,9,7,1,0,0,0,22.2,20.6,90,1013,3.1,250,0
1977,9,7,2,0,0,0,22.2,20.5,90,1013,3.1,260,0
1977,9,7,3,0,0,0,22.2,20.5,90,1013,3.1,270,0
1977,9,7,4,0,0,0,22.2,20.6,90,1013,3.1,280,0
1977,9,7,5,0,0,0,22.8,20.7,88,1013,2.9,240,0
1977,9,7,6,39,18,37,23.3,21,87,1013,2.8,210,0
1977,9,7,7,139,37,127,23.9,21.1,85,1014,2.6,170,0
1977,9,7,8,216,13,209,24.8,21.1,80,1014,2.4,230,0
1977,9,7,9,363,43,331,25.8,20.8,74,1014,2.3,280,0
1977,9,7,10,397,103,307,26.7,20.6,69,1014,2.1,340,0
1977,9,7,11,875,623,282,27.2,20.8,68,1013,2.8,350,0
1977,9,7,12,739,476,276,27.8,21.4,68,1012,3.4,10,0
1977,9,7,13,735,535,238,28.3,21.7,67,1012,4.1,20,0
1977,9,7,14,649,472,261,27.6,21.4,69,1012,3.4,20,0
1977,9,7,15,427,361,187,26.8,20.9,70,1012,2.8,10,0
1977,9,7,16,208,43,188,26.1,20.6,72,1012,2.1,10,0
1977,9,7,17,104,86,84,25.4,20.7,75,1013,1.4,340,0
1977,9,7,18,14,1,14,24.6,20.7,79,1013,0.7,320,0
1977,9,7,19,0,0,0,23.9,20.6,82,1014,0,0,0
1977,9,7,20,0,0,0,23.7,20.5,82,1014,0.9,260,0
1977,9,7,21,0,0,0,23.5,20.3,82,1014,1.7,240,0
1977,9,7,22,0,0,0,23.3,20,82,1015,2.6,210,0
1977,9,7,23,0,0,0,22.6,19.6,83,1014,1.7,220,0
1977,9,8,0,0,0,0,21.8,18.8,83,1014,0.9,220,0
1977,9,8,1,0,0,0,21.1,18.3,84,1013,0,0,0
1977,9,8,2,0,0,0,21.5,18.5,83,1013,1.2,230,0
1977,9,8,3,0,0,0,21.8,18.8,83,1013,2.4,240,0
1977,9,8,4,0,0,0,22.2,18.9,82,1013,3.6,240,0
1977,9,8,5,0,0,0,23.5,19.7,79,1013,3.4,240,0
1977,9,8,6,49,39,44,24.8,20.1,75,1014,3.3,250,0
1977,9,8,7,151,134,108,26.1,20.6,72,1014,3.1,250,0
1977,9,8,8,365,247,230,27.2,20.8,68,1014,3.8,200,0
1977,9,8,9,622,600,183,28.3,21.1,65,1014,4.5,140,0
1977,9,8,10,724,621,184,29.4,21.1,61,1014,5.2,90,0
1977,9,8,11,734,514,245,29.8,21.2,60,1014,5.4,80,0
1977,9,8,12,896,716,201,30.2,21,58,1013,5.5,80,0
1977,9,8,13,822,671,200,30.6,21.1,57,1013,5.7,70,0
1977,9,8,14,669,545,222,29.5,21.2,61,1013,4.8,80,0
1977,9,8,15,481,375,232,28.3,21.1,65,1013,4,80,0
1977,9,8,16,265,141,200,27.2,21.1,69,1013,3.1,90,0
1977,9,8,17,99,56,86,26.7,21.2,72,1013,2.8,120,0
1977,9,8,18,19,8,18,26.1,21.1,74,1014,2.4,160,0
1977,9,8,19,0,0,0,25.6,21.1,77,1015,2.1,190,0
1977,9,8,20,0,0,0,25.4,21.3,78,1015,1.9,200,0
1977,9,8,21,0,0,0,25.2,21.1,78,1015,1.7,200,0
1977,9,8,22,0,0,0,25,21.1,79,1015,1.5,210,0
1977,9,8,23,0,0,0,24.4,20.7,80,1015,2,180,0
1977,9,9,0,0,0,0,23.9,20.5,81,1014,2.6,150,0
1977,9,9,1,0,0,0,23.3,20,82,1014,3.1,120,0
1977,9,9,2,0,0,0,23.1,19.9,82,1014,2.9,150,0
1977,9,9,3,0,0,0,23,19.8,82,1014,2.8,170,0
1977,9,9,4,0,0,0,22.8,19.4,82,1014,2.6,200,0
1977,9,9,5,0,0,0,24.3,20.2,78,1014,2.8,180,0
1977,9,9,6,60,334,17,25.7,20.5,73,1014,2.9,170,0
1977,9,9,7,252,662,38,27.2,21.1,69,1015,3.1,150,0
1977,9,9,8,449,666,86,27.6,22.1,72,1015,3.8,150,0
1977,9,9,9,493,240,318,27.9,22.8,74,1015,4.5,140,0
1977,9,9,10,284,123,177,28.3,23.9,77,1015,5.2,140,0
1977,9,9,11,605,236,381,28.9,23.6,73,1015,5.9,130,0
1977,9,9,12,452,173,284,29.4,23.1,69,1014,6.5,130,0
1977,9,9,13,423,89,340,30,22.8,65,1014,7.2,120,0
1977,9,9,14,495,204,328,29.1,22.6,68,1014,6,120,0
1977,9,9,15,392,278,208,28.1,22.4,71,1014,4.8,110,0
1977,9,9,16,198,132,137,27.2,22.2,74,1014,3.6,110,0
1977,9,9,17,126,160,90,26.3,22.2,78,1014,3.1,140,0
1977,9,9,18,27,75,17,25.3,21.8,81,1015,2.6,170,0
1977,9,9,19,0,0,0,24.4,21.7,85,1015,2.1,200,0
1977,9,9,20,0,0,0,24.2,21.7,86,1016,2.3,210,0
1977,9,9,21,0,0,0,24.1,21.6,86,1016,2.4,210,0
1977,9,9,22,0,0,0,23.9,21.7,87,1017,2.6,220,0
1977,9,9,23,0,0,0,23.5,21.4,88,1016,2.2,220,0
1977,9,10,0,0,0,0,23.2,21.3,89,1016,1.9,220,0
1977,9,10,1,0,0,0,22.8,21.1,90,1015,1.5,220,0
1977,9,10,2,0,0,0,22.4,20.3,88,1015,1.7,220,0
1977,9,10,3,0,0,0,22.1,19.7,86,1014,1.9,220,0
1977,9,10,4,0,0,0,21.7,18.9,84,1014,2.1,220,0
1977,9,10,5,0,0,0,22.1,19.7,86,1015,1.9,240,0
1977,9,10,6,29,1,29,22.4,20.3,88,1015,1.7,260,0
1977,9,10,7,133,34,122,22.8,21.1,90,1016,1.5,280,0
1977,9,10,8,234,1,233,24.6,21.9,85,1016,1.9,340,0
1977,9,10,9,309,9,302,26.5,22.6,79,1016,2.2,30,0
1977,9,10,10,314,1,314,28.3,23.3,74,1016,2.6,90,0
1977,9,10,11,374,3,371,27.8,23.6,78,1015,2.4,80,0
1977,9,10,12,613,287,335,27.2,23.7,81,1015,2.3,60,0
1977,9,10,13,400,199,216,26.7,23.9,85,1014,2.1,50,0
1977,9,10,14,572,284,340,26.7,23.6,83,1014,2.3,60,0
1977,9,10,15,247,93,186,26.7,23.2,81,1014,2.4,60,0
1977,9,10,16,268,217,169,26.7,22.8,79,1014,2.6,70,0
1977,9,10,17,91,43,81,26.1,22.4,80,1014,2.4,70,0
1977,9,10,18,18,1,18,25.6,22.1,81,1015,2.3,70,0
1977,9,10,19,0,0,0,25,21.7,82,1016,2.1,70,0
1977,9,10,20,0,0,0,25,21.7,82,1016,1.4,100,0
1977,9,10,21,0,0,0,25,21.7,82,1016,0.7,120,0
1977,9,10,22,0,0,0,25,21.7,82,1017,0,0,0
1977,9,10,23,0,0,0,24.4,21.3,83,1016,1,180,0
1977,9,11,0,0,0,0,23.9,20.8,83,1016,2.1,200,0
1977,9,11,1,0,0,0,23.3,20.6,84,1015,3.1,230,0
1977,9,11,2,0,0,0,23.3,20.1,82,1015,3.1,230,0
1977,9,11,3,0,0,0,23.3,19.9,81,1015,3.1,230,0
1977,9,11,4,0,0,0,23.3,19.4,79,1015,3.1,230,0
1977,9,11,5,0,0,0,24.1,20,78,1015,2.1,250,0
1977,9,11,6,26,1,26,24.8,20.7,78,1015,1,270,0
1977,9,11,7,105,5,103,25.6,21.1,77,1016,0,0,0
1977,9,11,8,226,11,221,26.5,21.3,73,1016,0.7,310,0
1977,9,11,9,300,10,292,27.4,21.2,69,1016,1.4,330,0
1977,9,11,10,373,5,368,28.3,21.1,65,1016,2.1,350,0
1977,9,11,11,400,7,393,28.3,21.6,67,1015,2.8,10,0
1977,9,11,12,471,196,281,28.3,21.8,68,1015,3.4,40,0
1977,9,11,13,600,179,435,28.3,22.2,70,1014,4.1,60,0
1977,9,11,14,315,109,226,27.8,22.1,71,1014,3.4,60,0
1977,9,11,15,263,71,217,27.2,21.9,73,1014,2.8,50,0
1977,9,11,16,303,287,173,26.7,21.7,74,1014,2.1,50,0
1977,9,11,17,73,34,65,26.1,21.5,76,1014,1.4,20,0
1977,9,11,18,12,18,10,25.6,21.3,77,1014,0.7,350,0
1977,9,11,19,0,0,0,25,21.1,79,1015,0,0,0
1977,9,11,20,0,0,0,24.1,20.8,82,1015,0.5,300,0
1977,9,11,21,0,0,0,23.1,20.3,84,1015,1,270,0
1977,9,11,22,0,0,0,22.2,20,87,1016,1.5,240,0
1977,9,11,23,0,0,0,21.7,19.3,86,1015,1.9,230,0
1977,9,12,0,0,0,0,21.1,18.5,85,1015,2.2,230,0
1977,9,12,1,0,0,0,20.6,17.8,84,1014,2.6,220,0
1977,9,12,2,0,0,0,20.8,17.6,82,1014,1.7,230,0
1977,9,12,3,0,0,0,20.9,17.5,81,1014,0.9,230,0
1977,9,12,4,0,0,0,21.1,17.2,79,1014,0,0,0
1977,9,12,5,0,0,0,22.2,18,77,1014,0.7,250,0
1977,9,12,6,31,24,28,23.3,18.9,76,1014,1.4,250,0
1977,9,12,7,135,47,120,24.4,19.4,74,1015,2.1,260,0
1977,9,12,8,319,244,186,26.1,19.7,68,1015,2.4,290,0
1977,9,12,9,560,495,200,27.7,19.5,61,1015,2.8,320,0
1977,9,12,10,808,713,191,29.4,19.4,55,1015,3.1,350,0
1977,9,12,11,923,797,169,30,20,55,1014,3.6,10,0
1977,9,12,12,918,816,132,30.5,20.5,55,1014,4.1,30,0
1977,9,12,13,897,881,88,31.1,21.1,55,1013,4.6,50,0
1977,9,12,14,665,603,176,30.2,21,58,1013,3.9,50,0
1977,9,12,15,388,454,92,29.2,20.7,60,1013,3.3,50,0
1977,9,12,16,369,666,70,28.3,20.6,63,1013,2.6,50,0
1977,9,12,17,150,474,46,26.6,20.5,69,1013,1.7,20,0
1977,9,12,18,30,107,14,25,20.5,76,1014,0.9,360,0
1977,9,12,19,0,0,0,23.3,20,82,1014,0,0,0
1977,9,12,20,0,0,0,23.7,20.3,81,1014,0.9,300,0
1977,9,12,21,0,0,0,24,20.4,80,1015,1.7,280,0
1977,9,12,22,0,0,0,24.4,20.6,79,1015,2.6,250,0
1977,9,12,23,0,0,0,24,20.7,82,1014,2.6,220,0
1977,9,13,0,0,0,0,23.7,20.8,84,1014,2.6,200,0
1977,9,13,1,0,0,0,23.3,21.1,87,1013,2.6,170,0
1977,9,13,2,0,0,0,23.1,20.8,87,1013,2.4,180,0
1977,9,13,3,0,0,0,23,20.7,87,1013,2.3,200,0
1977,9,13,4,0,0,0,22.8,20.6,87,1013,2.1,210,0
1977,9,13,5,0,0,0,22.8,20.7,88,1013,2.8,220,0
1977,9,13,6,31,18,29,22.8,20.9,89,1013,3.4,230,0
1977,9,13,7,123,34,112,22.8,21.1,90,1014,4.1,240,0
1977,9,13,8,273,132,201,24.8,21.9,84,1014,3.2,290,0
1977,9,13,9,421,109,342,26.9,22.7,78,1014,2.4,340,0
1977,9,13,10,399,111,304,28.9,23.3,72,1014,1.5,30,0
1977,9,13,11,592,100,497,28.9,22.9,70,1013,2.2,40,0
1977,9,13,12,677,270,417,28.9,22.2,67,1012,2.9,50,0
1977,9,13,13,396,48,352,28.9,21.7,65,1012,3.6,60,0
1977,9,13,14,554,405,227,28.3,21.6,67,1011,3.4,70,0
1977,9,13,15,555,581,179,27.8,21.8,70,1011,3.3,70,0
1977,9,13,16,321,375,154,27.2,21.7,72,1011,3.1,80,0
1977,9,13,17,132,205,88,26.3,21.5,75,1012,2.8,80,0
1977,9,13,18,17,5,16,25.3,21.4,79,1012,2.4,70,0
1977,9,13,19,0,0,0,24.4,21.1,82,1013,2.1,70,0
1977,9,13,20,0,0,0,24.2,21.1,83,1013,2.4,100,0
1977,9,13,21,0,0,0,24.1,21.2,84,1013,2.8,120,0
1977,9,13,22,0,0,0,23.9,21.1,85,1014,3.1,150,0
1977,9,13,23,0,0,0,23.5,21,86,1013,2.9,180,0
1977,9,14,0,0,0,0,23.2,20.7,86,1013,2.8,210,0
1977,9,14,1,0,0,0,22.8,20.6,87,1013,2.6,240,0
1977,9,14,2,0,0,0,22.8,20.3,86,1012,1.7,230,0
1977,9,14,3,0,0,0,22.8,20.2,85,1012,0.9,230,0
1977,9,14,4,0,0,0,22.8,20,84,1012,0,0,0
1977,9,14,5,0,0,0,24.3,20.4,79,1012,0.9,210,0
1977,9,14,6,37,62,30,25.7,20.7,74,1013,1.7,210,0
1977,9,14,7,137,137,93,27.2,21.1,69,1013,2.6,200,0
1977,9,14,8,345,160,259,28.1,21.2,66,1013,3.5,160,0
1977,9,14,9,515,237,343,29.1,21.6,64,1013,4.3,120,0
1977,9,14,10,662,457,268,30,21.7,61,1013,5.2,80,0
1977,9,14,11,500,223,290,30,21.4,60,1012,4.3,70,0
1977,9,14,12,827,549,301,30,21.4,60,1012,3.5,70,0
1977,9,14,13,794,552,290,30,21.1,59,1011,2.6,60,0
1977,9,14,14,667,564,213,29.4,21.1,61,1011,2.4,60,0
1977,9,14,15,446,322,238,28.9,21.2,63,1010,2.3,50,0
1977,9,14,16,284,375,118,28.3,21.1,65,1010,2.1,50,0
1977,9,14,17,111,196,70,27.2,21.3,70,1011,1.9,60,0
1977,9,14,18,17,21,14,26.1,21.1,74,1012,1.7,60,0
1977,9,14,19,0,0,0,25,21.1,79,1012,1.5,70,0
1977,9,14,20,0,0,0,24.4,21.1,82,1013,1.7,20,0
1977,9,14,21,0,0,0,23.9,21,84,1013,1.9,320,0
1977,9,14,22,0,0,0,23.3,21.1,87,1014,2.1,270,0
1977,9,14,23,0,0,0,23.1,20.8,87,1013,2.4,250,0
1977,9,15,0,0,0,0,23,20.7,87,1013,2.8,240,0
1977,9,15,1,0,0,0,22.8,20.6,87,1013,3.1,220,0
1977,9,15,2,0,0,0,22.2,20.1,88,1012,2.8,220,0
1977,9,15,3,0,0,0,21.7,19.8,89,1012,2.4,210,0
1977,9,15,4,0,0,0,21.1,19.4,90,1012,2.1,210,0
1977,9,15,5,0,0,0,23,19.8,82,1012,1.9,210,0
1977,9,15,6,56,141,38,24.8,19.6,73,1012,1.7,220,0
1977,9,15,7,203,279,114,26.7,19.4,65,1013,1.5,220,0
1977,9,15,8,376,361,182,27.4,20,64,1013,2.4,170,0
1977,9,15,9,675,736,142,28.2,20.8,64,1013,3.2,120,0
1977,9,15,10,810,684,221,28.9,21.1,63,1013,4.1,70,0
1977,9,15,11,780,454,353,28.7,21.2,64,1013,4.1,80,0
1977,9,15,12,888,681,236,28.5,21,64,1012,4.1,80,0
1977,9,15,13,848,643,263,28.3,21.1,65,1012,4.1,90,0
1977,9,15,14,611,307,365,27.8,21.1,67,1012,3.4,70,0
1977,9,15,15,321,111,250,27.2,21.3,70,1012,2.8,50,0
1977,9,15,16,355,470,149,26.7,21.1,72,1012,2.1,30,0
1977,9,15,17,111,178,74,25.9,21.1,75,1013,1.4,0,0
1977,9,15,18,17,7,16,25.2,21.3,79,1013,0.7,330,0
1977,9,15,19,0,0,0,24.4,21.1,82,1014,0,0,0
1977,9,15,20,0,0,0,24.2,21.1,83,1014,0.9,280,0
1977,9,15,21,0,0,0,24.1,21.2,84,1014,1.7,250,0
1977,9,15,22,0,0,0,23.9,21.1,85,1015,2.6,220,0
1977,9,15,23,0,0,0,23.5,21.2,87,1014,2.9,230,0
1977,9,16,0,0,0,0,23.2,21.1,88,1014,3.3,230,0
1977,9,16,1,0,0,0,22.8,21.1,90,1014,3.6,240,0
1977,9,16,2,0,0,0,22.8,20.7,88,1014,2.9,250,0
1977,9,16,3,0,0,0,22.8,20.3,86,1014,2.2,270,0
1977,9,16,4,0,0,0,22.8,20,84,1014,1.5,280,0
1977,9,16,5,0,0,0,22.8,20.3,86,1014,2.2,270,0
1977,9,16,6,22,2,22,22.8,20.7,88,1015,2.9,250,0
1977,9,16,7,68,3,67,22.8,21.1,90,1015,3.6,240,0
1977,9,16,8,188,8,183,23.7,22,90,1015,3.3,250,0
1977,9,16,9,346,1,346,24.7,23.1,91,1016,2.9,250,0
1977,9,16,10,199,10,190,25.6,23.9,91,1016,2.6,260,0
1977,9,16,11,361,3,358,25.2,23.8,92,1015,3.1,270,0
1977,9,16,12,444,5,439,24.8,23.6,93,1015,3.6,280,0
1977,9,16,13,231,0,231,24.4,23.3,94,1014,4.1,290,0
1977,9,16,14,355,3,352,24.4,23.2,93,1014,3.9,280,0
1977,9,16,15,372,79,321,24.4,22.8,91,1014,3.8,280,0
1977,9,16,16,180,90,141,24.4,22.8,90,1014,3.6,270,0
1977,9,16,17,77,35,70,24.2,22.5,90,1014,3.1,260,0
1977,9,16,18,15,13,13,24.1,22.4,90,1015,2.6,240,0
1977,9,16,19,0,0,0,23.9,22.2,90,1015,2.1,230,0
1977,9,16,20,0,0,0,23.7,21.8,89,1016,2.8,230,0
1977,9,16,21,0,0,0,23.5,21.4,88,1016,3.4,230,0
1977,9,16,22,0,0,0,23.3,21.1,87,1016,4.1,230,0
1977,9,16,23,0,0,0,22.9,20.8,88,1016,3.9,230,0
1977,9,17,0,0,0,0,22.6,20.7,89,1015,3.8,240,0
1977,9,17,1,0,0,0,22.2,20.6,90,1015,3.6,240,0
1977,9,17,2,0,0,0,22.4,20.5,89,1015,3.3,250,0
1977,9,17,3,0,0,0,22.6,20.5,88,1014,2.9,250,0
1977,9,17,4,0,0,0,22.8,20.6,87,1014,2.6,260,0
1977,9,17,5,0,0,0,22.8,20.7,88,1015,2.6,260,0
1977,9,17,6,24,0,24,22.8,20.9,89,1015,2.6,250,0
1977,9,17,7,108,7,106,22.8,21.1,90,1015,2.6,250,0
1977,9,17,8,240,12,234,23.2,21.8,92,1015,2.2,230,0
1977,9,17,9,298,1,298,23.5,22.7,95,1016,1.9,210,0
1977,9,17,10,237,5,233,23.9,23.3,97,1016,1.5,190,0
1977,9,17,11,402,0,401,24.3,23.5,95,1015,1,170,0
1977,9,17,12,463,120,349,24.6,23.4,93,1015,0.5,150,0
1977,9,17,13,534,163,387,25,23.3,91,1014,0,0,0
1977,9,17,14,380,101,299,25.2,22.9,87,1014,0.7,110,0
1977,9,17,15,282,30,262,25.4,22.3,83,1014,1.4,90,0
1977,9,17,16,133,5,131,25.6,21.7,79,1014,2.1,70,0
1977,9,17,17,76,35,69,25,21.7,82,1015,2.4,120,0
1977,9,17,18,14,3,13,24.5,21.6,84,1015,2.8,170,0
1977,9,17,19,0,0,0,23.9,21.7,87,1015,3.1,220,0
1977,9,17,20,0,0,0,23.5,21.2,87,1015,2.9,220,0
1977,9,17,21,0,0,0,23.2,20.9,87,1016,2.8,230,0
1977,9,17,22,0,0,0,22.8,20.6,87,1016,2.6,230,0
1977,9,17,23,0,0,0,22.4,20.5,89,1016,2.4,240,0
1977,9,18,0,0,0,0,22.1,20.6,91,1015,2.3,250,0
1977,9,18,1,0,0,0,21.7,20.6,93,1015,2.1,260,0
1977,9,18,2,0,0,0,21.1,19.8,92,1015,1.9,250,0
1977,9,18,3,0,0,0,20.6,19.1,91,1014,1.7,240,0
1977,9,18,4,0,0,0,20,18.3,90,1014,1.5,230,0
1977,9,18,5,0,0,0,20.2,18.3,89,1015,1.9,220,0
1977,9,18,6,44,50,38,20.4,18.4,88,1015,2.2,220,0
1977,9,18,7,97,47,82,20.6,18.3,87,1016,2.6,210,0
1977,9,18,8,401,338,219,23,19.6,81,1016,2.8,260,0
1977,9,18,9,567,459,236,25.4,20.7,75,1016,2.9,320,0
1977,9,18,10,814,833,100,27.8,21.7,69,1016,3.1,10,0
1977,9,18,11,911,842,123,28,21.3,67,1015,3.1,0,0
1977,9,18,12,914,893,65,28.1,20.9,65,1015,3.1,350,0
1977,9,18,13,935,956,71,28.3,20.6,63,1014,3.1,340,0
1977,9,18,14,638,610,153,28.1,20.7,64,1014,3.3,360,0
1977,9,18,15,557,661,140,28,21.1,66,1014,3.4,10,0
1977,9,18,16,301,457,106,27.8,21.1,67,1014,3.6,30,0
1977,9,18,17,119,186,83,26.3,21.1,73,1014,3.4,350,0
1977,9,18,18,19,24,16,24.8,20.7,78,1014,3.3,320,0
1977,9,18,19,0,0,0,23.3,20.6,84,1015,3.1,280,0
1977,9,18,20,0,0,0,23.1,20.1,83,1015,2.9,270,0
1977,9,18,21,0,0,0,23,20,83,1015,2.8,270,0
1977,9,18,22,0,0,0,22.8,19.4,82,1015,2.6,260,0
1977,9,18,23,0,0,0,22.2,19,82,1015,2.8,240,0
1977,9,19,0,0,0,0,21.7,18.3,81,1014,2.9,220,0
1977,9,19,1,0,0,0,21.1,17.8,81,1014,3.1,200,0
1977,9,19,2,0,0,0,20.7,17.3,81,1013,3.3,210,0
1977,9,19,3,0,0,0,20.4,17.1,81,1013,3.4,210,0
1977,9,19,4,0,0,0,20,16.7,81,1013,3.6,220,0
1977,9,19,5,0,0,0,20.9,17.1,79,1014,2.4,220,0
1977,9,19,6,50,10,48,21.9,17.9,78,1014,1.2,230,0
1977,9,19,7,87,4,86,22.8,18.3,76,1015,0,0,0
1977,9,19,8,246,26,232,23.7,19.4,77,1015,1,230,0
1977,9,19,9,242,10,235,24.7,20.6,78,1015,2.1,240,0
1977,9,19,10,337,9,329,25.6,21.7,79,1016,3.1,240,0
1977,9,19,11,364,1,364,26,21.5,76,1015,2.8,280,0
1977,9,19,12,397,7,390,26.3,20.9,72,1014,2.4,330,0
1977,9,19,13,449,5,445,26.7,20.6,69,1013,2.1,10,0
1977,9,19,14,367,5,363,25.9,20.7,73,1013,2.8,330,0
1977,9,19,15,299,3,298,25.2,21.1,78,1013,3.4,280,0
1977,9,19,16,195,1,195,24.4,21.1,82,1013,4.1,240,0
1977,9,19,17,91,0,91,24,20.6,81,1014,3.6,240,0
1977,9,19,18,12,0,12,23.7,20.1,80,1014,3.1,240,0
1977,9,19,19,0,0,0,23.3,19.4,79,1015,2.6,240,0
1977,9,19,20,0,0,0,23.1,19.3,79,1015,3.1,180,0
1977,9,19,21,0,0,0,23,19.2,79,1015,3.6,130,0
1977,9,19,22,0,0,0,22.8,18.9,79,1015,4.1,70,0
1977,9,19,23,0,0,0,22.6,19.2,81,1015,3.8,130,0
1977,9,20,0,0,0,0,22.4,19.2,82,1015,3.4,180,0
1977,9,20,1,0,0,0,22.2,19.4,84,1014,3.1,240,0
1977,9,20,2,0,0,0,21.7,19.1,85,1014,2.9,240,0
1977,9,20,3,0,0,0,21.1,18.7,86,1014,2.8,230,0
1977,9,20,4,0,0,0,20.6,18.3,87,1014,2.6,230,0
1977,9,20,5,0,0,0,21.9,18.9,83,1014,1.7,200,0
1977,9,20,6,45,142,27,23.1,19.5,80,1015,0.9,180,0
1977,9,20,7,222,389,99,24.4,20,76,1016,0,0,0
1977,9,20,8,415,462,168,25.7,20.3,72,1016,1,120,0
1977,9,20,9,445,238,274,27,20.4,67,1016,2.1,100,0
1977,9,20,10,808,653,250,28.3,20.6,63,1016,3.1,70,0
1977,9,20,11,650,433,246,28.5,20.5,62,1015,3.3,70,0
1977,9,20,12,940,792,190,28.7,20.7,62,1014,3.4,80,0
1977,9,20,13,884,822,146,28.9,20.6,61,1014,3.6,80,0
1977,9,20,14,586,516,179,28,20.3,63,1014,3.4,80,0
1977,9,20,15,479,538,142,27,19.9,65,1014,3.3,80,0
1977,9,20,16,253,275,137,26.1,19.4,67,1014,3.1,80,0
1977,9,20,17,98,161,67,25.2,19.6,71,1014,2.8,120,0
1977,9,20,18,10,17,8,24.2,19.5,75,1014,2.4,170,0
1977,9,20,19,0,0,0,23.3,19.4,79,1015,2.1,210,0
1977,9,20,20,0,0,0,22.6,19.2,81,1015,2.1,210,0
1977,9,20,21,0,0,0,21.8,18.6,82,1015,2.1,220,0
1977,9,20,22,0,0,0,21.1,18.3,84,1015,2.1,220,0
1977,9,20,23,0,0,0,20.7,17.7,83,1015,2.1,220,0
1977,9,21,0,0,0,0,20.4,17.2,82,1015,2.1,210,0
1977,9,21,1,0,0,0,20,16.7,81,1015,2.1,210,0
1977,9,21,2,0,0,0,20,16.3,79,1015,2.6,220,0
1977,9,21,3,0,0,0,20,16.1,78,1015,3.1,220,0
1977,9,21,4,0,0,0,20,15.6,76,1015,3.6,230,0
1977,9,21,5,0,0,0,22.2,16.7,71,1016,3.3,240,0
1977,9,21,6,45,112,30,24.5,18,67,1016,2.9,240,0
1977,9,21,7,227,552,53,26.7,18.9,62,1017,2.6,250,0
1977,9,21,8,409,516,134,27.8,19.3,60,1017,3.3,200,0
1977,9,21,9,442,443,124,28.9,19.5,57,1017,3.9,160,0
1977,9,21,10,824,805,137,30,20,55,1017,4.6,110,0
1977,9,21,11,870,764,158,30,20.3,56,1016,5.3,110,0
1977,9,21,12,918,877,89,30,20.3,56,1015,6,110,0
1977,9,21,13,837,803,117,30,20.6,57,1015,6.7,110,0
1977,9,21,14,652,576,200,29.3,20.7,60,1015,5.8,120,0
1977,9,21,15,461,439,188,28.5,21,64,1015,5,120,0
1977,9,21,16,186,104,143,27.8,21.1,67,1015,4.1,130,0
1977,9,21,17,61,54,51,26.9,21.2,71,1016,3.2,170,0
1977,9,21,18,12,14,10,25.9,21.1,75,1016,2.4,200,0
1977,9,21,19,0,0,0,25,21.1,79,1017,1.5,240,0
1977,9,21,20,0,0,0,24.4,20.9,81,1017,1,240,0
1977,9,21,21,0,0,0,23.9,20.7,82,1018,0.5,240,0
1977,9,21,22,0,0,0,23.3,20.6,84,1018,0,0,0
1977,9,21,23,0,0,0,22.8,20.3,86,1018,0.5,230,0
1977,9,22,0,0,0,0,22.2,20.1,88,1018,1,230,0
1977,9,22,1,0,0,0,21.7,20,90,1017,1.5,230,0
1977,9,22,2,0,0,0,21.7,20,90,1017,2,230,0
1977,9,22,3,0,0,0,21.7,20,90,1017,2.6,220,0
1977,9,22,4,0,0,0,21.7,20,90,1017,3.1,220,0
1977,9,22,5,0,0,0,22.6,20.5,88,1018,2.9,220,0
1977,9,22,6,47,6,46,23.5,21.2,87,1018,2.8,230,0
1977,9,22,7,152,40,139,24.4,21.7,85,1019,2.6,230,0
1977,9,22,8,328,205,219,24.8,22.1,85,1019,2.9,220,0
1977,9,22,9,459,254,277,25.2,22.5,85,1019,3.3,200,0
1977,9,22,10,471,180,318,25.6,22.8,85,1019,3.6,190,0
1977,9,22,11,448,13,436,25.4,22.5,84,1018,3.1,240,0
1977,9,22,12,377,12,365,25.2,22.1,83,1017,2.6,280,0
1977,9,22,13,230,13,218,25,21.7,82,1016,2.1,330,0
1977,9,22,14,323,4,320,25.6,21.7,79,1016,2.1,340,0
1977,9,22,15,284,78,236,26.1,21.8,77,1016,2.1,360,0
1977,9,22,16,179,64,153,26.7,21.7,74,1016,2.1,10,0
1977,9,22,17,88,113,68,25.9,21.1,75,1016,1.9,10,0
1977,9,22,18,18,41,12,25.2,20.5,75,1017,1.7,0,0
1977,9,22,19,0,0,0,24.4,20,76,1017,1.5,0,0
1977,9,22,20,0,0,0,23.7,20.1,80,1017,1.7,310,0
1977,9,22,21,0,0,0,22.9,19.9,83,1017,1.9,270,0
1977,9,22,22,0,0,0,22.2,20,87,1018,2.1,220,0
1977,9,22,23,0,0,0,22.4,20.1,87,1017,1.9,220,0
1977,9,23,0,0,0,0,22.6,20.3,87,1017,1.7,210,0
1977,9,23,1,0,0,0,22.8,20.6,87,1016,1.5,210,0
1977,9,23,2,0,0,0,22.6,20.3,87,1016,1,220,0
1977,9,23,3,0,0,0,22.4,20.1,87,1016,0.5,230,0
1977,9,23,4,0,0,0,22.2,20,87,1016,0,0,0
1977,9,23,5,0,0,0,22.4,20,86,1016,1,240,0
1977,9,23,6,39,37,35,22.6,20,85,1017,2.1,250,0
1977,9,23,7,172,64,152,22.8,20,84,1017,3.1,260,0
1977,9,23,8,284,161,198,24.5,20.2,77,1017,3.1,280,0
1977,9,23,9,519,421,218,26.1,20.2,70,1017,3.1,300,0
1977,9,23,10,688,547,223,27.8,20,63,1017,3.1,320,0
1977,9,23,11,799,653,194,28,20.3,63,1017,3.6,340,0
1977,9,23,12,843,707,178,28.1,20.4,63,1016,4.1,10,0
1977,9,23,13,945,894,149,28.3,20.6,63,1015,4.6,30,0
1977,9,23,14,560,298,327,26.6,20.7,70,1015,3.1,30,0
1977,9,23,15,326,101,263,25,20.7,77,1014,1.5,20,0
1977,9,23,16,221,20,213,23.3,20.6,84,1014,0,0,0
1977,9,23,17,66,25,61,23.9,19.4,76,1015,1.2,20,0
1977,9,23,18,8,1,8,24.4,18.1,68,1015,2.4,10,0
1977,9,23,19,0,0,0,25,16.7,60,1016,3.6,10,0
1977,9,23,20,0,0,0,24.3,17.6,66,1016,3.4,320,0
1977,9,23,21,0,0,0,23.5,18.4,73,1016,3.3,280,0
1977,9,23,22,0,0,0,22.8,18.9,79,1017,3.1,230,0
1977,9,23,23,0,0,0,22.4,19.2,82,1016,2.9,230,0
1977,9,24,0,0,0,0,22.1,19.3,84,1016,2.8,240,0
1977,9,24,1,0,0,0,21.7,19.4,87,1015,2.6,240,0
1977,9,24,2,0,0,0,21.3,19.1,87,1015,2.6,240,0
1977,9,24,3,0,0,0,21,18.8,87,1015,2.6,250,0
1977,9,24,4,0,0,0,20.6,18.3,87,1014,2.6,250,0
1977,9,24,5,0,0,0,21.5,18.7,84,1015,2.8,250,0
1977,9,24,6,34,51,28,22.4,19.2,82,1015,2.9,240,0
1977,9,24,7,229,430,94,23.3,19.4,79,1015,3.1,240,0
1977,9,24,8,456,645,113,25.2,20.3,74,1015,3.3,280,0
1977,9,24,9,468,269,276,27,20.6,68,1015,3.4,320,0
1977,9,24,10,647,504,219,28.9,21.1,63,1015,3.6,360,0
1977,9,24,11,777,580,241,27.4,21.5,70,1015,2.4,340,0
1977,9,24,12,643,218,438,25.9,21.8,78,1015,1.2,330,0
1977,9,24,13,351,183,188,24.4,21.7,85,1014,0,0,0
1977,9,24,14,435,180,295,25,21.5,81,1014,0,0,0
1977,9,24,15,434,325,236,25.5,21.4,78,1014,0,0,0
1977,9,24,16,240,125,189,26.1,21.1,74,1014,0,0,0
1977,9,24,17,67,37,61,24.8,20.7,78,1014,1.7,250,0
1977,9,24,18,9,7,7,23.5,20.5,83,1015,3.5,240,0
1977,9,24,19,0,0,0,22.2,20,87,1016,5.2,220,0
1977,9,24,20,0,0,0,22,19.8,87,1016,3.5,230,0
1977,9,24,21,0,0,0,21.9,19.7,87,1016,1.7,230,0
1977,9,24,22,0,0,0,21.7,19.4,87,1016,0,0,0
1977,9,24,23,0,0,0,21.5,19.4,88,1016,0.7,240,0
1977,9,25,0,0,0,0,21.3,19.4,89,1015,1.4,250,0
1977,9,25,1,0,0,0,21.1,19.4,90,1015,2.1,250,0
1977,9,25,2,0,0,0,20.9,19,89,1015,2.3,240,0
1977,9,25,3,0,0,0,20.8,18.8,88,1014,2.4,220,0
1977,9,25,4,0,0,0,20.6,18.3,87,1014,2.6,210,0
1977,9,25,5,0,0,0,21,18.8,87,1015,2.6,230,0
1977,9,25,6,39,20,36,21.3,19.1,87,1016,2.6,250,0
1977,9,25,7,73,60,54,21.7,19.4,87,1016,2.6,270,0
1977,9,25,8,286,38,266,23.4,20,81,1016,3.1,260,0
1977,9,25,9,238,1,238,25,20.3,75,1016,3.6,240,0
1977,9,25,10,308,11,299,26.7,20.6,69,1016,4.1,230,0
1977,9,25,11,393,6,387,26.7,20.3,68,1015,3.9,170,0
1977,9,25,12,488,212,290,26.7,20.3,68,1015,3.8,120,0
1977,9,25,13,488,205,307,26.7,20,67,1014,3.6,60,0
1977,9,25,14,458,259,258,26.5,20.4,69,1014,2.4,90,0
1977,9,25,15,267,76,221,26.3,20.4,70,1014,1.2,120,0
1977,9,25,16,217,129,165,26.1,20.6,72,1014,0,0,0
1977,9,25,17,72,25,68,25.4,20.7,75,1014,2.1,170,0
1977,9,25,18,6,0,6,24.6,20.7,79,1015,4.1,200,0
1977,9,25,19,0,0,0,23.9,20.6,82,1015,6.2,230,0
1977,9,25,20,0,0,0,23.2,20.4,84,1015,5.2,230,0
1977,9,25,21,0,0,0,22.4,19.8,85,1015,4.1,220,0
1977,9,25,22,0,0,0,21.7,19.4,87,1015,3.1,220,0
1977,9,25,23,0,0,0,21.5,19.3,87,1015,2.9,230,0
1977,9,26,0,0,0,0,21.3,19.1,87,1014,2.8,230,0
1977,9,26,1,0,0,0,21.1,18.9,87,1014,2.6,240,0
1977,9,26,2,0,0,0,20.7,18.5,87,1014,2.6,240,0
1977,9,26,3,0,0,0,20.4,18.2,87,1014,2.6,230,0
1977,9,26,4,0,0,0,20,17.8,87,1014,2.6,230,0
1977,9,26,5,0,0,0,21.5,18.1,81,1014,1.7,200,0
1977,9,26,6,52,137,35,22.9,18.3,75,1014,0.9,170,0
1977,9,26,7,238,548,67,24.4,18.3,69,1015,0,0,0
1977,9,26,8,468,705,94,25.7,19.4,68,1015,1.5,120,0
1977,9,26,9,680,805,107,27,20.1,66,1015,3.1,90,0
1977,9,26,10,837,834,132,28.3,21.1,65,1015,4.6,60,0
1977,9,26,11,684,430,288,27.9,21,66,1014,4.4,60,0
1977,9,26,12,858,673,231,27.6,21.2,68,1013,4.3,60,0
1977,9,26,13,801,630,247,27.2,21.1,69,1013,4.1,60,0
1977,9,26,14,574,373,287,26.8,20.9,70,1013,3.8,70,0
1977,9,26,15,336,126,260,26.5,20.8,71,1013,3.4,90,0
1977,9,26,16,103,6,101,26.1,20.6,72,1013,3.1,100,0
1977,9,26,17,67,33,61,25,20.5,76,1013,2.9,140,0
1977,9,26,18,9,12,7,23.9,20.3,80,1013,2.8,180,0
1977,9,26,19,0,0,0,22.8,20,84,1014,2.6,220,0
1977,9,26,20,0,0,0,22.8,19.8,83,1014,2.4,220,0
1977,9,26,21,0,0,0,22.8,19.8,83,1014,2.3,230,0
1977,9,26,22,0,0,0,22.8,19.4,82,1014,2.1,230,0
1977,9,26,23,0,0,0,22.1,19.5,85,1013,2.1,220,0
1977,9,27,0,0,0,0,21.3,19.1,87,1013,2.1,220,0
1977,9,27,1,0,0,0,20.6,18.9,90,1013,2.1,210,0
1977,9,27,2,0,0,0,20.4,18.5,89,1012,2.1,210,0
1977,9,27,3,0,0,0,20.2,18.2,88,1012,2.1,200,0
1977,9,27,4,0,0,0,20,17.8,87,1012,2.1,200,0
1977,9,27,5,0,0,0,21.5,18.3,82,1012,2.4,210,0
1977,9,27,6,41,151,23,22.9,18.5,76,1012,2.8,230,0
1977,9,27,7,231,495,77,24.4,18.9,71,1013,3.1,240,0
1977,9,27,8,465,658,117,26.1,19.7,68,1013,3.8,190,0
1977,9,27,9,606,642,150,27.7,20.3,64,1013,4.5,140,0
1977,9,27,10,802,835,99,29.4,21.1,61,1013,5.2,90,0
1977,9,27,11,934,842,161,28.5,21.3,65,1012,4.7,90,0
1977,9,27,12,835,698,185,27.6,21.2,68,1012,4.1,100,0
1977,9,27,13,802,644,237,26.7,21.1,72,1011,3.6,100,0
1977,9,27,14,269,46,234,26.1,21.8,77,1011,2.4,110,0
1977,9,27,15,403,142,318,25.6,22.5,83,1011,1.2,130,0
1977,9,27,16,170,40,155,25,22.8,88,1011,0,0,0
1977,9,27,17,67,25,63,24.6,22.7,89,1012,0,0,0
1977,9,27,18,6,1,6,24.3,22.4,89,1012,0,0,0
1977,9,27,19,0,0,0,23.9,22.2,90,1013,0,0,0
1977,9,27,20,0,0,0,23.5,21.8,90,1013,0.7,190,0
1977,9,27,21,0,0,0,23.2,21.5,90,1013,1.4,210,0
1977,9,27,22,0,0,0,22.8,21.1,90,1013,2.1,220,0
1977,9,27,23,0,0,0,22.8,20.7,88,1013,1.9,220,0
1977,9,28,0,0,0,0,22.8,20.3,86,1012,1.7,220,0
1977,9,28,1,0,0,0,22.8,20,84,1012,1.5,220,0
1977,9,28,2,0,0,0,22.4,19.6,84,1012,1.7,210,0
1977,9,28,3,0,0,0,22.1,19.3,84,1011,1.9,200,0
1977,9,28,4,0,0,0,21.7,18.9,84,1011,2.1,190,0
1977,9,28,5,0,0,0,22.2,18.6,80,1012,2.3,190,0
1977,9,28,6,51,214,25,22.8,18.2,75,1012,2.4,180,0
1977,9,28,7,241,614,50,23.3,17.8,71,1012,2.6,180,0
1977,9,28,8,465,787,50,25.5,19.2,68,1012,3.1,140,0
1977,9,28,9,649,847,49,27.8,20.4,64,1012,3.6,110,0
1977,9,28,10,775,799,102,30,21.7,61,1012,4.1,70,0
1977,9,28,11,880,820,129,29.1,21.9,65,1012,3.8,60,0
1977,9,28,12,807,662,192,28.1,22.1,70,1011,3.4,60,0
1977,9,28,13,801,650,232,27.2,22.2,74,1011,3.1,50,0
1977,9,28,14,595,517,200,26.7,22.3,77,1011,2.8,60,0
1977,9,28,15,228,72,185,26.1,22.2,79,1011,2.4,80,0
1977,9,28,16,125,1,124,25.6,22.2,82,1011,2.1,90,0
1977,9,28,17,45,8,44,25.2,21.7,81,1012,2.6,130,0
1977,9,28,18,3,1,3,24.8,21.1,80,1012,3.1,180,0
1977,9,28,19,0,0,0,24.4,20.6,79,1013,3.6,220,0
1977,9,28,20,0,0,0,24,20.4,80,1013,3.1,220,0
1977,9,28,21,0,0,0,23.7,20.3,81,1013,2.6,210,0
1977,9,28,22,0,0,0,23.3,20,82,1014,2.1,210,0
1977,9,28,23,0,0,0,22.6,19.8,84,1013,1.9,210,0
1977,9,29,0,0,0,0,21.8,19.2,85,1013,1.7,200,0
1977,9,29,1,0,0,0,21.1,18.9,87,1013,1.5,200,0
1977,9,29,2,0,0,0,21.1,18.7,86,1013,1.5,200,0
1977,9,29,3,0,0,0,21.1,18.5,85,1013,1.5,190,0
1977,9,29,4,0,0,0,21.1,18.3,84,1013,1.5,190,0
1977,9,29,5,0,0,0,22.2,18.4,79,1013,1.9,200,0
1977,9,29,6,51,235,23,23.3,18.4,74,1014,2.2,200,0
1977,9,29,7,259,724,36,24.4,18.3,69,1014,2.6,210,0
1977,9,29,8,473,792,56,26.1,19.7,68,1014,2.9,170,0
1977,9,29,9,660,856,55,27.7,20.8,66,1014,3.3,140,0
1977,9,29,10,713,690,134,29.4,22.2,65,1014,3.6,100,0
1977,9,29,11,891,870,96,29.4,22.1,65,1014,3.9,100,0
1977,9,29,12,826,733,148,29.4,22.1,65,1013,4.3,110,0
1977,9,29,13,841,843,106,29.4,22.2,65,1013,4.6,110,0
1977,9,29,14,609,501,228,28.5,22,68,1013,4.3,100,0
1977,9,29,15,314,259,161,27.6,21.9,71,1013,3.9,80,0
1977,9,29,16,210,192,135,26.7,21.7,74,1013,3.6,70,0
1977,9,29,17,73,88,60,25.8,21.7,78,1014,3.1,120,0
1977,9,29,18,7,7,6,24.8,21.3,81,1014,2.6,170,0
1977,9,29,19,0,0,0,23.9,21.1,85,1015,2.1,220,0
1977,9,29,20,0,0,0,23.5,21,86,1015,2.3,220,0
1977,9,29,21,0,0,0,23.2,20.7,86,1015,2.4,210,0
1977,9,29,22,0,0,0,22.8,20.6,87,1015,2.6,210,0
1977,9,29,23,0,0,0,22.2,19.9,87,1015,2.4,210,0
1977,9,30,0,0,0,0,21.7,19.5,87,1014,2.3,220,0
1977,9,30,1,0,0,0,21.1,18.9,87,1014,2.1,220,0
1977,9,30,2,0,0,0,21.1,18.3,84,1014,2.4,220,0
1977,9,30,3,0,0,0,21.1,17.9,82,1014,2.8,210,0
1977,9,30,4,0,0,0,21.1,17.2,79,1014,3.1,210,0
1977,9,30,5,0,0,0,22.4,18,76,1014,3.1,220,0
1977,9,30,6,55,211,28,23.7,18.4,72,1015,3.1,220,0
1977,9,30,7,239,622,48,25,18.9,69,1015,3.1,230,0
1977,9,30,8,443,696,77,25.9,19.6,68,1015,3.6,180,0
1977,9,30,9,530,436,222,26.9,20.5,68,1014,4.1,120,0
1977,9,30,10,774,671,212,27.8,21.1,67,1014,4.6,70,0
1977,9,30,11,791,681,170,28.2,21.3,66,1014,4.1,70,0
1977,9,30,12,796,686,163,28.5,21.5,66,1013,3.6,80,0
1977,9,30,13,822,853,80,28.9,21.7,65,1013,3.1,80,0
1977,9,30,14,675,720,131,28.3,21.4,66,1013,3.1,70,0
1977,9,30,15,444,440,184,27.8,20.9,66,1013,3.1,50,0
1977,9,30,16,235,287,125,27.2,20.6,67,1013,3.1,40,0
1977,9,30,17,79,35,73,25.7,20.5,73,1013,2.6,100,0
1977,9,30,18,5,2,4,23.9,20.2,79,1014,2.1,174,0
1977,9,30,19,0,0,0,22.4,20.1,86,1014,1.8,230,0
1977,9,30,20,0,0,0,22.2,20.2,88,1014,2,235,0
1977,9,30,21,0,0,0,21.9,20.3,90,1014,2.2,244,0
1977,9,30,22,0,0,0,21.7,20.4,91,1014,2.4,248,0
1977,9,30,23,0,0,0,21.6,20.2,91,1014,2.4,254,0
1981,10,1,0,0,0,0,21.5,20.3,92,1015,2.5,256,0
1981,10,1,1,0,0,0,21.6,20.5,93,1015,3.4,248,0
1981,10,1,2,0,0,0,21.6,20.1,91,1014,3.4,249,0
1981,10,1,3,0,0,0,21.9,19.8,87,1014,3.1,252,0
1981,10,1,4,0,0,0,21.2,19.6,90,1014,2.9,223,0
1981,10,1,5,0,0,0,21.2,19.5,90,1014,1.6,208,0
1981,10,1,6,47,19,44,21.7,19.4,87,1015,0,0,0
1981,10,1,7,102,88,75,22.8,20,84,1016,3.6,100,0
1981,10,1,8,259,0,258,23.3,21.7,90,1016,3.6,210,0
1981,10,1,9,407,114,327,25.6,21.7,79,1016,3.1,240,0
1981,10,1,10,292,4,289,26.1,20.6,72,1016,2.6,150,0
1981,10,1,11,291,47,248,22.8,21.7,93,1016,2.1,90,0
1981,10,1,12,261,16,246,22.8,21.1,90,1015,5.2,290,0
1981,10,1,13,323,9,316,24.4,21.1,82,1014,4.6,260,0
1981,10,1,14,331,1,330,25.6,20,71,1014,6.2,260,0
1981,10,1,15,271,94,216,26.1,18.3,62,1013,4.1,250,0
1981,10,1,16,155,53,135,26.1,19.4,67,1014,2.1,100,0
1981,10,1,17,63,16,61,24.4,20.6,79,1014,2.1,20,0
1981,10,1,18,0,1,0,24.4,21.1,82,1015,2.1,300,0
1981,10,1,19,0,0,0,22.2,20,87,1015,2.6,20,0
1981,10,1,20,0,0,0,22.8,20.6,87,1016,3.1,230,0
1981,10,1,21,0,0,0,22.8,20,84,1016,3.6,240,0
1981,10,1,22,0,0,0,22.2,20.6,90,1015,0,0,0
1981,10,1,23,0,0,0,21.7,21.1,97,1015,3.6,310,0
1981,10,2,0,0,0,0,21.7,21.1,97,1015,2.6,270,0
1981,10,2,1,0,0,0,21.7,20.6,93,1014,0,0,0
1981,10,2,2,0,0,0,21.7,21.1,97,1014,0,0,0
1981,10,2,3,0,0,0,21.1,20.6,97,1014,3.1,240,0
1981,10,2,4,0,0,0,21.7,20.6,93,1014,2.6,210,0
1981,10,2,5,0,0,0,21.1,20.6,97,1014,2.6,110,0
1981,10,2,6,14,6,14,21.7,21.1,97,1015,2.6,40,0
1981,10,2,7,62,15,58,22.2,21.7,97,1015,4.6,70,0
1981,10,2,8,111,1,111,22.8,21.7,93,1016,2.6,70,0
1981,10,2,9,153,6,149,22.8,21.7,93,1016,2.6,20,0
1981,10,2,10,207,3,204,22.2,21.7,97,1015,3.1,240,0
1981,10,2,11,224,3,221,22.8,22.2,97,1015,4.1,270,0
1981,10,2,12,520,201,336,23.3,22.2,94,1014,3.6,290,0
1981,10,2,13,435,104,346,26.7,21.1,72,1014,2.6,40,0
1981,10,2,14,361,121,270,26.7,21.1,72,1013,4.1,60,0
1981,10,2,15,374,249,229,25.6,20,71,1013,2.6,60,0
1981,10,2,16,182,70,155,25.6,20,71,1013,2.1,60,0
1981,10,2,17,38,42,32,24.4,20,76,1014,1.5,80,0
1981,10,2,18,2,2,1,22.2,20.6,90,1014,3.1,230,0
1981,10,2,19,0,0,0,22.2,20,87,1015,2.1,230,0
1981,10,2,20,0,0,0,21.7,19.4,87,1015,1.5,270,0
1981,10,2,21,0,0,0,21.1,19.4,90,1015,2.6,260,0
1981,10,2,22,0,0,0,20.6,18.3,87,1015,3.6,230,0
1981,10,2,23,0,0,0,20.6,17.8,84,1015,4.6,230,0
1981,10,3,0,0,0,0,20,17.2,84,1014,3.6,220,0
1981,10,3,1,0,0,0,20.6,17.8,84,1014,1.5,240,0
1981,10,3,2,0,0,0,20.6,18.3,87,1013,2.6,280,0
1981,10,3,3,0,0,0,20,18.3,90,1013,3.1,240,0
1981,10,3,4,0,0,0,20.6,19.4,93,1013,4.1,230,0
1981,10,3,5,0,0,0,20.6,18.9,90,1014,4.1,230,0
1981,10,3,6,54,258,22,21.1,18.3,84,1014,2.1,210,0
1981,10,3,7,233,587,55,24.4,20,76,1014,0,0,0
1981,10,3,8,337,292,185,26.7,19.4,65,1014,1.5,160,0
1981,10,3,9,635,684,155,24.4,21.1,82,1014,0,0,0
1981,10,3,10,607,347,318,27.2,20,65,1014,2.1,100,0
1981,10,3,11,684,610,133,27.2,20.6,67,1013,4.1,30,0
1981,10,3,12,504,98,415,27.2,20,65,1012,3.6,30,0
1981,10,3,13,399,9,391,25.6,18.3,64,1012,3.6,50,0
1981,10,3,14,328,45,295,26.7,21.7,74,1012,2.6,360,0
1981,10,3,15,373,294,202,25,21.1,79,1012,3.1,70,0
1981,10,3,16,128,53,109,24.4,21.1,82,1012,2.6,50,0
1981,10,3,17,37,14,35,23.9,21.1,85,1012,2.1,40,0
1981,10,3,18,0,0,0,23.3,21.7,90,1013,3.6,190,0
1981,10,3,19,0,0,0,22.8,21.1,90,1014,2.6,240,0
1981,10,3,20,0,0,0,22.2,20.6,90,1014,2.6,220,0
1981,10,3,21,0,0,0,21.7,20,90,1014,1.5,210,0
1981,10,3,22,0,0,0,21.7,19.4,87,1014,2.6,100,0
1981,10,3,23,0,0,0,21.1,19.4,90,1014,2.1,210,0
1981,10,4,0,0,0,0,20.6,20,97,1014,2.6,260,0
1981,10,4,1,0,0,0,21.1,19.4,90,1013,3.1,240,0
1981,10,4,2,0,0,0,20.6,18.9,90,1013,2.1,190,0
1981,10,4,3,0,0,0,20.6,19.4,93,1013,1.5,180,0
1981,10,4,4,0,0,0,21.1,20.6,97,1013,2.6,280,0
1981,10,4,5,0,0,0,21.1,20.6,97,1013,3.1,210,0
1981,10,4,6,13,1,13,21.1,20.6,97,1014,4.6,230,0
1981,10,4,7,61,1,61,21.7,20.6,93,1014,5.2,240,0
1981,10,4,8,189,2,187,22.8,21.1,90,1014,4.6,240,0
1981,10,4,9,168,5,165,23.3,21.1,87,1014,2.6,350,0
1981,10,4,10,227,5,223,22.8,21.7,93,1014,3.1,300,0
1981,10,4,11,238,1,237,23.3,21.7,90,1014,3.1,280,0
1981,10,4,12,249,1,247,22.8,21.7,93,1013,4.1,270,0
1981,10,4,13,258,1,257,22.8,21.7,93,1012,3.1,260,0
1981,10,4,14,204,2,203,24.4,21.1,82,1012,2.6,310,0
1981,10,4,15,154,1,153,22.2,21.7,97,1012,3.1,310,0
1981,10,4,16,92,0,92,22.2,21.1,93,1012,3.6,250,0
1981,10,4,17,30,1,30,22.8,21.1,90,1013,3.1,250,0
1981,10,4,18,1,0,1,22.2,21.1,93,1014,1.5,310,0
1981,10,4,19,0,0,0,22.2,20,87,1014,2.6,210,0
1981,10,4,20,0,0,0,21.7,19.4,87,1014,4.1,240,0
1981,10,4,21,0,0,0,22.2,19.4,84,1014,3.6,240,0
1981,10,4,22,0,0,0,21.7,19.4,87,1015,2.6,30,0
1981,10,4,23,0,0,0,22.2,20.6,90,1014,4.1,300,0
1981,10,5,0,0,0,0,21.7,20,90,1014,2.1,230,0
1981,10,5,1,0,0,0,21.7,20,90,1013,2.1,250,0
1981,10,5,2,0,0,0,21.7,18.9,84,1013,3.6,250,0
1981,10,5,3,0,0,0,21.7,18.3,81,1013,3.6,240,0
1981,10,5,4,0,0,0,20,18.3,90,1013,3.1,230,0
1981,10,5,5,0,0,0,21.1,20,93,1014,2.1,360,0
1981,10,5,6,24,0,24,20.6,20,97,1014,6.2,230,0
1981,10,5,7,89,1,89,21.7,20,90,1015,3.6,230,0
1981,10,5,8,261,0,261,23.9,20.6,82,1015,3.6,240,0
1981,10,5,9,506,390,235,26.1,20.6,72,1015,4.1,340,0
1981,10,5,10,511,280,280,26.7,21.1,72,1014,2.1,60,0
1981,10,5,11,370,25,348,26.7,21.7,74,1014,2.1,50,0
1981,10,5,12,878,748,199,27.2,20.6,67,1013,3.1,50,0
1981,10,5,13,906,920,121,27.2,20,65,1012,3.6,30,0
1981,10,5,14,634,640,161,26.7,19.4,65,1012,2.6,350,0
1981,10,5,15,389,509,98,26.7,19.4,65,1012,2.6,360,0
1981,10,5,16,223,417,71,26.1,19.4,67,1012,3.1,350,0
1981,10,5,17,79,293,40,24.4,18.9,71,1012,1.5,50,0
1981,10,5,18,6,10,2,23.9,18.9,74,1013,2.6,360,0
1981,10,5,19,0,0,0,23.9,19.4,76,1014,2.6,230,0
1981,10,5,20,0,0,0,22.8,19.4,82,1014,3.1,240,0
1981,10,5,21,0,0,0,21.7,18.3,81,1014,3.1,230,0
1981,10,5,22,0,0,0,21.7,18.3,81,1014,3.1,240,0
1981,10,5,23,0,0,0,21.1,16.7,76,1014,2.1,220,0
1981,10,6,0,0,0,0,20.6,17.2,81,1014,4.1,120,0
1981,10,6,1,0,0,0,20,17.2,84,1014,4.1,240,0
1981,10,6,2,0,0,0,20,17.2,84,1013,2.6,220,0
1981,10,6,3,0,0,0,20,17.8,87,1013,4.1,220,0
1981,10,6,4,0,0,0,20.6,17.2,81,1013,4.1,220,0
1981,10,6,5,0,0,0,20,17.8,87,1014,3.1,220,0
1981,10,6,6,36,20,33,21.7,17.8,79,1014,3.6,220,0
1981,10,6,7,137,58,120,23.3,18.3,74,1015,2.6,240,0
1981,10,6,8,211,67,176,25,20.6,76,1016,2.1,70,0
1981,10,6,9,598,546,218,26.7,19.4,65,1015,3.1,330,0
1981,10,6,10,840,791,187,26.7,20,67,1015,3.6,360,0
1981,10,6,11,945,841,190,26.7,21.7,74,1014,4.1,80,0
1981,10,6,12,643,312,361,27.2,20.6,67,1014,5.7,50,0
1981,10,6,13,574,361,266,27.2,20.6,67,1013,4.1,50,0
1981,10,6,14,492,261,300,26.1,18.9,65,1013,4.6,60,0
1981,10,6,15,345,190,237,26.1,19.4,67,1013,3.1,60,0
1981,10,6,16,204,157,147,25.6,20.6,74,1013,3.1,70,0
1981,10,6,17,69,67,61,25,20,74,1014,2.6,70,0
1981,10,6,18,5,2,3,23.9,20,79,1014,3.6,250,0
1981,10,6,19,0,0,0,22.2,20.6,90,1015,4.1,240,0
1981,10,6,20,0,0,0,22.2,20,87,1015,5.2,230,0
1981,10,6,21,0,0,0,22.2,19.4,84,1016,3.6,250,0
1981,10,6,22,0,0,0,21.7,19.4,87,1016,3.6,250,0
1981,10,6,23,0,0,0,22.2,18.9,82,1015,3.6,220,0
1981,10,7,0,0,0,0,21.7,18.3,81,1015,3.6,240,0
1981,10,7,1,0,0,0,21.7,17.8,79,1014,3.1,250,0
1981,10,7,2,0,0,0,21.7,18.3,81,1014,1.5,170,0
1981,10,7,3,0,0,0,21.1,18.3,84,1014,3.6,220,0
1981,10,7,4,0,0,0,20.6,18.3,87,1014,3.1,220,0
1981,10,7,5,0,0,0,20,18.3,90,1014,3.6,220,0
1981,10,7,6,53,219,27,20,17.8,87,1015,4.1,220,0
1981,10,7,7,156,164,107,23.9,19.4,76,1015,2.1,260,0
1981,10,7,8,468,738,88,25.6,18.3,64,1015,2.6,350,0
1981,10,7,9,612,691,133,26.7,19.4,65,1015,3.1,350,0
1981,10,7,10,599,461,220,25.6,20,71,1015,4.1,110,0
1981,10,7,11,666,471,245,27.2,19.4,63,1015,3.6,60,0
1981,10,7,12,883,880,90,27.2,20,65,1013,4.1,60,0
1981,10,7,13,830,832,124,27.2,18.9,60,1013,3.6,10,0
1981,10,7,14,663,724,132,26.7,20,67,1012,3.1,70,0
1981,10,7,15,498,689,107,26.7,18.9,62,1013,3.6,70,0
1981,10,7,16,231,239,145,26.1,18.9,65,1013,3.1,330,0
1981,10,7,17,67,288,31,24.4,19.4,74,1013,2.1,30,0
1981,10,7,18,0,0,0,23.9,20,79,1014,2.1,290,0
1981,10,7,19,0,0,0,22.8,18.9,79,1014,3.6,230,0
1981,10,7,20,0,0,0,21.7,18.9,84,1015,3.1,250,0
1981,10,7,21,0,0,0,20.6,17.8,84,1015,4.1,220,0
1981,10,7,22,0,0,0,20,17.2,84,1015,4.1,220,0
1981,10,7,23,0,0,0,20.6,16.7,79,1014,3.1,210,0
1981,10,8,0,0,0,0,20.6,16.1,76,1014,3.6,220,0
1981,10,8,1,0,0,0,20,16.1,78,1014,2.1,180,0
1981,10,8,2,0,0,0,20,15,73,1013,2.6,220,0
1981,10,8,3,0,0,0,20.6,16.7,79,1013,2.1,190,0
1981,10,8,4,0,0,0,20.6,15,71,1013,3.1,210,0
1981,10,8,5,0,0,0,21.1,15.6,71,1013,2.1,220,0
1981,10,8,6,44,19,41,21.1,16.7,76,1014,2.1,170,0
1981,10,8,7,146,183,92,23.3,18.3,74,1014,2.1,180,0
1981,10,8,8,339,303,183,25.6,20,71,1014,2.1,40,0
1981,10,8,9,531,381,268,26.7,19.4,65,1014,0,0,0
1981,10,8,10,400,147,279,26.1,21.1,74,1014,6.7,90,0
1981,10,8,11,232,5,228,23.9,21.7,87,1014,3.6,180,0
1981,10,8,12,242,14,229,24.4,21.7,85,1013,3.6,310,0
1981,10,8,13,317,8,310,25,20.6,76,1012,2.6,300,0
1981,10,8,14,185,3,183,25,21.1,79,1012,3.1,100,0
1981,10,8,15,159,6,155,22.8,21.7,93,1012,3.6,250,0
1981,10,8,16,115,6,113,22.8,21.1,90,1013,4.1,230,0
1981,10,8,17,58,0,58,22.2,20.6,90,1013,3.6,230,0
1981,10,8,18,0,0,0,22.2,20,87,1014,3.1,260,0
1981,10,8,19,0,0,0,22.2,19.4,84,1014,4.1,240,0
1981,10,8,20,0,0,0,22.2,18.9,82,1015,3.6,250,0
1981,10,8,21,0,0,0,21.1,18.9,87,1014,3.1,200,0
1981,10,8,22,0,0,0,21.1,18.9,87,1014,2.6,220,0
1981,10,8,23,0,0,0,21.1,18.9,87,1014,2.1,220,0
1981,10,9,0,0,0,0,20.6,18.3,87,1013,3.1,210,0
1981,10,9,1,0,0,0,20.6,18.3,87,1013,3.1,230,0
1981,10,9,2,0,0,0,20.6,18.3,87,1012,3.6,230,0
1981,10,9,3,0,0,0,20.6,18.3,87,1012,2.6,220,0
1981,10,9,4,0,0,0,20,18.3,90,1012,2.1,230,0
1981,10,9,5,0,0,0,19.4,17.8,90,1013,2.6,220,0
1981,10,9,6,37,59,29,20,17.2,84,1013,3.6,230,0
1981,10,9,7,186,304,96,21.7,18.3,81,1014,1.5,170,0
1981,10,9,8,234,12,228,23.9,20,79,1015,1.5,230,0
1981,10,9,9,435,230,276,25.6,20.6,74,1015,4.1,300,0
1981,10,9,10,471,124,369,23.9,21.7,87,1015,0,0,0
1981,10,9,11,260,1,259,23.9,21.1,85,1014,3.1,240,0
1981,10,9,12,611,288,353,26.7,21.1,72,1013,3.6,330,0
1981,10,9,13,464,92,387,26.1,20.6,72,1012,2.6,340,0
1981,10,9,14,389,102,315,26.1,20.6,72,1012,2.6,20,0
1981,10,9,15,265,17,256,25.6,20.6,74,1012,2.6,330,0
1981,10,9,16,92,55,72,24.4,21.7,85,1012,3.1,260,0
1981,10,9,17,24,2,24,23.9,20.6,82,1013,3.1,240,0
1981,10,9,18,0,0,0,23.3,19.4,79,1013,3.1,250,0
1981,10,9,19,0,0,0,22.8,19.4,82,1014,3.6,250,0
1981,10,9,20,0,0,0,22.2,18.9,82,1014,3.1,220,0
1981,10,9,21,0,0,0,21.7,18.3,81,1014,2.6,220,0
1981,10,9,22,0,0,0,21.7,18.3,81,1014,3.6,220,0
1981,10,9,23,0,0,0,21.1,17.2,79,1014,3.1,210,0
1981,10,10,0,0,0,0,21.1,17.2,79,1013,2.6,210,0
1981,10,10,1,0,0,0,21.7,18.3,81,1013,3.6,80,0
1981,10,10,2,0,0,0,20.6,20,97,1013,3.6,240,0
1981,10,10,3,0,0,0,20.6,19.4,93,1013,4.1,240,0
1981,10,10,4,0,0,0,21.1,19.4,90,1013,4.6,260,0
1981,10,10,5,0,0,0,21.7,19.4,87,1013,2.1,200,0
1981,10,10,6,20,5,20,21.7,20,90,1014,1.5,130,0
1981,10,10,7,167,166,118,22.8,21.1,90,1014,3.6,260,0
1981,10,10,8,181,110,125,23.9,21.1,85,1014,2.6,330,0
1981,10,10,9,264,65,219,24.4,20.6,79,1014,2.6,300,0
1981,10,10,10,478,183,329,26.1,21.1,74,1014,2.6,240,0
1981,10,10,11,508,127,396,26.1,21.1,74,1013,2.1,20,0
1981,10,10,12,639,326,348,26.1,21.1,74,1012,4.1,110,0
1981,10,10,13,510,281,275,26.7,21.7,74,1012,4.6,80,0
1981,10,10,14,313,81,255,26.1,21.7,77,1011,3.1,90,0
1981,10,10,15,359,187,255,25.6,21.1,77,1012,3.1,80,0
1981,10,10,16,188,173,128,25.6,21.7,79,1012,1.5,90,0
1981,10,10,17,48,72,39,25.6,21.1,77,1012,3.1,120,0
1981,10,10,18,0,0,0,23.9,21.1,85,1013,3.6,210,0
1981,10,10,19,0,0,0,23.3,20.6,84,1014,3.6,240,0
1981,10,10,20,0,0,0,23.3,20.6,84,1014,2.1,210,0
1981,10,10,21,0,0,0,23.3,20.6,84,1015,3.1,230,0
1981,10,10,22,0,0,0,23.3,20.6,84,1014,3.6,230,0
1981,10,10,23,0,0,0,22.8,20,84,1014,3.1,220,0
1981,10,11,0,0,0,0,22.2,19.4,84,1014,2.1,210,0
1981,10,11,1,0,0,0,21.7,19.4,87,1013,0,0,0
1981,10,11,2,0,0,0,21.1,19.4,90,1013,1.5,180,0
1981,10,11,3,0,0,0,21.7,19.4,87,1013,2.1,200,0
1981,10,11,4,0,0,0,21.1,18.3,84,1013,3.1,220,0
1981,10,11,5,0,0,0,20,17.8,87,1013,4.1,230,0
1981,10,11,6,55,274,21,20.6,17.2,81,1014,3.1,210,0
1981,10,11,7,249,745,31,23.9,18.3,71,1014,3.1,210,0
1981,10,11,8,481,852,48,26.7,20,67,1014,4.1,110,0
1981,10,11,9,598,746,87,27.8,21.1,67,1014,5.2,120,0
1981,10,11,10,778,872,69,28.3,22.2,70,1013,6.7,90,0
1981,10,11,11,827,865,63,28.3,22.8,72,1013,7.2,110,0
1981,10,11,12,865,898,65,28.3,22.2,70,1012,6.2,100,0
1981,10,11,13,611,452,234,27.8,22.8,74,1011,5.2,70,0
1981,10,11,14,403,140,303,26.7,22.8,79,1011,5.2,80,0
1981,10,11,15,432,497,158,26.7,22.8,79,1011,4.1,100,0
1981,10,11,16,209,95,177,26.1,22.8,82,1012,4.1,70,0
1981,10,11,17,57,150,38,25.6,22.8,85,1012,2.6,60,0
1981,10,11,18,0,0,0,24.4,22.8,90,1013,2.1,140,0
1981,10,11,19,0,0,0,23.9,22.8,94,1014,1.5,350,0
1981,10,11,20,0,0,0,24.4,23.3,94,1014,2.6,210,0
1981,10,11,21,0,0,0,24.4,23.3,94,1014,1.5,250,0
1981,10,11,22,0,0,0,23.9,22.8,94,1014,3.1,110,0
1981,10,11,23,0,0,0,23.9,22.8,94,1014,2.1,220,0
1981,10,12,0,0,0,0,23.3,22.8,97,1013,0,0,0
1981,10,12,1,0,0,0,23.3,22.8,97,1013,2.6,150,0
1981,10,12,2,0,0,0,22.8,21.7,93,1013,2.1,220,0
1981,10,12,3,0,0,0,22.8,21.7,93,1012,2.6,170,0
1981,10,12,4,0,0,0,22.2,21.7,97,1013,2.6,220,0
1981,10,12,5,0,0,0,21.1,20.6,97,1013,3.1,210,0
1981,10,12,6,13,5,12,21.1,20.6,97,1014,3.1,220,0
1981,10,12,7,96,37,86,21.7,21.1,97,1014,2.1,260,0
1981,10,12,8,111,7,107,22.8,22.2,97,1015,1.5,270,0
1981,10,12,9,186,1,185,23.9,22.8,94,1015,3.1,220,0
1981,10,12,10,320,4,316,25.6,23.3,88,1014,2.6,180,0
1981,10,12,11,534,174,381,27.2,22.8,77,1013,6.2,80,0
1981,10,12,12,458,101,368,26.1,23.3,85,1013,4.6,280,0
1981,10,12,13,137,4,134,25,23.3,91,1012,3.6,280,0
1981,10,12,14,181,9,175,24.4,23.3,94,1012,3.6,280,0
1981,10,12,15,150,22,138,24.4,23.3,94,1012,2.6,270,0
1981,10,12,16,78,10,74,24.4,23.3,94,1012,3.1,280,0
1981,10,12,17,21,4,21,24.4,23.3,94,1013,2.1,290,0
1981,10,12,18,0,0,0,23.9,22.8,94,1013,15.4,320,0
1981,10,12,19,0,0,0,23.9,22.8,94,1014,3.6,230,0
1981,10,12,20,0,0,0,23.3,22.2,94,1015,2.1,220,0
1981,10,12,21,0,0,0,23.3,22.8,97,1015,2.1,240,0
1981,10,12,22,0,0,0,23.3,22.2,94,1015,2.1,250,0
1981,10,12,23,0,0,0,23.3,22.2,94,1014,2.1,240,0
1981,10,13,0,0,0,0,22.8,22.2,97,1014,3.6,240,0
1981,10,13,1,0,0,0,22.8,21.7,93,1013,3.1,240,0
1981,10,13,2,0,0,0,22.8,21.1,90,1013,3.6,230,0
1981,10,13,3,0,0,0,22.2,21.1,93,1013,2.6,250,0
1981,10,13,4,0,0,0,22.2,21.1,93,1013,2.1,220,0
1981,10,13,5,0,0,0,22.2,21.1,93,1013,1.5,170,0
1981,10,13,6,34,21,31,22.8,21.1,90,1013,1.5,200,0
1981,10,13,7,130,52,115,24.4,21.7,85,1014,0,0,0
1981,10,13,8,305,222,193,26.1,21.7,77,1014,1.5,40,0
1981,10,13,9,601,700,124,26.7,21.1,72,1014,3.6,70,0
1981,10,13,10,746,772,122,27.2,22.2,74,1014,3.1,90,0
1981,10,13,11,857,878,85,27.8,21.1,67,1013,4.6,50,0
1981,10,13,12,874,922,59,27.8,22.2,72,1013,3.6,50,0
1981,10,13,13,827,923,63,27.2,21.1,69,1012,4.1,50,0
1981,10,13,14,732,930,70,27.2,22.8,77,1012,3.6,30,0
1981,10,13,15,445,626,104,27.2,21.7,72,1012,4.1,10,0
1981,10,13,16,218,438,70,26.1,21.7,77,1012,2.1,330,0
1981,10,13,17,60,189,37,25.6,21.1,77,1013,2.1,360,0
1981,10,13,18,0,0,0,24.4,21.7,85,1013,1.5,50,0
1981,10,13,19,0,0,0,23.9,21.7,87,1014,2.1,270,0
1981,10,13,20,0,0,0,23.3,20.6,84,1015,3.1,230,0
1981,10,13,21,0,0,0,22.8,19.4,82,1015,2.6,240,0
1981,10,13,22,0,0,0,21.7,18.9,84,1015,3.6,220,0
1981,10,13,23,0,0,0,21.7,18.3,81,1015,3.6,220,0
1981,10,14,0,0,0,0,21.1,18.3,84,1014,3.1,220,0
1981,10,14,1,0,0,0,20.6,17.2,81,1013,2.6,210,0
1981,10,14,2,0,0,0,20.6,17.2,81,1013,2.6,220,0
1981,10,14,3,0,0,0,20,17.8,87,1013,3.1,230,0
1981,10,14,4,0,0,0,20,17.2,84,1013,3.1,220,0
1981,10,14,5,0,0,0,20,17.2,84,1014,3.1,210,0
1981,10,14,6,49,125,34,20.6,17.2,81,1014,2.6,210,0
1981,10,14,7,229,584,60,23.9,18.9,74,1014,2.1,250,0
1981,10,14,8,424,674,86,26.1,21.7,77,1015,2.1,360,0
1981,10,14,9,628,759,113,26.1,21.7,77,1015,3.6,40,0
1981,10,14,10,774,825,110,27.2,21.7,72,1014,4.1,10,0
1981,10,14,11,837,845,97,27.8,21.7,69,1014,4.1,30,0
1981,10,14,12,843,801,137,27.8,22.2,72,1013,2.6,30,0
1981,10,14,13,807,927,42,27.8,22.2,72,1012,4.6,20,0
1981,10,14,14,677,904,36,27.2,21.7,72,1012,5.2,20,0
1981,10,14,15,497,841,42,27.2,22.2,74,1012,4.1,10,0
1981,10,14,16,145,84,117,24.4,22.8,90,1012,4.6,60,0
1981,10,14,17,28,18,26,24.4,21.7,85,1012,2.6,10,0
1981,10,14,18,0,0,0,24.4,21.7,85,1013,3.6,40,0
1981,10,14,19,0,0,0,23.9,22.2,90,1013,2.6,20,0
1981,10,14,20,0,0,0,23.3,22.2,94,1014,5.2,340,0
1981,10,14,21,0,0,0,22.8,21.7,93,1014,2.6,260,0
1981,10,14,22,0,0,0,22.8,21.7,93,1014,2.1,270,0
1981,10,14,23,0,0,0,23.3,21.7,90,1014,2.6,240,0
1981,10,15,0,0,0,0,23.3,22.2,94,1013,2.1,260,0
1981,10,15,1,0,0,0,22.8,20.6,87,1013,3.6,320,0
1981,10,15,2,0,0,0,22.2,21.1,93,1012,4.1,230,0
1981,10,15,3,0,0,0,22.2,21.1,93,1012,3.6,190,0
1981,10,15,4,0,0,0,21.7,21.1,97,1012,3.6,240,0
1981,10,15,5,0,0,0,22.2,21.7,97,1013,3.6,240,0
1981,10,15,6,23,4,22,21.7,21.1,97,1013,2.6,240,0
1981,10,15,7,136,9,134,22.8,21.7,93,1014,3.1,220,0
1981,10,15,8,434,585,141,25.6,21.7,79,1014,1.5,250,0
1981,10,15,9,700,854,122,26.7,22.2,77,1014,2.6,10,0
1981,10,15,10,568,435,218,26.7,22.2,77,1013,5.7,30,0
1981,10,15,11,774,682,179,27.2,21.7,72,1013,3.6,360,0
1981,10,15,12,402,17,387,26.7,21.7,74,1012,2.6,360,0
1981,10,15,13,386,43,351,25.6,22.2,82,1012,2.6,350,0
1981,10,15,14,508,308,291,24.4,22.2,87,1011,3.6,60,0
1981,10,15,15,176,5,173,25,21.1,79,1012,3.6,50,0
1981,10,15,16,116,5,115,23.9,21.7,87,1012,3.1,290,0
1981,10,15,17,23,5,22,23.3,21.1,87,1013,3.6,290,0
1981,10,15,18,0,0,0,23.3,20.6,84,1013,4.1,260,0
1981,10,15,19,0,0,0,23.3,20.6,84,1013,2.6,220,0
1981,10,15,20,0,0,0,23.3,20,82,1014,3.1,230,0
1981,10,15,21,0,0,0,23.3,20.6,84,1014,2.1,250,0
1981,10,15,22,0,0,0,22.8,20,84,1014,2.6,220,0
1981,10,15,23,0,0,0,22.8,20,84,1014,2.6,160,0
1981,10,16,0,0,0,0,22.8,20.6,87,1014,2.6,360,0
1981,10,16,1,0,0,0,21.7,20.6,93,1013,2.6,280,0
1981,10,16,2,0,0,0,21.7,20.6,93,1013,2.6,250,0
1981,10,16,3,0,0,0,21.7,20.6,93,1013,2.6,150,0
1981,10,16,4,0,0,0,21.7,20,90,1013,3.1,210,0
1981,10,16,5,0,0,0,22.2,20,87,1013,2.1,230,0
1981,10,16,6,30,3,30,22.2,21.1,93,1014,1.5,150,0
1981,10,16,7,191,463,58,24.4,21.7,85,1014,3.1,250,0
1981,10,16,8,234,43,212,25.6,21.1,77,1014,3.6,330,0
1981,10,16,9,161,11,153,23.3,20.6,84,1015,1.5,280,0
1981,10,16,10,385,92,311,25.6,20.6,74,1014,3.1,300,0
1981,10,16,11,463,46,423,26.1,20.6,72,1014,3.6,30,0
1981,10,16,12,295,7,289,26.1,20.6,72,1013,3.1,10,0
1981,10,16,13,395,99,314,26.7,21.1,72,1013,2.1,70,0
1981,10,16,14,405,176,282,26.1,21.1,74,1013,3.6,340,0
1981,10,16,15,302,210,190,25.6,20.6,74,1013,2.1,10,0
1981,10,16,16,139,56,121,25,20.6,76,1013,2.1,60,0
1981,10,16,17,41,19,39,24.4,19.4,74,1014,2.1,60,0
1981,10,16,18,0,0,0,24.4,18.9,71,1014,2.1,40,0
1981,10,16,19,0,0,0,24.4,19.4,74,1015,2.1,50,0
1981,10,16,20,0,0,0,24.4,18.9,71,1015,1.5,10,0
1981,10,16,21,0,0,0,23.9,19.4,76,1016,0,0,0
1981,10,16,22,0,0,0,23.9,20,79,1015,2.1,300,0
1981,10,16,23,0,0,0,22.8,19.4,82,1015,2.1,200,0
1981,10,17,0,0,0,0,22.8,19.4,82,1015,2.6,220,0
1981,10,17,1,0,0,0,22.8,19.4,82,1014,2.1,250,0
1981,10,17,2,0,0,0,22.8,19.4,82,1014,3.1,290,0
1981,10,17,3,0,0,0,22.2,18.9,82,1014,2.1,250,0
1981,10,17,4,0,0,0,20.6,16.7,79,1014,2.6,220,0
1981,10,17,5,0,0,0,20,16.7,81,1014,2.6,240,0
1981,10,17,6,51,268,18,20.6,16.7,79,1015,3.1,230,0
1981,10,17,7,219,636,39,24.4,18.9,71,1015,3.6,270,0
1981,10,17,8,435,660,107,26.1,19.4,67,1016,3.1,300,0
1981,10,17,9,549,590,152,26.1,19.4,67,1016,2.6,350,0
1981,10,17,10,705,679,163,26.7,19.4,65,1016,3.6,340,0
1981,10,17,11,857,868,105,26.7,20,67,1015,3.1,340,0
1981,10,17,12,855,845,118,27.2,21.1,69,1014,3.6,30,0
1981,10,17,13,818,861,117,27.2,20.6,67,1013,5.7,360,0
1981,10,17,14,470,465,145,27.2,20.6,67,1013,4.1,360,0
1981,10,17,15,491,794,69,26.7,19.4,65,1013,3.1,20,0
1981,10,17,16,262,592,70,26.1,20,69,1013,3.1,40,0
1981,10,17,17,55,194,31,25,20,74,1014,3.6,360,0
1981,10,17,18,0,0,0,24.4,20.6,79,1014,3.1,310,0
1981,10,17,19,0,0,0,23.3,20,82,1015,2.6,310,0
1981,10,17,20,0,0,0,22.8,18.3,76,1015,3.1,240,0
1981,10,17,21,0,0,0,21.7,17.2,76,1015,2.6,210,0
1981,10,17,22,0,0,0,21.1,16.7,76,1015,2.1,260,0
1981,10,17,23,0,0,0,20.6,16.7,79,1015,4.1,220,0
1981,10,18,0,0,0,0,20,15.6,76,1015,2.6,220,0
1981,10,18,1,0,0,0,18.9,15,78,1014,3.6,230,0
1981,10,18,2,0,0,0,18.9,12.8,68,1013,4.1,230,0
1981,10,18,3,0,0,0,17.8,12.8,73,1013,3.1,220,0
1981,10,18,4,0,0,0,18.3,12.2,68,1013,3.1,220,0
1981,10,18,5,0,0,0,17.8,12.8,73,1014,2.6,210,0
1981,10,18,6,53,315,14,18.9,13.3,70,1014,2.6,230,0
1981,10,18,7,226,519,80,23.3,14.4,58,1015,2.1,230,0
1981,10,18,8,473,871,43,26.1,19.4,67,1015,2.6,360,0
1981,10,18,9,641,859,66,26.7,20.6,69,1015,4.1,30,0
1981,10,18,10,750,781,129,27.2,21.7,72,1014,5.7,360,0
1981,10,18,11,847,826,133,26.1,21.7,77,1014,4.6,10,0
1981,10,18,12,485,194,317,25.6,21.1,77,1013,6.2,350,0
1981,10,18,13,678,396,356,25,20,74,1013,3.6,350,0
1981,10,18,14,300,7,295,25,20.6,76,1012,6.2,340,0
1981,10,18,15,209,15,201,23.9,18.9,74,1013,5.7,330,0
1981,10,18,16,136,11,132,24.4,18.3,69,1013,4.1,330,0
1981,10,18,17,37,2,36,24.4,17.2,64,1013,5.2,330,0
1981,10,18,18,0,0,0,24.4,17.8,66,1014,3.6,330,0
1981,10,18,19,0,0,0,23.9,17.2,66,1014,3.6,340,0
1981,10,18,20,0,0,0,23.3,17.8,71,1015,3.1,310,0
1981,10,18,21,0,0,0,22.8,17.8,74,1015,2.6,310,0
1981,10,18,22,0,0,0,23.3,18.9,76,1015,4.1,310,0
1981,10,18,23,0,0,0,22.8,18.3,76,1015,2.6,270,0
1981,10,19,0,0,0,0,22.8,17.8,74,1014,2.1,250,0
1981,10,19,1,0,0,0,21.7,17.2,76,1013,2.1,200,0
1981,10,19,2,0,0,0,22.2,17.2,73,1013,2.6,220,0
1981,10,19,3,0,0,0,21.1,16.7,76,1013,2.1,220,0
1981,10,19,4,0,0,0,20,16.1,78,1014,3.6,220,0
1981,10,19,5,0,0,0,19.4,15,76,1014,3.6,220,0
1981,10,19,6,16,13,15,21.7,19.4,87,1015,5.2,330,0
1981,10,19,7,79,59,62,22.2,19.4,84,1015,5.2,330,0
1981,10,19,8,438,750,69,25,19.4,71,1015,2.1,340,0
1981,10,19,9,609,757,105,26.1,20,69,1015,2.1,40,0
1981,10,19,10,778,773,165,26.1,20.6,72,1015,5.2,10,0
1981,10,19,11,450,126,341,25.6,20.6,74,1014,4.6,340,0
1981,10,19,12,852,799,160,26.7,20.6,69,1014,4.6,10,0
1981,10,19,13,478,227,294,26.7,20,67,1013,3.1,10,0
1981,10,19,14,437,110,361,25.6,19.4,69,1013,4.1,10,0
1981,10,19,15,125,4,122,25,20,74,1013,3.1,10,0
1981,10,19,16,123,2,123,23.3,19.4,79,1014,2.6,50,0
1981,10,19,17,28,4,28,23.9,18.9,74,1014,2.1,340,0
1981,10,19,18,0,0,0,24.4,18.9,71,1015,2.1,320,0
1981,10,19,19,0,0,0,23.9,18.3,71,1016,2.1,300,0
1981,10,19,20,0,0,0,23.3,18.9,76,1016,2.6,280,0
1981,10,19,21,0,0,0,21.7,20.6,93,1017,3.6,290,0
1981,10,19,22,0,0,0,22.8,20,84,1017,4.1,340,0
1981,10,19,23,0,0,0,21.7,20,90,1016,4.1,310,0
1981,10,20,0,0,0,0,21.7,19.4,87,1016,3.1,220,0
1981,10,20,1,0,0,0,22.2,19.4,84,1016,2.1,240,0
1981,10,20,2,0,0,0,22.2,19.4,84,1015,3.6,220,0
1981,10,20,3,0,0,0,21.1,18.3,84,1015,2.6,230,0
1981,10,20,4,0,0,0,20.6,18.3,87,1015,3.6,230,0
1981,10,20,5,0,0,0,20,16.1,78,1016,4.1,230,0
1981,10,20,6,46,112,31,20.6,15.6,73,1016,4.1,220,0
1981,10,20,7,221,668,35,22.8,17.2,71,1017,2.6,240,0
1981,10,20,8,411,724,56,25.6,18.9,67,1017,3.1,360,0
1981,10,20,9,623,872,43,26.1,19.4,67,1017,3.6,360,0
1981,10,20,10,730,854,55,26.7,19.4,65,1017,2.6,10,0
1981,10,20,11,897,973,63,26.7,18.3,60,1016,5.2,10,0
1981,10,20,12,857,918,66,27.2,18.9,60,1016,4.6,20,0
1981,10,20,13,693,687,139,26.7,18.3,60,1015,4.1,20,0
1981,10,20,14,657,878,52,26.7,18.3,60,1015,2.6,50,0
1981,10,20,15,432,556,143,26.7,18.3,60,1015,3.1,80,0
1981,10,20,16,218,485,66,25,18.3,67,1015,3.1,30,0
1981,10,20,17,50,167,29,24.4,17.8,66,1016,2.6,360,0
1981,10,20,18,0,0,0,23.9,18.3,71,1016,2.1,10,0
1981,10,20,19,0,0,0,23.3,18.9,76,1017,3.6,310,0
1981,10,20,20,0,0,0,22.8,18.3,76,1018,3.6,250,0
1981,10,20,21,0,0,0,22.2,19.4,84,1017,4.6,290,0
1981,10,20,22,0,0,0,22.2,19.4,84,1017,4.6,290,0
1981,10,20,23,0,0,0,21.7,18.9,84,1017,2.6,210,0
1981,10,21,0,0,0,0,20.6,17.8,84,1016,3.6,220,0
1981,10,21,1,0,0,0,20.6,17.2,81,1016,1.5,210,0
1981,10,21,2,0,0,0,20,16.7,81,1015,3.1,210,0
1981,10,21,3,0,0,0,19.4,16.1,81,1015,3.6,220,0
1981,10,21,4,0,0,0,19.4,15,76,1016,4.6,220,0
1981,10,21,5,0,0,0,19.4,15.6,78,1016,3.6,210,0
1981,10,21,6,31,45,25,19.4,17.2,87,1017,3.6,200,0
1981,10,21,7,208,564,52,22.8,18.9,79,1017,2.6,260,0
1981,10,21,8,423,712,75,25.6,19.4,69,1018,2.6,300,0
1981,10,21,9,604,764,98,26.1,19.4,67,1018,2.6,40,0
1981,10,21,10,724,827,73,26.7,20,67,1017,3.6,360,0
1981,10,21,11,850,891,89,26.7,20,67,1017,3.6,20,0
1981,10,21,12,854,917,66,27.2,18.9,60,1016,4.1,40,0
1981,10,21,13,731,748,131,27.2,19.4,63,1015,3.6,350,0
1981,10,21,14,657,827,90,27.2,18.9,60,1015,6.2,30,0
1981,10,21,15,483,801,68,26.7,18.9,62,1015,3.6,20,0
1981,10,21,16,224,465,80,25.6,18.3,64,1015,2.6,30,0
1981,10,21,17,40,70,31,24.4,16.7,62,1016,2.6,20,0
1981,10,21,18,0,0,0,24.4,19.4,74,1016,2.1,10,0
1981,10,21,19,0,0,0,23.3,19.4,79,1017,4.1,280,0
1981,10,21,20,0,0,0,22.8,19.4,82,1017,3.6,270,0
1981,10,21,21,0,0,0,22.2,18.9,82,1017,2.1,230,0
1981,10,21,22,0,0,0,22.2,18.9,82,1017,2.6,220,0
1981,10,21,23,0,0,0,21.7,18.3,81,1017,3.1,220,0
1981,10,22,0,0,0,0,21.1,20,93,1016,4.1,320,0
1981,10,22,1,0,0,0,21.1,20,93,1016,1.5,310,0
1981,10,22,2,0,0,0,20,18.9,93,1015,3.6,290,0
1981,10,22,3,0,0,0,20.6,19.4,93,1015,4.1,290,0
1981,10,22,4,0,0,0,20.6,19.4,93,1015,3.6,230,0
1981,10,22,5,0,0,0,20.6,18.9,90,1015,2.6,230,0
1981,10,22,6,44,86,33,21.1,19.4,90,1016,2.6,210,0
1981,10,22,7,148,138,110,23.3,19.4,79,1017,3.1,300,0
1981,10,22,8,319,258,193,25.6,20.6,74,1017,2.6,330,0
1981,10,22,9,554,686,102,26.1,20,69,1017,2.6,330,0
1981,10,22,10,761,883,68,26.7,18.3,60,1016,3.1,70,0
1981,10,22,11,800,759,154,27.2,18.9,60,1016,2.6,50,0
1981,10,22,12,734,732,107,27.2,18.3,58,1015,4.1,350,0
1981,10,22,13,788,876,89,27.2,18.3,58,1014,3.6,50,0
1981,10,22,14,594,697,119,26.7,18.9,62,1014,3.6,40,0
1981,10,22,15,314,319,150,25.6,20,71,1014,6.2,90,0
1981,10,22,16,175,241,101,25.6,18.9,67,1014,3.1,120,0
1981,10,22,17,48,61,40,24.4,19.4,74,1014,1.5,40,0
1981,10,22,18,0,0,0,24.4,20,76,1015,1.5,40,0
1981,10,22,19,0,0,0,23.3,20,82,1016,1.5,280,0
1981,10,22,20,0,0,0,23.3,20,82,1016,2.6,220,0
1981,10,22,21,0,0,0,22.8,19.4,82,1016,2.6,220,0
1981,10,22,22,0,0,0,22.2,18.9,82,1016,2.1,220,0
1981,10,22,23,0,0,0,21.7,18.9,84,1015,1.5,190,0
1981,10,23,0,0,0,0,21.7,18.3,81,1015,3.6,240,0
1981,10,23,1,0,0,0,21.7,17.8,79,1014,3.1,220,0
1981,10,23,2,0,0,0,20.6,16.7,79,1014,3.6,210,0
1981,10,23,3,0,0,0,19.4,14.4,73,1014,4.1,210,0
1981,10,23,4,0,0,0,18.9,13.3,70,1014,3.1,210,0
1981,10,23,5,0,0,0,18.3,13.3,73,1014,3.6,210,0
1981,10,23,6,43,174,21,19.4,13.3,68,1014,3.1,210,0
1981,10,23,7,187,439,68,22.8,15,62,1015,3.1,230,0
1981,10,23,8,431,751,68,25.6,18.3,64,1015,1.5,110,0
1981,10,23,9,580,695,124,25.6,18.9,67,1015,1.5,340,0
1981,10,23,10,789,873,107,26.7,18.9,62,1014,5.7,80,0
1981,10,23,11,719,646,171,27.2,20.6,67,1014,3.6,40,0
1981,10,23,12,786,654,229,26.1,20.6,72,1013,4.1,80,0
1981,10,23,13,454,245,259,26.1,20.6,72,1012,5.7,90,0
1981,10,23,14,174,17,162,25.6,20,71,1012,3.1,70,0
1981,10,23,15,174,73,137,25,21.7,82,1013,2.6,120,0
1981,10,23,16,91,53,75,23.9,21.7,87,1013,2.1,240,0
1981,10,23,17,35,7,34,22.8,21.1,90,1014,3.6,330,0
1981,10,23,18,0,0,0,22.8,21.1,90,1014,4.1,290,0
1981,10,23,19,0,0,0,22.8,21.1,90,1015,3.1,230,0
1981,10,23,20,0,0,0,22.8,21.1,90,1015,2.6,160,0
1981,10,23,21,0,0,0,21.7,21.1,97,1016,2.1,210,0
1981,10,23,22,0,0,0,21.7,21.1,97,1016,2.1,290,0
1981,10,23,23,0,0,0,21.7,20.6,93,1015,3.1,250,0
1981,10,24,0,0,0,0,22.2,21.1,93,1015,1.5,240,0
1981,10,24,1,0,0,0,22.8,20.6,87,1015,1.5,260,0
1981,10,24,2,0,0,0,21.7,20,90,1014,1.5,230,0
1981,10,24,3,0,0,0,20.6,19.4,93,1014,1.5,180,0
1981,10,24,4,0,0,0,20,18.3,90,1014,2.6,190,0
1981,10,24,5,0,0,0,20,17.2,84,1014,4.1,210,0
1981,10,24,6,35,43,29,20.6,17.8,84,1015,3.6,230,0
1981,10,24,7,137,184,87,23.3,19.4,79,1016,1.5,210,0
1981,10,24,8,170,28,156,25.6,22.8,85,1016,3.1,90,0
1981,10,24,9,478,461,176,26.1,22.8,82,1017,7.2,110,0
1981,10,24,10,499,199,345,26.1,21.7,77,1016,4.6,100,0
1981,10,24,11,586,256,369,27.8,22.2,72,1016,3.1,150,0
1981,10,24,12,650,268,422,27.8,22.2,72,1015,6.2,90,0
1981,10,24,13,504,286,278,27.2,22.8,77,1014,4.6,80,0
1981,10,24,14,243,53,207,26.7,22.8,79,1014,3.6,50,0
1981,10,24,15,349,283,205,26.7,22.2,77,1014,3.6,100,0
1981,10,24,16,136,81,112,25.6,21.7,79,1015,3.1,80,0
1981,10,24,17,20,10,19,25,21.7,82,1015,2.1,50,0
1981,10,24,18,0,0,0,22.8,21.7,93,1016,3.6,280,0
1981,10,24,19,0,0,0,22.8,21.7,93,1017,2.6,70,0
1981,10,24,20,0,0,0,22.8,21.7,93,1017,2.1,310,0
1981,10,24,21,0,0,0,22.2,21.7,97,1017,2.6,270,0
1981,10,24,22,0,0,0,22.2,21.7,97,1017,1.5,130,0
1981,10,24,23,0,0,0,22.2,21.1,93,1017,3.6,240,0
1981,10,25,0,0,0,0,22.2,20.6,90,1016,1.5,190,0
1981,10,25,1,0,0,0,22.8,20.6,87,1015,2.1,350,0
1981,10,25,2,0,0,0,22.2,20.6,90,1015,2.1,180,0
1981,10,25,3,0,0,0,21.7,20.6,93,1015,2.6,220,0
1981,10,25,4,0,0,0,21.7,21.1,97,1015,2.1,80,0
1981,10,25,5,0,0,0,21.7,21.1,97,1015,3.6,250,0
1981,10,25,6,23,4,23,21.7,20.6,93,1016,3.1,250,0
1981,10,25,7,110,4,109,23.3,21.1,87,1016,2.6,210,0
1981,10,25,8,283,103,233,25.6,21.7,79,1016,1.5,170,0
1981,10,25,9,243,116,168,25,20.6,76,1016,5.2,10,0
1981,10,25,10,215,17,202,22.8,21.1,90,1016,4.6,270,0
1981,10,25,11,397,7,391,23.9,21.7,87,1015,4.6,280,0
1981,10,25,12,470,134,356,25.6,20.6,74,1014,2.6,360,0
1981,10,25,13,490,173,354,25,21.7,82,1013,3.6,330,0
1981,10,25,14,454,273,270,25.6,21.1,77,1013,3.1,340,0
1981,10,25,15,220,16,212,24.4,21.1,82,1013,3.1,10,0
1981,10,25,16,109,79,85,21.7,19.4,87,1013,2.6,350,0
1981,10,25,17,13,2,12,23.3,20.6,84,1014,3.6,340,0
1981,10,25,18,0,0,0,22.2,21.1,93,1014,2.6,310,0
1981,10,25,19,0,0,0,21.1,20.6,97,1015,4.6,290,0
1981,10,25,20,0,0,0,21.1,20.6,97,1015,3.6,240,0
1981,10,25,21,0,0,0,21.7,20.6,93,1015,3.1,220,0
1981,10,25,22,0,0,0,21.7,20,90,1014,2.1,180,0
1981,10,25,23,0,0,0,21.7,20,90,1014,2.6,10,0
1981,10,26,0,0,0,0,21.1,20,93,1013,2.1,320,0
1981,10,26,1,0,0,0,20,18.9,93,1013,2.6,220,0
1981,10,26,2,0,0,0,20,17.8,87,1013,3.6,190,0
1981,10,26,3,0,0,0,18.9,17.2,90,1013,1.5,230,0
1981,10,26,4,0,0,0,19.4,17.2,87,1013,3.1,210,0
1981,10,26,5,0,0,0,20,18.3,90,1013,2.1,240,0
1981,10,26,6,37,113,23,21.7,18.9,84,1013,3.6,230,0
1981,10,26,7,117,47,105,22.8,19.4,82,1014,1.5,270,0
1981,10,26,8,292,359,121,25,20,74,1014,2.6,330,0
1981,10,26,9,541,577,167,26.1,19.4,67,1014,4.1,360,0
1981,10,26,10,656,559,224,26.7,18.9,62,1014,7.2,350,0
1981,10,26,11,748,618,229,26.7,21.1,72,1013,4.1,350,0
1981,10,26,12,674,577,188,26.7,20.6,69,1012,5.2,350,0
1981,10,26,13,657,614,174,27.2,20.6,67,1011,4.6,360,0
1981,10,26,14,602,666,156,26.7,19.4,65,1011,4.6,360,0
1981,10,26,15,450,790,53,26.1,20,69,1011,5.2,330,0
1981,10,26,16,199,353,95,25.6,19.4,69,1012,5.2,350,0
1981,10,26,17,49,76,40,24.4,17.8,66,1012,4.6,350,0
1981,10,26,18,0,0,0,22.2,19.4,84,1013,3.1,290,0
1981,10,26,19,0,0,0,22.8,20,84,1014,3.1,310,0
1981,10,26,20,0,0,0,22.2,20,87,1014,3.1,250,0
1981,10,26,21,0,0,0,22.2,20,87,1014,2.6,230,0
1981,10,26,22,0,0,0,21.1,19.4,90,1014,2.1,150,0
1981,10,26,23,0,0,0,20,18.9,93,1014,1.5,190,0
1981,10,27,0,0,0,0,20.6,18.9,90,1014,2.6,220,0
1981,10,27,1,0,0,0,20,18.3,90,1013,2.1,220,0
1981,10,27,2,0,0,0,19.4,17.8,90,1013,2.6,220,0
1981,10,27,3,0,0,0,18.9,17.8,93,1013,1.5,170,0
1981,10,27,4,0,0,0,18.9,17.8,93,1013,3.1,230,0
1981,10,27,5,0,0,0,18.9,17.2,90,1013,2.1,50,0
1981,10,27,6,43,188,20,19.4,18.3,93,1014,4.6,230,0
1981,10,27,7,187,503,54,22.8,18.9,79,1014,2.6,240,0
1981,10,27,8,322,440,114,26.1,20.6,72,1015,2.6,250,0
1981,10,27,9,485,323,276,26.7,20,67,1015,2.6,350,0
1981,10,27,10,562,380,270,26.7,20,67,1016,2.1,360,0
1981,10,27,11,669,423,316,27.2,20.6,67,1015,3.1,50,0
1981,10,27,12,372,2,370,23.9,18.9,74,1015,3.1,360,0
1981,10,27,13,271,11,263,25,19.4,71,1014,2.1,360,0
1981,10,27,14,310,95,247,25.6,19.4,69,1013,3.1,300,0
1981,10,27,15,125,1,124,23.9,21.1,85,1014,4.1,210,0
1981,10,27,16,85,11,82,22.8,19.4,82,1014,2.6,300,0
1981,10,27,17,18,4,18,21.7,20.6,93,1014,2.6,260,0
1981,10,27,18,0,0,0,21.1,18.9,87,1015,5.7,230,0
1981,10,27,19,0,0,0,21.1,17.8,81,1016,5.2,230,0
1981,10,27,20,0,0,0,21.1,18.9,87,1016,2.6,220,0
1981,10,27,21,0,0,0,21.1,18.3,84,1016,3.1,220,0
1981,10,27,22,0,0,0,20.6,19.4,93,1016,3.1,200,0
1981,10,27,23,0,0,0,21.1,20,93,1016,4.1,110,0
1981,10,28,0,0,0,0,21.7,20.6,93,1015,3.6,240,0
1981,10,28,1,0,0,0,21.7,20,90,1015,2.6,230,0
1981,10,28,2,0,0,0,21.7,20.6,93,1015,1.5,170,0
1981,10,28,3,0,0,0,22.2,21.1,93,1015,2.6,200,0
1981,10,28,4,0,0,0,22.2,20.6,90,1015,3.1,200,0
1981,10,28,5,0,0,0,22.2,20.6,90,1015,3.1,210,0
1981,10,28,6,21,0,21,22.2,20.6,90,1016,2.1,190,0
1981,10,28,7,55,4,54,22.8,20.6,87,1016,2.1,200,0
1981,10,28,8,122,4,120,22.8,21.7,93,1017,3.6,210,0
1981,10,28,9,172,3,170,22.8,21.1,90,1017,2.6,90,0
1981,10,28,10,247,3,245,21.7,21.1,97,1017,3.1,260,0
1981,10,28,11,245,0,245,23.3,22.8,97,1016,3.1,260,0
1981,10,28,12,239,0,238,23.3,22.2,94,1016,4.1,240,0
1981,10,28,13,222,1,221,24.4,23.3,94,1015,3.1,210,0
1981,10,28,14,198,0,198,24.4,22.8,90,1014,2.1,170,0
1981,10,28,15,143,0,143,23.9,22.8,94,1014,3.6,240,0
1981,10,28,16,81,1,81,23.3,22.8,97,1015,3.6,260,0
1981,10,28,17,22,0,22,23.3,22.8,97,1015,4.6,300,0
1981,10,28,18,0,0,0,23.3,22.8,97,1015,3.1,50,0
1981,10,28,19,0,0,0,23.9,23.3,97,1016,4.1,180,0
1981,10,28,20,0,0,0,23.9,23.3,97,1017,3.6,110,0
1981,10,28,21,0,0,0,23.3,23.3,100,1017,1.5,20,0
1981,10,28,22,0,0,0,21.7,20.6,93,1017,8.2,30,0
1981,10,28,23,0,0,0,21.7,20,90,1017,4.1,290,0
1981,10,29,0,0,0,0,21.7,20.6,93,1017,3.1,310,0
1981,10,29,1,0,0,0,22.8,21.7,93,1016,4.1,320,0
1981,10,29,2,0,0,0,22.8,21.7,93,1016,2.6,280,0
1981,10,29,3,0,0,0,22.2,21.7,97,1016,1.5,230,0
1981,10,29,4,0,0,0,22.8,22.2,97,1016,3.6,280,0
1981,10,29,5,0,0,0,22.8,22.2,97,1016,3.1,180,0
1981,10,29,6,19,0,19,22.8,21.7,93,1017,4.6,100,0
1981,10,29,7,122,71,103,23.3,22.8,97,1018,3.1,250,0
1981,10,29,8,136,75,100,24.4,23.9,97,1018,3.1,210,0
1981,10,29,9,329,243,174,25.6,24.4,94,1018,2.6,160,0
1981,10,29,10,221,5,217,26.1,23.9,88,1018,3.1,170,0
1981,10,29,11,235,48,195,25.6,23.9,91,1017,3.1,170,0
1981,10,29,12,477,129,369,26.1,23.9,88,1016,3.6,160,0
1981,10,29,13,417,154,298,27.2,22.8,77,1015,4.1,150,0
1981,10,29,14,509,447,215,27.2,22.8,77,1015,4.1,70,0
1981,10,29,15,388,521,130,26.1,23.3,85,1015,3.1,40,0
1981,10,29,16,134,167,86,25.6,23.3,88,1016,2.6,20,0
1981,10,29,17,46,45,41,24.4,23.3,94,1016,1.5,310,0
1981,10,29,18,0,0,0,24.4,23.3,94,1017,2.1,340,0
1981,10,29,19,0,0,0,23.3,23.3,100,1017,1.5,30,0
1981,10,29,20,0,0,0,23.9,23.3,97,1018,2.1,210,0
1981,10,29,21,0,0,0,23.9,23.3,97,1018,2.1,230,0
1981,10,29,22,0,0,0,23.3,22.8,97,1017,2.6,150,0
1981,10,29,23,0,0,0,23.3,22.8,97,1016,3.6,230,0
1981,10,30,0,0,0,0,22.8,22.2,97,1016,1.5,220,0
1981,10,30,1,0,0,0,22.2,21.7,97,1015,2.1,130,0
1981,10,30,2,0,0,0,21.7,21.1,97,1015,2.1,230,0
1981,10,30,3,0,0,0,21.1,20,93,1014,2.6,230,0
1981,10,30,4,0,0,0,20.6,19.4,93,1014,2.6,160,0
1981,10,30,5,0,0,0,20,19.4,97,1015,2.1,220,0
1981,10,30,6,44,217,16,20,18.9,93,1015,3.1,220,0
1981,10,30,7,211,693,33,23.3,20.6,84,1015,2.1,220,0
1981,10,30,8,439,837,49,26.1,21.1,74,1015,2.6,120,0
1981,10,30,9,638,905,62,27.2,22.8,77,1015,3.6,100,0
1981,10,30,10,762,942,45,27.8,23.3,77,1015,4.1,40,0
1981,10,30,11,743,694,170,28.3,23.3,74,1014,4.1,80,0
1981,10,30,12,611,308,354,27.8,23.9,79,1013,5.2,40,0
1981,10,30,13,736,832,93,27.2,22.8,77,1012,4.6,10,0
1981,10,30,14,356,156,253,26.1,23.3,85,1013,3.1,340,0
1981,10,30,15,283,199,185,26.1,23.3,85,1013,3.1,60,0
1981,10,30,16,92,47,78,25,23.9,94,1013,2.6,60,0
1981,10,30,17,33,15,31,25,23.9,94,1014,3.1,120,0
1981,10,30,18,0,0,0,25,23.3,91,1014,2.6,180,0
1981,10,30,19,0,0,0,24.4,23.9,97,1015,1.5,170,0
1981,10,30,20,0,0,0,24.4,23.9,97,1015,2.1,260,0
1981,10,30,21,0,0,0,23.9,23.9,100,1015,0,0,0
1981,10,30,22,0,0,0,23.9,23.3,97,1015,0,0,0
1981,10,30,23,0,0,0,23.9,23.3,97,1015,1.5,150,0
1981,10,31,0,0,0,0,23.3,22.8,97,1015,3.6,100,0
1981,10,31,1,0,0,0,23.3,23.3,100,1014,2.6,130,0
1981,10,31,2,0,0,0,21.7,21.1,97,1014,3.1,190,0
1981,10,31,3,0,0,0,21.1,19.4,90,1014,3.1,140,0
1981,10,31,4,0,0,0,20.6,17.8,84,1014,3.6,220,0
1981,10,31,5,0,0,0,20,18.3,90,1014,2.1,160,0
1981,10,31,6,36,32,32,20.6,17.8,84,1014,3.6,230,0
1981,10,31,7,108,7,106,22.2,19.4,84,1014,3.6,230,0
1981,10,31,8,192,86,152,24.4,21.7,85,1014,2.1,240,0
1981,10,31,9,360,45,332,25,22.8,88,1014,2.6,300,0
1981,10,31,10,442,230,268,25,23.3,91,1014,2.1,100,0
1981,10,31,11,556,294,314,25.6,22.8,85,1014,3.6,30,0
1981,10,31,12,776,693,202,25.6,23.3,88,1013,3.1,100,0
1981,10,31,13,646,626,164,26.1,23.3,85,1012,6.2,80,0
1981,10,31,14,421,245,261,26.7,22.8,79,1012,2.1,80,0
1981,10,31,15,313,180,225,26.1,22.8,82,1012,3.1,60,0
1981,10,31,16,129,58,113,25.6,22.8,85,1012,2.6,60,0
1981,10,31,17,33,3,33,25,22.8,88,1013,1.5,60,0
1981,10,31,18,0,0,0,23.7,22.5,93,1014,3.8,207,0
1981,10,31,19,0,0,0,23,22.2,95,1015,0.6,54,0
1981,10,31,20,0,0,0,22.5,21.6,94,1015,2.3,207,0
1981,10,31,21,0,0,0,22.5,21.4,93,1015,2.2,224,0
1981,10,31,22,0,0,0,22.4,21.2,93,1016,1.8,153,0
1981,10,31,23,0,0,0,22.4,21,92,1016,2,189,0
1975,11,1,0,0,0,0,22,20.6,91,1017,1.9,191,0
1975,11,1,1,0,0,0,21.9,20.4,91,1017,1.8,199,0
1975,11,1,2,0,0,0,21.6,20.1,91,1017,1.8,207,0
1975,11,1,3,0,0,0,21.4,19.8,90,1017,1.7,219,0
1975,11,1,4,0,0,0,21.1,19.4,90,1017,1.6,233,0
1975,11,1,5,0,0,0,21.3,19.4,89,1017,1.9,233,0
1975,11,1,6,26,24,23,21.7,19.6,88,1018,2.2,230,0
1975,11,1,7,93,1,92,22.2,20,87,1018,2.6,220,0
1975,11,1,8,293,283,162,23.9,20.3,80,1018,3.3,190,0
1975,11,1,9,464,487,157,25.5,20.5,74,1018,3.9,150,0
1975,11,1,10,762,825,139,27.2,20.6,67,1018,4.6,120,0
1975,11,1,11,800,792,150,27.4,20,64,1017,5,120,0
1975,11,1,12,697,642,168,27.6,19.4,61,1017,5.3,120,0
1975,11,1,13,528,459,176,27.8,18.9,58,1016,5.7,120,0
1975,11,1,14,536,491,216,26.9,18.8,61,1016,4.8,120,0
1975,11,1,15,379,421,174,25.9,18.6,64,1016,4,120,0
1975,11,1,16,148,135,110,25,18.3,67,1016,3.1,120,0
1975,11,1,17,36,35,31,24.8,18.5,68,1017,2.9,140,0
1975,11,1,18,0,0,0,24.6,18.8,70,1018,2.8,170,0
1975,11,1,19,0,0,0,24.4,18.9,71,1019,2.6,190,0
1975,11,1,20,0,0,0,23.5,18.8,75,1019,2.8,210,0
1975,11,1,21,0,0,0,22.6,19,80,1019,2.9,220,0
1975,11,1,22,0,0,0,21.7,18.9,84,1019,3.1,240,0
1975,11,1,23,0,0,0,21.9,18.3,80,1018,2.8,220,0
1975,11,2,0,0,0,0,22,17.8,77,1018,2.4,190,0
1975,11,2,1,0,0,0,22.2,17.2,73,1018,2.1,170,0
1975,11,2,2,0,0,0,22,16.5,71,1017,1.9,180,0
1975,11,2,3,0,0,0,21.9,15.8,68,1017,1.7,190,0
1975,11,2,4,0,0,0,21.7,15,66,1017,1.5,200,0
1975,11,2,5,0,0,0,21.9,15.3,66,1017,1.5,200,0
1975,11,2,6,28,19,25,22,15.4,66,1018,1.5,210,0
1975,11,2,7,138,152,99,22.2,15.6,66,1018,1.5,210,0
1975,11,2,8,314,389,136,23.9,16.9,65,1018,2.4,160,0
1975,11,2,9,487,490,179,25.5,18.2,64,1018,3.2,110,0
1975,11,2,10,676,669,173,27.2,19.4,63,1018,4.1,60,0
1975,11,2,11,705,633,188,27.2,19.6,63,1017,4.1,60,0
1975,11,2,12,617,405,285,27.2,19.6,63,1016,4.1,50,0
1975,11,2,13,679,676,163,27.2,19.4,63,1015,4.1,50,0
1975,11,2,14,568,575,195,26.1,19.3,66,1015,3.6,60,0
1975,11,2,15,304,315,152,25,18.7,68,1015,3.1,60,0
1975,11,2,16,133,98,105,23.9,18.3,71,1015,2.6,70,0
1975,11,2,17,28,23,25,23.7,18.4,72,1016,2.2,60,0
1975,11,2,18,0,0,0,23.5,18.4,73,1017,1.9,40,0
1975,11,2,19,0,0,0,23.3,18.3,74,1017,1.5,30,0
1975,11,2,20,0,0,0,23.1,18,73,1018,1.9,20,0
1975,11,2,21,0,0,0,23,17.7,72,1018,2.2,0,0
1975,11,2,22,0,0,0,22.8,17.2,71,1018,2.6,350,0
1975,11,2,23,0,0,0,22.4,17.6,74,1018,1.7,330,0
1975,11,3,0,0,0,0,22.1,17.7,76,1017,0.9,300,0
1975,11,3,1,0,0,0,21.7,17.8,79,1017,0,0,0
1975,11,3,2,0,0,0,20.9,17.1,79,1016,0.7,260,0
1975,11,3,3,0,0,0,20.2,16.3,78,1016,1.4,230,0
1975,11,3,4,0,0,0,19.4,15.6,78,1016,2.1,210,0
1975,11,3,5,0,0,0,20.7,15.9,74,1016,1.9,230,0
1975,11,3,6,38,85,27,22,16.3,70,1017,1.7,250,0
1975,11,3,7,178,426,72,23.3,16.7,66,1017,1.5,270,0
1975,11,3,8,401,656,102,24.4,16.9,63,1017,2.2,300,0
1975,11,3,9,585,814,75,25.6,17,59,1017,2.9,330,0
1975,11,3,10,648,774,69,26.7,17.2,56,1017,3.6,0,0
1975,11,3,11,849,944,81,26.7,17.5,57,1016,3.8,0,0
1975,11,3,12,790,883,68,26.7,18,59,1015,3.9,10,0
1975,11,3,13,738,882,67,26.7,18.3,60,1014,4.1,10,0
1975,11,3,14,560,625,157,25.9,18.6,64,1014,4.5,10,0
1975,11,3,15,312,304,165,25.2,18.7,67,1015,4.8,10,0
1975,11,3,16,139,51,124,24.4,18.9,71,1015,5.2,10,0
1975,11,3,17,36,53,29,24.4,18.8,71,1015,4.5,10,0
1975,11,3,18,0,0,0,24.4,18.8,71,1016,3.8,20,0
1975,11,3,19,0,0,0,24.4,18.9,71,1016,3.1,20,0
1975,11,3,20,0,0,0,23.9,18.8,73,1016,3.1,0,0
1975,11,3,21,0,0,0,23.3,18.4,74,1017,3.1,350,0
1975,11,3,22,0,0,0,22.8,18.3,76,1017,3.1,330,0
1975,11,3,23,0,0,0,22.6,18.4,77,1017,3.1,320,0
1975,11,4,0,0,0,0,22.4,18.4,78,1016,3.1,310,0
1975,11,4,1,0,0,0,22.2,18.3,79,1016,3.1,300,0
1975,11,4,2,0,0,0,21.1,17.5,80,1016,3.3,280,0
1975,11,4,3,0,0,0,20,16.5,80,1015,3.4,260,0
1975,11,4,4,0,0,0,18.9,15.6,81,1015,3.6,240,0
1975,11,4,5,0,0,0,20.6,16,75,1016,3.1,240,0
1975,11,4,6,35,108,21,22.2,16.5,70,1016,2.6,250,0
1975,11,4,7,164,431,58,23.9,16.7,64,1016,2.1,250,0
1975,11,4,8,400,662,100,24.8,17.6,64,1016,2.6,290,0
1975,11,4,9,546,698,111,25.8,18.7,65,1016,3.1,320,0
1975,11,4,10,678,734,132,26.7,19.4,65,1016,3.6,0,0
1975,11,4,11,731,695,168,26.9,19.5,64,1015,3.6,20,0
1975,11,4,12,774,787,133,27,19.6,64,1015,3.6,30,0
1975,11,4,13,728,854,82,27.2,19.4,63,1014,3.6,50,0
1975,11,4,14,591,791,83,26.3,19.7,67,1014,3.8,40,0
1975,11,4,15,377,551,114,25.3,19.5,70,1014,3.9,20,0
1975,11,4,16,193,341,99,24.4,19.4,74,1014,4.1,10,0
1975,11,4,17,41,76,32,24,19.1,74,1015,3.4,20,0
1975,11,4,18,0,0,0,23.7,18.8,74,1016,2.8,30,0
1975,11,4,19,0,0,0,23.3,18.3,74,1017,2.1,40,0
1975,11,4,20,0,0,0,22.4,18,76,1017,2.1,350,0
1975,11,4,21,0,0,0,21.5,17.7,79,1017,2.1,300,0
1975,11,4,22,0,0,0,20.6,17.2,81,1017,2.1,250,0
1975,11,4,23,0,0,0,20.2,17.1,82,1017,3.1,300,0
1975,11,5,0,0,0,0,19.8,16.9,83,1017,4.2,340,0
1975,11,5,1,0,0,0,19.4,16.7,84,1017,5.2,30,0
1975,11,5,2,0,0,0,19.2,16.6,85,1017,4.3,340,0
1975,11,5,3,0,0,0,19.1,16.7,86,1016,3.5,280,0
1975,11,5,4,0,0,0,18.9,16.7,87,1016,2.6,230,0
1975,11,5,5,0,0,0,19.6,16.7,83,1016,2.2,220,0
1975,11,5,6,32,99,20,20.4,16.9,80,1017,1.9,200,0
1975,11,5,7,189,590,45,21.1,16.7,76,1017,1.5,190,0
1975,11,5,8,419,788,64,23.1,17.1,69,1017,2.2,140,0
1975,11,5,9,609,851,81,25.2,17.2,61,1017,2.9,90,0
1975,11,5,10,766,912,89,27.2,17.2,54,1017,3.6,40,0
1975,11,5,11,794,871,90,27.4,17.6,55,1016,4.3,50,0
1975,11,5,12,735,662,197,27.6,17.8,55,1016,5,60,0
1975,11,5,13,751,854,106,27.8,18.3,56,1015,5.7,70,0
1975,11,5,14,572,665,146,26.7,18.3,60,1015,4.3,70,0
1975,11,5,15,379,491,146,25.5,18.5,65,1016,2.9,60,0
1975,11,5,16,163,252,94,24.4,18.3,69,1016,1.5,60,0
1975,11,5,17,40,86,29,23.5,18,71,1016,1,90,0
1975,11,5,18,0,0,0,22.6,17.8,74,1017,0.5,110,0
1975,11,5,19,0,0,0,21.7,17.2,76,1017,0,0,0
1975,11,5,20,0,0,0,21.3,17.1,77,1017,0.9,170,0
1975,11,5,21,0,0,0,21,17,78,1018,1.7,190,0
1975,11,5,22,0,0,0,20.6,16.7,79,1018,2.6,220,0
1975,11,5,23,0,0,0,19.8,15.9,78,1017,2.6,220,0
1975,11,6,0,0,0,0,19.1,14.8,76,1017,2.6,220,0
1975,11,6,1,0,0,0,18.3,13.9,75,1017,2.6,220,0
1975,11,6,2,0,0,0,18.7,13.8,73,1017,3.3,230,0
1975,11,6,3,0,0,0,19,13.9,72,1016,3.9,230,0
1975,11,6,4,0,0,0,19.4,13.9,70,1016,4.6,240,0
1975,11,6,5,0,0,0,19.8,14,69,1017,3.6,220,0
1975,11,6,6,19,4,19,20.2,14.4,69,1017,2.5,200,0
1975,11,6,7,128,79,109,20.6,14.4,68,1018,1.5,180,0
1975,11,6,8,264,106,216,22.4,15.5,65,1018,1.9,240,0
1975,11,6,9,404,262,242,24.3,16.8,63,1018,2.2,290,0
1975,11,6,10,539,248,356,26.1,17.8,60,1018,2.6,350,0
1975,11,6,11,518,282,291,26.5,18.1,60,1017,2.9,10,0
1975,11,6,12,524,226,341,26.8,18.4,60,1016,3.3,20,0
1975,11,6,13,524,194,378,27.2,18.9,60,1016,3.6,40,0
1975,11,6,14,381,185,263,26.5,18.6,62,1016,2.4,10,0
1975,11,6,15,241,71,207,25.7,18.6,65,1016,1.2,340,0
1975,11,6,16,76,45,63,25,18.3,67,1016,0,0,0
1975,11,6,17,22,7,21,23.7,18.8,74,1017,0.7,290,0
1975,11,6,18,0,0,0,22.4,18.8,80,1017,1.4,260,0
1975,11,6,19,0,0,0,21.1,18.9,87,1018,2.1,230,0
1975,11,6,20,0,0,0,21.1,18.9,87,1018,1.4,230,0
1975,11,6,21,0,0,0,21.1,18.9,87,1018,0.7,220,0
1975,11,6,22,0,0,0,21.1,18.9,87,1018,0,0,0
1975,11,6,23,0,0,0,20.9,18.9,88,1017,0.5,210,0
1975,11,7,0,0,0,0,20.8,18.9,89,1017,1,210,0
1975,11,7,1,0,0,0,20.6,18.9,90,1017,1.5,200,0
1975,11,7,2,0,0,0,20.2,18.7,91,1017,2,220,0
1975,11,7,3,0,0,0,19.8,18.5,92,1017,2.6,250,0
1975,11,7,4,0,0,0,19.4,18.3,93,1017,3.1,270,0
1975,11,7,5,0,0,0,20.2,18.5,90,1017,3.3,260,0
1975,11,7,6,17,1,17,20.9,18.7,87,1018,3.4,250,0
1975,11,7,7,47,2,46,21.7,18.9,84,1018,3.6,240,0
1975,11,7,8,181,4,179,22.4,19.6,84,1018,2.9,280,0
1975,11,7,9,264,12,256,23.2,20.6,85,1019,2.2,320,0
1975,11,7,10,302,1,301,23.9,21.1,85,1019,1.5,0,0
1975,11,7,11,456,180,311,24.3,21,82,1018,1.5,20,0
1975,11,7,12,422,128,320,24.6,20.7,79,1017,1.5,40,0
1975,11,7,13,460,187,320,25,20.6,76,1016,1.5,60,0
1975,11,7,14,407,235,258,24.8,20.5,77,1016,1.7,60,0
1975,11,7,15,255,141,189,24.6,20.5,78,1017,1.9,70,0
1975,11,7,16,134,134,98,24.4,20.6,79,1017,2.1,70,0
1975,11,7,17,39,16,37,23.5,20.3,82,1018,2.6,120,0
1975,11,7,18,0,0,0,22.6,19.8,84,1018,3.1,180,0
1975,11,7,19,0,0,0,21.7,19.4,87,1019,3.6,230,0
1975,11,7,20,0,0,0,21.5,19.3,87,1019,3.8,230,0
1975,11,7,21,0,0,0,21.3,19.1,87,1019,3.9,220,0
1975,11,7,22,0,0,0,21.1,18.9,87,1019,4.1,220,0
1975,11,7,23,0,0,0,20.9,18.9,88,1018,3.4,220,0
1975,11,8,0,0,0,0,20.8,18.9,89,1018,2.8,230,0
1975,11,8,1,0,0,0,20.6,18.9,90,1018,2.1,230,0
1975,11,8,2,0,0,0,20.6,18.9,90,1018,2.1,210,0
1975,11,8,3,0,0,0,20.6,18.9,90,1018,2.1,180,0
1975,11,8,4,0,0,0,20.6,18.9,90,1018,2.1,160,0
1975,11,8,5,0,0,0,21,19,88,1018,2.1,170,0
1975,11,8,6,21,19,19,21.3,18.9,86,1019,2.1,190,0
1975,11,8,7,135,214,85,21.7,18.9,84,1019,2.1,200,0
1975,11,8,8,296,377,130,22.1,19.1,83,1019,1.9,200,0
1975,11,8,9,332,107,266,22.4,19.4,83,1019,1.7,200,0
1975,11,8,10,243,107,165,22.8,19.4,82,1019,1.5,200,0
1975,11,8,11,431,118,337,23.3,20.1,82,1019,2.4,220,0
1975,11,8,12,314,14,302,23.9,20.7,82,1018,3.2,250,0
1975,11,8,13,428,211,271,24.4,21.1,82,1017,4.1,270,0
1975,11,8,14,348,116,275,24.6,20.5,78,1017,3.4,310,0
1975,11,8,15,318,293,181,24.8,20.1,75,1017,2.8,350,0
1975,11,8,16,143,85,121,25,19.4,71,1017,2.1,30,0
1975,11,8,17,34,38,30,24.1,19.6,76,1018,2.1,40,0
1975,11,8,18,0,0,0,23.1,19.9,82,1018,2.1,40,0
1975,11,8,19,0,0,0,22.2,20,87,1019,2.1,50,0
1975,11,8,20,0,0,0,22,19.9,88,1019,1.4,80,0
1975,11,8,21,0,0,0,21.9,20,89,1019,0.7,110,0
1975,11,8,22,0,0,0,21.7,20,90,1019,0,0,0
1975,11,8,23,0,0,0,21.3,19.8,91,1019,0.5,160,0
1975,11,9,0,0,0,0,21,19.7,92,1018,1,190,0
1975,11,9,1,0,0,0,20.6,19.4,93,1018,1.5,220,0
1975,11,9,2,0,0,0,20.8,19.6,93,1018,1.5,220,0
1975,11,9,3,0,0,0,20.9,19.7,93,1018,1.5,220,0
1975,11,9,4,0,0,0,21.1,20,93,1018,1.5,220,0
1975,11,9,5,0,0,0,21.5,20.2,92,1018,1,200,0
1975,11,9,6,7,9,6,21.8,20.3,91,1018,0.5,170,0
1975,11,9,7,84,2,83,22.2,20.6,90,1019,0,0,0
1975,11,9,8,197,9,193,23.1,20.5,85,1018,1.7,120,0
1975,11,9,9,315,111,247,24.1,20.6,81,1018,3.5,100,0
1975,11,9,10,387,97,316,25,20.6,76,1018,5.2,70,0
1975,11,9,11,417,124,318,25.2,20.3,74,1017,5.4,70,0
1975,11,9,12,387,148,269,25.4,19.8,71,1016,5.5,60,0
1975,11,9,13,346,124,254,25.6,19.4,69,1016,5.7,60,0
1975,11,9,14,309,72,264,25,19.4,71,1016,5.2,60,0
1975,11,9,15,167,34,151,24.5,19.6,74,1016,4.6,70,0
1975,11,9,16,98,51,85,23.9,19.4,76,1016,4.1,70,0
1975,11,9,17,27,5,27,23.7,18.8,74,1016,3.2,60,0
1975,11,9,18,0,0,0,23.5,18.4,73,1017,2.4,60,0
1975,11,9,19,0,0,0,23.3,17.8,71,1017,1.5,50,0
1975,11,9,20,0,0,0,22.6,17.8,74,1018,1.5,110,0
1975,11,9,21,0,0,0,21.8,17.8,78,1018,1.5,160,0
1975,11,9,22,0,0,0,21.1,17.8,81,1018,1.5,220,0
1975,11,9,23,0,0,0,20.5,17.5,83,1018,2,240,0
1975,11,10,0,0,0,0,20,17.4,85,1017,2.6,260,0
1975,11,10,1,0,0,0,19.4,17.2,87,1017,3.1,280,0
1975,11,10,2,0,0,0,19.6,17.6,88,1016,2.9,260,0
1975,11,10,3,0,0,0,19.8,18,89,1016,2.8,250,0
1975,11,10,4,0,0,0,20,18.3,90,1016,2.6,230,0
1975,11,10,5,0,0,0,20.6,18.7,89,1016,2.4,240,0
1975,11,10,6,18,21,15,21.1,19.1,88,1017,2.3,240,0
1975,11,10,7,104,125,75,21.7,19.4,87,1017,2.1,250,0
1975,11,10,8,245,208,155,23,19.6,81,1017,2.3,190,0
1975,11,10,9,379,265,219,24.3,19.6,75,1017,2.4,140,0
1975,11,10,10,577,573,160,25.6,19.4,69,1017,2.6,80,0
1975,11,10,11,491,132,386,25.8,19.5,68,1016,2.6,40,0
1975,11,10,12,525,373,227,25.9,19.1,66,1016,2.6,0,0
1975,11,10,13,431,121,342,26.1,18.9,65,1015,2.6,320,0
1975,11,10,14,468,465,177,25.5,19.2,68,1015,2.6,350,0
1975,11,10,15,336,488,110,25,19.4,71,1015,2.6,20,0
1975,11,10,16,201,553,55,24.4,19.4,74,1016,2.6,50,0
1975,11,10,17,39,90,28,23.7,19.4,77,1016,2.2,60,0
1975,11,10,18,0,0,0,22.9,19.5,81,1016,1.9,60,0
1975,11,10,19,0,0,0,22.2,19.4,84,1017,1.5,70,0
1975,11,10,20,0,0,0,21.8,19.2,85,1017,1.9,120,0
1975,11,10,21,0,0,0,21.5,19.1,86,1017,2.2,160,0
1975,11,10,22,0,0,0,21.1,18.9,87,1017,2.6,210,0
1975,11,10,23,0,0,0,20.7,18.7,88,1016,2.2,170,0
1975,11,11,0,0,0,0,20.4,18.5,89,1016,1.9,130,0
1975,11,11,1,0,0,0,20,18.3,90,1015,1.5,90,0
1975,11,11,2,0,0,0,20,18.3,90,1015,1.7,150,0
1975,11,11,3,0,0,0,20,18.3,90,1015,1.9,200,0
1975,11,11,4,0,0,0,20,18.3,90,1015,2.1,260,0
1975,11,11,5,0,0,0,20.4,18.5,89,1015,2.1,240,0
1975,11,11,6,24,15,22,20.7,18.7,88,1016,2.1,220,0
1975,11,11,7,47,0,47,21.1,18.9,87,1016,2.1,200,0
1975,11,11,8,218,1,217,22.4,19.6,84,1016,2.6,230,0
1975,11,11,9,291,121,218,23.7,20.5,82,1016,3.1,260,0
1975,11,11,10,316,90,251,25,21.1,79,1016,3.6,290,0
1975,11,11,11,484,111,397,25,20.9,78,1015,3.4,340,0
1975,11,11,12,341,64,290,25,20.7,77,1014,3.3,20,0
1975,11,11,13,596,368,325,25,20.6,76,1014,3.1,70,0
1975,11,11,14,341,105,275,24.4,20.3,78,1014,4.1,70,0
1975,11,11,15,275,198,183,23.9,20.3,80,1014,5.2,80,0
1975,11,11,16,79,89,56,23.3,20,82,1014,6.2,80,0
1975,11,11,17,32,21,29,22.9,20.1,84,1014,4.8,140,0
1975,11,11,18,0,0,0,22.6,20,85,1015,3.5,190,0
1975,11,11,19,0,0,0,22.2,20,87,1015,2.1,250,0
1975,11,11,20,0,0,0,22,19.9,88,1015,2.4,250,0
1975,11,11,21,0,0,0,21.9,20,89,1016,2.8,240,0
1975,11,11,22,0,0,0,21.7,20,90,1016,3.1,240,0
1975,11,11,23,0,0,0,21.3,19.6,90,1015,2.1,240,0
1975,11,12,0,0,0,0,21,19.3,90,1015,1,240,0
1975,11,12,1,0,0,0,20.6,18.9,90,1015,0,0,0
1975,11,12,2,0,0,0,20.4,18.5,89,1014,0.9,230,0
1975,11,12,3,0,0,0,20.2,18.2,88,1014,1.7,230,0
1975,11,12,4,0,0,0,20,17.8,87,1014,2.6,230,0
1975,11,12,5,0,0,0,19.8,17.8,88,1014,2.9,220,0
1975,11,12,6,27,51,20,19.6,17.8,89,1015,3.3,220,0
1975,11,12,7,151,415,57,19.4,17.8,90,1015,3.6,210,0
1975,11,12,8,299,445,107,21.5,18.5,83,1015,3.6,160,0
1975,11,12,9,527,657,133,23.5,19,76,1015,3.6,120,0
1975,11,12,10,495,324,261,25.6,19.4,69,1015,3.6,70,0
1975,11,12,11,736,704,182,26,19.7,68,1014,3.6,40,0
1975,11,12,12,754,718,186,26.3,19.5,66,1013,3.6,10,0
1975,11,12,13,677,660,192,26.7,19.4,65,1012,3.6,340,0
1975,11,12,14,574,693,143,25.6,19.5,69,1012,3.1,0,0
1975,11,12,15,400,689,83,24.4,19,72,1013,2.6,30,0
1975,11,12,16,141,183,94,23.3,18.9,76,1013,2.1,50,0
1975,11,12,17,28,24,25,22.9,18.9,78,1014,2.3,100,0
1975,11,12,18,0,0,0,22.6,19,80,1014,2.4,160,0
1975,11,12,19,0,0,0,22.2,18.9,82,1015,2.6,210,0
1975,11,12,20,0,0,0,21.5,18.7,84,1015,2.2,230,0
1975,11,12,21,0,0,0,20.7,18.1,85,1016,1.9,240,0
1975,11,12,22,0,0,0,20,17.8,87,1016,1.5,260,0
1975,11,12,23,0,0,0,19.8,17.6,87,1015,1.9,250,0
1975,11,13,0,0,0,0,19.6,17.4,87,1015,2.2,240,0
1975,11,13,1,0,0,0,19.4,17.2,87,1014,2.6,230,0
1975,11,13,2,0,0,0,19.2,16.8,86,1014,2.6,220,0
1975,11,13,3,0,0,0,19.1,16.5,85,1014,2.6,220,0
1975,11,13,4,0,0,0,18.9,16.1,84,1014,2.6,210,0
1975,11,13,5,0,0,0,19.6,16.3,81,1014,2.4,220,0
1975,11,13,6,20,39,16,20.4,16.7,79,1015,2.3,230,0
1975,11,13,7,141,378,56,21.1,16.7,76,1015,2.1,240,0
1975,11,13,8,349,579,101,22.6,17.5,73,1015,1.4,210,0
1975,11,13,9,387,274,223,24.1,18.3,70,1015,0.7,180,0
1975,11,13,10,354,145,250,25.6,18.9,67,1015,0,0,0
1975,11,13,11,428,164,299,25.4,19.1,68,1014,0.9,120,0
1975,11,13,12,476,205,314,25.2,19.4,70,1014,1.7,90,0
1975,11,13,13,442,174,315,25,19.4,71,1013,2.6,60,0
1975,11,13,14,334,193,215,24.8,19.4,72,1013,2.2,60,0
1975,11,13,15,136,54,112,24.6,19.5,73,1013,1.9,60,0
1975,11,13,16,113,90,90,24.4,19.4,74,1014,1.5,60,0
1975,11,13,17,9,5,9,23.9,19.6,77,1014,1,80,0
1975,11,13,18,0,0,0,23.3,19.5,79,1015,0.5,90,0
1975,11,13,19,0,0,0,22.8,19.4,82,1016,0,0,0
1975,11,13,20,0,0,0,22.2,19.4,84,1016,0,0,0
1975,11,13,21,0,0,0,21.7,19.1,85,1016,0,0,0
1975,11,13,22,0,0,0,21.1,18.9,87,1017,0,0,0
1975,11,13,23,0,0,0,20.4,18.4,88,1016,0.5,180,0
1975,11,14,0,0,0,0,19.6,17.8,89,1016,1,190,0
1975,11,14,1,0,0,0,18.9,17.2,90,1015,1.5,210,0
1975,11,14,2,0,0,0,19.1,17.3,89,1015,2.2,210,0
1975,11,14,3,0,0,0,19.2,17.2,88,1015,2.9,210,0
1975,11,14,4,0,0,0,19.4,17.2,87,1015,3.6,210,0
1975,11,14,5,0,0,0,19.8,17,84,1016,3.3,210,0
1975,11,14,6,26,42,21,20.2,17.1,82,1016,2.9,220,0
1975,11,14,7,146,350,68,20.6,16.7,79,1017,2.6,220,0
1975,11,14,8,228,200,143,22.6,17.8,74,1017,3.1,270,0
1975,11,14,9,600,825,109,24.7,18.9,70,1017,3.6,330,0
1975,11,14,10,530,471,193,26.7,19.4,65,1017,4.1,20,0
1975,11,14,11,762,803,136,26.9,18.8,61,1016,3.9,30,0
1975,11,14,12,761,833,107,27,17.8,57,1015,3.8,40,0
1975,11,14,13,726,933,44,27.2,16.7,53,1014,3.6,50,0
1975,11,14,14,590,867,54,26.3,16.9,56,1015,3.1,40,0
1975,11,14,15,419,753,75,25.3,16.7,59,1015,2.6,40,0
1975,11,14,16,191,571,44,24.4,16.7,62,1015,2.1,30,0
1975,11,14,17,47,196,23,23.3,16.9,67,1016,2.3,330,0
1975,11,14,18,0,0,0,22.2,16.7,71,1016,2.4,280,0
1975,11,14,19,0,0,0,21.1,16.7,76,1017,2.6,220,0
1975,11,14,20,0,0,0,20.7,16.1,75,1017,2.4,220,0
1975,11,14,21,0,0,0,20.4,15.6,74,1017,2.3,210,0
1975,11,14,22,0,0,0,20,15,73,1018,2.1,210,0
1975,11,14,23,0,0,0,19.6,14.4,72,1017,2.6,220,0
1975,11,15,0,0,0,0,19.3,13.9,71,1017,3.1,220,0
1975,11,15,1,0,0,0,18.9,13.3,70,1017,3.6,230,0
1975,11,15,2,0,0,0,19.1,13.5,70,1017,3.6,230,0
1975,11,15,3,0,0,0,19.2,13.6,70,1016,3.6,220,0
1975,11,15,4,0,0,0,19.4,13.9,70,1016,3.6,220,0
1975,11,15,5,0,0,0,20.3,14.5,69,1017,3.8,230,0
1975,11,15,6,26,46,21,21.3,15.4,69,1017,3.9,230,0
1975,11,15,7,153,392,68,22.2,16.1,68,1018,4.1,240,0
1975,11,15,8,342,545,111,24.1,16.9,64,1018,3.6,290,0
1975,11,15,9,485,554,157,25.9,17.3,59,1018,3.1,340,0
1975,11,15,10,700,811,122,27.8,17.8,55,1018,2.6,30,0
1975,11,15,11,704,691,166,26.9,18.5,60,1017,2.8,40,0
1975,11,15,12,718,709,163,25.9,18.6,64,1016,2.9,40,0
1975,11,15,13,713,751,166,25,18.9,69,1016,3.1,50,0
1975,11,15,14,364,255,207,24.8,18.7,69,1016,2.8,50,0
1975,11,15,15,320,299,184,24.6,18.6,69,1016,2.4,40,0
1975,11,15,16,94,37,85,24.4,18.3,69,1016,2.1,40,0
1975,11,15,17,26,9,25,23.7,18.6,73,1017,2.3,350,0
1975,11,15,18,0,0,0,22.9,18.9,78,1017,2.4,310,0
1975,11,15,19,0,0,0,22.2,18.9,82,1018,2.6,260,0
1975,11,15,20,0,0,0,22,19.2,84,1018,2.2,260,0
1975,11,15,21,0,0,0,21.9,19.3,85,1018,1.9,260,0
1975,11,15,22,0,0,0,21.7,19.4,87,1019,1.5,260,0
1975,11,15,23,0,0,0,21.3,19.2,88,1018,1.9,250,0
1975,11,16,0,0,0,0,21,19.1,89,1018,2.2,230,0
1975,11,16,1,0,0,0,20.6,18.9,90,1018,2.6,220,0
1975,11,16,2,0,0,0,20.6,18.9,90,1017,2.2,220,0
1975,11,16,3,0,0,0,20.6,18.9,90,1017,1.9,230,0
1975,11,16,4,0,0,0,20.6,18.9,90,1016,1.5,230,0
1975,11,16,5,0,0,0,20.6,18.9,90,1017,2,220,0
1975,11,16,6,11,0,11,20.6,18.9,90,1017,2.6,220,0
1975,11,16,7,50,6,49,20.6,18.9,90,1018,3.1,210,0
1975,11,16,8,183,1,183,21.5,20,91,1018,2.1,200,0
1975,11,16,9,246,5,243,22.4,21.2,93,1017,1,180,0
1975,11,16,10,189,5,185,23.3,22.2,94,1017,0,0,0
1975,11,16,11,363,4,360,23.7,22.3,92,1016,1,150,0
1975,11,16,12,438,103,358,24,22.1,89,1015,2.1,140,0
1975,11,16,13,269,124,179,24.4,22.2,87,1014,3.1,120,0
1975,11,16,14,257,61,219,24,21.9,88,1014,3.3,130,0
1975,11,16,15,213,12,207,23.7,21.8,89,1015,3.4,140,0
1975,11,16,16,54,2,54,23.3,21.7,90,1015,3.6,150,0
1975,11,16,17,19,2,18,22.9,21.2,90,1015,3.1,180,0
1975,11,16,18,0,0,0,22.6,20.9,90,1016,2.6,220,0
1975,11,16,19,0,0,0,22.2,20.6,90,1016,2.1,250,0
1975,11,16,20,0,0,0,22,20.5,91,1016,2.3,240,0
1975,11,16,21,0,0,0,21.9,20.6,92,1017,2.4,240,0
1975,11,16,22,0,0,0,21.7,20.6,93,1017,2.6,230,0
1975,11,16,23,0,0,0,21.5,20.2,92,1017,2.9,230,0
1975,11,17,0,0,0,0,21.3,19.8,91,1016,3.3,230,0
1975,11,17,1,0,0,0,21.1,19.4,90,1016,3.6,230,0
1975,11,17,2,0,0,0,20.9,19.2,90,1015,3.1,230,0
1975,11,17,3,0,0,0,20.8,19.1,90,1015,2.6,220,0
1975,11,17,4,0,0,0,20.6,18.9,90,1015,2.1,220,0
1975,11,17,5,0,0,0,21,19,88,1016,2.3,220,0
1975,11,17,6,24,51,18,21.3,18.9,86,1016,2.4,230,0
1975,11,17,7,158,523,46,21.7,18.9,84,1017,2.6,230,0
1975,11,17,8,290,479,90,23.2,19.4,79,1016,2.9,270,0
1975,11,17,9,500,635,128,24.6,19.7,74,1016,3.3,300,0
1975,11,17,10,339,156,228,26.1,20,69,1016,3.6,340,0
1975,11,17,11,685,646,187,26.5,20.1,68,1015,3.6,360,0
1975,11,17,12,680,672,158,26.8,19.9,66,1014,3.6,10,0
1975,11,17,13,605,652,134,27.2,20,65,1014,3.6,30,0
1975,11,17,14,477,518,161,26.1,19.7,68,1014,2.9,40,0
1975,11,17,15,319,310,179,25,19.4,71,1014,2.2,50,0
1975,11,17,16,146,94,122,23.9,18.9,74,1014,1.5,60,0
1975,11,17,17,39,50,32,23.2,18.8,76,1015,1.5,120,0
1975,11,17,18,0,0,0,22.4,18.6,79,1015,1.5,180,0
1975,11,17,19,0,0,0,21.7,18.3,81,1016,1.5,240,0
1975,11,17,20,0,0,0,21.3,18.1,82,1016,2,230,0
1975,11,17,21,0,0,0,21,18,83,1016,2.6,230,0
1975,11,17,22,0,0,0,20.6,17.8,84,1016,3.1,220,0
1975,11,17,23,0,0,0,19.8,16.9,83,1016,3.3,220,0
1975,11,18,0,0,0,0,19.1,16,82,1015,3.4,220,0
1975,11,18,1,0,0,0,18.3,15,81,1015,3.6,220,0
1975,11,18,2,0,0,0,18.3,14.8,80,1015,3.4,220,0
1975,11,18,3,0,0,0,18.3,14.6,79,1014,3.3,220,0
1975,11,18,4,0,0,0,18.3,14.4,78,1014,3.1,220,0
1975,11,18,5,0,0,0,19.2,14.9,76,1015,3.1,220,0
1975,11,18,6,26,88,15,20.2,15.2,73,1015,3.1,220,0
1975,11,18,7,153,504,47,21.1,15.6,71,1016,3.1,220,0
1975,11,18,8,336,604,85,22.8,16.8,69,1016,2.8,260,0
1975,11,18,9,499,633,131,24.4,17.9,67,1015,2.4,310,0
1975,11,18,10,631,622,193,26.1,18.9,65,1015,2.1,350,0
1975,11,18,11,673,604,209,26.1,19,65,1015,2.6,10,0
1975,11,18,12,704,677,180,26.1,19,65,1014,3.1,20,0
1975,11,18,13,576,502,215,26.1,18.9,65,1013,3.6,40,0
1975,11,18,14,473,452,197,25.5,18.9,67,1013,2.9,50,0
1975,11,18,15,343,465,134,25,18.9,69,1014,2.2,70,0
1975,11,18,16,114,58,100,24.4,18.9,71,1014,1.5,80,0
1975,11,18,17,31,33,27,23.5,18.6,74,1015,1.5,120,0
1975,11,18,18,0,0,0,22.6,18.6,78,1015,1.5,170,0
1975,11,18,19,0,0,0,21.7,18.3,81,1016,1.5,210,0
1975,11,18,20,0,0,0,21.1,17.9,82,1016,1.7,210,0
1975,11,18,21,0,0,0,20.6,17.6,83,1016,1.9,220,0
1975,11,18,22,0,0,0,20,17.2,84,1016,2.1,220,0
1975,11,18,23,0,0,0,19.8,16.3,80,1015,2.3,210,0
1975,11,19,0,0,0,0,19.6,15.5,77,1015,2.4,210,0
1975,11,19,1,0,0,0,19.4,14.4,73,1014,2.6,200,0
1975,11,19,2,0,0,0,19.6,14.2,71,1014,2.6,210,0
1975,11,19,3,0,0,0,19.8,13.8,68,1015,2.6,210,0
1975,11,19,4,0,0,0,20,13.3,66,1015,2.6,220,0
1975,11,19,5,0,0,0,20,14.6,71,1015,1.7,220,0
1975,11,19,6,11,1,10,20,15.7,76,1016,0.9,220,0
1975,11,19,7,71,6,70,20,16.7,81,1016,0,0,0
1975,11,19,8,144,5,141,21.1,17.7,81,1016,1,230,0
1975,11,19,9,268,10,262,22.2,19,82,1016,2.1,230,0
1975,11,19,10,356,5,353,23.3,20,82,1016,3.1,230,0
1975,11,19,11,338,2,337,22.9,20.4,86,1015,2.8,260,0
1975,11,19,12,355,8,349,22.6,20.7,89,1015,2.4,300,0
1975,11,19,13,198,1,198,22.2,21.1,93,1014,2.1,330,0
1975,11,19,14,279,1,278,22.8,21.1,90,1014,1.4,310,0
1975,11,19,15,218,1,217,23.3,21.2,88,1014,0.7,300,0
1975,11,19,16,74,1,74,23.9,21.1,85,1014,0,0,0
1975,11,19,17,31,0,31,23.3,21,87,1015,1.4,260,0
1975,11,19,18,0,0,0,22.8,20.7,88,1015,2.7,250,0
1975,11,19,19,0,0,0,22.2,20.6,90,1016,4.1,230,0
1975,11,19,20,0,0,0,21.8,20.3,91,1016,2.7,230,0
1975,11,19,21,0,0,0,21.5,20.2,92,1017,1.4,230,0
1975,11,19,22,0,0,0,21.1,20,93,1017,0,0,0
1975,11,19,23,0,0,0,21.1,19.9,93,1017,0,0,0
1975,11,20,0,0,0,0,21.1,19.9,93,1016,0,0,0
1975,11,20,1,0,0,0,21.1,20,93,1016,0,0,0
1975,11,20,2,0,0,0,20.9,19.7,93,1016,0.7,230,0
1975,11,20,3,0,0,0,20.8,19.6,93,1016,1.4,230,0
1975,11,20,4,0,0,0,20.6,19.4,93,1016,2.1,230,0
1975,11,20,5,0,0,0,20.6,19.6,94,1017,2.1,240,0
1975,11,20,6,14,0,14,20.6,20,96,1017,2.1,240,0
1975,11,20,7,52,1,52,20.6,20,97,1018,2.1,250,0
1975,11,20,8,191,1,191,21.1,20.3,95,1018,2.3,250,0
1975,11,20,9,304,0,304,21.7,20.4,92,1018,2.4,250,0
1975,11,20,10,205,1,204,22.2,20.6,90,1019,2.6,250,0
1975,11,20,11,381,1,380,23.3,20.8,86,1018,2.2,270,0
1975,11,20,12,456,228,280,24.5,21.4,83,1017,1.9,280,0
1975,11,20,13,411,74,359,25.6,21.7,79,1016,1.5,300,0
1975,11,20,14,271,20,259,25,20.9,78,1016,1,290,0
1975,11,20,15,134,4,132,24.5,20.2,77,1016,0.5,270,0
1975,11,20,16,98,21,93,23.9,19.4,76,1016,0,0,0
1975,11,20,17,13,2,13,23,19.4,80,1017,0,0,0
1975,11,20,18,0,0,0,22,19,83,1017,0,0,0
1975,11,20,19,0,0,0,21.1,18.9,87,1018,0,0,0
1975,11,20,20,0,0,0,21.1,18.9,87,1018,1,210,0
1975,11,20,21,0,0,0,21.1,18.9,87,1018,2.1,190,0
1975,11,20,22,0,0,0,21.1,18.9,87,1019,3.1,180,0
1975,11,20,23,0,0,0,21.1,18.9,87,1018,2.8,200,0
1975,11,21,0,0,0,0,21.1,18.9,87,1018,2.4,210,0
1975,11,21,1,0,0,0,21.1,18.9,87,1017,2.1,230,0
1975,11,21,2,0,0,0,20.9,18.9,88,1017,2.1,230,0
1975,11,21,3,0,0,0,20.8,18.9,89,1016,2.1,220,0
1975,11,21,4,0,0,0,20.6,18.9,90,1016,2.1,220,0
1975,11,21,5,0,0,0,21.5,19.3,87,1017,2.3,280,0
1975,11,21,6,16,6,15,22.4,19.8,85,1017,2.4,330,0
1975,11,21,7,78,21,74,23.3,20,82,1018,2.6,30,0
1975,11,21,8,275,207,191,24.1,20,78,1018,3.1,20,0
1975,11,21,9,303,151,217,24.8,19.6,73,1018,3.6,20,0
1975,11,21,10,583,526,218,25.6,19.4,69,1018,4.1,10,0
1975,11,21,11,583,391,285,25.6,19.5,69,1017,3.6,20,0
1975,11,21,12,724,757,143,25.6,19.5,69,1016,3.1,40,0
1975,11,21,13,547,526,171,25.6,19.4,69,1015,2.6,50,0
1975,11,21,14,426,298,246,24.7,19.3,72,1015,2.4,30,0
1975,11,21,15,272,206,181,23.7,19.2,76,1015,2.3,20,0
1975,11,21,16,128,53,115,22.8,18.9,79,1015,2.1,0,0
1975,11,21,17,31,8,30,22.2,19,82,1016,2.1,320,0
1975,11,21,18,0,0,0,21.7,18.9,84,1016,2.1,270,0
1975,11,21,19,0,0,0,21.1,18.9,87,1017,2.1,230,0
1975,11,21,20,0,0,0,20.5,18.3,87,1017,2.3,170,0
1975,11,21,21,0,0,0,20,17.8,87,1017,2.4,120,0
1975,11,21,22,0,0,0,19.4,17.2,87,1018,2.6,60,0
1975,11,21,23,0,0,0,19,16.6,86,1017,2.6,110,0
1975,11,22,0,0,0,0,18.7,16.2,85,1017,2.6,170,0
1975,11,22,1,0,0,0,18.3,15.6,84,1016,2.6,220,0
1975,11,22,2,0,0,0,18.1,15.2,83,1016,2.6,220,0
1975,11,22,3,0,0,0,18,14.9,82,1016,2.6,210,0
1975,11,22,4,0,0,0,17.8,14.4,81,1015,2.6,210,0
1975,11,22,5,0,0,0,18.2,14.5,79,1015,2.4,210,0
1975,11,22,6,10,9,9,18.5,14.6,78,1016,2.3,210,0
1975,11,22,7,73,29,67,18.9,14.4,76,1016,2.1,210,0
1975,11,22,8,191,74,161,20.9,16.3,75,1016,3.5,180,0
1975,11,22,9,352,150,267,23,18.4,75,1016,4.8,160,0
1975,11,22,10,378,125,291,25,20,74,1016,6.2,130,0
1975,11,22,11,640,456,295,25.6,20,71,1015,5.5,140,0
1975,11,22,12,535,257,338,26.1,19.7,68,1014,4.8,140,0
1975,11,22,13,473,194,336,26.7,19.4,65,1014,4.1,150,0
1975,11,22,14,535,576,188,25.6,19.3,68,1014,3.9,140,0
1975,11,22,15,310,328,164,24.4,18.8,71,1014,3.8,120,0
1975,11,22,16,157,328,75,23.3,18.3,74,1014,3.6,110,0
1975,11,22,17,35,74,26,22.2,18.2,78,1015,2.4,130,0
1975,11,22,18,0,0,0,21.1,18.1,83,1015,1.2,150,0
1975,11,22,19,0,0,0,20,17.8,87,1016,0,0,0
1975,11,22,20,0,0,0,19.6,17.4,87,1016,1.2,190,0
1975,11,22,21,0,0,0,19.3,17.1,87,1015,2.4,210,0
1975,11,22,22,0,0,0,18.9,16.7,87,1015,3.6,230,0
1975,11,22,23,0,0,0,18.5,16.1,86,1015,3.4,230,0
1975,11,23,0,0,0,0,18.2,15.7,85,1014,3.3,220,0
1975,11,23,1,0,0,0,17.8,15,84,1014,3.1,220,0
1975,11,23,2,0,0,0,17.4,14.3,82,1013,3.1,220,0
1975,11,23,3,0,0,0,17.1,13.7,80,1013,3.1,220,0
1975,11,23,4,0,0,0,16.7,12.8,78,1012,3.1,220,0
1975,11,23,5,0,0,0,18,13.7,76,1012,2.8,210,0
1975,11,23,6,18,59,11,19.3,14.4,73,1012,2.4,200,0
1975,11,23,7,140,505,40,20.6,15,71,1013,2.1,190,0
1975,11,23,8,348,670,80,22.6,16.7,69,1012,4,160,0
1975,11,23,9,558,827,89,24.7,18.2,67,1012,5.8,140,0
1975,11,23,10,658,775,124,26.7,19.4,65,1012,7.7,110,0
1975,11,23,11,713,724,166,27.4,19.5,62,1011,8.2,120,0
1975,11,23,12,760,807,145,28.2,19.2,58,1010,8.8,130,0
1975,11,23,13,600,649,139,28.9,18.9,55,1009,9.3,140,0
1975,11,23,14,565,808,80,27.6,18.9,59,1009,8.4,130,0
1975,11,23,15,401,704,89,26.3,18.7,63,1010,7.6,130,0
1975,11,23,16,181,447,71,25,18.3,67,1010,6.7,120,0
1975,11,23,17,37,97,25,24.1,18.5,71,1010,6.5,130,0
1975,11,23,18,0,0,0,23.1,18.4,75,1011,6.4,130,0
1975,11,23,19,0,0,0,22.2,18.3,79,1012,6.2,140,0
1975,11,23,20,0,0,0,22,18,78,1011,5.3,150,0
1975,11,23,21,0,0,0,21.9,17.7,77,1011,4.5,160,0
1975,11,23,22,0,0,0,21.7,17.2,76,1011,3.6,170,0
1975,11,23,23,0,0,0,21.5,17.9,80,1011,3.8,160,0
1975,11,24,0,0,0,0,21.3,18.3,83,1010,3.9,150,0
1975,11,24,1,0,0,0,21.1,18.9,87,1010,4.1,140,0
1975,11,24,2,0,0,0,21.1,18.9,87,1010,5,130,0
1975,11,24,3,0,0,0,21.1,18.9,87,1009,5.8,130,0
1975,11,24,4,0,0,0,21.1,18.9,87,1008,6.7,120,0
1975,11,24,5,0,0,0,21.5,19.3,87,1008,7.6,130,0
1975,11,24,6,5,1,5,21.8,19.6,87,1009,8.4,130,0
1975,11,24,7,44,29,38,22.2,20,87,1009,9.3,140,0
1975,11,24,8,202,16,196,22.4,20.1,87,1009,8.6,140,0
1975,11,24,9,218,5,216,22.6,20.3,87,1009,7.9,130,0
1975,11,24,10,313,7,309,22.8,20.6,87,1009,7.2,130,0
1975,11,24,11,325,2,324,22.6,20.7,89,1009,6.7,130,0
1975,11,24,12,330,1,329,22.4,20.9,91,1008,6.2,130,0
1975,11,24,13,206,6,202,22.2,21.1,93,1008,5.7,130,0
1975,11,24,14,299,1,298,22,20.7,92,1008,3.8,130,0
1975,11,24,15,219,1,219,21.9,20.4,91,1008,1.9,140,0
1975,11,24,16,66,1,66,21.7,20,90,1009,0,0,0
1975,11,24,17,29,0,29,21.7,20,90,1009,1.2,140,0
1975,11,24,18,0,0,0,21.7,20,90,1010,2.4,150,0
1975,11,24,19,0,0,0,21.7,20,90,1011,3.6,150,0
1975,11,24,20,0,0,0,21.7,20,90,1011,4.1,150,0
1975,11,24,21,0,0,0,21.7,20,90,1011,4.7,160,0
1975,11,24,22,0,0,0,21.7,20,90,1011,5.2,160,0
1975,11,24,23,0,0,0,21.7,19.8,89,1011,4.8,160,0
1975,11,25,0,0,0,0,21.7,19.6,88,1010,4.5,150,0
1975,11,25,1,0,0,0,21.7,19.4,87,1010,4.1,150,0
1975,11,25,2,0,0,0,21.7,19.6,88,1010,4.1,140,0
1975,11,25,3,0,0,0,21.7,19.8,89,1010,4.1,140,0
1975,11,25,4,0,0,0,21.7,20,90,1010,4.1,130,0
1975,11,25,5,0,0,0,22.1,20.6,91,1011,3.4,160,0
1975,11,25,6,11,4,11,22.4,21,92,1011,2.8,180,0
1975,11,25,7,51,10,49,22.8,21.7,93,1012,2.1,210,0
1975,11,25,8,128,6,126,22.8,21.6,93,1012,2.6,190,0
1975,11,25,9,201,17,192,22.8,21.6,93,1012,3.1,180,0
1975,11,25,10,155,11,147,22.8,21.7,93,1012,3.6,160,0
1975,11,25,11,271,3,269,23.3,21.9,92,1011,3.8,150,0
1975,11,25,12,396,8,389,23.9,22.3,91,1011,3.9,150,0
1975,11,25,13,213,3,211,24.4,22.8,90,1010,4.1,140,0
1975,11,25,14,287,87,235,24.2,22.1,88,1010,5,130,0
1975,11,25,15,251,164,179,24.1,21.8,87,1010,5.8,130,0
1975,11,25,16,135,172,92,23.9,21.1,85,1010,6.7,120,0
1975,11,25,17,19,8,18,23.5,21,86,1011,5.3,140,0
1975,11,25,18,0,0,0,23.2,20.7,86,1012,4,170,0
1975,11,25,19,0,0,0,22.8,20.6,87,1013,2.6,190,0
1975,11,25,20,0,0,0,22.4,20.5,89,1013,2.6,170,0
1975,11,25,21,0,0,0,22.1,20.6,91,1012,2.6,150,0
1975,11,25,22,0,0,0,21.7,20.6,93,1012,2.6,130,0
1975,11,25,23,0,0,0,21.3,20,92,1012,2.6,150,0
1975,11,26,0,0,0,0,21,19.5,91,1012,2.6,170,0
1975,11,26,1,0,0,0,20.6,18.9,90,1012,2.6,190,0
1975,11,26,2,0,0,0,20,18.3,90,1011,2.4,190,0
1975,11,26,3,0,0,0,19.5,17.8,90,1011,2.3,200,0
1975,11,26,4,0,0,0,18.9,17.2,90,1011,2.1,200,0
1975,11,26,5,0,0,0,19.6,17.6,88,1012,1.4,190,0
1975,11,26,6,17,11,15,20.4,18,86,1012,0.7,180,0
1975,11,26,7,91,95,73,21.1,18.3,84,1013,0,0,0
1975,11,26,8,218,173,150,23,19.2,79,1013,1,160,0
1975,11,26,9,369,129,296,24.8,19.9,74,1013,2.1,150,0
1975,11,26,10,289,9,284,26.7,20.6,69,1013,3.1,140,0
1975,11,26,11,357,119,268,26.5,21.1,72,1012,4.3,140,0
1975,11,26,12,390,70,337,26.3,21.3,74,1012,5.5,140,0
1975,11,26,13,325,210,176,26.1,21.7,77,1011,6.7,140,0
1975,11,26,14,367,210,241,25.4,21.7,80,1012,6,150,0
1975,11,26,15,246,171,170,24.6,21.7,84,1012,5.3,170,0
1975,11,26,16,109,58,95,23.9,21.7,87,1013,4.6,180,0
1975,11,26,17,17,0,17,23.5,21.4,88,1013,4.3,160,0
1975,11,26,18,0,0,0,23.2,21.3,89,1014,3.9,130,0
1975,11,26,19,0,0,0,22.8,21.1,90,1014,3.6,110,0
1975,11,26,20,0,0,0,22.6,20.9,90,1015,3.6,110,0
1975,11,26,21,0,0,0,22.4,20.7,90,1015,3.6,120,0
1975,11,26,22,0,0,0,22.2,20.6,90,1015,3.6,120,0
1975,11,26,23,0,0,0,22.2,20.5,90,1015,5,130,0
1975,11,27,0,0,0,0,22.2,20.5,90,1014,6.3,130,0
1975,11,27,1,0,0,0,22.2,20.6,90,1014,7.7,140,0
1975,11,27,2,0,0,0,22,20.3,90,1014,5.8,120,0
1975,11,27,3,0,0,0,21.9,20.2,90,1014,4,100,0
1975,11,27,4,0,0,0,21.7,20,90,1015,2.1,80,0
1975,11,27,5,0,0,0,21.7,19.8,89,1015,1.4,90,0
1975,11,27,6,11,4,10,21.7,19.6,88,1016,0.7,100,0
1975,11,27,7,94,95,76,21.7,19.4,87,1017,0,0,0
1975,11,27,8,252,268,147,23.7,20.5,82,1017,1.7,120,0
1975,11,27,9,429,469,168,25.8,21.5,77,1017,3.5,130,0
1975,11,27,10,460,359,216,27.8,22.2,72,1017,5.2,140,0
1975,11,27,11,587,389,297,27.4,22.1,73,1016,5.7,130,0
1975,11,27,12,629,432,303,27.1,21.9,73,1015,6.2,120,0
1975,11,27,13,589,479,253,26.7,21.7,74,1014,6.7,110,0
1975,11,27,14,338,141,254,25.9,21.6,77,1015,5.5,110,0
1975,11,27,15,264,67,234,25.2,21.3,79,1015,4.3,120,0
1975,11,27,16,58,2,57,24.4,21.1,82,1016,3.1,120,0
1975,11,27,17,24,1,23,24.2,21.3,84,1017,2.1,130,0
1975,11,27,18,0,0,0,24.1,21.4,85,1018,1,150,0
1975,11,27,19,0,0,0,23.9,21.7,87,1018,0,0,0
1975,11,27,20,0,0,0,23.7,21.6,88,1018,0.7,170,0
1975,11,27,21,0,0,0,23.5,21.6,89,1019,1.4,190,0
1975,11,27,22,0,0,0,23.3,21.7,90,1019,2.1,200,0
1975,11,27,23,0,0,0,22.9,21.4,91,1018,1.4,210,0
1975,11,28,0,0,0,0,22.6,21.2,92,1018,0.7,220,0
1975,11,28,1,0,0,0,22.2,21.1,93,1018,0,0,0
1975,11,28,2,0,0,0,22,20.8,93,1018,0.7,240,0
1975,11,28,3,0,0,0,21.9,20.7,93,1018,1.4,250,0
1975,11,28,4,0,0,0,21.7,20.6,93,1018,2.1,260,0
1975,11,28,5,0,0,0,21.9,20.6,92,1018,2.3,250,0
1975,11,28,6,9,1,9,22,20.5,91,1019,2.4,250,0
1975,11,28,7,39,4,38,22.2,20.6,90,1019,2.6,240,0
1975,11,28,8,178,7,175,22.8,20.7,88,1019,3.3,180,0
1975,11,28,9,254,5,251,23.3,21,87,1020,3.9,130,0
1975,11,28,10,183,4,180,23.9,21.1,85,1020,4.6,70,0
1975,11,28,11,330,2,328,24.5,21,81,1019,3.9,70,0
1975,11,28,12,324,109,242,25,20.9,78,1018,3.3,70,0
1975,11,28,13,381,112,302,25.6,20.6,74,1017,2.6,70,0
1975,11,28,14,323,102,262,25.2,20.5,75,1017,2.2,60,0
1975,11,28,15,160,10,156,24.8,20.1,75,1017,1.9,50,0
1975,11,28,16,73,3,72,24.4,20,76,1017,1.5,40,0
1975,11,28,17,24,1,23,23.5,19.7,79,1018,2,340,0
1975,11,28,18,0,0,0,22.6,19.2,81,1019,2.6,290,0
1975,11,28,19,0,0,0,21.7,18.9,84,1020,3.1,230,0
1975,11,28,20,0,0,0,21.3,18.7,85,1020,2.8,220,0
1975,11,28,21,0,0,0,21,18.6,86,1020,2.4,220,0
1975,11,28,22,0,0,0,20.6,18.3,87,1020,2.1,210,0
1975,11,28,23,0,0,0,20.6,18.6,88,1019,1.4,210,0
1975,11,29,0,0,0,0,20.6,18.7,89,1019,0.7,220,0
1975,11,29,1,0,0,0,20.6,18.9,90,1019,0,0,0
1975,11,29,2,0,0,0,20.6,18.9,90,1018,0.9,220,0
1975,11,29,3,0,0,0,20.6,18.9,90,1018,1.7,230,0
1975,11,29,4,0,0,0,20.6,18.9,90,1018,2.6,230,0
1975,11,29,5,0,0,0,20.8,19.1,90,1018,2.4,230,0
1975,11,29,6,6,0,6,20.9,19.2,90,1019,2.3,220,0
1975,11,29,7,57,20,53,21.1,19.4,90,1019,2.1,220,0
1975,11,29,8,218,140,164,22,19.4,85,1019,2.8,170,0
1975,11,29,9,265,62,231,23,19.2,79,1019,3.4,130,0
1975,11,29,10,265,97,200,23.9,18.9,74,1019,4.1,80,0
1975,11,29,11,343,59,299,24.5,18.9,71,1018,3.9,80,0
1975,11,29,12,377,109,296,25,18.5,67,1017,3.8,80,0
1975,11,29,13,350,96,283,25.6,18.3,64,1016,3.6,80,0
1975,11,29,14,307,78,260,24.8,18,66,1016,3.4,80,0
1975,11,29,15,177,68,148,24.1,17.6,67,1016,3.3,80,0
1975,11,29,16,99,29,92,23.3,17.2,69,1016,3.1,80,0
1975,11,29,17,24,13,22,22.8,17.5,72,1017,2.6,130,0
1975,11,29,18,0,0,0,22.2,17.8,76,1017,2,170,0
1975,11,29,19,0,0,0,21.7,17.8,79,1018,1.5,220,0
1975,11,29,20,0,0,0,21.3,17.7,80,1018,1.7,220,0
1975,11,29,21,0,0,0,21,17.4,80,1018,1.9,220,0
1975,11,29,22,0,0,0,20.6,17.2,81,1018,2.1,220,0
1975,11,29,23,0,0,0,20.2,16.9,81,1017,2.6,230,0
1975,11,30,0,0,0,0,19.8,16.5,81,1017,3.1,230,0
1975,11,30,1,0,0,0,19.4,16.1,81,1016,3.6,240,0
1975,11,30,2,0,0,0,19.4,15.5,78,1016,3.3,210,0
1975,11,30,3,0,0,0,19.4,15.1,76,1016,2.9,190,0
1975,11,30,4,0,0,0,19.4,14.4,73,1016,2.6,160,0
1975,11,30,5,0,0,0,19.8,15.5,76,1016,1.7,190,0
1975,11,30,6,9,0,9,20.2,16.3,78,1017,0.9,210,0
1975,11,30,7,79,30,74,20.6,17.2,81,1017,0,0,0
1975,11,30,8,204,55,183,21.3,17.7,80,1017,1.5,270,0
1975,11,30,9,357,146,277,22.1,18.5,80,1017,3.1,290,0
1975,11,30,10,442,258,269,22.8,18.9,79,1017,4.6,320,0
1975,11,30,11,365,136,265,23.5,19,76,1017,4.6,350,0
1975,11,30,12,579,389,288,24.3,19.4,74,1016,4.6,20,0
1975,11,30,13,508,239,341,25,19.4,71,1015,4.6,50,0
1975,11,30,14,390,155,298,24.3,19.6,75,1015,3.1,80,0
1975,11,30,15,275,240,170,23.5,19.5,78,1015,1.5,100,0
1975,11,30,16,88,72,71,22.8,19.4,82,1015,0,0,0
1975,11,30,17,30,19,28,22.2,19.6,85,1016,1,150,0
1975,11,30,18,0,0,0,21.6,19.5,87,1016,2.2,186,0
1975,11,30,19,0,0,0,21,19.3,90,1017,3,207,0
1975,11,30,20,0,0,0,21,19.3,90,1017,2.7,216,0
1975,11,30,21,0,0,0,21,19.3,90,1016,2.5,219,0
1975,11,30,22,0,0,0,20.9,19.2,90,1016,2.5,224,0
1975,11,30,23,0,0,0,20.9,19.2,90,1016,2.6,224,0
1975,12,1,0,0,0,0,20.8,19.1,90,1016,2.6,226,0
1975,12,1,1,0,0,0,20.8,19.1,89,1016,2.7,226,0
1975,12,1,2,0,0,0,20.7,19,89,1016,2.4,223,0
1975,12,1,3,0,0,0,20.5,18.8,89,1015,1.7,211,0
1975,12,1,4,0,0,0,20.2,18.5,89,1015,0.7,64,0
1975,12,1,5,0,0,0,20.5,18.8,89,1015,0.8,178,0
1975,12,1,6,16,27,13,20.7,19,90,1015,1,160,0
1975,12,1,7,88,144,62,21.1,19.4,90,1016,1.5,140,0
1975,12,1,8,297,493,110,23,20,83,1016,2.5,130,0
1975,12,1,9,482,685,108,24.8,20.3,76,1016,3.6,110,0
1975,12,1,10,639,890,43,26.7,20.6,69,1016,4.6,100,0
1975,12,1,11,735,915,60,26.9,20.5,68,1015,4.3,100,0
1975,12,1,12,751,942,48,27,20.6,68,1015,3.9,100,0
1975,12,1,13,678,852,84,27.2,20.6,67,1014,3.6,100,0
1975,12,1,14,590,841,93,26.1,20.2,70,1014,3.3,100,0
1975,12,1,15,346,578,93,25,19.8,73,1014,2.9,90,0
1975,12,1,16,160,358,73,23.9,19.4,76,1015,2.6,90,0
1975,12,1,17,37,48,32,23.3,19.5,79,1015,2.4,130,0
1975,12,1,18,0,0,0,22.8,19.4,81,1016,2.3,160,0
1975,12,1,19,0,0,0,22.2,19.4,84,1016,2.1,200,0
1975,12,1,20,0,0,0,21.7,19.3,86,1016,1.4,210,0
1975,12,1,21,0,0,0,21.1,19.1,88,1017,0.7,210,0
1975,12,1,22,0,0,0,20.6,18.9,90,1017,0,0,0
1975,12,1,23,0,0,0,20.2,18.3,89,1016,1.2,220,0
1975,12,2,0,0,0,0,19.8,17.8,88,1016,2.4,230,0
1975,12,2,1,0,0,0,19.4,17.2,87,1016,3.6,230,0
1975,12,2,2,0,0,0,19.2,16.8,86,1016,2.9,230,0
1975,12,2,3,0,0,0,19.1,16.5,85,1015,2.2,230,0
1975,12,2,4,0,0,0,18.9,16.1,84,1015,1.5,230,0
1975,12,2,5,0,0,0,19.5,16.4,82,1016,1.5,210,0
1975,12,2,6,10,21,8,20,16.7,81,1016,1.5,200,0
1975,12,2,7,114,380,47,20.6,16.7,79,1017,1.5,180,0
1975,12,2,8,283,511,90,22.8,17.9,74,1017,2.5,170,0
1975,12,2,9,361,211,246,25,18.7,68,1017,3.6,150,0
1975,12,2,10,632,651,199,27.2,19.4,63,1017,4.6,140,0
1975,12,2,11,505,353,245,26.7,19.8,66,1016,4.8,130,0
1975,12,2,12,386,83,325,26.1,19.7,68,1015,5,130,0
1975,12,2,13,171,1,171,25.6,20,71,1014,5.2,120,0
1975,12,2,14,212,7,208,25.2,20,73,1015,4.8,120,0
1975,12,2,15,136,5,134,24.8,19.9,74,1015,4.5,110,0
1975,12,2,16,81,2,81,24.4,20,76,1015,4.1,110,0
1975,12,2,17,15,0,15,23.9,20.3,80,1016,4.8,140,0
1975,12,2,18,0,0,0,23.3,20.3,83,1016,5.5,180,0
1975,12,2,19,0,0,0,22.8,20.6,87,1017,6.2,210,0
1975,12,2,20,0,0,0,22.6,20.5,88,1017,4.8,200,0
1975,12,2,21,0,0,0,22.4,20.5,89,1017,3.5,200,0
1975,12,2,22,0,0,0,22.2,20.6,90,1017,2.1,190,0
1975,12,2,23,0,0,0,22.2,20.5,90,1017,1.4,200,0
1975,12,3,0,0,0,0,22.2,20.5,90,1016,0.7,200,0
1975,12,3,1,0,0,0,22.2,20.6,90,1015,0,0,0
1975,12,3,2,0,0,0,21.8,20.3,91,1015,1.2,210,0
1975,12,3,3,0,0,0,21.5,20.2,92,1016,2.4,220,0
1975,12,3,4,0,0,0,21.1,20,93,1016,3.6,220,0
1975,12,3,5,0,0,0,20.9,19.6,92,1016,3.1,220,0
1975,12,3,6,12,1,12,20.8,19.3,91,1016,2.6,220,0
1975,12,3,7,46,1,46,20.6,18.9,90,1017,2.1,220,0
1975,12,3,8,157,0,157,21,19.1,89,1017,1.4,230,0
1975,12,3,9,248,2,247,21.3,19.2,88,1017,0.7,240,0
1975,12,3,10,199,2,198,21.7,19.4,87,1018,0,0,0
1975,12,3,11,399,1,398,22.6,20,85,1017,0.5,260,0
1975,12,3,12,309,61,264,23.5,20.7,84,1016,1,270,0
1975,12,3,13,232,1,231,24.4,21.1,82,1015,1.5,280,0
1975,12,3,14,311,81,263,23.9,21,84,1015,1.7,280,0
1975,12,3,15,217,117,166,23.3,20.6,85,1015,1.9,280,0
1975,12,3,16,155,110,128,22.8,20.6,87,1016,2.1,280,0
1975,12,3,17,35,28,32,22.2,19.9,87,1016,1.9,260,0
1975,12,3,18,0,0,0,21.7,19.5,87,1017,1.7,240,0
1975,12,3,19,0,0,0,21.1,18.9,87,1017,1.5,220,0
1975,12,3,20,0,0,0,21.1,18.9,87,1017,1.7,220,0
1975,12,3,21,0,0,0,21.1,18.9,87,1017,1.9,220,0
1975,12,3,22,0,0,0,21.1,18.9,87,1017,2.1,220,0
1975,12,3,23,0,0,0,20.7,18.7,88,1017,2.3,220,0
1975,12,4,0,0,0,0,20.4,18.5,89,1017,2.4,210,0
1975,12,4,1,0,0,0,20,18.3,90,1016,2.6,210,0
1975,12,4,2,0,0,0,19.8,18.1,90,1016,2.6,210,0
1975,12,4,3,0,0,0,19.6,17.9,90,1016,2.6,220,0
1975,12,4,4,0,0,0,19.4,17.8,90,1015,2.6,220,0
1975,12,4,5,0,0,0,19.6,17.8,89,1016,2.9,230,0
1975,12,4,6,13,10,11,19.8,17.8,88,1017,3.3,230,0
1975,12,4,7,41,42,34,20,17.8,87,1017,3.6,240,0
1975,12,4,8,138,5,136,21.7,18.7,83,1017,2.4,250,0
1975,12,4,9,259,45,235,23.3,19.3,78,1017,1.2,250,0
1975,12,4,10,305,131,218,25,20,74,1017,0,0,0
1975,12,4,11,374,101,299,25,20.1,74,1016,0.7,270,0
1975,12,4,12,378,60,334,25,20.1,74,1015,1.4,270,0
1975,12,4,13,405,129,316,25,20,74,1015,2.1,280,0
1975,12,4,14,395,328,202,24.4,20.1,77,1015,1.4,270,0
1975,12,4,15,249,330,105,23.9,20.1,79,1015,0.7,260,0
1975,12,4,16,195,458,83,23.3,20,82,1015,0,0,0
1975,12,4,17,35,61,28,22.8,20,84,1015,0.7,230,0
1975,12,4,18,0,0,0,22.2,19.6,85,1016,1.4,220,0
1975,12,4,19,0,0,0,21.7,19.4,87,1016,2.1,210,0
1975,12,4,20,0,0,0,20.9,18.5,86,1016,2.3,210,0
1975,12,4,21,0,0,0,20.2,17.6,85,1016,2.4,220,0
1975,12,4,22,0,0,0,19.4,16.7,84,1017,2.6,220,0
1975,12,4,23,0,0,0,19.4,16.7,84,1016,2.6,220,0
1975,12,5,0,0,0,0,19.4,16.7,84,1016,2.6,210,0
1975,12,5,1,0,0,0,19.4,16.7,84,1015,2.6,210,0
1975,12,5,2,0,0,0,19,16.4,85,1015,2.9,220,0
1975,12,5,3,0,0,0,18.7,16.3,86,1015,3.3,220,0
1975,12,5,4,0,0,0,18.3,16.1,87,1015,3.6,230,0
1975,12,5,5,0,0,0,18.9,16.7,87,1015,3.1,220,0
1975,12,5,6,10,13,8,19.4,17.2,87,1016,2.6,220,0
1975,12,5,7,73,113,54,20,17.8,87,1016,2.1,210,0
1975,12,5,8,254,340,128,22,18.6,81,1016,2.3,260,0
1975,12,5,9,469,554,172,24.1,19.4,75,1015,2.4,310,0
1975,12,5,10,640,757,141,26.1,20,69,1015,2.6,360,0
1975,12,5,11,649,615,200,25.7,19.4,68,1015,2.9,360,0
1975,12,5,12,617,498,248,25.4,19.1,68,1014,3.3,360,0
1975,12,5,13,556,543,180,25,18.3,67,1013,3.6,0,0
1975,12,5,14,494,602,139,24.4,18.1,68,1013,3.4,10,0
1975,12,5,15,322,426,136,23.9,18.1,70,1013,3.3,20,0
1975,12,5,16,134,169,93,23.3,17.8,71,1013,3.1,30,0
1975,12,5,17,35,12,34,23.1,17.6,71,1014,2.8,30,0
1975,12,5,18,0,0,0,23,17.5,71,1014,2.4,30,0
1975,12,5,19,0,0,0,22.8,17.2,71,1015,2.1,30,0
1975,12,5,20,0,0,0,21.7,17.3,76,1015,1.9,350,0
1975,12,5,21,0,0,0,20.5,17.3,82,1015,1.7,300,0
1975,12,5,22,0,0,0,19.4,17.2,87,1016,1.5,260,0
1975,12,5,23,0,0,0,19.4,16.7,84,1015,1.7,240,0
1975,12,6,0,0,0,0,19.4,16.1,81,1015,1.9,230,0
1975,12,6,1,0,0,0,19.4,15.6,78,1014,2.1,210,0
1975,12,6,2,0,0,0,19,15.1,78,1014,2.1,210,0
1975,12,6,3,0,0,0,18.7,14.8,78,1014,2.1,210,0
1975,12,6,4,0,0,0,18.3,14.4,78,1014,2.1,210,0
1975,12,6,5,0,0,0,18.5,14.6,78,1015,1.9,210,0
1975,12,6,6,10,34,6,18.7,14.8,78,1015,1.7,210,0
1975,12,6,7,88,293,40,18.9,15,78,1016,1.5,210,0
1975,12,6,8,224,300,114,20.7,16.5,77,1016,2,260,0
1975,12,6,9,431,507,160,22.6,18,75,1016,2.6,320,0
1975,12,6,10,407,202,275,24.4,19.4,74,1016,3.1,10,0
1975,12,6,11,490,167,369,24.4,19.9,76,1015,2.8,30,0
1975,12,6,12,410,185,273,24.4,20.1,77,1014,2.4,40,0
1975,12,6,13,350,175,230,24.4,20.6,79,1013,2.1,60,0
1975,12,6,14,265,44,239,23.7,20.3,81,1013,1.4,80,0
1975,12,6,15,224,71,193,22.9,19.7,82,1013,0.7,90,0
1975,12,6,16,95,33,87,22.2,19.4,84,1013,0,0,0
1975,12,6,17,23,7,22,22,19.6,86,1014,0.5,130,0
1975,12,6,18,0,0,0,21.9,19.8,88,1014,1,140,0
1975,12,6,19,0,0,0,21.7,20,90,1015,1.5,160,0
1975,12,6,20,0,0,0,21.5,19.8,90,1015,1.5,180,0
1975,12,6,21,0,0,0,21.3,19.6,90,1015,1.5,210,0
1975,12,6,22,0,0,0,21.1,19.4,90,1015,1.5,230,0
1975,12,6,23,0,0,0,20.7,19,90,1015,1,230,0
1975,12,7,0,0,0,0,20.4,18.7,90,1015,0.5,230,0
1975,12,7,1,0,0,0,20,18.3,90,1014,0,0,0
1975,12,7,2,0,0,0,19.3,17.6,90,1014,0.9,220,0
1975,12,7,3,0,0,0,18.5,16.9,90,1014,1.7,220,0
1975,12,7,4,0,0,0,17.8,16.1,90,1014,2.6,220,0
1975,12,7,5,0,0,0,18.2,15.8,86,1014,2.4,220,0
1975,12,7,6,8,7,7,18.5,15.4,82,1014,2.3,220,0
1975,12,7,7,96,261,53,18.9,15,78,1015,2.1,220,0
1975,12,7,8,199,156,142,21.5,16.3,72,1014,2.9,200,0
1975,12,7,9,308,199,202,24.1,17.4,66,1014,3.8,190,0
1975,12,7,10,521,536,168,26.7,18.3,60,1014,4.6,170,0
1975,12,7,11,615,589,187,26.7,18.3,60,1013,4.4,140,0
1975,12,7,12,761,885,107,26.7,18.3,60,1012,4.3,120,0
1975,12,7,13,657,784,116,26.7,18.3,60,1012,4.1,90,0
1975,12,7,14,522,685,119,25.6,18.6,65,1011,3.9,100,0
1975,12,7,15,390,723,75,24.4,18.4,69,1011,3.8,100,0
1975,12,7,16,185,540,53,23.3,18.3,74,1011,3.6,110,0
1975,12,7,17,34,67,26,23.1,18.7,76,1012,2.9,130,0
1975,12,7,18,0,0,0,23,18.8,77,1012,2.2,160,0
1975,12,7,19,0,0,0,22.8,18.9,79,1013,1.5,180,0
1975,12,7,20,0,0,0,22.4,19,81,1013,1.9,180,0
1975,12,7,21,0,0,0,22.1,18.9,82,1013,2.2,190,0
1975,12,7,22,0,0,0,21.7,18.9,84,1014,2.6,190,0
1975,12,7,23,0,0,0,20.8,18.2,85,1013,2.2,190,0
1975,12,8,0,0,0,0,19.8,17.4,86,1013,1.9,180,0
1975,12,8,1,0,0,0,18.9,16.7,87,1012,1.5,180,0
1975,12,8,2,0,0,0,18.7,16.2,85,1012,1.5,190,0
1975,12,8,3,0,0,0,18.5,15.6,83,1011,1.5,190,0
1975,12,8,4,0,0,0,18.3,15,81,1011,1.5,200,0
1975,12,8,5,0,0,0,18.7,15.2,80,1011,1.7,190,0
1975,12,8,6,12,43,6,19,15.3,79,1011,1.9,180,0
1975,12,8,7,116,534,30,19.4,15.6,78,1011,2.1,170,0
1975,12,8,8,317,696,65,22,16.7,72,1011,3.1,140,0
1975,12,8,9,388,495,125,24.6,17.9,66,1010,4.2,120,0
1975,12,8,10,587,635,172,27.2,18.9,60,1010,5.2,90,0
1975,12,8,11,726,725,201,27,19.1,62,1009,5.2,80,0
1975,12,8,12,603,570,184,26.9,19.8,65,1008,5.2,80,0
1975,12,8,13,497,311,282,26.7,20,67,1007,5.2,70,0
1975,12,8,14,358,249,211,26.1,19.7,68,1007,4.3,90,0
1975,12,8,15,343,468,139,25.6,19.7,70,1007,3.5,100,0
1975,12,8,16,149,289,78,25,19.4,71,1007,2.6,120,0
1975,12,8,17,34,56,27,24.1,19.4,75,1008,2.2,150,0
1975,12,8,18,0,0,0,23.1,19.1,78,1008,1.9,190,0
1975,12,8,19,0,0,0,22.2,18.9,82,1009,1.5,220,0
1975,12,8,20,0,0,0,22,19,83,1009,1.5,210,0
1975,12,8,21,0,0,0,21.9,18.9,83,1009,1.5,200,0
1975,12,8,22,0,0,0,21.7,18.9,84,1009,1.5,190,0
1975,12,8,23,0,0,0,20.8,18.2,85,1009,1.5,200,0
1975,12,9,0,0,0,0,19.8,17.4,86,1008,1.5,210,0
1975,12,9,1,0,0,0,18.9,16.7,87,1008,1.5,220,0
1975,12,9,2,0,0,0,18.9,16.7,87,1008,1.5,220,0
1975,12,9,3,0,0,0,18.9,16.7,87,1008,1.5,220,0
1975,12,9,4,0,0,0,18.9,16.7,87,1007,1.5,220,0
1975,12,9,5,0,0,0,19.3,16.6,84,1008,1.9,220,0
1975,12,9,6,12,50,6,19.6,16.3,81,1009,2.2,210,0
1975,12,9,7,95,317,45,20,16.1,78,1009,2.6,210,0
1975,12,9,8,288,461,122,21.1,17.1,78,1009,2.8,270,0
1975,12,9,9,394,478,141,22.2,18.4,79,1009,2.9,320,0
1975,12,9,10,528,552,168,23.3,19.4,79,1009,3.1,20,0
1975,12,9,11,512,332,272,23.3,19.3,78,1008,3.1,10,0
1975,12,9,12,496,166,375,23.3,19.1,77,1007,3.1,0,0
1975,12,9,13,267,6,263,23.3,18.9,76,1006,3.1,350,0
1975,12,9,14,198,1,197,22.9,18.5,76,1007,3.8,350,0
1975,12,9,15,193,48,172,22.6,18.2,76,1007,4.5,340,0
1975,12,9,16,62,50,50,22.2,17.8,76,1007,5.2,340,0
1975,12,9,17,31,48,26,21.8,17.4,76,1008,3.5,330,0
1975,12,9,18,0,0,0,21.5,17.1,76,1009,1.7,320,0
1975,12,9,19,0,0,0,21.1,16.7,76,1009,0,0,0
1975,12,9,20,0,0,0,20.2,16.7,80,1009,0,0,0
1975,12,9,21,0,0,0,19.2,16.3,83,1009,0,0,0
1975,12,9,22,0,0,0,18.3,16.1,87,1009,0,0,0
1975,12,9,23,0,0,0,18.7,16.5,87,1009,0.3,250,0
1975,12,10,0,0,0,0,19,16.8,87,1008,0.7,240,0
1975,12,10,1,0,0,0,19.4,17.2,87,1008,1,230,0
1975,12,10,2,0,0,0,19.6,17.4,87,1008,1.2,220,0
1975,12,10,3,0,0,0,19.8,17.6,87,1008,1.3,220,0
1975,12,10,4,0,0,0,20,17.8,87,1007,1.5,210,0
1975,12,10,5,0,0,0,20.2,17.6,85,1008,1.5,220,0
1975,12,10,6,7,4,7,20.4,17.4,83,1008,1.5,230,0
1975,12,10,7,62,8,61,20.6,17.2,81,1009,1.5,240,0
1975,12,10,8,143,1,142,21.9,17.9,78,1009,1.7,290,0
1975,12,10,9,255,68,220,23.1,18.2,74,1009,1.9,350,0
1975,12,10,10,308,66,265,24.4,18.9,71,1009,2.1,40,0
1975,12,10,11,427,218,269,24.2,18.6,71,1008,1.9,40,0
1975,12,10,12,283,12,275,24.1,18.5,71,1008,1.7,40,0
1975,12,10,13,139,1,138,23.9,18.3,71,1007,1.5,40,0
1975,12,10,14,222,9,216,23.7,18.4,72,1007,1.5,350,0
1975,12,10,15,227,80,193,23.5,18.4,73,1008,1.5,300,0
1975,12,10,16,114,35,105,23.3,18.3,74,1008,1.5,250,0
1975,12,10,17,27,14,26,22.8,18.4,76,1008,1.7,240,0
1975,12,10,18,0,0,0,22.2,18,77,1009,1.9,230,0
1975,12,10,19,0,0,0,21.7,17.8,79,1010,2.1,220,0
1975,12,10,20,0,0,0,20.9,17.3,80,1010,1.4,220,0
1975,12,10,21,0,0,0,20.2,16.7,80,1010,0.7,220,0
1975,12,10,22,0,0,0,19.4,16.1,81,1010,0,0,0
1975,12,10,23,0,0,0,19,16.3,84,1009,0.5,210,0
1975,12,11,0,0,0,0,18.7,16.5,87,1009,1,210,0
1975,12,11,1,0,0,0,18.3,16.7,90,1009,1.5,210,0
1975,12,11,2,0,0,0,18.1,16.3,89,1009,1.9,210,0
1975,12,11,3,0,0,0,18,16,88,1009,2.2,210,0
1975,12,11,4,0,0,0,17.8,15.6,87,1009,2.6,210,0
1975,12,11,5,0,0,0,18.7,16,84,1010,2.4,210,0
1975,12,11,6,5,6,4,19.7,16.6,82,1010,2.3,200,0
1975,12,11,7,55,27,51,20.6,16.7,79,1011,2.1,200,0
1975,12,11,8,183,80,154,22.4,17.6,74,1011,2.3,180,0
1975,12,11,9,195,56,165,24.3,18.5,70,1011,2.4,160,0
1975,12,11,10,366,100,301,26.1,18.9,65,1012,2.6,140,0
1975,12,11,11,308,101,235,26.5,19.6,66,1011,3.1,140,0
1975,12,11,12,303,41,273,26.8,19.9,66,1010,3.6,140,0
1975,12,11,13,326,48,293,27.2,20.6,67,1010,4.1,140,0
1975,12,11,14,209,75,165,26.5,20.4,69,1010,3.4,160,0
1975,12,11,15,261,87,223,25.7,20.3,72,1010,2.8,170,0
1975,12,11,16,107,62,92,25,20,74,1010,2.1,190,0
1975,12,11,17,34,14,32,23.9,19.8,78,1011,2.1,180,0
1975,12,11,18,0,0,0,22.8,19.8,83,1011,2.1,170,0
1975,12,11,19,0,0,0,21.7,19.4,87,1012,2.1,160,0
1975,12,11,20,0,0,0,21.3,19.1,87,1012,2.3,160,0
1975,12,11,21,0,0,0,21,18.8,87,1012,2.4,160,0
1975,12,11,22,0,0,0,20.6,18.3,87,1013,2.6,160,0
1975,12,11,23,0,0,0,21,18.6,86,1012,2.6,160,0
1975,12,12,0,0,0,0,21.3,18.7,85,1012,2.6,170,0
1975,12,12,1,0,0,0,21.7,18.9,84,1012,2.6,170,0
1975,12,12,2,0,0,0,21.5,18.9,85,1012,2.6,180,0
1975,12,12,3,0,0,0,21.3,18.9,86,1012,2.6,190,0
1975,12,12,4,0,0,0,21.1,18.9,87,1012,2.6,200,0
1975,12,12,5,0,0,0,21.8,18.8,83,1013,2.8,200,0
1975,12,12,6,3,0,3,22.6,19,80,1013,2.9,190,0
1975,12,12,7,46,4,45,23.3,18.9,76,1014,3.1,190,0
1975,12,12,8,125,8,123,24.4,19.5,74,1014,3.6,170,0
1975,12,12,9,178,3,176,25.6,20,71,1014,4.1,140,0
1975,12,12,10,242,9,236,26.7,20.6,69,1014,4.6,120,0
1975,12,12,11,286,1,286,25.6,20.9,75,1013,4.8,160,0
1975,12,12,12,375,2,374,24.4,20.9,81,1013,5,190,0
1975,12,12,13,300,4,298,23.3,21.1,87,1012,5.2,230,0
1975,12,12,14,256,1,255,23.3,20.8,86,1013,4.7,200,0
1975,12,12,15,194,2,193,23.3,20.6,85,1013,4.1,160,0
1975,12,12,16,111,1,111,23.3,20.6,84,1014,3.6,130,0
1975,12,12,17,27,0,27,23.5,20.3,82,1014,4.3,120,0
1975,12,12,18,0,0,0,23.7,20.3,81,1015,5,120,0
1975,12,12,19,0,0,0,23.9,20,79,1015,5.7,110,0
1975,12,12,20,0,0,0,23.7,20.1,80,1015,5,110,0
1975,12,12,21,0,0,0,23.5,20.1,81,1016,4.3,120,0
1975,12,12,22,0,0,0,23.3,20,82,1016,3.6,120,0
1975,12,12,23,0,0,0,22.9,20.1,84,1015,3.3,150,0
1975,12,13,0,0,0,0,22.6,20,85,1015,2.9,190,0
1975,12,13,1,0,0,0,22.2,20,87,1015,2.6,220,0
1975,12,13,2,0,0,0,22.2,19.9,87,1015,2.4,220,0
1975,12,13,3,0,0,0,22.2,19.9,87,1014,2.3,230,0
1975,12,13,4,0,0,0,22.2,20,87,1014,2.1,230,0
1975,12,13,5,0,0,0,22.2,19.9,87,1015,2.3,230,0
1975,12,13,6,8,0,8,22.2,19.9,87,1015,2.4,230,0
1975,12,13,7,42,1,42,22.2,20,87,1016,2.6,230,0
1975,12,13,8,174,0,174,23.1,20.5,85,1016,2.9,200,0
1975,12,13,9,224,62,192,24.1,21.2,84,1016,3.3,180,0
1975,12,13,10,340,69,295,25,21.7,82,1016,3.6,150,0
1975,12,13,11,553,344,306,25.6,21.1,76,1015,4.5,140,0
1975,12,13,12,188,12,179,26.1,20.4,71,1014,5.3,130,0
1975,12,13,13,275,13,266,26.7,19.4,65,1013,6.2,120,0
1975,12,13,14,288,1,287,25.9,19.6,68,1013,5.2,120,0
1975,12,13,15,217,11,213,25.2,19.6,71,1013,4.1,120,0
1975,12,13,16,100,1,99,24.4,19.4,74,1014,3.1,120,0
1975,12,13,17,31,1,31,23.9,19.6,77,1014,2.8,140,0
1975,12,13,18,0,0,0,23.3,19.5,79,1015,2.4,160,0
1975,12,13,19,0,0,0,22.8,19.4,82,1015,2.1,180,0
1975,12,13,20,0,0,0,22.8,19.6,82,1015,2.4,170,0
1975,12,13,21,0,0,0,22.8,19.6,82,1016,2.8,160,0
1975,12,13,22,0,0,0,22.8,19.4,82,1016,3.1,150,0
1975,12,13,23,0,0,0,22.4,19.8,85,1016,3.1,160,0
1975,12,14,0,0,0,0,22.1,19.8,87,1015,3.1,170,0
1975,12,14,1,0,0,0,21.7,20,90,1015,3.1,180,0
1975,12,14,2,0,0,0,21.5,19.8,90,1015,3.1,180,0
1975,12,14,3,0,0,0,21.3,19.6,90,1014,3.1,170,0
1975,12,14,4,0,0,0,21.1,19.4,90,1014,3.1,170,0
1975,12,14,5,0,0,0,21.1,19.4,90,1015,2.8,180,0
1975,12,14,6,3,0,3,21.1,19.4,90,1015,2.4,190,0
1975,12,14,7,32,3,32,21.1,19.4,90,1016,2.1,200,0
1975,12,14,8,148,0,148,22.2,20.3,89,1016,3.3,170,0
1975,12,14,9,268,1,267,23.3,21.2,88,1016,4.5,130,0
1975,12,14,10,345,2,344,24.4,22.2,87,1016,5.7,100,0
1975,12,14,11,382,1,382,24.8,21.5,82,1015,5.5,110,0
1975,12,14,12,571,320,338,25.2,20.7,76,1014,5.4,120,0
1975,12,14,13,349,68,303,25.6,20,71,1013,5.2,130,0
1975,12,14,14,229,100,170,25.2,19.8,72,1013,4.8,130,0
1975,12,14,15,217,23,207,24.8,19.6,73,1014,4.5,140,0
1975,12,14,16,72,7,70,24.4,19.4,74,1014,4.1,140,0
1975,12,14,17,17,2,17,23.7,19.4,77,1015,3.4,160,0
1975,12,14,18,0,0,0,22.9,19.5,81,1015,2.8,180,0
1975,12,14,19,0,0,0,22.2,19.4,84,1016,2.1,200,0
1975,12,14,20,0,0,0,22,19.2,84,1016,2.4,200,0
1975,12,14,21,0,0,0,21.9,19.1,84,1016,2.8,210,0
1975,12,14,22,0,0,0,21.7,18.9,84,1016,3.1,210,0
1975,12,14,23,0,0,0,21.5,18.9,85,1016,2.9,210,0
1975,12,15,0,0,0,0,21.3,18.9,86,1016,2.8,210,0
1975,12,15,1,0,0,0,21.1,18.9,87,1015,2.6,210,0
1975,12,15,2,0,0,0,20.9,19,89,1015,2.8,230,0
1975,12,15,3,0,0,0,20.8,19.3,91,1015,2.9,240,0
1975,12,15,4,0,0,0,20.6,19.4,93,1015,3.1,260,0
1975,12,15,5,0,0,0,20.6,19.1,91,1016,3.1,240,0
1975,12,15,6,1,1,1,20.6,18.7,89,1016,3.1,220,0
1975,12,15,7,59,36,54,20.6,18.3,87,1016,3.1,200,0
1975,12,15,8,179,219,103,22.1,19.3,84,1016,2.1,180,0
1975,12,15,9,312,187,216,23.5,20.3,82,1017,1,160,0
1975,12,15,10,534,548,182,25,21.1,79,1017,0,0,0
1975,12,15,11,606,545,216,25.4,20.9,76,1016,1.2,130,0
1975,12,15,12,630,547,230,25.7,20.3,72,1015,2.4,110,0
1975,12,15,13,630,651,182,26.1,20,69,1015,3.6,90,0
1975,12,15,14,419,353,211,25.2,19.6,71,1015,3.1,80,0
1975,12,15,15,222,47,201,24.2,19.3,74,1015,2.6,80,0
1975,12,15,16,75,3,74,23.3,18.9,76,1015,2.1,70,0
1975,12,15,17,19,15,18,22.9,19.1,79,1016,1.4,90,0
1975,12,15,18,0,0,0,22.6,19.2,81,1016,0.7,110,0
1975,12,15,19,0,0,0,22.2,19.4,84,1017,0,0,0
1975,12,15,20,0,0,0,21.8,19.4,86,1017,0.5,160,0
1975,12,15,21,0,0,0,21.5,19.4,88,1017,1,180,0
1975,12,15,22,0,0,0,21.1,19.4,90,1017,1.5,200,0
1975,12,15,23,0,0,0,21.1,19.4,90,1017,1.7,210,0
1975,12,16,0,0,0,0,21.1,19.4,90,1016,1.9,220,0
1975,12,16,1,0,0,0,21.1,19.4,90,1016,2.1,230,0
1975,12,16,2,0,0,0,20.9,19.2,90,1016,2.3,220,0
1975,12,16,3,0,0,0,20.8,19.1,90,1016,2.4,210,0
1975,12,16,4,0,0,0,20.6,18.9,90,1016,2.6,200,0
1975,12,16,5,0,0,0,21.3,19.2,88,1017,2.4,220,0
1975,12,16,6,5,3,4,22.1,19.7,86,1017,2.3,250,0
1975,12,16,7,54,13,52,22.8,20,84,1018,2.1,270,0
1975,12,16,8,138,51,120,23.7,19.4,77,1018,2.6,320,0
1975,12,16,9,326,178,234,24.7,19.1,71,1018,3.1,0,0
1975,12,16,10,483,405,223,25.6,18.3,64,1018,3.6,50,0
1975,12,16,11,532,449,212,25.8,18.2,63,1018,3.1,50,0
1975,12,16,12,626,610,181,25.9,18.3,63,1017,2.6,50,0
1975,12,16,13,646,781,110,26.1,18.3,62,1016,2.1,50,0
1975,12,16,14,447,463,175,24.6,18.6,69,1016,1.9,20,0
1975,12,16,15,284,360,125,23.2,19,77,1016,1.7,340,0
1975,12,16,16,119,82,98,21.7,18.9,84,1016,1.5,310,0
1975,12,16,17,39,18,37,21.5,18.9,85,1017,1.9,310,0
1975,12,16,18,0,0,0,21.3,18.9,86,1017,2.2,300,0
1975,12,16,19,0,0,0,21.1,18.9,87,1018,2.6,300,0
1975,12,16,20,0,0,0,20.9,18.9,88,1018,2.6,290,0
1975,12,16,21,0,0,0,20.8,18.9,89,1018,2.6,290,0
1975,12,16,22,0,0,0,20.6,18.9,90,1019,2.6,280,0
1975,12,16,23,0,0,0,20.6,18.9,90,1018,2.6,270,0
1975,12,17,0,0,0,0,20.6,18.9,90,1018,2.6,260,0
1975,12,17,1,0,0,0,20.6,18.9,90,1017,2.6,250,0
1975,12,17,2,0,0,0,20.6,18.9,90,1017,2.6,250,0
1975,12,17,3,0,0,0,20.6,18.9,90,1017,2.6,240,0
1975,12,17,4,0,0,0,20.6,18.9,90,1017,2.6,240,0
1975,12,17,5,0,0,0,20.6,18.9,90,1018,2.2,260,0
1975,12,17,6,1,0,1,20.6,18.9,90,1018,1.9,270,0
1975,12,17,7,29,5,28,20.6,18.9,90,1019,1.5,290,0
1975,12,17,8,128,6,127,21.5,19.3,87,1019,1.5,270,0
1975,12,17,9,220,10,215,22.4,19.8,85,1019,1.5,250,0
1975,12,17,10,313,8,308,23.3,20,82,1019,1.5,230,0
1975,12,17,11,321,68,273,23.7,19.7,78,1018,1.7,180,0
1975,12,17,12,458,166,337,24,19.3,75,1017,1.9,140,0
1975,12,17,13,454,245,286,24.4,18.9,71,1016,2.1,90,0
1975,12,17,14,476,469,200,23.9,18.6,72,1016,1.4,120,0
1975,12,17,15,371,610,103,23.3,18.2,73,1016,0.7,140,0
1975,12,17,16,156,305,79,22.8,17.8,74,1016,0,0,0
1975,12,17,17,42,60,35,21.7,17.7,78,1017,0.9,190,0
1975,12,17,18,0,0,0,20.5,17.5,83,1017,1.7,220,0
1975,12,17,19,0,0,0,19.4,17.2,87,1017,2.6,240,0
1975,12,17,20,0,0,0,18.9,16.7,87,1018,2.6,230,0
1975,12,17,21,0,0,0,18.3,16.1,87,1018,2.6,220,0
1975,12,17,22,0,0,0,17.8,15.6,87,1018,2.6,210,0
1975,12,17,23,0,0,0,17.2,14.5,84,1017,2.9,210,0
1975,12,18,0,0,0,0,16.7,13.5,81,1017,3.3,220,0
1975,12,18,1,0,0,0,16.1,12.2,78,1016,3.6,220,0
1975,12,18,2,0,0,0,15.5,10.9,74,1016,3.3,220,0
1975,12,18,3,0,0,0,15,9.8,71,1016,2.9,210,0
1975,12,18,4,0,0,0,14.4,8.3,67,1016,2.6,210,0
1975,12,18,5,0,0,0,15.3,9,66,1017,2.8,210,0
1975,12,18,6,4,14,1,16.3,9.5,64,1017,2.9,220,0
1975,12,18,7,94,462,29,17.2,10,63,1018,3.1,220,0
1975,12,18,8,288,652,66,19.6,12.4,63,1018,3.3,280,0
1975,12,18,9,394,359,210,22,14.9,64,1018,3.4,330,0
1975,12,18,10,422,299,231,24.4,17.2,64,1018,3.6,30,0
1975,12,18,11,547,275,351,24.4,17.4,65,1017,2.4,30,0
1975,12,18,12,557,397,267,24.4,17.4,65,1016,1.2,40,0
1975,12,18,13,423,409,142,24.4,17.8,66,1015,0,0,0
1975,12,18,14,301,170,201,24,18,69,1015,1,40,0
1975,12,18,15,183,4,181,23.7,18.6,73,1016,2.1,50,0
1975,12,18,16,120,36,111,23.3,18.9,76,1016,3.1,50,0
1975,12,18,17,26,7,25,22.8,18.8,78,1016,2.8,110,0
1975,12,18,18,0,0,0,22.2,18.4,79,1017,2.4,160,0
1975,12,18,19,0,0,0,21.7,18.3,81,1017,2.1,220,0
1975,12,18,20,0,0,0,21.1,18.3,84,1017,2.8,220,0
1975,12,18,21,0,0,0,20.6,18.4,87,1017,3.4,220,0
1975,12,18,22,0,0,0,20,18.3,90,1018,4.1,220,0
1975,12,18,23,0,0,0,19.8,17.6,87,1017,4.1,230,0
1975,12,19,0,0,0,0,19.6,16.8,84,1017,4.1,230,0
1975,12,19,1,0,0,0,19.4,16.1,81,1017,4.1,240,0
1975,12,19,2,0,0,0,18.5,15.4,82,1017,3.4,230,0
1975,12,19,3,0,0,0,17.6,14.7,83,1017,2.8,220,0
1975,12,19,4,0,0,0,16.7,13.9,84,1017,2.1,210,0
1975,12,19,5,0,0,0,17.4,14.1,81,1017,2.3,210,0
1975,12,19,6,7,31,2,18.2,14.5,79,1018,2.4,220,0
1975,12,19,7,96,514,25,18.9,14.4,76,1018,2.6,220,0
1975,12,19,8,306,777,42,20.9,15.7,72,1018,2.6,260,0
1975,12,19,9,473,829,50,23,16.8,68,1019,2.6,310,0
1975,12,19,10,615,873,58,25,17.8,64,1019,2.6,350,0
1975,12,19,11,710,903,67,25.4,17.6,62,1018,2.2,10,0
1975,12,19,12,688,820,91,25.7,17.4,60,1017,1.9,20,0
1975,12,19,13,672,783,133,26.1,17.2,58,1017,1.5,40,0
1975,12,19,14,551,811,73,25.4,17.1,60,1017,1.9,50,0
1975,12,19,15,369,701,59,24.6,16.9,62,1017,2.2,70,0
1975,12,19,16,201,630,39,23.9,16.7,64,1017,2.6,80,0
1975,12,19,17,40,157,22,22.4,16.7,70,1018,2.4,130,0
1975,12,19,18,0,0,0,20.9,16.3,75,1018,2.3,180,0
1975,12,19,19,0,0,0,19.4,16.1,81,1019,2.1,230,0
1975,12,19,20,0,0,0,19,15.7,81,1019,2.1,230,0
1975,12,19,21,0,0,0,18.7,15.4,81,1020,2.1,220,0
1975,12,19,22,0,0,0,18.3,15,81,1020,2.1,220,0
1975,12,19,23,0,0,0,17.8,14.1,79,1020,2.4,220,0
1975,12,20,0,0,0,0,17.2,13.2,77,1020,2.8,220,0
1975,12,20,1,0,0,0,16.7,12.2,75,1019,3.1,220,0
1975,12,20,2,0,0,0,17.1,12.5,74,1019,3.1,220,0
1975,12,20,3,0,0,0,17.4,12.8,74,1019,3.1,220,0
1975,12,20,4,0,0,0,17.8,12.8,73,1019,3.1,220,0
1975,12,20,5,0,0,0,18.5,13.6,73,1020,3.1,220,0
1975,12,20,6,1,5,0,19.3,14.4,73,1020,3.1,230,0
1975,12,20,7,77,288,37,20,15,73,1021,3.1,230,0
1975,12,20,8,285,595,84,21.9,16,69,1021,2.6,260,0
1975,12,20,9,440,700,83,23.7,17,66,1021,2,290,0
1975,12,20,10,607,821,84,25.6,17.8,62,1021,1.5,320,0
1975,12,20,11,696,862,82,25.8,17.7,61,1020,1.7,350,0
1975,12,20,12,674,787,101,25.9,17.3,59,1019,1.9,30,0
1975,12,20,13,709,899,91,26.1,17.2,58,1018,2.1,60,0
1975,12,20,14,566,827,78,25.4,17.1,60,1018,2.4,70,0
1975,12,20,15,395,743,65,24.6,16.9,62,1018,2.8,90,0
1975,12,20,16,198,537,60,23.9,16.7,64,1018,3.1,100,0
1975,12,20,17,38,124,24,22.2,16.5,70,1018,2.9,150,0
1975,12,20,18,0,0,0,20.6,16,75,1019,2.8,190,0
1975,12,20,19,0,0,0,18.9,15.6,81,1019,2.6,240,0
1975,12,20,20,0,0,0,18.3,14.6,79,1019,2.8,230,0
1975,12,20,21,0,0,0,17.8,13.7,77,1020,2.9,230,0
1975,12,20,22,0,0,0,17.2,12.8,75,1020,3.1,220,0
1975,12,20,23,0,0,0,17.2,12.6,74,1020,3.1,220,0
1975,12,21,0,0,0,0,17.2,12.6,74,1020,3.1,220,0
1975,12,21,1,0,0,0,17.2,12.2,73,1020,3.1,220,0
1975,12,21,2,0,0,0,17,12.8,76,1019,3.1,220,0
1975,12,21,3,0,0,0,16.9,13.1,78,1019,3.1,220,0
1975,12,21,4,0,0,0,16.7,13.3,81,1019,3.1,220,0
1975,12,21,5,0,0,0,17.6,14.1,80,1019,2.6,220,0
1975,12,21,6,3,8,1,18.5,14.8,79,1020,2,220,0
1975,12,21,7,78,337,32,19.4,15.6,78,1021,1.5,220,0
1975,12,21,8,274,625,63,21.8,16.3,71,1021,2.4,190,0
1975,12,21,9,449,711,89,24.3,17.3,65,1021,3.2,170,0
1975,12,21,10,603,803,92,26.7,17.8,58,1020,4.1,140,0
1975,12,21,11,690,857,80,26.9,17.7,57,1019,5,130,0
1975,12,21,12,762,914,97,27,17.8,57,1018,5.8,130,0
1975,12,21,13,709,896,93,27.2,17.8,56,1017,6.7,120,0
1975,12,21,14,588,855,83,26.5,17.6,58,1017,6.5,120,0
1975,12,21,15,415,779,68,25.7,17.4,60,1017,6.4,110,0
1975,12,21,16,206,613,47,25,17.2,62,1017,6.2,110,0
1975,12,21,17,44,177,23,23.1,16.9,68,1018,5.2,130,0
1975,12,21,18,0,0,0,21.3,16.7,75,1018,4.1,150,0
1975,12,21,19,0,0,0,19.4,16.1,81,1019,3.1,170,0
1975,12,21,20,0,0,0,19,15.5,80,1019,3.1,180,0
1975,12,21,21,0,0,0,18.7,15,79,1019,3.1,200,0
1975,12,21,22,0,0,0,18.3,14.4,78,1019,3.1,210,0
1975,12,21,23,0,0,0,17.9,14.4,80,1019,2.6,210,0
1975,12,22,0,0,0,0,17.6,14.5,82,1019,2,200,0
1975,12,22,1,0,0,0,17.2,14.4,84,1018,1.5,200,0
1975,12,22,2,0,0,0,16.8,13.4,80,1018,2,210,0
1975,12,22,3,0,0,0,16.5,12.3,76,1019,2.6,210,0
1975,12,22,4,0,0,0,16.1,11.1,72,1019,3.1,220,0
1975,12,22,5,0,0,0,17,11.7,71,1019,2.8,230,0
1975,12,22,6,7,30,2,18,12.3,69,1019,2.4,240,0
1975,12,22,7,86,476,22,18.9,12.8,68,1020,2.1,250,0
1975,12,22,8,284,745,34,21.7,14.4,63,1020,2.9,200,0
1975,12,22,9,498,896,44,24.4,15.9,59,1020,3.8,140,0
1975,12,22,10,612,863,65,27.2,17.2,54,1020,4.6,90,0
1975,12,22,11,698,842,100,27.2,17.4,55,1019,5.6,100,0
1975,12,22,12,724,888,76,27.2,17.4,55,1018,6.7,110,0
1975,12,22,13,670,857,81,27.2,17.8,56,1018,7.7,120,0
1975,12,22,14,556,823,69,26.3,17.7,59,1018,7.4,120,0
1975,12,22,15,407,828,38,25.3,17.8,63,1018,7,120,0
1975,12,22,16,221,727,31,24.4,17.8,66,1018,6.7,120,0
1975,12,22,17,47,210,22,23.5,17.5,69,1019,5.3,150,0
1975,12,22,18,0,0,0,22.6,17.5,73,1019,4,170,0
1975,12,22,19,0,0,0,21.7,17.2,76,1019,2.6,200,0
1975,12,22,20,0,0,0,21.1,17.3,79,1019,3.1,200,0
1975,12,22,21,0,0,0,20.6,17.2,81,1019,3.6,200,0
1975,12,22,22,0,0,0,20,17.2,84,1019,4.1,200,0
1975,12,22,23,0,0,0,19.6,16.5,82,1019,3.8,210,0
1975,12,23,0,0,0,0,19.3,15.8,80,1019,3.4,210,0
1975,12,23,1,0,0,0,18.9,15,78,1018,3.1,220,0
1975,12,23,2,0,0,0,18.9,15,78,1018,2.9,210,0
1975,12,23,3,0,0,0,18.9,15,78,1018,2.8,210,0
1975,12,23,4,0,0,0,18.9,15,78,1018,2.6,200,0
1975,12,23,5,0,0,0,19.3,15.2,77,1019,2.6,200,0
1975,12,23,6,7,27,2,19.6,15.5,77,1020,2.6,210,0
1975,12,23,7,95,461,34,20,15.6,76,1020,2.6,210,0
1975,12,23,8,261,531,84,22.2,16.7,71,1020,2.8,190,0
1975,12,23,9,471,738,98,24.5,17.5,65,1020,2.9,170,0
1975,12,23,10,474,425,204,26.7,18.3,60,1020,3.1,150,0
1975,12,23,11,647,755,111,26.9,18.2,59,1020,4.1,140,0
1975,12,23,12,566,518,189,27,17.8,57,1019,5.2,120,0
1975,12,23,13,641,845,59,27.2,17.8,56,1018,6.2,110,0
1975,12,23,14,474,514,170,26.5,17.6,58,1018,6.7,110,0
1975,12,23,15,302,330,154,25.7,17.4,60,1017,7.2,110,0
1975,12,23,16,133,221,75,25,17.2,62,1017,7.7,110,0
1975,12,23,17,39,84,29,23.5,17.3,68,1018,6.3,140,0
1975,12,23,18,0,0,0,22.1,17.5,75,1019,5,180,0
1975,12,23,19,0,0,0,20.6,17.2,81,1019,3.6,210,0
1975,12,23,20,0,0,0,20,16.7,81,1020,3.4,210,0
1975,12,23,21,0,0,0,19.5,16.2,81,1020,3.3,200,0
1975,12,23,22,0,0,0,18.9,15.6,81,1020,3.1,200,0
1975,12,23,23,0,0,0,19.5,16,80,1020,3.4,210,0
1975,12,24,0,0,0,0,20,16.5,80,1020,3.8,230,0
1975,12,24,1,0,0,0,20.6,16.7,79,1019,4.1,240,0
1975,12,24,2,0,0,0,20.6,16.7,78,1019,3.8,240,0
1975,12,24,3,0,0,0,20.6,16.5,77,1019,3.4,230,0
1975,12,24,4,0,0,0,20.6,16.1,76,1019,3.1,230,0
1975,12,24,5,0,0,0,21,16.2,74,1019,3.3,230,0
1975,12,24,6,4,12,2,21.3,16.3,73,1020,3.4,230,0
1975,12,24,7,61,49,55,21.7,16.1,71,1021,3.6,230,0
1975,12,24,8,216,266,128,23.4,16.5,65,1021,4.5,200,0
1975,12,24,9,367,338,196,25,16.7,60,1021,5.3,160,0
1975,12,24,10,423,350,201,26.7,16.7,54,1020,6.2,130,0
1975,12,24,11,536,474,200,26.9,16.8,54,1019,6.9,120,0
1975,12,24,12,687,751,140,27,16.6,53,1018,7.5,100,0
1975,12,24,13,602,758,79,27.2,16.7,53,1017,8.2,90,0
1975,12,24,14,541,742,100,26.3,16.6,55,1017,7.2,100,0
1975,12,24,15,335,407,153,25.3,16.5,58,1018,6.2,110,0
1975,12,24,16,194,427,81,24.4,16.1,60,1018,5.2,120,0
1975,12,24,17,42,52,36,23.3,16.4,65,1019,4.3,150,0
1975,12,24,18,0,0,0,22.2,16.7,71,1020,3.5,170,0
1975,12,24,19,0,0,0,21.1,16.7,76,1020,2.6,200,0
1975,12,24,20,0,0,0,20.5,16.4,77,1020,2.9,210,0
1975,12,24,21,0,0,0,20,15.9,77,1020,3.3,220,0
1975,12,24,22,0,0,0,19.4,15.6,78,1020,3.6,230,0
1975,12,24,23,0,0,0,19,14.7,76,1020,3.3,220,0
1975,12,25,0,0,0,0,18.7,14.2,75,1020,2.9,220,0
1975,12,25,1,0,0,0,18.3,13.3,73,1020,2.6,210,0
1975,12,25,2,0,0,0,18.1,13,72,1020,2.6,210,0
1975,12,25,3,0,0,0,18,12.7,71,1020,2.6,220,0
1975,12,25,4,0,0,0,17.8,12.2,70,1020,2.6,220,0
1975,12,25,5,0,0,0,18.3,13.2,72,1020,2.6,220,0
1975,12,25,6,6,8,3,18.9,14.2,74,1021,2.6,230,0
1975,12,25,7,41,3,41,19.4,15,76,1021,2.6,230,0
1975,12,25,8,253,379,127,21.8,15.7,68,1021,3.3,190,0
1975,12,25,9,436,565,151,24.3,16.1,60,1021,3.9,150,0
1975,12,25,10,537,567,178,26.7,16.1,52,1021,4.6,110,0
1975,12,25,11,625,490,277,26.5,16.5,54,1020,5,110,0
1975,12,25,12,645,579,223,26.3,16.9,56,1019,5.3,100,0
1975,12,25,13,418,243,250,26.1,17.2,58,1018,5.7,100,0
1975,12,25,14,386,411,142,25.2,16.9,60,1018,5.2,120,0
1975,12,25,15,289,148,223,24.2,16.5,62,1018,4.6,130,0
1975,12,25,16,121,110,92,23.3,16.1,64,1018,4.1,150,0
1975,12,25,17,38,73,29,22.4,16.2,68,1018,3.4,170,0
1975,12,25,18,0,0,0,21.5,16.3,72,1018,2.8,190,0
1975,12,25,19,0,0,0,20.6,16.1,76,1019,2.1,210,0
1975,12,25,20,0,0,0,20.4,16.5,78,1019,2.1,210,0
1975,12,25,21,0,0,0,20.2,16.5,79,1019,2.1,210,0
1975,12,25,22,0,0,0,20,16.7,81,1019,2.1,210,0
1975,12,25,23,0,0,0,19.6,16.3,81,1019,2.8,220,0
1975,12,26,0,0,0,0,19.3,16,81,1019,3.4,230,0
1975,12,26,1,0,0,0,18.9,15.6,81,1018,4.1,240,0
1975,12,26,2,0,0,0,18.9,15.6,81,1018,3.6,230,0
1975,12,26,3,0,0,0,18.9,15.6,81,1019,3.1,230,0
1975,12,26,4,0,0,0,18.9,15.6,81,1019,2.6,220,0
1975,12,26,5,0,0,0,19.1,16,82,1019,2.9,230,0
1975,12,26,6,1,2,0,19.2,16.3,83,1020,3.3,240,0
1975,12,26,7,69,82,58,19.4,16.7,84,1020,3.6,250,0
1975,12,26,8,174,169,119,21.6,17,75,1020,3.6,210,0
1975,12,26,9,421,652,93,23.9,16.9,65,1019,3.6,170,0
1975,12,26,10,465,432,192,26.1,16.7,56,1019,3.6,130,0
1975,12,26,11,744,881,118,26.3,16.6,55,1018,4.5,120,0
1975,12,26,12,742,921,70,26.5,16.8,55,1017,5.3,100,0
1975,12,26,13,655,804,100,26.7,16.7,54,1016,6.2,90,0
1975,12,26,14,583,787,113,25.8,16.9,58,1016,6.2,100,0
1975,12,26,15,418,735,86,24.8,17.1,62,1016,6.2,110,0
1975,12,26,16,191,436,75,23.9,17.2,66,1016,6.2,120,0
1975,12,26,17,46,164,27,23,17.3,70,1017,4.8,150,0
1975,12,26,18,0,0,0,22,17.4,75,1017,3.5,190,0
1975,12,26,19,0,0,0,21.1,17.2,79,1018,2.1,220,0
1975,12,26,20,0,0,0,20.7,17.2,80,1018,1.4,220,0
1975,12,26,21,0,0,0,20.4,16.9,80,1018,0.7,220,0
1975,12,26,22,0,0,0,20,16.7,81,1018,0,0,0
1975,12,26,23,0,0,0,20,16.7,81,1018,0.9,210,0
1975,12,27,0,0,0,0,20,16.7,81,1017,1.7,210,0
1975,12,27,1,0,0,0,20,16.7,81,1017,2.6,210,0
1975,12,27,2,0,0,0,19.8,16.7,82,1017,2.6,220,0
1975,12,27,3,0,0,0,19.6,16.7,83,1016,2.6,220,0
1975,12,27,4,0,0,0,19.4,16.7,84,1016,2.6,230,0
1975,12,27,5,0,0,0,19.4,15.9,80,1017,2.8,220,0
1975,12,27,6,3,9,1,19.4,15.3,77,1017,2.9,220,0
1975,12,27,7,82,445,26,19.4,14.4,73,1017,3.1,210,0
1975,12,27,8,264,641,53,21.8,15.4,67,1017,3.8,180,0
1975,12,27,9,391,474,154,24.3,16.6,62,1017,4.5,140,0
1975,12,27,10,587,670,164,26.7,17.2,56,1017,5.2,110,0
1975,12,27,11,578,494,227,26.7,17.5,57,1016,5.5,100,0
1975,12,27,12,598,506,228,26.7,17.5,57,1015,5.9,100,0
1975,12,27,13,451,351,208,26.7,17.8,58,1014,6.2,90,0
1975,12,27,14,447,412,201,25.4,18.1,64,1015,5.2,100,0
1975,12,27,15,320,281,193,24.1,18.3,70,1015,4.1,100,0
1975,12,27,16,138,138,100,22.8,18.3,76,1016,3.1,110,0
1975,12,27,17,37,34,33,22.6,18.4,77,1016,2.8,140,0
1975,12,27,18,0,0,0,22.4,18.4,78,1017,2.4,170,0
1975,12,27,19,0,0,0,22.2,18.3,79,1017,2.1,200,0
1975,12,27,20,0,0,0,21.5,18.5,83,1017,2.3,230,0
1975,12,27,21,0,0,0,20.7,18.3,86,1017,2.4,250,0
1975,12,27,22,0,0,0,20,18.3,90,1017,2.6,280,0
1975,12,27,23,0,0,0,20,18.3,90,1018,2.6,270,0
1975,12,28,0,0,0,0,20,18.3,90,1018,2.6,270,0
1975,12,28,1,0,0,0,20,18.3,90,1018,2.6,260,0
1975,12,28,2,0,0,0,19.8,18.3,91,1018,2.8,270,0
1975,12,28,3,0,0,0,19.6,18.3,92,1017,2.9,280,0
1975,12,28,4,0,0,0,19.4,18.3,93,1017,3.1,290,0
1975,12,28,5,0,0,0,19.8,18.1,90,1018,2.8,270,0
1975,12,28,6,0,1,0,20.2,18,87,1018,2.4,260,0
1975,12,28,7,47,17,44,20.6,17.8,84,1019,2.1,240,0
1975,12,28,8,257,416,121,21.7,18.3,81,1019,1.9,290,0
1975,12,28,9,357,294,210,22.8,18.6,77,1018,1.7,340,0
1975,12,28,10,577,780,84,23.9,18.9,74,1018,1.5,30,0
1975,12,28,11,678,713,172,24.5,18.7,70,1017,2,30,0
1975,12,28,12,661,657,181,25,18.2,66,1017,2.6,40,0
1975,12,28,13,581,588,174,25.6,17.8,62,1016,3.1,40,0
1975,12,28,14,618,811,132,25,17.5,63,1016,2.9,50,0
1975,12,28,15,407,724,77,24.5,17.5,65,1016,2.8,70,0
1975,12,28,16,163,464,37,23.9,17.2,66,1016,2.6,80,0
1975,12,28,17,50,263,21,22.4,17.1,72,1017,2.4,130,0
1975,12,28,18,0,0,0,20.9,16.9,78,1018,2.3,190,0
1975,12,28,19,0,0,0,19.4,16.7,84,1019,2.1,240,0
1975,12,28,20,0,0,0,19,15.9,82,1019,2.3,230,0
1975,12,28,21,0,0,0,18.7,15.2,80,1019,2.4,230,0
1975,12,28,22,0,0,0,18.3,14.4,78,1019,2.6,220,0
1975,12,28,23,0,0,0,17.9,14.4,80,1018,3.1,220,0
1975,12,29,0,0,0,0,17.6,14.5,82,1018,3.6,220,0
1975,12,29,1,0,0,0,17.2,14.4,84,1017,4.1,220,0
1975,12,29,2,0,0,0,17.4,14.7,84,1017,3.2,220,0
1975,12,29,3,0,0,0,17.6,14.9,84,1017,2.4,220,0
1975,12,29,4,0,0,0,17.8,15,84,1017,1.5,220,0
1975,12,29,5,0,0,0,18,14.5,80,1017,1.9,220,0
1975,12,29,6,4,6,2,18.1,14,77,1017,2.2,220,0
1975,12,29,7,82,504,20,18.3,13.3,73,1018,2.6,220,0
1975,12,29,8,222,512,55,19.6,15.3,76,1018,1.7,250,0
1975,12,29,9,319,285,177,20.9,17.1,79,1018,0.9,270,0
1975,12,29,10,210,81,159,22.2,18.9,82,1018,0,0,0
1975,12,29,11,336,93,271,23.3,19.1,77,1017,0.5,330,0
1975,12,29,12,570,285,362,24.5,19.1,72,1015,1,350,0
1975,12,29,13,608,654,154,25.6,18.9,67,1014,1.5,20,0
1975,12,29,14,379,337,177,24.8,18.7,69,1014,1.9,40,0
1975,12,29,15,292,284,163,24.1,18.8,72,1014,2.2,50,0
1975,12,29,16,163,74,143,23.3,18.3,74,1014,2.6,70,0
1975,12,29,17,41,39,37,21.8,17.8,78,1015,1.7,100,0
1975,12,29,18,0,0,0,20.4,17.4,83,1016,0.9,120,0
1975,12,29,19,0,0,0,18.9,16.7,87,1016,0,0,0
1975,12,29,20,0,0,0,18.9,16.7,87,1016,0.9,170,0
1975,12,29,21,0,0,0,18.9,16.7,87,1017,1.7,200,0
1975,12,29,22,0,0,0,18.9,16.7,87,1017,2.6,220,0
1975,12,29,23,0,0,0,18.7,16.2,85,1016,3.1,220,0
1975,12,30,0,0,0,0,18.5,15.6,83,1016,3.6,230,0
1975,12,30,1,0,0,0,18.3,15,81,1015,4.1,230,0
1975,12,30,2,0,0,0,18.1,14.8,81,1015,3.8,230,0
1975,12,30,3,0,0,0,18,14.7,81,1015,3.4,230,0
1975,12,30,4,0,0,0,17.8,14.4,81,1015,3.1,230,0
1975,12,30,5,0,0,0,18,14.3,79,1015,3.3,230,0
1975,12,30,6,1,0,1,18.1,14,77,1016,3.4,220,0
1975,12,30,7,35,5,34,18.3,13.9,75,1016,3.6,220,0
1975,12,30,8,190,196,126,20.9,15.7,72,1016,3.6,190,0
1975,12,30,9,240,71,205,23.5,17.7,70,1016,3.6,170,0
1975,12,30,10,456,386,212,26.1,19.4,67,1016,3.6,140,0
1975,12,30,11,538,443,223,26.1,19.3,66,1015,4.6,130,0
1975,12,30,12,480,239,305,26.1,19.3,66,1014,5.7,120,0
1975,12,30,13,468,228,309,26.1,18.9,65,1013,6.7,110,0
1975,12,30,14,302,90,248,25.2,18.9,68,1013,6,110,0
1975,12,30,15,253,232,146,24.2,18.6,71,1013,5.3,110,0
1975,12,30,16,148,93,122,23.3,18.3,74,1013,4.6,110,0
1975,12,30,17,43,47,38,22.4,18.2,77,1014,3.6,150,0
1975,12,30,18,0,0,0,21.5,18.1,81,1014,2.5,190,0
1975,12,30,19,0,0,0,20.6,17.8,84,1015,1.5,230,0
1975,12,30,20,0,0,0,20.4,17.8,85,1015,1.5,220,0
1975,12,30,21,0,0,0,20.2,17.8,86,1015,1.5,220,0
1975,12,30,22,0,0,0,20,17.8,87,1015,1.5,210,0
1975,12,30,23,0,0,0,19.3,17.3,88,1014,1.9,210,0
1975,12,31,0,0,0,0,18.5,16.7,89,1014,2.2,200,0
1975,12,31,1,0,0,0,17.8,16.1,90,1013,2.6,200,0
1975,12,31,2,0,0,0,17.6,15.6,88,1013,2.6,210,0
1975,12,31,3,0,0,0,17.4,15.1,86,1013,2.6,210,0
1975,12,31,4,0,0,0,17.2,14.4,84,1013,2.6,220,0
1975,12,31,5,0,0,0,17.4,14.3,82,1013,2.4,220,0
1975,12,31,6,3,1,3,17.6,14.1,80,1013,2.3,210,0
1975,12,31,7,52,36,48,17.8,13.9,78,1014,2.1,210,0
1975,12,31,8,187,161,135,19.8,15.3,75,1014,2.3,180,0
1975,12,31,9,249,128,185,21.9,16.7,72,1014,2.4,160,0
1975,12,31,10,232,56,197,23.9,17.8,69,1014,2.6,130,0
1975,12,31,11,489,274,294,24.6,18.1,67,1013,3.5,110,0
1975,12,31,12,654,581,228,25.4,18.1,64,1012,4.3,100,0
1975,12,31,13,509,328,281,26.1,18.3,62,1011,5.2,80,0
1975,12,31,14,290,80,242,25.2,18.4,66,1011,3.5,50,0
1975,12,31,15,300,263,179,24.2,18.4,70,1012,1.7,20,0
1975,12,31,16,129,28,122,23.3,18.3,74,1012,0,0,0
1975,12,31,17,26,13,24,22.4,18.4,78,1012,1,330,0
1975,12,31,18,0,0,0,21.5,18.5,83,1013,2.1,300,0
1975,12,31,19,0,0,0,20.6,18.3,87,1013,3.1,270,0
1975,12,31,20,0,0,0,20.4,18.2,87,1013,2.8,250,0
1975,12,31,21,0,0,0,20.2,18,87,1013,2.4,240,0
1975,12,31,22,0,0,0,20,17.8,87,1014,2.1,220,0
1975,12,31,23,0,0,0,20,17.8,87,1013,1.8,200,0
=======
Source,Location ID,City,State,Country,Latitude,Longitude,Time Zone,Elevation
TMY2,21504,Hilo,HI,USA,19.716667,-155.066667,-10,11
Year,Month,Day,Hour,GHI,DNI,DHI,Tdry,Tdew,RH,Pres,Wspd,Wdir,Snow Depth
1969,1,1,0,0,0,0,17.8,13.1,74,1010,1.5,190,0
1969,1,1,1,0,0,0,17.2,12.8,75,1010,1.5,200,0
1969,1,1,2,0,0,0,16.5,12.7,78,1010,1.5,210,0
1969,1,1,3,0,0,0,15.7,12.5,81,1010,1.5,220,0
1969,1,1,4,0,0,0,15,12.2,84,1010,1.5,230,0
1969,1,1,5,0,0,0,16.1,12.5,79,1010,1.7,230,0
1969,1,1,6,2,3,1,17.2,12.8,75,1010,1.9,220,0
1969,1,1,7,69,256,39,18.3,12.8,70,1010,2.1,220,0
1969,1,1,8,253,493,93,21.5,14.4,64,1010,3.5,200,0
1969,1,1,9,407,568,124,24.6,15.5,57,1009,4.8,190,0
1969,1,1,10,602,705,158,27.8,16.7,51,1009,6.2,170,0
1969,1,1,11,689,774,139,28.2,17.1,51,1008,6.5,170,0
1969,1,1,12,749,843,130,28.5,17.4,51,1007,6.9,170,0
1969,1,1,13,729,928,82,28.9,17.8,51,1006,7.2,170,0
1969,1,1,14,612,889,74,28,17.6,53,1006,6.5,160,0
1969,1,1,15,419,771,62,27,16.9,54,1007,5.9,160,0
1969,1,1,16,218,619,45,26.1,16.7,56,1007,5.2,150,0
1969,1,1,17,54,235,27,24.8,16.8,61,1008,4,170,0
1969,1,1,18,0,0,0,23.5,16.8,66,1009,2.7,180,0
1969,1,1,19,0,0,0,22.2,16.7,71,1010,1.5,200,0
1969,1,1,20,0,0,0,21.1,16.5,75,1010,1,200,0
1969,1,1,21,0,0,0,20,16.5,80,1010,0.5,210,0
1969,1,1,22,0,0,0,18.9,16.1,84,1010,0,0,0
1969,1,1,23,0,0,0,18.7,15.4,81,1009,0.9,210,0
1969,1,2,0,0,0,0,18.5,14.6,78,1009,1.7,220,0
1969,1,2,1,0,0,0,18.3,13.9,75,1009,2.6,220,0
1969,1,2,2,0,0,0,18.1,13.8,76,1009,2.8,220,0
1969,1,2,3,0,0,0,18,13.9,77,1009,2.9,230,0
1969,1,2,4,0,0,0,17.8,13.9,78,1009,3.1,230,0
1969,1,2,5,0,0,0,18.5,13.8,74,1009,2.8,210,0
1969,1,2,6,3,3,2,19.3,13.7,70,1009,2.4,190,0
1969,1,2,7,62,161,43,20,13.3,66,1010,2.1,170,0
1969,1,2,8,181,195,118,22.8,15.9,65,1010,2.4,150,0
1969,1,2,9,363,450,139,25.5,18.2,64,1010,2.8,140,0
1969,1,2,10,476,485,170,28.3,20.6,63,1010,3.1,120,0
1969,1,2,11,458,318,232,28.5,21.3,65,1009,3.8,120,0
1969,1,2,12,604,513,227,28.7,22.2,68,1008,4.5,110,0
1969,1,2,13,548,451,233,28.9,22.8,70,1007,5.2,110,0
1969,1,2,14,419,343,210,28.2,22.4,71,1007,5,130,0
1969,1,2,15,384,451,175,27.4,21.7,71,1007,4.8,140,0
1969,1,2,16,144,44,131,26.7,21.1,72,1007,4.6,160,0
1969,1,2,17,30,14,28,25.9,21.1,75,1008,3.6,120,0
1969,1,2,18,0,0,0,25.2,21.3,79,1009,2.5,70,0
1969,1,2,19,0,0,0,24.4,21.1,82,1010,1.5,30,0
1969,1,2,20,0,0,0,24,20.9,83,1010,1,40,0
1969,1,2,21,0,0,0,23.7,20.7,83,1010,0.5,60,0
1969,1,2,22,0,0,0,23.3,20.6,84,1010,0,0,0
1969,1,2,23,0,0,0,22.8,20.2,85,1009,0,0,0
1969,1,3,0,0,0,0,22.2,19.8,86,1009,0,0,0
1969,1,3,1,0,0,0,21.7,19.4,87,1009,0,0,0
1969,1,3,2,0,0,0,21.5,19.3,87,1009,0,0,0
1969,1,3,3,0,0,0,21.3,19.1,87,1010,0,0,0
1969,1,3,4,0,0,0,21.1,18.9,87,1010,0,0,0
1969,1,3,5,0,0,0,21.1,19.1,88,1010,1,160,0
1969,1,3,6,1,0,1,21.1,19.2,89,1011,2.1,180,0
1969,1,3,7,23,1,23,21.1,19.4,90,1011,3.1,190,0
1969,1,3,8,114,9,111,21.7,19.6,88,1011,3.8,210,0
1969,1,3,9,222,2,220,22.2,19.8,86,1011,4.5,220,0
1969,1,3,10,189,7,185,22.8,20,84,1012,5.2,240,0
1969,1,3,11,316,9,310,23.5,20.3,82,1011,4.3,220,0
1969,1,3,12,322,1,321,24.3,20.8,81,1010,3.5,190,0
1969,1,3,13,303,3,302,25,21.1,79,1009,2.6,170,0
1969,1,3,14,289,1,288,24.4,21.1,82,1009,2.9,220,0
1969,1,3,15,243,1,242,23.9,21,84,1010,3.3,280,0
1969,1,3,16,150,1,149,23.3,21.1,87,1010,3.6,330,0
1969,1,3,17,46,1,45,22.6,20.2,86,1010,3.1,310,0
1969,1,3,18,0,0,0,21.8,19.2,85,1010,2.6,280,0
1969,1,3,19,0,0,0,21.1,18.3,84,1011,2.1,260,0
1969,1,3,20,0,0,0,21.1,18.5,85,1011,2.1,250,0
1969,1,3,21,0,0,0,21.1,18.7,86,1011,2.1,230,0
1969,1,3,22,0,0,0,21.1,18.9,87,1011,2.1,220,0
1969,1,3,23,0,0,0,20.9,18.9,88,1011,2.3,230,0
1969,1,4,0,0,0,0,20.8,18.9,89,1011,2.4,250,0
1969,1,4,1,0,0,0,20.6,18.9,90,1010,2.6,260,0
1969,1,4,2,0,0,0,20.4,18.5,89,1010,2.2,230,0
1969,1,4,3,0,0,0,20.2,18.2,88,1009,1.9,200,0
1969,1,4,4,0,0,0,20,17.8,87,1009,1.5,170,0
1969,1,4,5,0,0,0,20.2,17.8,86,1009,2,190,0
1969,1,4,6,2,0,2,20.4,17.8,85,1010,2.6,210,0
1969,1,4,7,52,0,52,20.6,17.8,84,1010,3.1,230,0
1969,1,4,8,171,0,171,21.7,18.3,81,1010,3.3,230,0
1969,1,4,9,254,1,253,22.8,18.6,77,1010,3.4,230,0
1969,1,4,10,184,2,183,23.9,18.9,74,1010,3.6,230,0
1969,1,4,11,360,1,359,23.5,19.3,77,1009,3.4,200,0
1969,1,4,12,394,0,393,23.2,19.8,81,1007,3.3,180,0
1969,1,4,13,213,0,213,22.8,20,84,1006,3.1,150,0
1969,1,4,14,293,0,293,23,20.2,84,1006,3.3,150,0
1969,1,4,15,247,0,247,23.1,20.3,84,1006,3.4,140,0
1969,1,4,16,85,0,85,23.3,20.6,84,1005,3.6,140,0
1969,1,4,17,42,0,42,22.9,20.3,85,1006,4.1,140,0
1969,1,4,18,0,0,0,22.6,20.2,86,1006,4.7,140,0
1969,1,4,19,0,0,0,22.2,20,87,1006,5.2,140,0
1969,1,4,20,0,0,0,22,19.9,88,1006,4.5,150,0
1969,1,4,21,0,0,0,21.9,20,89,1006,3.8,160,0
1969,1,4,22,0,0,0,21.7,20,90,1006,3.1,170,0
1969,1,4,23,0,0,0,21.5,19.8,90,1005,3.1,180,0
1969,1,5,0,0,0,0,21.3,19.6,90,1005,3.1,180,0
1969,1,5,1,0,0,0,21.1,19.4,90,1004,3.1,190,0
1969,1,5,2,0,0,0,21.3,19.8,91,1004,3.8,190,0
1969,1,5,3,0,0,0,21.5,20.2,92,1003,4.5,200,0
1969,1,5,4,0,0,0,21.7,20.6,93,1003,5.2,200,0
1969,1,5,5,0,0,0,21.5,20,91,1004,4.3,200,0
1969,1,5,6,1,0,1,21.3,19.4,89,1004,3.5,190,0
1969,1,5,7,28,0,28,21.1,18.9,87,1005,2.6,190,0
1969,1,5,8,142,1,142,21.7,19.5,87,1005,4.1,170,0
1969,1,5,9,252,1,252,22.2,19.9,87,1004,5.7,160,0
1969,1,5,10,298,2,297,22.8,20.6,87,1004,7.2,140,0
1969,1,5,11,307,101,235,23.7,20.7,83,1003,6.9,150,0
1969,1,5,12,372,175,243,24.7,20.6,78,1002,6.5,150,0
1969,1,5,13,348,125,260,25.6,20.6,74,1000,6.2,160,0
1969,1,5,14,310,110,242,24.7,20.6,78,1000,6.4,160,0
1969,1,5,15,255,152,184,23.7,20.7,83,1001,6.5,160,0
1969,1,5,16,66,19,61,22.8,20.6,87,1001,6.7,160,0
1969,1,5,17,37,18,35,22.8,20.5,87,1001,6,160,0
1969,1,5,18,0,0,0,22.8,20.5,87,1001,5.3,150,0
1969,1,5,19,0,0,0,22.8,20.6,87,1002,4.6,150,0
1969,1,5,20,0,0,0,22.6,20.2,86,1002,4.4,160,0
1969,1,5,21,0,0,0,22.4,19.8,85,1002,4.3,180,0
1969,1,5,22,0,0,0,22.2,19.4,84,1002,4.1,190,0
1969,1,5,23,0,0,0,22.2,19.4,84,1001,2.7,190,0
1969,1,6,0,0,0,0,22.2,19.4,84,1001,1.4,190,0
1969,1,6,1,0,0,0,22.2,19.4,84,1001,0,0,0
1969,1,6,2,0,0,0,22.2,19.2,83,1001,1,200,0
1969,1,6,3,0,0,0,22.2,19.2,83,1001,2.1,200,0
1969,1,6,4,0,0,0,22.2,18.9,82,1001,3.1,200,0
1969,1,6,5,0,0,0,21.8,19.2,85,1002,3.1,210,0
1969,1,6,6,0,0,0,21.5,19.3,87,1003,3.1,230,0
1969,1,6,7,22,2,21,21.1,19.4,90,1004,3.1,240,0
1969,1,6,8,115,6,113,21.3,19.6,90,1004,2.6,210,0
1969,1,6,9,202,8,198,21.5,19.8,90,1004,2,190,0
1969,1,6,10,166,4,164,21.7,20,90,1004,1.5,160,0
1969,1,6,11,354,7,349,22.6,20.3,87,1003,2.4,160,0
1969,1,6,12,390,158,273,23.5,20.8,85,1002,3.2,160,0
1969,1,6,13,378,152,271,24.4,21.1,82,1001,4.1,160,0
1969,1,6,14,500,368,274,23.7,21,85,1002,4.3,160,0
1969,1,6,15,177,9,173,22.9,20.6,87,1002,4.4,160,0
1969,1,6,16,65,8,63,22.2,20.6,90,1002,4.6,160,0
1969,1,6,17,28,2,28,22.2,20.3,89,1002,4.8,160,0
1969,1,6,18,0,0,0,22.2,20.1,88,1003,5,150,0
1969,1,6,19,0,0,0,22.2,20,87,1003,5.2,150,0
1969,1,6,20,0,0,0,22,20.1,89,1004,4,90,0
1969,1,6,21,0,0,0,21.9,20.4,91,1004,2.7,40,0
1969,1,6,22,0,0,0,21.7,20.6,93,1004,1.5,340,0
1969,1,6,23,0,0,0,21.9,20.6,92,1004,2.2,10,0
1969,1,7,0,0,0,0,22,20.5,91,1003,2.9,50,0
1969,1,7,1,0,0,0,22.2,20.6,90,1002,3.6,80,0
1969,1,7,2,0,0,0,22.2,20.1,88,1002,3.8,60,0
1969,1,7,3,0,0,0,22.2,19.8,86,1003,3.9,30,0
1969,1,7,4,0,0,0,22.2,19.4,84,1003,4.1,10,0
1969,1,7,5,0,0,0,22,19.4,85,1004,2.7,10,0
1969,1,7,6,0,0,0,21.9,19.5,86,1005,1.4,10,0
1969,1,7,7,47,4,46,21.7,19.4,87,1006,0,0,0
1969,1,7,8,146,71,123,23,20.2,84,1006,1,0,0
1969,1,7,9,194,55,166,24.3,20.6,80,1006,2.1,0,0
1969,1,7,10,486,391,238,25.6,21.1,77,1006,3.1,0,0
1969,1,7,11,498,322,268,25.6,21.3,77,1006,3.3,0,0
1969,1,7,12,622,405,322,25.6,21.3,77,1005,3.4,0,0
1969,1,7,13,694,677,216,25.6,21.1,77,1005,3.6,0,0
1969,1,7,14,426,206,299,25,21.3,80,1005,3.3,360,0
1969,1,7,15,223,124,164,24.5,21.6,84,1006,2.9,350,0
1969,1,7,16,65,4,64,23.9,21.7,87,1006,2.6,350,0
1969,1,7,17,36,2,35,23.3,21.4,89,1007,1.7,350,0
1969,1,7,18,0,0,0,22.8,21.3,91,1008,0.9,350,0
1969,1,7,19,0,0,0,22.2,21.1,93,1008,0,0,0
1969,1,7,20,0,0,0,22.2,20.8,92,1008,0,0,0
1969,1,7,21,0,0,0,22.2,20.7,91,1008,0,0,0
1969,1,7,22,0,0,0,22.2,20.6,90,1009,0,0,0
1969,1,7,23,0,0,0,22.2,20.5,90,1008,0.7,340,0
1969,1,8,0,0,0,0,22.2,20.5,90,1008,1.4,340,0
1969,1,8,1,0,0,0,22.2,20.6,90,1008,2.1,340,0
1969,1,8,2,0,0,0,22,20.3,90,1008,1.4,10,0
1969,1,8,3,0,0,0,21.9,20.2,90,1008,0.7,30,0
1969,1,8,4,0,0,0,21.7,20,90,1008,0,0,0
1969,1,8,5,0,0,0,21.7,20,90,1009,0.9,80,0
1969,1,8,6,0,0,0,21.7,20,90,1010,1.7,110,0
1969,1,8,7,42,20,40,21.7,20,90,1010,2.6,130,0
1969,1,8,8,171,95,140,23.2,20.7,86,1010,3.8,140,0
1969,1,8,9,324,343,153,24.6,21.5,83,1010,5,160,0
1969,1,8,10,353,151,257,26.1,22.2,79,1010,6.2,170,0
1969,1,8,11,585,436,272,26.8,21.6,73,1009,6.5,170,0
1969,1,8,12,455,276,250,27.6,20.9,67,1008,6.9,170,0
1969,1,8,13,657,575,250,28.3,20,61,1007,7.2,170,0
1969,1,8,14,526,484,226,27.9,20,62,1007,6.9,170,0
1969,1,8,15,229,75,193,27.6,20.2,64,1007,6.5,180,0
1969,1,8,16,154,22,148,27.2,20,65,1007,6.2,180,0
1969,1,8,17,51,32,48,25.7,20.1,71,1007,4.1,180,0
1969,1,8,18,0,0,0,24.3,20.2,78,1008,2.1,170,0
1969,1,8,19,0,0,0,22.8,20,84,1008,0,0,0
1969,1,8,20,0,0,0,23.2,20.2,83,1008,2.2,170,0
1969,1,8,21,0,0,0,23.5,20.5,83,1007,4.5,160,0
1969,1,8,22,0,0,0,23.9,20.6,82,1007,6.7,160,0
1969,1,8,23,0,0,0,23.7,20.3,81,1007,5.3,170,0
1969,1,9,0,0,0,0,23.5,19.9,80,1006,4,170,0
1969,1,9,1,0,0,0,23.3,19.4,79,1006,2.6,180,0
1969,1,9,2,0,0,0,22.8,20,84,1006,2.6,170,0
1969,1,9,3,0,0,0,22.2,20.1,88,1007,2.6,170,0
1969,1,9,4,0,0,0,21.7,20.6,93,1007,2.6,160,0
1969,1,9,5,0,0,0,22.1,20.8,92,1007,1.7,170,0
1969,1,9,6,0,0,0,22.4,20.9,91,1008,0.9,170,0
1969,1,9,7,17,1,17,22.8,21.1,90,1008,0,0,0
1969,1,9,8,140,5,138,23.9,21.4,86,1008,1,180,0
1969,1,9,9,208,12,202,25,21.9,83,1007,2.1,190,0
1969,1,9,10,269,2,267,26.1,22.2,79,1007,3.1,190,0
1969,1,9,11,282,0,282,25.9,22.2,80,1006,2.8,240,0
1969,1,9,12,378,7,372,25.8,22.3,81,1005,2.4,290,0
1969,1,9,13,181,2,180,25.6,22.2,82,1004,2.1,340,0
1969,1,9,14,280,5,277,24.8,21.9,84,1004,1.9,280,0
1969,1,9,15,245,2,245,24.1,21.4,85,1005,1.7,230,0
1969,1,9,16,82,1,82,23.3,21.1,87,1005,1.5,170,0
1969,1,9,17,42,1,42,22.6,20.7,89,1005,1.7,160,0
1969,1,9,18,0,0,0,21.8,20.3,91,1006,1.9,140,0
1969,1,9,19,0,0,0,21.1,20,93,1006,2.1,130,0
1969,1,9,20,0,0,0,21.1,19.8,92,1006,1.9,160,0
1969,1,9,21,0,0,0,21.1,19.6,91,1006,1.7,180,0
1969,1,9,22,0,0,0,21.1,19.4,90,1006,1.5,210,0
1969,1,9,23,0,0,0,21.1,19.6,91,1006,1.9,240,0
1969,1,10,0,0,0,0,21.1,19.8,92,1005,2.2,270,0
1969,1,10,1,0,0,0,21.1,20,93,1004,2.6,300,0
1969,1,10,2,0,0,0,20.4,19.2,93,1004,2.8,280,0
1969,1,10,3,0,0,0,19.6,18.5,93,1004,2.9,250,0
1969,1,10,4,0,0,0,18.9,17.8,93,1004,3.1,230,0
1969,1,10,5,0,0,0,19.3,17.8,91,1005,3.3,230,0
1969,1,10,6,0,0,0,19.6,17.8,89,1005,3.4,240,0
1969,1,10,7,63,194,41,20,17.8,87,1005,3.6,240,0
1969,1,10,8,242,446,99,22,19,83,1005,3.6,270,0
1969,1,10,9,341,418,132,24.1,20,78,1005,3.6,300,0
1969,1,10,10,587,754,109,26.1,21.1,74,1005,3.6,330,0
1969,1,10,11,708,794,138,25.9,20.5,72,1005,3.9,340,0
1969,1,10,12,657,680,150,25.8,20.2,71,1004,4.3,350,0
1969,1,10,13,503,386,228,25.6,19.4,69,1003,4.6,360,0
1969,1,10,14,359,188,241,25.2,19.4,70,1004,4.4,360,0
1969,1,10,15,281,110,228,24.8,19,70,1004,4.3,360,0
1969,1,10,16,92,23,85,24.4,18.9,71,1004,4.1,360,0
1969,1,10,17,36,20,34,24.4,18.4,69,1005,3.4,350,0
1969,1,10,18,0,0,0,24.4,18.1,68,1006,2.8,340,0
1969,1,10,19,0,0,0,24.4,17.8,66,1007,2.1,330,0
1969,1,10,20,0,0,0,23.3,18,72,1007,2.3,300,0
1969,1,10,21,0,0,0,22.2,18.2,78,1008,2.4,270,0
1969,1,10,22,0,0,0,21.1,18.3,84,1008,2.6,240,0
1969,1,10,23,0,0,0,20.7,17.9,84,1008,2.4,240,0
1969,1,11,0,0,0,0,20.4,17.6,84,1007,2.3,240,0
1969,1,11,1,0,0,0,20,17.2,84,1007,2.1,240,0
1969,1,11,2,0,0,0,19.4,15.7,79,1007,2.4,240,0
1969,1,11,3,0,0,0,18.9,14.4,75,1007,2.8,230,0
1969,1,11,4,0,0,0,18.3,12.8,70,1007,3.1,230,0
1969,1,11,5,0,0,0,18.9,13.1,69,1007,2.9,230,0
1969,1,11,6,0,0,0,19.4,13.2,67,1008,2.8,220,0
1969,1,11,7,62,237,35,20,13.3,66,1008,2.6,220,0
1969,1,11,8,218,417,84,22,14.9,64,1008,2.4,260,0
1969,1,11,9,466,819,57,24.1,16.4,62,1009,2.3,310,0
1969,1,11,10,623,877,66,26.1,17.8,60,1009,2.1,350,0
1969,1,11,11,721,884,84,25.7,17.9,62,1008,2.1,330,0
1969,1,11,12,657,593,213,25.4,18.4,65,1007,2.1,320,0
1969,1,11,13,582,517,212,25,18.3,67,1006,2.1,300,0
1969,1,11,14,388,261,225,24.8,18.5,68,1006,1.4,280,0
1969,1,11,15,319,179,232,24.6,18.8,70,1007,0.7,260,0
1969,1,11,16,159,160,111,24.4,18.9,71,1007,0,0,0
1969,1,11,17,32,40,28,23.7,19,75,1008,0.5,230,0
1969,1,11,18,0,0,0,22.9,18.9,78,1008,1,210,0
1969,1,11,19,0,0,0,22.2,18.9,82,1009,1.5,190,0
1969,1,11,20,0,0,0,21.5,18.5,83,1009,1.7,200,0
1969,1,11,21,0,0,0,20.7,17.7,83,1009,1.9,200,0
1969,1,11,22,0,0,0,20,17.2,84,1010,2.1,210,0
1969,1,11,23,0,0,0,19.8,16.9,83,1009,2.1,210,0
1969,1,12,0,0,0,0,19.6,16.5,82,1009,2.1,220,0
1969,1,12,1,0,0,0,19.4,16.1,81,1009,2.1,220,0
1969,1,12,2,0,0,0,19.4,15.9,80,1009,2.6,230,0
1969,1,12,3,0,0,0,19.4,15.7,79,1009,3.1,230,0
1969,1,12,4,0,0,0,19.4,15.6,78,1009,3.6,240,0
1969,1,12,5,0,0,0,19.6,15.3,76,1009,3.3,240,0
1969,1,12,6,0,0,0,19.8,15.3,75,1010,2.9,230,0
1969,1,12,7,61,144,44,20,15,73,1010,2.6,230,0
1969,1,12,8,185,248,105,22.2,16.3,69,1010,2.8,190,0
1969,1,12,9,386,410,181,24.5,17.3,64,1010,2.9,140,0
1969,1,12,10,603,731,138,26.7,18.3,60,1010,3.1,100,0
1969,1,12,11,614,602,179,26.3,18.2,61,1009,3.1,100,0
1969,1,12,12,627,543,220,26,17.9,61,1009,3.1,100,0
1969,1,12,13,553,387,275,25.6,17.8,62,1008,3.1,100,0
1969,1,12,14,420,255,259,25.2,17.7,63,1008,2.8,110,0
1969,1,12,15,266,131,202,24.8,17.8,65,1008,2.4,110,0
1969,1,12,16,114,97,84,24.4,17.8,66,1009,2.1,120,0
1969,1,12,17,37,9,36,23.7,18.2,71,1009,2.1,150,0
1969,1,12,18,0,0,0,22.9,18.7,77,1009,2.1,190,0
1969,1,12,19,0,0,0,22.2,18.9,82,1010,2.1,220,0
1969,1,12,20,0,0,0,21.8,18.8,83,1010,1.9,220,0
1969,1,12,21,0,0,0,21.5,18.5,83,1010,1.7,210,0
1969,1,12,22,0,0,0,21.1,18.3,84,1010,1.5,210,0
1969,1,12,23,0,0,0,20.5,17.2,81,1010,1.9,210,0
1969,1,13,0,0,0,0,20,16.3,79,1010,2.2,210,0
1969,1,13,1,0,0,0,19.4,15,76,1009,2.6,210,0
1969,1,13,2,0,0,0,19.2,15.1,77,1009,2.2,200,0
1969,1,13,3,0,0,0,19.1,15,77,1009,1.9,190,0
1969,1,13,4,0,0,0,18.9,15,78,1009,1.5,180,0
1969,1,13,5,0,0,0,19.1,14.6,75,1009,2,190,0
1969,1,13,6,0,0,0,19.2,13.8,71,1009,2.6,190,0
1969,1,13,7,73,407,27,19.4,13.3,68,1010,3.1,200,0
1969,1,13,8,257,677,40,21.6,14.5,64,1010,3.1,250,0
1969,1,13,9,450,760,70,23.9,15.7,60,1010,3.1,290,0
1969,1,13,10,607,860,59,26.1,16.7,56,1010,3.1,340,0
1969,1,13,11,713,829,113,25.7,17.4,60,1009,3.1,340,0
1969,1,13,12,644,593,199,25.4,17.9,63,1008,3.1,330,0
1969,1,13,13,364,86,302,25,18.3,67,1007,3.1,330,0
1969,1,13,14,234,4,232,24.8,18.7,69,1007,2.8,340,0
1969,1,13,15,231,68,197,24.6,19.2,72,1008,2.4,350,0
1969,1,13,16,145,49,130,24.4,19.4,74,1008,2.1,360,0
1969,1,13,17,26,0,26,23.5,19.3,77,1008,2.3,310,0
1969,1,13,18,0,0,0,22.6,19.2,81,1009,2.4,250,0
1969,1,13,19,0,0,0,21.7,18.9,84,1009,2.6,200,0
1969,1,13,20,0,0,0,21.1,17.7,81,1010,2.4,210,0
1969,1,13,21,0,0,0,20.6,16.9,79,1010,2.3,230,0
1969,1,13,22,0,0,0,20,15.6,76,1010,2.1,240,0
1969,1,13,23,0,0,0,19.8,15.9,78,1010,1.9,240,0
1969,1,14,0,0,0,0,19.6,15.9,79,1009,1.7,230,0
1969,1,14,1,0,0,0,19.4,16.1,81,1008,1.5,230,0
1969,1,14,2,0,0,0,19.4,16.1,81,1008,1.9,230,0
1969,1,14,3,0,0,0,19.4,16.1,81,1008,2.2,220,0
1969,1,14,4,0,0,0,19.4,16.1,81,1007,2.6,220,0
1969,1,14,5,0,0,0,19.6,15.9,79,1008,2.6,220,0
1969,1,14,6,0,0,0,19.8,15.9,78,1009,2.6,210,0
1969,1,14,7,62,106,50,20,15.6,76,1009,2.6,210,0
1969,1,14,8,200,343,90,22,16.7,72,1009,2.8,260,0
1969,1,14,9,354,439,134,24.1,18.1,69,1009,2.9,320,0
1969,1,14,10,614,761,128,26.1,18.9,65,1009,3.1,10,0
1969,1,14,11,731,778,167,26.1,18.5,63,1008,3.3,0,0
1969,1,14,12,515,393,219,26.1,17.8,60,1008,3.4,350,0
1969,1,14,13,406,209,255,26.1,17.2,58,1007,3.6,340,0
1969,1,14,14,503,508,182,25.5,17.7,62,1007,2.4,320,0
1969,1,14,15,379,434,165,25,18,65,1007,1.2,300,0
1969,1,14,16,204,274,118,24.4,18.3,69,1007,0,0,0
1969,1,14,17,54,190,32,23.3,18,72,1008,0.7,270,0
1969,1,14,18,0,0,0,22.2,17.8,76,1008,1.4,250,0
1969,1,14,19,0,0,0,21.1,17.2,79,1009,2.1,230,0
1969,1,14,20,0,0,0,20.7,17.2,80,1009,2.3,230,0
1969,1,14,21,0,0,0,20.4,16.9,80,1010,2.4,230,0
1969,1,14,22,0,0,0,20,16.7,81,1010,2.6,230,0
1969,1,14,23,0,0,0,19.6,15.9,79,1009,2.4,220,0
1969,1,15,0,0,0,0,19.3,15.4,78,1009,2.3,220,0
1969,1,15,1,0,0,0,18.9,14.4,76,1009,2.1,210,0
1969,1,15,2,0,0,0,18.7,14.8,78,1009,2.1,200,0
1969,1,15,3,0,0,0,18.5,14.8,79,1009,2.1,190,0
1969,1,15,4,0,0,0,18.3,15,81,1009,2.1,180,0
1969,1,15,5,0,0,0,18.7,15.2,80,1009,2.6,190,0
1969,1,15,6,0,0,0,19,15.3,79,1009,3.1,210,0
1969,1,15,7,59,161,40,19.4,15.6,78,1010,3.6,220,0
1969,1,15,8,241,483,86,21.6,15.5,68,1010,3.4,270,0
1969,1,15,9,345,395,147,23.9,15.4,59,1010,3.3,310,0
1969,1,15,10,553,596,172,26.1,14.4,49,1010,3.1,360,0
1969,1,15,11,556,470,214,25.7,15.4,53,1009,4.5,350,0
1969,1,15,12,499,390,205,25.4,16,56,1008,5.8,350,0
1969,1,15,13,435,115,352,25,16.7,60,1007,7.2,340,0
1969,1,15,14,382,188,263,24.6,16.9,62,1007,7.4,330,0
1969,1,15,15,273,179,184,24.3,17.1,64,1008,7.5,330,0
1969,1,15,16,190,122,152,23.9,17.2,66,1008,7.7,320,0
1969,1,15,17,48,63,41,23.3,16.9,67,1009,5.8,300,0
1969,1,15,18,0,0,0,22.8,16.4,67,1009,4,290,0
1969,1,15,19,0,0,0,22.2,16.1,68,1010,2.1,270,0
1969,1,15,20,0,0,0,21.3,16.1,72,1010,2.3,260,0
1969,1,15,21,0,0,0,20.3,16.2,77,1010,2.4,260,0
1969,1,15,22,0,0,0,19.4,16.1,81,1011,2.6,250,0
1969,1,15,23,0,0,0,19,14.9,77,1010,2.2,230,0
1969,1,16,0,0,0,0,18.7,14,74,1010,1.9,200,0
1969,1,16,1,0,0,0,18.3,12.8,70,1010,1.5,180,0
1969,1,16,2,0,0,0,17.8,12.7,72,1010,1.5,180,0
1969,1,16,3,0,0,0,17.2,12.4,73,1009,1.5,180,0
1969,1,16,4,0,0,0,16.7,12.2,75,1009,1.5,180,0
1969,1,16,5,0,0,0,17.4,12.1,71,1010,1.9,190,0
1969,1,16,6,0,0,0,18.2,12,67,1010,2.2,210,0
1969,1,16,7,65,345,26,18.9,11.7,63,1011,2.6,220,0
1969,1,16,8,267,687,46,21.1,12.8,59,1010,3.8,250,0
1969,1,16,9,465,812,58,23.4,14.2,56,1010,5,290,0
1969,1,16,10,664,928,69,25.6,15,52,1010,6.2,320,0
1969,1,16,11,766,948,75,25.6,15.6,54,1009,6.2,330,0
1969,1,16,12,802,958,78,25.6,16.2,56,1008,6.2,350,0
1969,1,16,13,767,952,75,25.6,16.7,58,1007,6.2,360,0
1969,1,16,14,637,898,64,25.2,16.6,59,1007,6.4,360,0
1969,1,16,15,497,866,66,24.8,16.8,61,1007,6.5,350,0
1969,1,16,16,284,698,63,24.4,16.7,62,1007,6.7,350,0
1969,1,16,17,53,81,44,22.7,16.5,68,1008,5.7,300,0
1969,1,16,18,0,0,0,21.1,16.5,75,1008,4.6,250,0
1969,1,16,19,0,0,0,19.4,16.1,81,1009,3.6,200,0
1969,1,16,20,0,0,0,19,15.7,81,1009,3.1,200,0
1969,1,16,21,0,0,0,18.7,15.4,81,1009,2.6,210,0
1969,1,16,22,0,0,0,18.3,15,81,1010,2.1,210,0
1969,1,16,23,0,0,0,18.5,15.2,81,1009,2.3,210,0
1969,1,17,0,0,0,0,18.7,15.4,81,1009,2.4,220,0
1969,1,17,1,0,0,0,18.9,15.6,81,1009,2.6,220,0
1969,1,17,2,0,0,0,18.5,14.4,77,1009,2.6,220,0
1969,1,17,3,0,0,0,18.2,13.5,74,1009,2.6,230,0
1969,1,17,4,0,0,0,17.8,12.2,70,1009,2.6,230,0
1969,1,17,5,0,0,0,18.7,13.2,70,1009,2.2,230,0
1969,1,17,6,0,0,0,19.7,14.3,71,1010,1.9,220,0
1969,1,17,7,62,223,37,20.6,15,71,1010,1.5,220,0
1969,1,17,8,195,244,116,22.3,15.2,64,1010,3.1,260,0
1969,1,17,9,427,669,91,23.9,14.9,57,1010,4.6,290,0
1969,1,17,10,629,883,63,25.6,14.4,50,1011,6.2,330,0
1969,1,17,11,500,372,229,25.2,14.4,51,1010,5.9,330,0
1969,1,17,12,634,463,283,24.8,14,51,1009,5.5,340,0
1969,1,17,13,390,87,327,24.4,13.9,52,1009,5.2,340,0
1969,1,17,14,352,86,297,24.2,14.1,53,1009,5.4,340,0
1969,1,17,15,167,2,166,24.1,14,53,1009,5.5,350,0
1969,1,17,16,121,6,119,23.9,13.9,54,1009,5.7,350,0
1969,1,17,17,48,52,42,22.8,14.7,60,1010,4.3,310,0
1969,1,17,18,0,0,0,21.7,14.9,65,1011,2.9,270,0
1969,1,17,19,0,0,0,20.6,15,71,1012,1.5,230,0
1969,1,17,20,0,0,0,20,15,73,1012,1.7,230,0
1969,1,17,21,0,0,0,19.5,15.2,76,1012,1.9,230,0
1969,1,17,22,0,0,0,18.9,15,78,1013,2.1,230,0
1969,1,17,23,0,0,0,18.7,15,79,1012,2.1,230,0
1969,1,18,0,0,0,0,18.5,15,80,1012,2.1,220,0
1969,1,18,1,0,0,0,18.3,15,81,1012,2.1,220,0
1969,1,18,2,0,0,0,18.5,14.6,78,1011,2.1,210,0
1969,1,18,3,0,0,0,18.7,14.4,76,1011,2.1,190,0
1969,1,18,4,0,0,0,18.9,13.9,73,1011,2.1,180,0
1969,1,18,5,0,0,0,19.1,13.8,71,1012,2.4,200,0
1969,1,18,6,0,0,0,19.2,13.6,70,1012,2.8,210,0
1969,1,18,7,59,227,33,19.4,13.3,68,1013,3.1,230,0
1969,1,18,8,212,402,83,21.5,13.9,62,1013,2.9,270,0
1969,1,18,9,406,593,107,23.5,14.3,56,1013,2.8,310,0
1969,1,18,10,671,821,143,25.6,14.4,50,1013,2.6,350,0
1969,1,18,11,492,394,204,25,14.5,52,1012,2.6,350,0
1969,1,18,12,464,129,366,24.5,14.6,54,1011,2.6,360,0
1969,1,18,13,596,347,342,23.9,14.4,56,1011,2.6,0,0
1969,1,18,14,320,80,269,23.9,15.4,59,1011,2.1,20,0
1969,1,18,15,423,501,170,23.9,16,61,1011,1.5,40,0
1969,1,18,16,187,198,123,23.9,16.7,64,1011,1,60,0
1969,1,18,17,64,170,44,22.6,16.7,69,1011,1.5,120,0
1969,1,18,18,0,0,0,21.3,16.3,73,1012,2.1,170,0
1969,1,18,19,0,0,0,20,16.1,78,1012,2.6,230,0
1969,1,18,20,0,0,0,19.4,15.3,77,1012,2.6,230,0
1969,1,18,21,0,0,0,18.9,14.6,76,1012,2.6,220,0
1969,1,18,22,0,0,0,18.3,13.9,75,1013,2.6,220,0
1969,1,18,23,0,0,0,17.9,13,73,1012,2.6,220,0
1969,1,19,0,0,0,0,17.6,12.5,72,1012,2.6,210,0
1969,1,19,1,0,0,0,17.2,11.7,70,1012,2.6,210,0
1969,1,19,2,0,0,0,16.5,11,70,1011,2.2,220,0
1969,1,19,3,0,0,0,15.7,10.3,70,1011,1.9,220,0
1969,1,19,4,0,0,0,15,9.4,70,1011,1.5,230,0
1969,1,19,5,0,0,0,15.9,10.3,69,1012,2.2,230,0
1969,1,19,6,0,0,0,16.9,11.2,69,1012,2.9,220,0
1969,1,19,7,67,337,29,17.8,11.7,68,1013,3.6,220,0
1969,1,19,8,274,686,52,20.8,13,61,1013,3.6,270,0
1969,1,19,9,467,764,81,23.7,13.9,54,1013,3.6,310,0
1969,1,19,10,630,787,122,26.7,14.4,47,1013,3.6,360,0
1969,1,19,11,675,703,160,25.9,15.6,53,1012,4.8,350,0
1969,1,19,12,741,773,151,25.2,16.9,60,1012,6,340,0
1969,1,19,13,673,646,199,24.4,17.8,66,1011,7.2,330,0
1969,1,19,14,488,506,161,23.5,17,67,1011,7.7,330,0
1969,1,19,15,391,518,129,22.6,16.2,67,1011,8.3,330,0
1969,1,19,16,179,162,126,21.7,15.6,68,1012,8.8,330,0
1969,1,19,17,56,92,45,21.5,14.9,66,1012,8.1,330,0
1969,1,19,18,0,0,0,21.3,14,63,1013,7.4,330,0
1969,1,19,19,0,0,0,21.1,13.3,61,1013,6.7,330,0
1969,1,19,20,0,0,0,21.1,13.1,60,1014,6.2,330,0
1969,1,19,21,0,0,0,21.1,12.6,58,1014,5.7,320,0
1969,1,19,22,0,0,0,21.1,12.2,57,1014,5.2,320,0
1969,1,19,23,0,0,0,20.4,12.2,59,1014,4.7,310,0
1969,1,20,0,0,0,0,19.6,11.9,61,1014,4.1,300,0
1969,1,20,1,0,0,0,18.9,11.7,63,1014,3.6,290,0
1969,1,20,2,0,0,0,17.8,11.2,65,1013,3.1,260,0
1969,1,20,3,0,0,0,16.7,10.8,68,1013,2.6,230,0
1969,1,20,4,0,0,0,15.6,10,70,1013,2.1,200,0
1969,1,20,5,0,0,0,16.3,10.2,67,1013,2.6,210,0
1969,1,20,6,0,0,0,17.1,10.3,64,1014,3.1,230,0
1969,1,20,7,66,316,30,17.8,10,61,1014,3.6,240,0
1969,1,20,8,277,681,57,20.2,10.9,55,1014,3.3,200,0
1969,1,20,9,415,642,91,22.6,11.4,49,1014,2.9,150,0
1969,1,20,10,666,893,89,25,11.7,43,1014,2.6,110,0
1969,1,20,11,748,780,174,24.3,12.3,47,1012,3.3,110,0
1969,1,20,12,601,390,303,23.5,12.8,51,1011,3.9,110,0
1969,1,20,13,515,208,361,22.8,13.3,55,1010,4.6,110,0
1969,1,20,14,325,155,224,22.8,13.6,56,1010,3.9,130,0
1969,1,20,15,290,152,213,22.8,13.6,56,1010,3.3,150,0
1969,1,20,16,191,137,146,22.8,13.9,57,1010,2.6,170,0
1969,1,20,17,51,72,42,21.7,14.1,62,1010,2.6,200,0
1969,1,20,18,0,0,0,20.5,14.4,68,1010,2.6,240,0
1969,1,20,19,0,0,0,19.4,14.4,73,1010,2.6,270,0
1969,1,20,20,0,0,0,18.3,14.4,78,1010,1.7,270,0
1969,1,20,21,0,0,0,17.2,14.1,82,1010,0.9,270,0
1969,1,20,22,0,0,0,16.1,13.9,87,1010,0,0,0
1969,1,20,23,0,0,0,16.8,14.3,85,1009,1.4,280,0
1969,1,21,0,0,0,0,17.6,14.7,83,1009,2.7,280,0
1969,1,21,1,0,0,0,18.3,15,81,1008,4.1,280,0
1969,1,21,2,0,0,0,17.6,14.5,82,1008,3.6,290,0
1969,1,21,3,0,0,0,16.8,13.9,83,1007,3.1,300,0
1969,1,21,4,0,0,0,16.1,13.3,84,1007,2.6,310,0
1969,1,21,5,0,0,0,16.8,13.7,82,1007,2.2,350,0
1969,1,21,6,0,0,0,17.6,14.1,80,1008,1.9,20,0
1969,1,21,7,49,73,40,18.3,14.4,78,1008,1.5,60,0
1969,1,21,8,243,360,126,21.3,15.4,69,1008,2.7,80,0
1969,1,21,9,442,526,175,24.2,16,60,1007,4,110,0
1969,1,21,10,607,626,201,27.2,16.1,51,1007,5.2,130,0
1969,1,21,11,658,592,221,26.7,16.4,53,1007,5.2,100,0
1969,1,21,12,716,710,171,26.1,16.1,54,1006,5.2,70,0
1969,1,21,13,575,457,238,25.6,16.1,56,1005,5.2,40,0
1969,1,21,14,541,525,199,25,15.4,55,1005,4.8,350,0
1969,1,21,15,327,309,169,24.5,14.3,53,1005,4.5,300,0
1969,1,21,16,255,498,91,23.9,13.3,52,1004,4.1,250,0
1969,1,21,17,63,192,40,23,13.5,55,1005,3.2,220,0
1969,1,21,18,0,0,0,22,13.4,58,1006,2.4,180,0
1969,1,21,19,0,0,0,21.1,13.3,61,1006,1.5,150,0
1969,1,21,20,0,0,0,20.4,12.7,61,1007,1,120,0
1969,1,21,21,0,0,0,19.6,11.9,61,1007,0.5,90,0
1969,1,21,22,0,0,0,18.9,11.1,61,1008,0,0,0
1969,1,21,23,0,0,0,19.6,11.4,59,1008,1.2,40,0
1969,1,22,0,0,0,0,20.4,11.6,57,1007,2.4,10,0
1969,1,22,1,0,0,0,21.1,11.7,55,1007,3.6,340,0
1969,1,22,2,0,0,0,20.2,11.7,58,1007,3.1,320,0
1969,1,22,3,0,0,0,19.2,11.3,60,1007,2.6,310,0
1969,1,22,4,0,0,0,18.3,11.1,63,1007,2.1,290,0
1969,1,22,5,0,0,0,18.9,12.2,65,1008,1.9,250,0
1969,1,22,6,0,0,0,19.4,12.9,66,1008,1.7,200,0
1969,1,22,7,50,122,36,20,13.9,68,1009,1.5,160,0
1969,1,22,8,230,450,84,21.3,13.5,61,1009,2.9,210,0
1969,1,22,9,418,535,145,22.6,13.1,55,1009,4.3,270,0
1969,1,22,10,533,565,165,23.9,12.2,48,1010,5.7,320,0
1969,1,22,11,596,412,292,23.7,12.1,48,1009,6.2,320,0
1969,1,22,12,431,164,305,23.5,11.9,48,1008,6.7,330,0
1969,1,22,13,340,109,259,23.3,11.7,48,1007,7.2,330,0
1969,1,22,14,446,181,328,23.3,12,49,1007,6.2,330,0
1969,1,22,15,351,310,192,23.3,12,49,1008,5.1,320,0
1969,1,22,16,191,227,116,23.3,12.2,50,1008,4.1,320,0
1969,1,22,17,53,142,36,22.4,12.7,54,1009,4.5,320,0
1969,1,22,18,1,1,1,21.5,13.2,59,1009,4.8,310,0
1969,1,22,19,0,0,0,20.6,13.3,63,1010,5.2,310,0
1969,1,22,20,0,0,0,19.7,13,65,1010,4,280,0
1969,1,22,21,0,0,0,18.7,12.7,68,1011,2.7,250,0
1969,1,22,22,0,0,0,17.8,12.2,70,1011,1.5,220,0
1969,1,22,23,0,0,0,17.1,11.4,69,1011,1.9,230,0
1969,1,23,0,0,0,0,16.3,10.4,68,1010,2.2,230,0
1969,1,23,1,0,0,0,15.6,9.4,67,1010,2.6,240,0
1969,1,23,2,0,0,0,15.4,9.3,67,1010,2.2,240,0
1969,1,23,3,0,0,0,15.2,9.2,67,1010,1.9,240,0
1969,1,23,4,0,0,0,15,8.9,67,1010,1.5,240,0
1969,1,23,5,0,0,0,15.6,9.1,65,1011,1.9,240,0
1969,1,23,6,0,0,0,16.1,8.9,62,1011,2.2,230,0
1969,1,23,7,77,502,20,16.7,8.9,60,1012,2.6,230,0
1969,1,23,8,207,520,37,19.3,10.3,56,1012,3.6,270,0
1969,1,23,9,457,767,66,21.8,11.5,52,1012,4.7,310,0
1969,1,23,10,649,844,99,24.4,12.8,48,1012,5.7,350,0
1969,1,23,11,677,719,144,24.4,13,49,1011,5.9,340,0
1969,1,23,12,775,873,100,24.4,13.6,51,1010,6,340,0
1969,1,23,13,731,869,84,24.4,13.9,52,1009,6.2,330,0
1969,1,23,14,550,676,106,23.9,14.1,54,1009,6.7,340,0
1969,1,23,15,495,837,62,23.3,14.3,57,1010,7.2,340,0
1969,1,23,16,300,743,50,22.8,14.4,59,1010,7.7,350,0
1969,1,23,17,79,446,24,22.1,14.5,62,1011,6.5,340,0
1969,1,23,18,5,11,1,21.3,14.5,65,1011,5.3,320,0
1969,1,23,19,0,0,0,20.6,14.4,68,1012,4.1,310,0
1969,1,23,20,0,0,0,20.2,13.2,64,1012,3.9,300,0
1969,1,23,21,0,0,0,19.8,12.1,61,1013,3.8,290,0
1969,1,23,22,0,0,0,19.4,10.6,57,1013,3.6,280,0
1969,1,23,23,0,0,0,18.1,10.7,62,1013,2.9,270,0
1969,1,24,0,0,0,0,16.9,10.8,67,1012,2.2,250,0
1969,1,24,1,0,0,0,15.6,10.6,72,1012,1.5,240,0
1969,1,24,2,0,0,0,16.9,10.5,66,1012,2.5,260,0
1969,1,24,3,0,0,0,18.1,10.5,61,1012,3.6,270,0
1969,1,24,4,0,0,0,19.4,10,55,1012,4.6,290,0
1969,1,24,5,0,0,0,19.2,10.3,56,1012,4.4,270,0
1969,1,24,6,0,0,0,19.1,10.2,56,1013,4.3,260,0
1969,1,24,7,70,353,29,18.9,10,57,1013,4.1,240,0
1969,1,24,8,290,779,36,20.7,11.1,54,1013,4.5,280,0
1969,1,24,9,445,660,108,22.6,11.7,50,1013,4.8,310,0
1969,1,24,10,620,799,98,24.4,12.2,47,1014,5.2,350,0
1969,1,24,11,731,868,86,24.6,12.3,46,1013,5,350,0
1969,1,24,12,740,770,143,24.8,11.8,44,1012,4.8,360,0
1969,1,24,13,671,730,125,25,11.7,43,1011,4.6,360,0
1969,1,24,14,568,677,121,24.1,11.8,46,1011,3.9,360,0
1969,1,24,15,470,707,102,23.1,12.2,50,1011,3.3,360,0
1969,1,24,16,251,398,116,22.2,12.2,53,1011,2.6,360,0
1969,1,24,17,82,319,42,21.7,12.6,56,1012,2.8,340,0
1969,1,24,18,6,14,2,21.1,12.6,58,1012,2.9,320,0
1969,1,24,19,0,0,0,20.6,12.8,61,1013,3.1,300,0
1969,1,24,20,0,0,0,19.1,12.4,65,1013,2.8,270,0
1969,1,24,21,0,0,0,17.6,11.7,68,1013,2.4,240,0
1969,1,24,22,0,0,0,16.1,11.1,72,1013,2.1,210,0
1969,1,24,23,0,0,0,15.7,10.5,71,1013,2.4,220,0
1969,1,25,0,0,0,0,15.4,10.2,71,1013,2.8,230,0
1969,1,25,1,0,0,0,15,9.4,70,1012,3.1,240,0
1969,1,25,2,0,0,0,15,9,67,1012,3.1,230,0
1969,1,25,3,0,0,0,15,8.5,65,1012,3.1,230,0
1969,1,25,4,0,0,0,15,7.8,62,1012,3.1,220,0
1969,1,25,5,0,0,0,15.4,8,61,1013,2.8,220,0
1969,1,25,6,0,0,0,15.7,8.2,61,1013,2.4,220,0
1969,1,25,7,57,136,41,16.1,8.3,60,1013,2.1,220,0
1969,1,25,8,199,261,113,18.3,10.7,61,1013,3.8,260,0
1969,1,25,9,471,639,143,20.6,13.3,63,1013,5.5,290,0
1969,1,25,10,451,335,232,22.8,15.6,64,1014,7.2,330,0
1969,1,25,11,647,523,257,23.3,15.1,60,1013,5.5,330,0
1969,1,25,12,685,605,214,23.9,14.6,56,1012,3.8,330,0
1969,1,25,13,743,787,153,24.4,13.9,52,1011,2.1,330,0
1969,1,25,14,645,807,110,23.9,14.6,56,1011,2.8,340,0
1969,1,25,15,460,652,118,23.3,15.1,60,1011,3.4,350,0
1969,1,25,16,279,661,53,22.8,15.6,64,1011,4.1,360,0
1969,1,25,17,73,147,54,22.4,15.5,65,1011,4.1,340,0
1969,1,25,18,1,1,1,22.1,15.7,67,1012,4.1,330,0
1969,1,25,19,0,0,0,21.7,15.6,68,1013,4.1,310,0
1969,1,25,20,0,0,0,20.8,15.4,71,1013,3.4,280,0
1969,1,25,21,0,0,0,19.8,15.3,75,1013,2.8,260,0
1969,1,25,22,0,0,0,18.9,15,78,1013,2.1,230,0
1969,1,25,23,0,0,0,18.7,14.2,75,1013,1.9,220,0
1969,1,26,0,0,0,0,18.5,13.2,71,1013,1.7,220,0
1969,1,26,1,0,0,0,18.3,12.2,68,1013,1.5,210,0
1969,1,26,2,0,0,0,18.3,11.6,65,1012,2.2,220,0
1969,1,26,3,0,0,0,18.3,10.9,62,1012,2.9,220,0
1969,1,26,4,0,0,0,18.3,10,59,1012,3.6,230,0
1969,1,26,5,0,0,0,18.7,10.8,60,1013,3.3,230,0
1969,1,26,6,0,0,0,19,11.1,60,1014,2.9,220,0
1969,1,26,7,41,38,37,19.4,11.7,61,1014,2.6,220,0
1969,1,26,8,206,175,148,21.1,12.8,59,1014,3.1,260,0
1969,1,26,9,337,308,179,22.7,13.5,56,1014,3.6,310,0
1969,1,26,10,524,365,284,24.4,14.4,54,1014,4.1,350,0
1969,1,26,11,488,270,286,24.8,14.3,52,1013,4.3,350,0
1969,1,26,12,752,796,131,25.2,14.4,51,1013,4.4,360,0
1969,1,26,13,778,945,66,25.6,13.9,49,1012,4.6,360,0
1969,1,26,14,494,514,152,24.5,14,52,1012,4.6,350,0
1969,1,26,15,375,374,177,23.3,14.1,56,1012,4.6,340,0
1969,1,26,16,142,9,139,22.2,13.9,59,1012,4.6,330,0
1969,1,26,17,38,5,37,22,13.9,60,1013,4.4,320,0
1969,1,26,18,2,2,1,21.9,13.8,60,1013,4.3,310,0
1969,1,26,19,0,0,0,21.7,13.9,61,1014,4.1,300,0
1969,1,26,20,0,0,0,21.5,13.9,62,1014,3.6,290,0
1969,1,26,21,0,0,0,21.3,14,63,1015,3.1,280,0
1969,1,26,22,0,0,0,21.1,13.9,64,1015,2.6,270,0
1969,1,26,23,0,0,0,20.7,13.9,65,1015,2.6,260,0
1969,1,27,0,0,0,0,20.4,13.6,65,1014,2.6,250,0
1969,1,27,1,0,0,0,20,13.3,66,1014,2.6,240,0
1969,1,27,2,0,0,0,19.6,13.1,66,1014,2.6,240,0
1969,1,27,3,0,0,0,19.3,12.6,65,1014,2.6,250,0
1969,1,27,4,0,0,0,18.9,12.2,65,1014,2.6,250,0
1969,1,27,5,0,0,0,18.7,11.8,64,1014,2.8,250,0
1969,1,27,6,0,0,0,18.5,11.1,62,1014,2.9,240,0
1969,1,27,7,50,72,42,18.3,10.6,61,1015,3.1,240,0
1969,1,27,8,202,211,133,20.5,11.5,56,1015,3.6,270,0
1969,1,27,9,414,451,181,22.8,12.5,52,1015,4.1,310,0
1969,1,27,10,598,732,115,25,12.8,47,1015,4.6,340,0
1969,1,27,11,755,837,127,25.4,13,46,1014,4.3,340,0
1969,1,27,12,572,410,251,25.7,13.3,46,1013,3.9,350,0
1969,1,27,13,642,554,223,26.1,13.3,45,1013,3.6,350,0
1969,1,27,14,474,344,244,25,13.6,49,1012,3.8,350,0
1969,1,27,15,276,131,206,23.9,13.8,53,1012,3.9,350,0
1969,1,27,16,188,99,154,22.8,13.9,57,1012,4.1,350,0
1969,1,27,17,77,161,55,22.4,14,59,1013,4.1,340,0
1969,1,27,18,3,0,3,22.1,14.5,62,1013,4.1,330,0
1969,1,27,19,0,0,0,21.7,14.4,64,1014,4.1,320,0
1969,1,27,20,0,0,0,21.7,14.4,63,1014,3.8,310,0
1969,1,27,21,0,0,0,21.7,14.1,62,1014,3.4,300,0
1969,1,27,22,0,0,0,21.7,13.9,61,1015,3.1,290,0
1969,1,27,23,0,0,0,20.8,13.5,63,1014,2.8,280,0
1969,1,28,0,0,0,0,19.8,13.3,66,1014,2.4,260,0
1969,1,28,1,0,0,0,18.9,12.8,68,1013,2.1,250,0
1969,1,28,2,0,0,0,19.1,12.6,66,1013,1.4,250,0
1969,1,28,3,0,0,0,19.2,12,63,1013,0.7,260,0
1969,1,28,4,0,0,0,19.4,11.7,61,1012,0,0,0
1969,1,28,5,0,0,0,20,12,60,1013,0.7,260,0
1969,1,28,6,0,0,0,20.5,12,58,1014,1.4,270,0
1969,1,28,7,34,4,33,21.1,12.2,57,1014,2.1,270,0
1969,1,28,8,183,79,157,22.2,12.5,54,1014,2.3,280,0
1969,1,28,9,208,20,197,23.3,12.3,50,1015,2.4,300,0
1969,1,28,10,417,169,305,24.4,12.2,47,1015,2.6,310,0
1969,1,28,11,565,328,317,24.2,13.8,52,1014,2.9,300,0
1969,1,28,12,428,104,346,24.1,15.1,57,1013,3.3,280,0
1969,1,28,13,420,160,299,23.9,16.1,62,1012,3.6,270,0
1969,1,28,14,417,150,316,22.6,16.9,70,1012,3.8,210,0
1969,1,28,15,177,12,171,21.3,17.5,79,1012,3.9,150,0
1969,1,28,16,78,12,74,20,17.8,87,1012,4.1,90,0
1969,1,28,17,45,8,44,19.8,17.6,87,1013,3.8,140,0
1969,1,28,18,1,0,1,19.6,17.4,87,1013,3.4,200,0
1969,1,28,19,0,0,0,19.4,17.2,87,1014,3.1,250,0
1969,1,28,20,0,0,0,19.6,17.4,87,1014,2.8,250,0
1969,1,28,21,0,0,0,19.8,17.6,87,1014,2.4,250,0
1969,1,28,22,0,0,0,20,17.8,87,1014,2.1,250,0
1969,1,28,23,0,0,0,19.6,17.6,88,1014,1.4,250,0
1969,1,29,0,0,0,0,19.3,17.5,89,1013,0.7,240,0
1969,1,29,1,0,0,0,18.9,17.2,90,1013,0,0,0
1969,1,29,2,0,0,0,18.5,16.3,87,1013,1,240,0
1969,1,29,3,0,0,0,18.2,15.5,84,1013,2.1,230,0
1969,1,29,4,0,0,0,17.8,14.4,81,1013,3.1,230,0
1969,1,29,5,0,0,0,18.2,15.1,82,1013,3.4,230,0
1969,1,29,6,0,0,0,18.5,15.6,83,1014,3.8,240,0
1969,1,29,7,31,3,30,18.9,16.1,84,1014,4.1,240,0
1969,1,29,8,119,5,117,20.6,17.1,80,1014,3.8,270,0
1969,1,29,9,265,5,263,22.2,17.6,75,1014,3.4,310,0
1969,1,29,10,286,2,285,23.9,18.3,71,1014,3.1,340,0
1969,1,29,11,335,3,333,23.5,18.6,74,1014,3.1,340,0
1969,1,29,12,405,2,404,23.2,18.8,76,1013,3.1,340,0
1969,1,29,13,356,1,355,22.8,18.9,79,1012,3.1,340,0
1969,1,29,14,311,1,310,22.2,19,82,1012,3.8,10,0
1969,1,29,15,249,0,249,21.7,18.9,84,1013,4.5,30,0
1969,1,29,16,96,1,96,21.1,18.9,87,1013,5.2,60,0
1969,1,29,17,49,0,49,21.3,18.9,86,1014,5,60,0
1969,1,29,18,2,0,2,21.5,18.9,85,1014,4.8,70,0
1969,1,29,19,0,0,0,21.7,18.9,84,1015,4.6,70,0
1969,1,29,20,0,0,0,21.7,18.9,84,1015,3.9,80,0
1969,1,29,21,0,0,0,21.7,18.9,84,1015,3.3,80,0
1969,1,29,22,0,0,0,21.7,18.9,84,1015,2.6,90,0
1969,1,29,23,0,0,0,21.3,19.1,87,1015,3.3,110,0
1969,1,30,0,0,0,0,21,19.3,90,1015,3.9,120,0
1969,1,30,1,0,0,0,20.6,19.4,93,1015,4.6,140,0
1969,1,30,2,0,0,0,20.6,19.3,92,1015,3.1,150,0
1969,1,30,3,0,0,0,20.6,19.1,91,1014,1.5,160,0
1969,1,30,4,0,0,0,20.6,18.9,90,1014,0,0,0
1969,1,30,5,0,0,0,20.8,19.1,90,1015,1,170,0
1969,1,30,6,0,0,0,20.9,19.2,90,1015,2.1,180,0
1969,1,30,7,28,1,28,21.1,19.4,90,1016,3.1,190,0
1969,1,30,8,163,1,163,22,19.8,87,1016,3.8,160,0
1969,1,30,9,252,0,252,23,20.4,85,1015,4.5,140,0
1969,1,30,10,194,1,193,23.9,20.6,82,1015,5.2,110,0
1969,1,30,11,378,0,377,24.1,20.4,80,1014,5,100,0
1969,1,30,12,377,1,377,24.2,20.1,78,1013,4.8,100,0
1969,1,30,13,392,1,391,24.4,20,76,1013,4.6,90,0
1969,1,30,14,348,1,348,23.7,20.1,80,1013,4.3,140,0
1969,1,30,15,273,1,272,22.9,19.9,83,1013,3.9,190,0
1969,1,30,16,100,1,100,22.2,20,87,1013,3.6,240,0
1969,1,30,17,63,1,63,21.8,19.9,89,1014,3.6,230,0
1969,1,30,18,3,0,3,21.5,20,91,1014,3.6,230,0
1969,1,30,19,0,0,0,21.1,20,93,1015,3.6,220,0
1969,1,30,20,0,0,0,20.7,19.4,92,1015,3.9,230,0
1969,1,30,21,0,0,0,20.4,18.9,91,1015,4.3,240,0
1969,1,30,22,0,0,0,20,18.3,90,1015,4.6,250,0
1969,1,30,23,0,0,0,20.4,18.7,90,1015,4.4,300,0
1969,1,31,0,0,0,0,20.7,19,90,1014,4.3,360,0
1969,1,31,1,0,0,0,21.1,19.4,90,1014,4.1,50,0
1969,1,31,2,0,0,0,21.5,19.6,89,1014,3.9,70,0
1969,1,31,3,0,0,0,21.8,19.7,88,1014,3.8,80,0
1969,1,31,4,0,0,0,22.2,20,87,1014,3.6,100,0
1969,1,31,5,0,0,0,22,19.9,88,1015,2.4,100,0
1969,1,31,6,1,0,1,21.9,20,89,1015,1.2,100,0
1969,1,31,7,26,0,26,21.7,20,90,1016,0,0,0
1969,1,31,8,149,0,149,21.9,20,89,1016,1,90,0
1969,1,31,9,238,1,237,22,19.9,88,1016,2.1,90,0
1969,1,31,10,191,0,191,22.2,20,87,1016,3.1,90,0
1969,1,31,11,397,2,396,22.6,20.5,88,1015,3.3,150,0
1969,1,31,12,371,2,370,22.9,21,89,1014,3.4,210,0
1969,1,31,13,234,1,234,23.3,21.7,90,1014,3.6,270,0
1969,1,31,14,311,0,311,22.8,21.3,91,1014,2.7,300,0
1969,1,31,15,262,1,261,22.2,20.8,92,1014,1.9,320,0
1969,1,31,16,102,1,102,21.7,20.6,93,1014,1,350,0
1969,1,31,17,49,0,49,21.5,20.2,92,1014,1.5,320,0
1969,1,31,18,4,0,4,21.1,19.6,91,1015,2.2,282,0
1969,1,31,19,0,0,0,20.7,19.1,90,1015,2.7,253,0
1969,1,31,20,0,0,0,20.3,19,92,1016,2.9,244,0
1969,1,31,21,0,0,0,20.1,18.9,93,1016,3,241,0
1969,1,31,22,0,0,0,19.9,18.7,93,1016,3.1,236,0
1969,1,31,23,0,0,0,19.8,18.6,92,1016,3.1,236,0
1973,2,1,0,0,0,0,19.8,18.3,91,1017,3.1,234,0
1973,2,1,1,0,0,0,19.5,18.1,91,1017,3.1,234,0
1973,2,1,2,0,0,0,19.3,17.8,91,1017,3.1,233,0
1973,2,1,3,0,0,0,19.1,17.6,91,1017,3.1,232,0
1973,2,1,4,0,0,0,18.7,17.2,90,1017,3.1,231,0
1973,2,1,5,0,0,0,18.9,17.4,91,1017,2.2,248,0
1973,2,1,6,2,2,1,19,17.7,92,1018,1,280,0
1973,2,1,7,85,359,41,19.4,18.3,93,1018,0,0,0
1973,2,1,8,279,618,70,21.5,18.3,82,1018,0.9,320,0
1973,2,1,9,505,817,75,23.5,18,71,1019,1.7,350,0
1973,2,1,10,639,885,45,25.6,17.2,60,1019,2.6,10,0
1973,2,1,11,597,615,127,25.4,17.4,61,1018,2.6,20,0
1973,2,1,12,601,386,294,25.2,17.7,63,1017,2.6,20,0
1973,2,1,13,425,141,317,25,17.8,64,1017,2.6,30,0
1973,2,1,14,338,144,239,24.6,17.1,63,1017,2.4,30,0
1973,2,1,15,251,41,229,24.3,16.8,63,1017,2.3,20,0
1973,2,1,16,157,61,135,23.9,16.1,62,1017,2.1,20,0
1973,2,1,17,76,19,73,22.6,16.9,70,1017,2.1,340,0
1973,2,1,18,1,1,1,21.3,17.5,79,1018,2.1,300,0
1973,2,1,19,0,0,0,20,17.8,87,1018,2.1,260,0
1973,2,1,20,0,0,0,19.8,17.4,86,1018,2.4,230,0
1973,2,1,21,0,0,0,19.6,17,85,1018,2.8,200,0
1973,2,1,22,0,0,0,19.4,16.7,84,1018,3.1,170,0
1973,2,1,23,0,0,0,19.2,16.5,84,1018,3.1,200,0
1973,2,2,0,0,0,0,19.1,16.4,84,1018,3.1,220,0
1973,2,2,1,0,0,0,18.9,16.1,84,1017,3.1,250,0
1973,2,2,2,0,0,0,18.5,15.6,83,1017,2.9,240,0
1973,2,2,3,0,0,0,18.2,15.1,82,1017,2.8,230,0
1973,2,2,4,0,0,0,17.8,14.4,81,1017,2.6,220,0
1973,2,2,5,0,0,0,17.6,14.1,80,1017,2.6,220,0
1973,2,2,6,0,0,0,17.4,13.8,79,1018,2.6,210,0
1973,2,2,7,39,34,34,17.2,13.3,78,1018,2.6,210,0
1973,2,2,8,171,131,126,19.2,15.1,77,1018,3.5,220,0
1973,2,2,9,349,312,184,21.3,16.7,75,1018,4.3,220,0
1973,2,2,10,419,161,310,23.3,18.3,74,1018,5.2,230,0
1973,2,2,11,656,497,275,24.2,18.2,69,1017,5,280,0
1973,2,2,12,660,584,193,25.2,18.2,65,1016,4.8,340,0
1973,2,2,13,693,687,161,26.1,17.8,60,1015,4.6,30,0
1973,2,2,14,535,540,164,24.6,17.9,66,1015,3.9,50,0
1973,2,2,15,481,643,129,23.2,18.1,73,1014,3.3,60,0
1973,2,2,16,290,557,87,21.7,17.8,79,1014,2.6,80,0
1973,2,2,17,52,59,43,21.7,17.9,79,1015,2.9,90,0
1973,2,2,18,5,1,5,21.7,17.9,79,1016,3.3,90,0
1973,2,2,19,0,0,0,21.7,17.8,79,1016,3.6,100,0
1973,2,2,20,0,0,0,21.3,17.7,80,1016,3.8,140,0
1973,2,2,21,0,0,0,21,17.4,80,1017,3.9,190,0
1973,2,2,22,0,0,0,20.6,17.2,81,1017,4.1,230,0
1973,2,2,23,0,0,0,20.2,17.4,84,1016,3.9,220,0
1973,2,3,0,0,0,0,19.8,17.6,87,1016,3.8,220,0
1973,2,3,1,0,0,0,19.4,17.8,90,1016,3.6,210,0
1973,2,3,2,0,0,0,19,17.5,91,1016,3.3,210,0
1973,2,3,3,0,0,0,18.7,17.4,92,1016,2.9,200,0
1973,2,3,4,0,0,0,18.3,17.2,93,1016,2.6,200,0
1973,2,3,5,0,0,0,19.1,17.1,88,1016,2.6,220,0
1973,2,3,6,1,0,1,19.8,17,84,1016,2.6,230,0
1973,2,3,7,64,73,55,20.6,16.7,79,1016,2.6,250,0
1973,2,3,8,203,230,124,22.1,17.1,73,1016,2.8,200,0
1973,2,3,9,452,633,117,23.5,16.8,66,1016,2.9,150,0
1973,2,3,10,648,811,100,25,16.7,60,1016,3.1,100,0
1973,2,3,11,772,864,107,25.2,16.9,60,1015,3.4,90,0
1973,2,3,12,794,784,164,25.4,17.1,60,1014,3.8,90,0
1973,2,3,13,778,862,108,25.6,17.2,60,1013,4.1,80,0
1973,2,3,14,658,785,115,25,16.5,59,1013,3.8,60,0
1973,2,3,15,492,661,128,24.5,16,59,1013,3.4,50,0
1973,2,3,16,278,521,87,23.9,15,58,1014,3.1,30,0
1973,2,3,17,76,181,49,23,15.6,63,1014,2.1,0,0
1973,2,3,18,6,5,5,22,15.9,68,1015,1,330,0
1973,2,3,19,0,0,0,21.1,16.1,73,1015,0,0,0
1973,2,3,20,0,0,0,20.7,16.3,76,1015,0.9,280,0
1973,2,3,21,0,0,0,20.4,16.5,78,1016,1.7,250,0
1973,2,3,22,0,0,0,20,16.7,81,1016,2.6,220,0
1973,2,3,23,0,0,0,19.6,16.3,81,1016,2.6,220,0
1973,2,4,0,0,0,0,19.3,16,81,1015,2.6,230,0
1973,2,4,1,0,0,0,18.9,15.6,81,1015,2.6,230,0
1973,2,4,2,0,0,0,18.2,14.7,80,1015,2.9,230,0
1973,2,4,3,0,0,0,17.4,13.8,79,1015,3.3,220,0
1973,2,4,4,0,0,0,16.7,12.8,78,1015,3.6,220,0
1973,2,4,5,0,0,0,17.4,13,75,1016,3.3,230,0
1973,2,4,6,3,2,2,18.2,13.3,73,1016,2.9,240,0
1973,2,4,7,63,88,52,18.9,13.3,70,1016,2.6,250,0
1973,2,4,8,205,286,106,20.9,14.3,66,1016,3.1,300,0
1973,2,4,9,475,687,110,23,15.4,62,1016,3.6,360,0
1973,2,4,10,589,699,115,25,16.1,58,1016,4.1,50,0
1973,2,4,11,775,859,112,25,15.9,57,1016,4.1,50,0
1973,2,4,12,805,934,52,25,15.9,57,1015,4.1,40,0
1973,2,4,13,800,942,66,25,15.6,56,1014,4.1,40,0
1973,2,4,14,702,924,61,24.4,15.4,57,1015,3.6,40,0
1973,2,4,15,521,854,49,23.9,15.4,59,1015,3.1,40,0
1973,2,4,16,321,753,43,23.3,15,60,1015,2.6,40,0
1973,2,4,17,106,515,27,21.8,15.2,66,1016,2.6,90,0
1973,2,4,18,10,41,4,20.4,15.2,72,1016,2.6,150,0
1973,2,4,19,0,0,0,18.9,15,78,1017,2.6,200,0
1973,2,4,20,0,0,0,18.7,14.6,77,1017,2.6,210,0
1973,2,4,21,0,0,0,18.5,14.2,76,1017,2.6,210,0
1973,2,4,22,0,0,0,18.3,13.9,75,1017,2.6,220,0
1973,2,4,23,0,0,0,18.1,13.2,73,1017,3.1,230,0
1973,2,5,0,0,0,0,18,12.5,70,1018,3.6,240,0
1973,2,5,1,0,0,0,17.8,11.7,68,1018,4.1,250,0
1973,2,5,2,0,0,0,17.1,11.2,68,1018,3.9,240,0
1973,2,5,3,0,0,0,16.3,10.2,67,1017,3.8,230,0
1973,2,5,4,0,0,0,15.6,9.4,67,1017,3.6,220,0
1973,2,5,5,0,0,0,16.1,8.6,61,1018,3.3,220,0
1973,2,5,6,7,16,1,16.7,7.9,56,1018,2.9,220,0
1973,2,5,7,91,572,19,17.2,6.7,50,1019,2.6,220,0
1973,2,5,8,323,840,33,20,9,49,1019,2.6,160,0
1973,2,5,9,483,811,50,22.8,11.3,48,1019,2.6,100,0
1973,2,5,10,718,980,50,25.6,13.3,47,1019,2.6,40,0
1973,2,5,11,775,943,44,26,14.2,48,1018,3.5,60,0
1973,2,5,12,871,998,62,26.3,15.1,50,1017,4.3,70,0
1973,2,5,13,831,983,61,26.7,15.6,51,1016,5.2,90,0
1973,2,5,14,738,978,56,25.9,15.3,52,1016,4.3,90,0
1973,2,5,15,563,927,47,25.2,15,53,1017,3.5,90,0
1973,2,5,16,350,846,35,24.4,14.4,54,1017,2.6,90,0
1973,2,5,17,118,620,21,22.4,14.8,62,1017,2.4,130,0
1973,2,5,18,15,67,4,20.3,14.7,70,1018,2.3,180,0
1973,2,5,19,0,0,0,18.3,14.4,78,1018,2.1,220,0
1973,2,5,20,0,0,0,17.8,14.1,79,1018,2.4,220,0
1973,2,5,21,0,0,0,17.2,13.8,80,1019,2.8,220,0
1973,2,5,22,0,0,0,16.7,13.3,81,1019,3.1,220,0
1973,2,5,23,0,0,0,16.3,12.3,77,1019,3.1,220,0
1973,2,6,0,0,0,0,16,11.4,74,1019,3.1,220,0
1973,2,6,1,0,0,0,15.6,10,70,1019,3.1,220,0
1973,2,6,2,0,0,0,15.4,9.6,68,1019,3.3,220,0
1973,2,6,3,0,0,0,15.2,9.2,67,1019,3.4,220,0
1973,2,6,4,0,0,0,15,8.3,65,1019,3.6,220,0
1973,2,6,5,0,0,0,16.3,9,62,1019,3.3,220,0
1973,2,6,6,4,3,3,17.6,9.8,60,1019,2.9,220,0
1973,2,6,7,62,38,57,18.9,10,57,1020,2.6,220,0
1973,2,6,8,178,91,147,20.7,12.4,59,1020,2.9,260,0
1973,2,6,9,347,273,200,22.6,14.5,60,1020,3.3,310,0
1973,2,6,10,295,109,220,24.4,16.7,62,1020,3.6,350,0
1973,2,6,11,703,693,164,25,17,61,1019,3.6,0,0
1973,2,6,12,742,665,201,25.5,16.9,59,1018,3.6,10,0
1973,2,6,13,778,865,98,26.1,17.2,58,1018,3.6,20,0
1973,2,6,14,665,785,116,25.4,17.4,61,1018,3.1,0,0
1973,2,6,15,482,651,118,24.6,17.1,63,1018,2.6,350,0
1973,2,6,16,324,696,63,23.9,17.2,66,1018,2.1,330,0
1973,2,6,17,86,202,54,22.8,17.7,73,1018,2.1,310,0
1973,2,6,18,6,6,5,21.7,18.1,80,1019,2.1,290,0
1973,2,6,19,0,0,0,20.6,18.3,87,1019,2.1,270,0
1973,2,6,20,0,0,0,20.4,18.2,87,1019,2.3,250,0
1973,2,6,21,0,0,0,20.2,18,87,1019,2.4,230,0
1973,2,6,22,0,0,0,20,17.8,87,1019,2.6,210,0
1973,2,6,23,0,0,0,19.3,17.3,88,1019,2.8,220,0
1973,2,7,0,0,0,0,18.5,16.7,89,1019,2.9,220,0
1973,2,7,1,0,0,0,17.8,16.1,90,1019,3.1,230,0
1973,2,7,2,0,0,0,17.8,15.8,88,1019,3.1,230,0
1973,2,7,3,0,0,0,17.8,15.5,86,1019,3.1,220,0
1973,2,7,4,0,0,0,17.8,15,84,1018,3.1,220,0
1973,2,7,5,0,0,0,18.3,15.4,83,1019,2.9,220,0
1973,2,7,6,1,1,1,18.9,15.8,82,1019,2.8,210,0
1973,2,7,7,52,129,35,19.4,16.1,81,1020,2.6,210,0
1973,2,7,8,220,309,112,21.3,15.9,71,1020,2.9,260,0
1973,2,7,9,557,850,99,23.1,15.5,62,1020,3.3,310,0
1973,2,7,10,676,876,74,25,14.4,52,1020,3.6,0,0
1973,2,7,11,775,879,88,25.2,14.1,50,1020,3.6,30,0
1973,2,7,12,815,873,102,25.4,13.3,47,1019,3.6,50,0
1973,2,7,13,787,911,67,25.6,12.8,45,1018,3.6,80,0
1973,2,7,14,695,889,69,25,12.9,47,1018,3.3,70,0
1973,2,7,15,547,807,93,24.5,12.8,48,1018,2.9,70,0
1973,2,7,16,291,610,60,23.9,12.8,50,1018,2.6,60,0
1973,2,7,17,101,220,65,23.3,13.8,55,1018,2.9,40,0
1973,2,7,18,4,2,3,22.8,14.4,59,1019,3.3,20,0
1973,2,7,19,0,0,0,22.2,15,64,1019,3.6,0,0
1973,2,7,20,0,0,0,20.9,15.3,70,1019,3.3,310,0
1973,2,7,21,0,0,0,19.6,15.1,75,1019,2.9,270,0
1973,2,7,22,0,0,0,18.3,15,81,1019,2.6,220,0
1973,2,7,23,0,0,0,17.8,14.9,83,1019,2.4,230,0
1973,2,8,0,0,0,0,17.2,14.7,85,1019,2.3,230,0
1973,2,8,1,0,0,0,16.7,14.4,87,1019,2.1,240,0
1973,2,8,2,0,0,0,17.8,14.9,83,1019,2.8,280,0
1973,2,8,3,0,0,0,18.9,15.4,80,1019,3.4,310,0
1973,2,8,4,0,0,0,20,15.6,76,1019,4.1,350,0
1973,2,8,5,0,0,0,20,15.7,76,1019,3.4,340,0
1973,2,8,6,4,5,2,20,15.7,76,1020,2.8,320,0
1973,2,8,7,67,192,42,20,15.6,76,1020,2.1,310,0
1973,2,8,8,284,544,93,21.7,15.8,69,1021,2.6,340,0
1973,2,8,9,472,643,124,23.3,15.9,63,1021,3.1,20,0
1973,2,8,10,621,724,122,25,15.6,56,1021,3.6,50,0
1973,2,8,11,823,869,142,24.8,15.7,57,1020,4.3,30,0
1973,2,8,12,732,648,202,24.6,16.1,59,1019,5,10,0
1973,2,8,13,871,909,150,24.4,16.1,60,1018,5.7,350,0
1973,2,8,14,652,674,176,23.9,16,61,1018,5,0,0
1973,2,8,15,353,360,150,23.3,15.9,63,1019,4.3,20,0
1973,2,8,16,235,217,153,22.8,15.6,64,1019,3.6,30,0
1973,2,8,17,85,216,50,22.4,15.8,66,1019,3.6,30,0
1973,2,8,18,11,13,9,22.1,16.2,69,1020,3.6,40,0
1973,2,8,19,0,0,0,21.7,16.1,71,1020,3.6,40,0
1973,2,8,20,0,0,0,21.7,16,70,1021,3.6,40,0
1973,2,8,21,0,0,0,21.7,15.8,69,1021,3.6,30,0
1973,2,8,22,0,0,0,21.7,15.6,68,1021,3.6,30,0
1973,2,8,23,0,0,0,21.7,15.3,67,1021,3.6,20,0
1973,2,9,0,0,0,0,21.7,14.9,65,1021,3.6,20,0
1973,2,9,1,0,0,0,21.7,14.4,64,1021,3.6,10,0
1973,2,9,2,0,0,0,20.9,15.5,71,1021,2.9,330,0
1973,2,9,3,0,0,0,20.2,16.1,77,1021,2.2,300,0
1973,2,9,4,0,0,0,19.4,16.7,84,1020,1.5,260,0
1973,2,9,5,0,0,0,20.2,16.7,80,1021,2.7,310,0
1973,2,9,6,3,3,2,20.9,16.3,75,1022,4,10,0
1973,2,9,7,51,133,33,21.7,16.1,71,1022,5.2,60,0
1973,2,9,8,275,531,87,23,16.3,66,1023,5.2,50,0
1973,2,9,9,502,758,89,24.3,16.3,61,1023,5.2,50,0
1973,2,9,10,526,427,231,25.6,16.1,56,1023,5.2,40,0
1973,2,9,11,450,279,230,25.2,16.1,57,1022,5.2,40,0
1973,2,9,12,554,374,246,24.8,15.7,57,1021,5.2,30,0
1973,2,9,13,573,328,312,24.4,15.6,58,1020,5.2,30,0
1973,2,9,14,468,256,287,23.7,15.5,60,1020,5,30,0
1973,2,9,15,312,153,225,22.9,15.3,62,1020,4.8,40,0
1973,2,9,16,188,24,179,22.2,15,64,1020,4.6,40,0
1973,2,9,17,80,97,64,22,14.7,63,1021,4.1,40,0
1973,2,9,18,2,4,1,21.9,14.3,62,1021,3.6,40,0
1973,2,9,19,0,0,0,21.7,13.9,61,1022,3.1,40,0
1973,2,9,20,0,0,0,21.5,14.9,66,1022,3.4,40,0
1973,2,9,21,0,0,0,21.3,15.9,71,1022,3.8,50,0
1973,2,9,22,0,0,0,21.1,16.7,76,1022,4.1,50,0
1973,2,9,23,0,0,0,20.4,16.9,80,1022,3.4,20,0
1973,2,10,0,0,0,0,19.6,16.7,83,1022,2.8,350,0
1973,2,10,1,0,0,0,18.9,16.7,87,1022,2.1,320,0
1973,2,10,2,0,0,0,19.6,15.5,77,1022,2.6,340,0
1973,2,10,3,0,0,0,20.4,14.1,67,1021,3.1,350,0
1973,2,10,4,0,0,0,21.1,12.2,57,1021,3.6,10,0
1973,2,10,5,0,0,0,21.1,12.3,57,1022,3.9,20,0
1973,2,10,6,1,1,1,21.1,12.3,57,1022,4.3,40,0
1973,2,10,7,39,24,36,21.1,12.2,57,1023,4.6,50,0
1973,2,10,8,162,44,146,21.7,12.6,56,1023,4.3,40,0
1973,2,10,9,217,49,190,22.2,12.5,54,1023,3.9,30,0
1973,2,10,10,222,8,216,22.8,12.8,53,1023,3.6,20,0
1973,2,10,11,509,171,374,23.3,13.2,53,1022,3.9,20,0
1973,2,10,12,743,548,291,23.9,13.5,52,1021,4.3,30,0
1973,2,10,13,563,408,237,24.4,13.9,52,1020,4.6,30,0
1973,2,10,14,698,738,172,24,13.6,52,1020,4.4,20,0
1973,2,10,15,285,184,180,23.7,13.3,52,1020,4.3,20,0
1973,2,10,16,292,444,121,23.3,12.8,52,1020,4.1,10,0
1973,2,10,17,85,196,52,22.8,13.9,57,1021,3.4,20,0
1973,2,10,18,7,4,6,22.2,14.9,63,1021,2.8,20,0
1973,2,10,19,0,0,0,21.7,15.6,68,1022,2.1,30,0
1973,2,10,20,0,0,0,21.7,14.6,64,1022,2.1,20,0
1973,2,10,21,0,0,0,21.7,13.9,61,1022,2.1,0,0
1973,2,10,22,0,0,0,21.7,12.8,57,1022,2.1,350,0
1973,2,10,23,0,0,0,20.9,13.1,61,1022,2.1,300,0
1973,2,11,0,0,0,0,20.2,13.2,64,1022,2.1,260,0
1973,2,11,1,0,0,0,19.4,13.3,68,1021,2.1,210,0
1973,2,11,2,0,0,0,19.2,13.2,68,1021,2.1,210,0
1973,2,11,3,0,0,0,19.1,13.1,68,1020,2.1,220,0
1973,2,11,4,0,0,0,18.9,12.8,68,1020,2.1,220,0
1973,2,11,5,0,0,0,18.7,12.7,68,1020,1.9,220,0
1973,2,11,6,5,12,3,18.5,12.5,68,1021,1.7,220,0
1973,2,11,7,76,174,52,18.3,12.2,68,1021,1.5,220,0
1973,2,11,8,249,336,129,20.5,12.5,60,1021,2.4,170,0
1973,2,11,9,337,386,125,22.8,12.8,53,1021,3.2,120,0
1973,2,11,10,667,798,110,25,12.2,45,1021,4.1,70,0
1973,2,11,11,774,918,45,24.6,12.6,47,1020,4.1,50,0
1973,2,11,12,815,836,122,24.3,13.3,50,1019,4.1,30,0
1973,2,11,13,877,942,122,23.9,13.3,52,1018,4.1,10,0
1973,2,11,14,679,783,118,23.5,13.7,54,1018,3.4,10,0
1973,2,11,15,514,671,129,23.2,14.2,57,1017,2.8,20,0
1973,2,11,16,273,358,134,22.8,14.4,59,1017,2.1,20,0
1973,2,11,17,94,142,70,22.1,14.3,61,1018,1.9,40,0
1973,2,11,18,13,25,10,21.3,14.2,64,1018,1.7,60,0
1973,2,11,19,0,0,0,20.6,13.9,66,1019,1.5,80,0
1973,2,11,20,0,0,0,20.4,14.3,68,1019,2,130,0
1973,2,11,21,0,0,0,20.2,14.8,71,1019,2.6,190,0
1973,2,11,22,0,0,0,20,15,73,1020,3.1,240,0
1973,2,11,23,0,0,0,19.6,14.7,73,1019,2.6,200,0
1973,2,12,0,0,0,0,19.3,14.4,73,1019,2,170,0
1973,2,12,1,0,0,0,18.9,13.9,73,1018,1.5,130,0
1973,2,12,2,0,0,0,18.7,14.6,77,1018,2,170,0
1973,2,12,3,0,0,0,18.5,15,80,1018,2.6,220,0
1973,2,12,4,0,0,0,18.3,15.6,84,1018,3.1,260,0
1973,2,12,5,0,0,0,18.5,15,80,1018,3.1,250,0
1973,2,12,6,0,0,0,18.7,14.6,77,1019,3.1,230,0
1973,2,12,7,42,12,41,18.9,13.9,73,1020,3.1,220,0
1973,2,12,8,159,88,127,20.9,14.6,67,1020,2.8,270,0
1973,2,12,9,431,527,141,23,14.9,60,1020,2.4,330,0
1973,2,12,10,659,687,177,25,15,54,1020,2.1,20,0
1973,2,12,11,410,157,284,24.8,15.5,56,1019,3.1,20,0
1973,2,12,12,723,550,266,24.6,15.8,58,1018,4.2,10,0
1973,2,12,13,549,244,352,24.4,16.1,60,1018,5.2,10,0
1973,2,12,14,361,96,292,23.9,16.2,62,1018,4.2,20,0
1973,2,12,15,404,338,209,23.3,16.1,64,1018,3.1,20,0
1973,2,12,16,120,10,116,22.8,16.1,66,1018,2.1,30,0
1973,2,12,17,50,6,49,21.7,16.7,73,1018,1.9,30,0
1973,2,12,18,3,0,3,20.5,17,80,1019,1.7,30,0
1973,2,12,19,0,0,0,19.4,17.2,87,1019,1.5,30,0
1973,2,12,20,0,0,0,19.4,17.2,87,1020,1.5,330,0
1973,2,12,21,0,0,0,19.4,17.2,87,1020,1.5,280,0
1973,2,12,22,0,0,0,19.4,17.2,87,1020,1.5,220,0
1973,2,12,23,0,0,0,19.2,16.8,86,1019,1.7,200,0
1973,2,13,0,0,0,0,19.1,16.5,85,1019,1.9,190,0
1973,2,13,1,0,0,0,18.9,16.1,84,1018,2.1,170,0
1973,2,13,2,0,0,0,18.7,16.3,86,1018,2.4,200,0
1973,2,13,3,0,0,0,18.5,16.5,88,1018,2.8,240,0
1973,2,13,4,0,0,0,18.3,16.7,90,1018,3.1,270,0
1973,2,13,5,0,0,0,18.7,16.7,88,1019,2.8,250,0
1973,2,13,6,1,0,0,19,16.6,86,1019,2.4,220,0
1973,2,13,7,54,15,52,19.4,16.7,84,1020,2.1,200,0
1973,2,13,8,219,193,149,20.7,17,79,1020,1.4,180,0
1973,2,13,9,319,198,209,22,17.2,74,1020,0.7,160,0
1973,2,13,10,415,193,280,23.3,17.2,69,1020,0,0,0
1973,2,13,11,459,296,223,23.5,17.7,70,1020,0.7,130,0
1973,2,13,12,586,378,271,23.7,17.9,70,1019,1.4,110,0
1973,2,13,13,634,448,271,23.9,18.3,71,1018,2.1,90,0
1973,2,13,14,651,672,166,23.7,18.2,71,1018,2.4,80,0
1973,2,13,15,263,155,173,23.5,18,71,1018,2.8,80,0
1973,2,13,16,291,516,88,23.3,17.8,71,1018,3.1,70,0
1973,2,13,17,76,106,58,22.2,17.6,75,1018,3.1,110,0
1973,2,13,18,11,10,9,21.1,17.5,80,1018,3.1,160,0
1973,2,13,19,0,0,0,20,17.2,84,1019,3.1,200,0
1973,2,13,20,0,0,0,19.8,17.4,86,1019,3.6,220,0
1973,2,13,21,0,0,0,19.6,17.6,88,1019,4.1,230,0
1973,2,13,22,0,0,0,19.4,17.8,90,1019,4.6,250,0
1973,2,13,23,0,0,0,18.9,17.2,90,1019,4.1,240,0
1973,2,14,0,0,0,0,18.3,16.7,90,1019,3.6,230,0
1973,2,14,1,0,0,0,17.8,16.1,90,1019,3.1,220,0
1973,2,14,2,0,0,0,17.4,15.8,90,1018,2.9,220,0
1973,2,14,3,0,0,0,17.1,15.5,90,1018,2.8,220,0
1973,2,14,4,0,0,0,16.7,15,90,1018,2.6,220,0
1973,2,14,5,0,0,0,17.6,15.3,86,1018,2.8,220,0
1973,2,14,6,1,2,1,18.5,15.4,82,1018,2.9,220,0
1973,2,14,7,78,81,66,19.4,15.6,78,1019,3.1,220,0
1973,2,14,8,196,185,128,21.5,16,71,1019,3.4,210,0
1973,2,14,9,321,200,209,23.5,16.6,65,1019,3.8,190,0
1973,2,14,10,582,496,232,25.6,16.7,58,1019,4.1,180,0
1973,2,14,11,420,118,325,25.4,17.4,61,1018,4.1,170,0
1973,2,14,12,387,174,241,25.2,17.9,64,1017,4.1,170,0
1973,2,14,13,377,131,271,25,18.3,67,1016,4.1,160,0
1973,2,14,14,419,203,272,25.2,18.2,65,1015,4.3,140,0
1973,2,14,15,368,345,167,25.4,18.1,64,1015,4.4,120,0
1973,2,14,16,289,325,160,25.6,17.8,62,1015,4.6,100,0
1973,2,14,17,76,94,59,23.7,17.7,69,1015,4.1,150,0
1973,2,14,18,12,27,8,21.9,17.7,77,1016,3.6,190,0
1973,2,14,19,0,0,0,20,17.2,84,1016,3.1,240,0
1973,2,14,20,0,0,0,19.6,16.7,83,1017,2.9,230,0
1973,2,14,21,0,0,0,19.3,16.2,82,1017,2.8,220,0
1973,2,14,22,0,0,0,18.9,15.6,81,1017,2.6,210,0
1973,2,14,23,0,0,0,18.3,14.4,78,1017,3.1,220,0
1973,2,15,0,0,0,0,17.8,13.5,76,1017,3.6,220,0
1973,2,15,1,0,0,0,17.2,12.2,73,1017,4.1,230,0
1973,2,15,2,0,0,0,17.6,11.9,69,1017,3.6,230,0
1973,2,15,3,0,0,0,17.9,11.3,65,1016,3.1,230,0
1973,2,15,4,0,0,0,18.3,10.6,61,1016,2.6,230,0
1973,2,15,5,0,0,0,18.7,11.6,63,1017,2.4,210,0
1973,2,15,6,2,2,2,19,12.1,64,1018,2.3,200,0
1973,2,15,7,50,1,50,19.4,12.8,66,1019,2.1,180,0
1973,2,15,8,192,170,130,21.1,14.8,67,1018,2.8,120,0
1973,2,15,9,371,310,197,22.7,16.5,68,1018,3.4,70,0
1973,2,15,10,280,62,236,24.4,18.3,69,1018,4.1,10,0
1973,2,15,11,614,559,163,25.2,18.2,65,1017,4.1,30,0
1973,2,15,12,603,507,177,25.9,18.1,62,1016,4.1,50,0
1973,2,15,13,813,932,53,26.7,17.8,58,1015,4.1,70,0
1973,2,15,14,673,742,132,25.9,17.6,60,1015,4.1,80,0
1973,2,15,15,545,817,66,25.2,17.4,62,1015,4.1,100,0
1973,2,15,16,337,602,97,24.4,17.2,64,1015,4.1,110,0
1973,2,15,17,88,177,56,23.5,17.3,68,1015,3.4,130,0
1973,2,15,18,13,7,12,22.6,17.3,72,1016,2.8,150,0
1973,2,15,19,0,0,0,21.7,17.2,76,1016,2.1,170,0
1973,2,15,20,0,0,0,21.1,17.3,79,1017,2.3,180,0
1973,2,15,21,0,0,0,20.6,17.2,81,1017,2.4,200,0
1973,2,15,22,0,0,0,20,17.2,84,1017,2.6,210,0
1973,2,15,23,0,0,0,19.6,17.2,86,1017,2.9,220,0
1973,2,16,0,0,0,0,19.3,17.3,88,1017,3.3,240,0
1973,2,16,1,0,0,0,18.9,17.2,90,1017,3.6,250,0
1973,2,16,2,0,0,0,18.9,17.4,91,1017,3.8,240,0
1973,2,16,3,0,0,0,18.9,17.6,92,1017,3.9,230,0
1973,2,16,4,0,0,0,18.9,17.8,93,1017,4.1,220,0
1973,2,16,5,0,0,0,18.9,17.4,91,1017,3.4,220,0
1973,2,16,6,1,1,1,18.9,17.1,89,1017,2.8,210,0
1973,2,16,7,73,135,53,18.9,16.7,87,1018,2.1,210,0
1973,2,16,8,213,184,144,20.9,17.1,79,1018,3.1,200,0
1973,2,16,9,361,229,232,23,17.7,72,1018,4.2,180,0
1973,2,16,10,344,186,212,25,17.8,64,1018,5.2,170,0
1973,2,16,11,696,566,238,25.7,17.1,59,1017,5.9,150,0
1973,2,16,12,774,675,204,26.5,16.5,54,1016,6.5,130,0
1973,2,16,13,830,825,154,27.2,15.6,49,1015,7.2,110,0
1973,2,16,14,716,862,86,26.7,15.8,51,1015,6.5,110,0
1973,2,16,15,593,890,69,26.1,16.1,54,1015,5.9,100,0
1973,2,16,16,362,770,52,25.6,16.1,56,1015,5.2,100,0
1973,2,16,17,122,408,47,23.9,16.7,64,1016,4.3,140,0
1973,2,16,18,15,33,10,22.3,16.8,71,1016,3.5,190,0
1973,2,16,19,0,0,0,20.6,16.7,79,1017,2.6,230,0
1973,2,16,20,0,0,0,20.6,16.9,79,1017,2.8,230,0
1973,2,16,21,0,0,0,20.6,16.9,79,1018,2.9,220,0
1973,2,16,22,0,0,0,20.6,16.7,79,1018,3.1,220,0
1973,2,16,23,0,0,0,20.2,17.2,83,1018,3.3,180,0
1973,2,17,0,0,0,0,19.8,17.4,86,1018,3.4,140,0
1973,2,17,1,0,0,0,19.4,17.8,90,1017,3.6,100,0
1973,2,17,2,0,0,0,19.4,17.9,91,1017,4.3,150,0
1973,2,17,3,0,0,0,19.4,18.1,92,1017,5,190,0
1973,2,17,4,0,0,0,19.4,18.3,93,1017,5.7,240,0
1973,2,17,5,0,0,0,19.8,18.5,92,1018,5,240,0
1973,2,17,6,2,4,2,20.2,18.7,91,1018,4.3,230,0
1973,2,17,7,47,40,41,20.6,18.9,90,1019,3.6,230,0
1973,2,17,8,208,176,142,22.1,19.5,85,1019,4.1,220,0
1973,2,17,9,370,353,170,23.5,19.7,79,1019,4.7,210,0
1973,2,17,10,492,314,267,25,20,74,1019,5.2,200,0
1973,2,17,11,715,584,241,25.6,19.3,68,1019,5.4,170,0
1973,2,17,12,724,523,280,26.1,18.3,62,1018,5.5,130,0
1973,2,17,13,756,592,269,26.7,17.2,56,1017,5.7,100,0
1973,2,17,14,558,454,225,25.8,16.9,58,1017,5,110,0
1973,2,17,15,457,481,173,24.8,16.5,60,1016,4.3,120,0
1973,2,17,16,263,244,165,23.9,16.1,62,1016,3.6,130,0
1973,2,17,17,104,161,74,23,16.8,68,1017,3.4,150,0
1973,2,17,18,8,8,7,22,17.4,75,1017,3.3,180,0
1973,2,17,19,0,0,0,21.1,17.8,81,1018,3.1,200,0
1973,2,17,20,0,0,0,20.7,17.2,80,1018,3.3,200,0
1973,2,17,21,0,0,0,20.4,16.7,79,1018,3.4,210,0
1973,2,17,22,0,0,0,20,16.1,78,1018,3.6,210,0
1973,2,17,23,0,0,0,19.8,15.5,76,1018,3.3,210,0
1973,2,18,0,0,0,0,19.6,15.1,75,1018,2.9,210,0
1973,2,18,1,0,0,0,19.4,14.4,73,1017,2.6,210,0
1973,2,18,2,0,0,0,19.6,16.1,80,1017,2.4,200,0
1973,2,18,3,0,0,0,19.8,17.4,86,1017,2.3,190,0
1973,2,18,4,0,0,0,20,18.9,93,1017,2.1,180,0
1973,2,18,5,0,0,0,19.8,18.7,93,1018,2.6,180,0
1973,2,18,6,0,0,0,19.6,18.5,93,1018,3.1,190,0
1973,2,18,7,31,5,30,19.4,18.3,93,1019,3.6,190,0
1973,2,18,8,183,119,138,21.8,18,79,1019,4.1,170,0
1973,2,18,9,483,500,198,24.3,17.6,66,1019,4.7,140,0
1973,2,18,10,552,418,252,26.7,16.1,52,1019,5.2,120,0
1973,2,18,11,664,466,284,27.1,16.4,52,1018,5.2,120,0
1973,2,18,12,526,368,213,27.4,17,53,1017,5.2,130,0
1973,2,18,13,713,693,142,27.8,17.2,53,1016,5.2,130,0
1973,2,18,14,703,710,180,26.7,17.2,56,1016,5,130,0
1973,2,18,15,557,639,177,25.5,16.9,59,1016,4.8,120,0
1973,2,18,16,251,249,149,24.4,16.7,62,1016,4.6,120,0
1973,2,18,17,88,140,62,23.7,17,66,1017,4.1,150,0
1973,2,18,18,14,16,12,22.9,16.9,69,1017,3.6,170,0
1973,2,18,19,0,0,0,22.2,17.2,73,1018,3.1,200,0
1973,2,18,20,0,0,0,21.7,17.3,76,1018,3.4,160,0
1973,2,18,21,0,0,0,21.1,17.1,78,1019,3.8,130,0
1973,2,18,22,0,0,0,20.6,17.2,81,1019,4.1,90,0
1973,2,18,23,0,0,0,20,17,83,1018,4.1,140,0
1973,2,19,0,0,0,0,19.5,16.9,85,1018,4.1,190,0
1973,2,19,1,0,0,0,18.9,16.7,87,1017,4.1,240,0
1973,2,19,2,0,0,0,18.9,16.3,85,1017,3.4,220,0
1973,2,19,3,0,0,0,18.9,16,83,1017,2.8,210,0
1973,2,19,4,0,0,0,18.9,15.6,81,1017,2.1,190,0
1973,2,19,5,0,0,0,19.5,16.6,83,1018,1.9,200,0
1973,2,19,6,4,1,4,20,17.4,85,1018,1.7,200,0
1973,2,19,7,54,7,52,20.6,18.3,87,1019,1.5,210,0
1973,2,19,8,152,4,150,21.5,18.9,85,1019,2.4,190,0
1973,2,19,9,296,99,240,22.4,19.6,84,1019,3.2,170,0
1973,2,19,10,293,81,235,23.3,20,82,1019,4.1,150,0
1973,2,19,11,538,299,293,24.2,19.5,75,1018,4.6,130,0
1973,2,19,12,643,323,367,25.2,18.7,67,1017,5.2,100,0
1973,2,19,13,639,383,322,26.1,17.8,60,1017,5.7,80,0
1973,2,19,14,489,277,284,25.4,17.9,63,1016,5.3,90,0
1973,2,19,15,399,296,222,24.6,17.9,66,1016,5,100,0
1973,2,19,16,259,284,143,23.9,17.8,69,1016,4.6,110,0
1973,2,19,17,104,263,54,23.3,17.8,71,1016,3.8,140,0
1973,2,19,18,12,6,11,22.8,17.9,74,1017,2.9,180,0
1973,2,19,19,0,0,0,22.2,17.8,76,1017,2.1,210,0
1973,2,19,20,0,0,0,21.7,18.1,80,1018,2.4,210,0
1973,2,19,21,0,0,0,21.1,18.1,83,1018,2.8,200,0
1973,2,19,22,0,0,0,20.6,18.3,87,1018,3.1,200,0
1973,2,19,23,0,0,0,20.2,17.8,86,1018,2.9,210,0
1973,2,20,0,0,0,0,19.8,17.2,85,1018,2.8,210,0
1973,2,20,1,0,0,0,19.4,16.7,84,1017,2.6,220,0
1973,2,20,2,0,0,0,18.5,15.2,81,1017,3.5,220,0
1973,2,20,3,0,0,0,17.6,13.8,78,1017,4.3,230,0
1973,2,20,4,0,0,0,16.7,12.2,75,1017,5.2,230,0
1973,2,20,5,0,0,0,17.8,12.7,72,1018,4.7,230,0
1973,2,20,6,11,45,4,18.9,13.1,69,1018,4.1,220,0
1973,2,20,7,116,591,23,20,13.3,66,1018,3.6,220,0
1973,2,20,8,353,822,39,22.4,15,63,1018,3.3,200,0
1973,2,20,9,582,919,53,24.8,16.3,59,1018,2.9,170,0
1973,2,20,10,763,966,63,27.2,17.8,56,1018,2.6,150,0
1973,2,20,11,819,869,105,26.8,18.1,59,1018,2.9,100,0
1973,2,20,12,844,923,53,26.5,18.6,62,1017,3.3,60,0
1973,2,20,13,816,832,124,26.1,18.9,65,1017,3.6,10,0
1973,2,20,14,722,789,136,25.5,18.9,67,1017,3.8,20,0
1973,2,20,15,505,579,158,25,18.9,69,1017,3.9,30,0
1973,2,20,16,225,119,176,24.4,18.9,71,1017,4.1,40,0
1973,2,20,17,110,240,64,24,18.7,72,1017,4.5,40,0
1973,2,20,18,13,19,11,23.7,18.6,73,1017,4.8,30,0
1973,2,20,19,0,0,0,23.3,18.3,74,1018,5.2,30,0
1973,2,20,20,0,0,0,22.8,18.6,77,1018,6,20,0
1973,2,20,21,0,0,0,22.2,18.8,81,1019,6.9,10,0
1973,2,20,22,0,0,0,21.7,18.9,84,1019,7.7,0,0
1973,2,20,23,0,0,0,21.3,18.5,84,1019,6.9,10,0
1973,2,21,0,0,0,0,21,18.2,84,1019,6,10,0
1973,2,21,1,0,0,0,20.6,17.8,84,1018,5.2,20,0
1973,2,21,2,0,0,0,20.4,18,86,1018,5.5,10,0
1973,2,21,3,0,0,0,20.2,18.2,88,1018,5.9,10,0
1973,2,21,4,0,0,0,20,18.3,90,1018,6.2,0,0
1973,2,21,5,0,0,0,20.2,18.2,88,1019,5.5,0,0
1973,2,21,6,7,1,7,20.4,18,86,1019,4.8,10,0
1973,2,21,7,34,16,31,20.6,17.8,84,1020,4.1,10,0
1973,2,21,8,163,6,160,20.2,17.2,83,1020,4.6,10,0
1973,2,21,9,346,191,235,19.8,16.7,82,1020,5.2,0,0
1973,2,21,10,435,128,342,19.4,16.1,81,1021,5.7,0,0
1973,2,21,11,601,396,274,20.3,16,76,1020,5.9,0,0
1973,2,21,12,325,8,318,21.3,15.9,71,1019,6,0,0
1973,2,21,13,306,11,298,22.2,15.6,66,1019,6.2,0,0
1973,2,21,14,421,118,333,21.8,15.2,66,1019,5.9,0,0
1973,2,21,15,349,107,284,21.5,14.9,66,1018,5.5,0,0
1973,2,21,16,226,197,144,21.1,14.4,66,1018,5.2,0,0
1973,2,21,17,94,117,71,20.7,14.6,68,1019,4.2,330,0
1973,2,21,18,17,5,17,20.4,14.6,69,1019,3.1,310,0
1973,2,21,19,0,0,0,20,14.4,71,1019,2.1,280,0
1973,2,21,20,0,0,0,20,13.9,68,1019,2.1,290,0
1973,2,21,21,0,0,0,20,13.5,66,1020,2.1,300,0
1973,2,21,22,0,0,0,20,12.8,63,1020,2.1,310,0
1973,2,21,23,0,0,0,20,12.5,62,1019,2.1,320,0
1973,2,22,0,0,0,0,20,12,60,1019,2.1,340,0
1973,2,22,1,0,0,0,20,11.7,59,1018,2.1,350,0
1973,2,22,2,0,0,0,20,12,60,1018,2.4,330,0
1973,2,22,3,0,0,0,20,12,60,1018,2.8,320,0
1973,2,22,4,0,0,0,20,12.2,61,1018,3.1,300,0
1973,2,22,5,0,0,0,20,12.5,62,1018,2.9,310,0
1973,2,22,6,0,0,0,20,12.5,62,1018,2.8,310,0
1973,2,22,7,42,5,41,20,12.8,63,1019,2.6,320,0
1973,2,22,8,135,4,133,20.9,12.9,60,1019,2.8,330,0
1973,2,22,9,218,6,214,21.9,13.3,58,1019,2.9,340,0
1973,2,22,10,306,5,303,22.8,13.3,55,1019,3.1,350,0
1973,2,22,11,386,6,381,22.6,13.7,57,1018,3.3,0,0
1973,2,22,12,476,96,393,22.4,14.3,60,1018,3.4,20,0
1973,2,22,13,456,115,360,22.2,14.4,62,1017,3.6,30,0
1973,2,22,14,484,122,393,21.8,14,61,1017,3.9,10,0
1973,2,22,15,416,152,324,21.5,13.4,60,1017,4.3,360,0
1973,2,22,16,157,56,134,21.1,12.8,59,1017,4.6,340,0
1973,2,22,17,105,122,81,20.5,13,62,1017,3.9,330,0
1973,2,22,18,17,8,16,20,13.3,65,1017,3.3,320,0
1973,2,22,19,0,0,0,19.4,13.3,68,1018,2.6,310,0
1973,2,22,20,0,0,0,18.7,13.2,70,1018,2.2,280,0
1973,2,22,21,0,0,0,17.9,13,73,1018,1.9,260,0
1973,2,22,22,0,0,0,17.2,12.8,75,1018,1.5,230,0
1973,2,22,23,0,0,0,17.4,12.8,74,1018,1.5,240,0
1973,2,23,0,0,0,0,17.6,12.9,74,1017,1.5,250,0
1973,2,23,1,0,0,0,17.8,12.8,73,1017,1.5,260,0
1973,2,23,2,0,0,0,17.1,12.7,75,1017,1,270,0
1973,2,23,3,0,0,0,16.3,12.1,76,1016,0.5,270,0
1973,2,23,4,0,0,0,15.6,11.7,78,1016,0,0,0
1973,2,23,5,0,0,0,16.5,12.7,78,1017,1,280,0
1973,2,23,6,7,6,6,17.4,13.6,78,1017,2.1,290,0
1973,2,23,7,27,1,27,18.3,14.4,78,1018,3.1,290,0
1973,2,23,8,177,10,173,18.9,15.8,82,1018,3.1,280,0
1973,2,23,9,252,12,245,19.4,17,86,1018,3.1,280,0
1973,2,23,10,165,4,162,20,18.3,90,1018,3.1,270,0
1973,2,23,11,395,0,394,20.7,17.7,83,1017,3.6,290,0
1973,2,23,12,518,59,466,21.5,16.9,75,1016,4.1,320,0
1973,2,23,13,488,128,380,22.2,16.1,68,1015,4.6,340,0
1973,2,23,14,296,78,237,21.8,16.3,71,1015,4.1,350,0
1973,2,23,15,364,91,309,21.5,16.5,73,1015,3.6,350,0
1973,2,23,16,187,78,154,21.1,16.7,76,1014,3.1,360,0
1973,2,23,17,105,37,97,20.5,17,80,1015,3.3,350,0
1973,2,23,18,16,1,16,20,17,83,1015,3.4,330,0
1973,2,23,19,0,0,0,19.4,17.2,87,1016,3.6,320,0
1973,2,23,20,0,0,0,19.2,17.2,88,1016,3.4,320,0
1973,2,23,21,0,0,0,19.1,17.3,89,1016,3.3,330,0
1973,2,23,22,0,0,0,18.9,17.2,90,1016,3.1,330,0
1973,2,23,23,0,0,0,18.5,16.9,90,1016,2.6,320,0
1973,2,24,0,0,0,0,18.2,16.6,90,1015,2,310,0
1973,2,24,1,0,0,0,17.8,16.1,90,1015,1.5,300,0
1973,2,24,2,0,0,0,17.4,15.9,91,1015,2,280,0
1973,2,24,3,0,0,0,17.1,15.8,92,1014,2.6,250,0
1973,2,24,4,0,0,0,16.7,15.6,93,1014,3.1,230,0
1973,2,24,5,0,0,0,17.8,16,89,1015,2.9,240,0
1973,2,24,6,9,12,7,18.9,16.3,85,1015,2.8,260,0
1973,2,24,7,89,177,59,20,16.7,81,1016,2.6,270,0
1973,2,24,8,310,579,82,21.3,16.7,75,1016,3.1,300,0
1973,2,24,9,464,551,140,22.6,16.9,70,1016,3.6,330,0
1973,2,24,10,721,813,121,23.9,16.7,64,1016,4.1,0,0
1973,2,24,11,634,598,135,24.1,16.9,64,1015,4.5,10,0
1973,2,24,12,835,739,191,24.2,17,64,1015,4.8,20,0
1973,2,24,13,784,733,166,24.4,17.2,64,1014,5.2,30,0
1973,2,24,14,695,727,147,24,17.3,66,1014,4.7,20,0
1973,2,24,15,549,677,136,23.7,17.7,69,1014,4.1,20,0
1973,2,24,16,342,622,80,23.3,17.8,71,1014,3.6,10,0
1973,2,24,17,136,331,70,22.4,17.6,74,1015,3.3,10,0
1973,2,24,18,18,13,16,21.5,17.5,78,1015,2.9,10,0
1973,2,24,19,0,0,0,20.6,17.2,81,1016,2.6,10,0
1973,2,24,20,0,0,0,20.2,17.2,83,1016,2.4,320,0
1973,2,24,21,0,0,0,19.8,17.2,85,1016,2.3,280,0
1973,2,24,22,0,0,0,19.4,17.2,87,1017,2.1,230,0
1973,2,24,23,0,0,0,19,17.2,89,1016,2.3,230,0
1973,2,25,0,0,0,0,18.7,17.2,91,1016,2.4,230,0
1973,2,25,1,0,0,0,18.3,17.2,93,1015,2.6,230,0
1973,2,25,2,0,0,0,18.5,17.4,93,1015,2.4,260,0
1973,2,25,3,0,0,0,18.7,17.6,93,1016,2.3,280,0
1973,2,25,4,0,0,0,18.9,17.8,93,1016,2.1,310,0
1973,2,25,5,0,0,0,18.9,17.8,93,1016,2.8,300,0
1973,2,25,6,9,0,9,18.9,17.8,93,1017,3.4,290,0
1973,2,25,7,38,5,37,18.9,17.8,93,1018,4.1,280,0
1973,2,25,8,159,9,156,19.1,18,93,1018,3.4,290,0
1973,2,25,9,299,12,292,19.2,18.1,93,1019,2.8,290,0
1973,2,25,10,172,6,168,19.4,18.3,93,1019,2.1,300,0
1973,2,25,11,419,6,415,20.3,18.6,90,1018,2.1,320,0
1973,2,25,12,457,5,453,21.3,19.1,87,1017,2.1,350,0
1973,2,25,13,382,1,381,22.2,19.4,84,1017,2.1,10,0
1973,2,25,14,365,1,364,21.5,19.3,87,1017,1.9,340,0
1973,2,25,15,304,1,304,20.7,19,90,1017,1.7,320,0
1973,2,25,16,125,1,125,20,18.9,93,1017,1.5,290,0
1973,2,25,17,103,0,103,19.8,18.7,93,1017,2,260,0
1973,2,25,18,17,0,17,19.6,18.5,93,1018,2.6,240,0
1973,2,25,19,0,0,0,19.4,18.3,93,1018,3.1,210,0
1973,2,25,20,0,0,0,19.2,18.2,94,1018,2.8,220,0
1973,2,25,21,0,0,0,19.1,18.5,96,1019,2.4,230,0
1973,2,25,22,0,0,0,18.9,18.3,97,1019,2.1,240,0
1973,2,25,23,0,0,0,18.9,18.4,97,1019,2.1,250,0
1973,2,26,0,0,0,0,18.9,18.4,97,1018,2.1,250,0
1973,2,26,1,0,0,0,18.9,18.3,97,1018,2.1,260,0
1973,2,26,2,0,0,0,18.9,18.4,97,1018,2.3,270,0
1973,2,26,3,0,0,0,18.9,18.4,97,1018,2.4,280,0
1973,2,26,4,0,0,0,18.9,18.3,97,1018,2.6,290,0
1973,2,26,5,0,0,0,19.1,18.6,97,1019,2.8,280,0
1973,2,26,6,10,0,10,19.2,18.7,97,1020,2.9,260,0
1973,2,26,7,47,0,47,19.4,18.9,97,1020,3.1,250,0
1973,2,26,8,191,0,191,19.6,19.1,97,1021,3.1,250,0
1973,2,26,9,312,0,312,19.8,19.3,97,1021,3.1,250,0
1973,2,26,10,216,1,215,20,19.4,97,1021,3.1,250,0
1973,2,26,11,409,1,408,20.7,19.4,92,1021,2.8,290,0
1973,2,26,12,429,85,355,21.5,19.3,87,1020,2.4,320,0
1973,2,26,13,619,251,406,22.2,18.9,82,1019,2.1,0,0
1973,2,26,14,453,149,340,22.2,18.4,79,1019,2.1,20,0
1973,2,26,15,297,82,247,22.2,17.8,76,1019,2.1,40,0
1973,2,26,16,232,132,176,22.2,17.2,73,1019,2.1,60,0
1973,2,26,17,93,44,85,21.1,17.5,80,1020,2.4,10,0
1973,2,26,18,17,0,17,20,17.6,86,1020,2.8,330,0
1973,2,26,19,0,0,0,18.9,17.8,93,1021,3.1,280,0
1973,2,26,20,0,0,0,18.9,17.8,93,1021,2.1,270,0
1973,2,26,21,0,0,0,18.9,17.8,93,1021,1,260,0
1973,2,26,22,0,0,0,18.9,17.8,93,1021,0,0,0
1973,2,26,23,0,0,0,18.9,17.8,93,1021,0.5,230,0
1973,2,27,0,0,0,0,18.9,17.8,93,1021,1,220,0
1973,2,27,1,0,0,0,18.9,17.8,93,1020,1.5,210,0
1973,2,27,2,0,0,0,18.9,17.6,92,1020,1.7,200,0
1973,2,27,3,0,0,0,18.9,17.4,91,1020,1.9,200,0
1973,2,27,4,0,0,0,18.9,17.2,90,1019,2.1,190,0
1973,2,27,5,0,0,0,18.9,17.1,89,1020,2.1,180,0
1973,2,27,6,5,0,5,18.9,16.9,88,1020,2.1,170,0
1973,2,27,7,59,3,59,18.9,16.7,87,1020,2.1,160,0
1973,2,27,8,154,6,151,19.6,17.4,87,1021,2.3,190,0
1973,2,27,9,266,4,263,20.4,18.2,87,1021,2.4,230,0
1973,2,27,10,295,3,293,21.1,18.9,87,1021,2.6,260,0
1973,2,27,11,589,206,415,21.7,18.5,82,1020,2.6,290,0
1973,2,27,12,366,119,261,22.2,17.8,76,1019,2.6,330,0
1973,2,27,13,478,176,328,22.8,17.2,71,1018,2.6,0,0
1973,2,27,14,528,282,313,22.8,16.8,69,1018,2.6,30,0
1973,2,27,15,262,83,211,22.8,16.6,68,1018,2.6,60,0
1973,2,27,16,122,1,121,22.8,16.1,66,1017,2.6,90,0
1973,2,27,17,54,3,53,21.9,16.7,72,1018,2.6,150,0
1973,2,27,18,10,0,10,20.9,16.9,78,1018,2.6,210,0
1973,2,27,19,0,0,0,20,17.2,84,1019,2.6,270,0
1973,2,27,20,0,0,0,19.8,17.2,85,1019,2.9,260,0
1973,2,27,21,0,0,0,19.6,17.2,86,1019,3.3,250,0
1973,2,27,22,0,0,0,19.4,17.2,87,1019,3.6,240,0
1973,2,27,23,0,0,0,19.4,17,86,1019,3.4,220,0
1973,2,28,0,0,0,0,19.4,16.8,85,1018,3.3,210,0
1973,2,28,1,0,0,0,19.4,16.7,84,1018,3.1,190,0
1973,2,28,2,0,0,0,19.2,16.5,84,1017,2.8,200,0
1973,2,28,3,0,0,0,19.1,16.4,84,1017,2.4,200,0
1973,2,28,4,0,0,0,18.9,16.1,84,1017,2.1,210,0
1973,2,28,5,0,0,0,19.3,16.2,82,1017,2.3,220,0
1973,2,28,6,15,25,12,19.6,16.1,80,1017,2.4,230,0
1973,2,28,7,96,72,83,20,16.1,78,1018,2.6,240,0
1973,2,28,8,278,447,97,21.7,16.5,72,1018,2.9,280,0
1973,2,28,9,550,752,99,23.3,16.6,66,1018,3.3,320,0
1973,2,28,10,745,896,72,25,16.7,60,1018,3.6,0,0
1973,2,28,11,899,930,111,25,17,61,1017,3.8,10,0
1973,2,28,12,961,944,127,25,17,61,1016,3.9,10,0
1973,2,28,13,766,743,131,25,17.2,62,1016,4.1,20,0
1973,2,28,14,617,492,241,24.3,17.3,65,1015,3.6,30,0
1973,2,28,15,360,106,294,23.5,17.3,68,1015,3.1,40,0
1973,2,28,16,252,98,210,22.8,17.2,71,1015,2.6,50,0
1973,2,28,17,102,61,89,22.6,17.1,71,1016,2.6,50,0
1973,2,28,18,21,17,19,22.1,17.1,73,1016,2.6,56,0
1973,2,28,19,0,0,0,21.6,17.2,75,1016,2.5,71,0
1973,2,28,20,0,0,0,21.1,17.8,81,1016,2.4,99,0
1973,2,28,21,0,0,0,20.6,18.2,85,1016,2.3,120,0
1973,2,28,22,0,0,0,20.3,18.3,88,1016,2.3,136,0
1973,2,28,23,0,0,0,20.2,18.4,88,1015,2.3,147,0
1966,3,1,0,0,0,0,20.2,18.3,89,1015,2.4,153,0
1966,3,1,1,0,0,0,20,18.2,89,1014,2.4,164,0
1966,3,1,2,0,0,0,19.8,18,89,1014,2.6,176,0
1966,3,1,3,0,0,0,19.6,17.8,89,1013,2.9,190,0
1966,3,1,4,0,0,0,19.3,17.5,89,1014,3.2,207,0
1966,3,1,5,0,0,0,19.4,17.6,89,1013,2.4,236,0
1966,3,1,6,11,6,10,19.6,17.6,88,1014,1.2,260,0
1966,3,1,7,73,52,64,20,17.8,87,1015,0,0,0
1966,3,1,8,146,71,117,21.3,18.7,85,1015,1,300,0
1966,3,1,9,243,114,174,22.6,19.8,84,1015,2.1,310,0
1966,3,1,10,274,9,267,23.9,20.6,82,1015,3.1,330,0
1966,3,1,11,299,4,295,24.3,21,82,1015,4.3,20,0
1966,3,1,12,429,8,422,24.6,21.3,82,1014,5.5,70,0
1966,3,1,13,330,11,320,25,21.7,82,1013,6.7,120,0
1966,3,1,14,320,8,314,24.8,21.5,82,1013,6,120,0
1966,3,1,15,243,3,241,24.6,21.3,82,1013,5.3,110,0
1966,3,1,16,197,1,197,24.4,21.1,82,1013,4.6,110,0
1966,3,1,17,91,2,90,24,21.3,85,1014,3.9,100,0
1966,3,1,18,14,0,14,23.7,21.4,87,1014,3.3,90,0
1966,3,1,19,0,0,0,23.3,21.7,90,1015,2.6,80,0
1966,3,1,20,0,0,0,23.1,21.2,89,1015,2.4,30,0
1966,3,1,21,0,0,0,23,20.9,88,1016,2.3,350,0
1966,3,1,22,0,0,0,22.8,20.6,87,1016,2.1,300,0
1966,3,1,23,0,0,0,22.4,20.5,89,1016,1.4,290,0
1966,3,2,0,0,0,0,22.1,20.6,91,1015,0.7,290,0
1966,3,2,1,0,0,0,21.7,20.6,93,1015,0,0,0
1966,3,2,2,0,0,0,21.5,20.3,93,1015,0,0,0
1966,3,2,3,0,0,0,21.3,20.1,93,1015,0,0,0
1966,3,2,4,0,0,0,21.1,20,93,1015,0,0,0
1966,3,2,5,0,0,0,21.3,20,92,1015,0.7,250,0
1966,3,2,6,7,0,7,21.5,20,91,1016,1.4,250,0
1966,3,2,7,92,35,86,21.7,20,90,1016,2.1,240,0
1966,3,2,8,214,81,181,23.4,20,81,1016,2.6,190,0
1966,3,2,9,322,87,269,25,19.4,71,1016,3.1,150,0
1966,3,2,10,456,94,385,26.7,18.9,62,1016,3.6,100,0
1966,3,2,11,392,91,314,27.1,19.2,62,1015,4.3,100,0
1966,3,2,12,613,276,368,27.4,19.8,63,1015,5,100,0
1966,3,2,13,624,305,361,27.8,20,63,1014,5.7,100,0
1966,3,2,14,512,240,327,26.7,20.8,70,1014,4.7,100,0
1966,3,2,15,342,199,218,25.5,21.4,78,1014,3.6,90,0
1966,3,2,16,147,9,143,24.4,21.7,85,1014,2.6,90,0
1966,3,2,17,55,1,54,24,21.9,88,1015,2.4,100,0
1966,3,2,18,10,0,10,23.7,22,90,1015,2.3,120,0
1966,3,2,19,0,0,0,23.3,22.2,93,1016,2.1,130,0
1966,3,2,20,0,0,0,23.1,21.9,93,1016,2.4,90,0
1966,3,2,21,0,0,0,23,21.8,93,1016,2.8,40,0
1966,3,2,22,0,0,0,22.8,21.7,93,1016,3.1,0,0
1966,3,2,23,0,0,0,22.2,21,93,1016,2.1,0,0
1966,3,3,0,0,0,0,21.7,20.5,93,1015,1,0,0
1966,3,3,1,0,0,0,21.1,20,93,1015,0,0,0
1966,3,3,2,0,0,0,20.9,19.7,93,1015,0,0,0
1966,3,3,3,0,0,0,20.8,19.6,93,1014,0,0,0
1966,3,3,4,0,0,0,20.6,19.4,93,1014,0,0,0
1966,3,3,5,0,0,0,20.8,19.6,93,1015,2.4,0,0
1966,3,3,6,9,5,8,20.9,19.7,93,1015,4.8,0,0
1966,3,3,7,36,2,35,21.1,20,93,1016,7.2,0,0
1966,3,3,8,177,2,176,21.7,19.6,88,1016,7.7,0,0
1966,3,3,9,319,5,316,22.2,19.4,84,1016,8.3,0,0
1966,3,3,10,301,6,296,22.8,18.9,79,1016,8.8,0,0
1966,3,3,11,382,10,374,23.2,18.8,76,1015,8.8,360,0
1966,3,3,12,475,144,347,23.5,18.6,74,1015,8.8,350,0
1966,3,3,13,381,18,365,23.9,18.3,71,1014,8.8,350,0
1966,3,3,14,427,97,352,23.3,18.4,74,1014,8.6,350,0
1966,3,3,15,230,12,223,22.8,18.4,76,1014,8.4,350,0
1966,3,3,16,140,6,137,22.2,18.3,79,1014,8.2,350,0
1966,3,3,17,81,6,80,21.8,18,79,1014,6.8,350,0
1966,3,3,18,11,1,11,21.5,17.5,78,1015,5.5,350,0
1966,3,3,19,0,0,0,21.1,17.2,78,1016,4.1,350,0
1966,3,3,20,0,0,0,21.1,16.9,77,1016,4.5,350,0
1966,3,3,21,0,0,0,21.1,16.9,77,1016,4.8,350,0
1966,3,3,22,0,0,0,21.1,16.7,76,1016,5.2,350,0
1966,3,3,23,0,0,0,20.9,16.1,74,1016,4.8,330,0
1966,3,4,0,0,0,0,20.8,15.6,72,1015,4.5,320,0
1966,3,4,1,0,0,0,20.6,15,70,1015,4.1,300,0
1966,3,4,2,0,0,0,19.7,13.9,69,1015,3.9,280,0
1966,3,4,3,0,0,0,18.7,12.7,68,1015,3.8,260,0
1966,3,4,4,0,0,0,17.8,11.7,67,1015,3.6,240,0
1966,3,4,5,0,0,0,18.2,11.8,66,1015,3.4,250,0
1966,3,4,6,20,39,15,18.5,12.1,66,1015,3.3,260,0
1966,3,4,7,131,465,41,18.9,12.2,65,1016,3.1,270,0
1966,3,4,8,344,589,97,20.6,13.3,63,1016,4.1,310,0
1966,3,4,9,634,926,66,22.2,14.1,60,1016,5.2,360,0
1966,3,4,10,729,804,114,23.9,15,58,1016,6.2,40,0
1966,3,4,11,850,809,154,24.1,15.1,57,1015,6.2,30,0
1966,3,4,12,886,928,56,24.2,15.2,57,1014,6.2,20,0
1966,3,4,13,881,933,73,24.4,15,56,1014,6.2,10,0
1966,3,4,14,805,984,42,24.2,15.2,57,1013,5.5,10,0
1966,3,4,15,531,778,41,24.1,15.1,57,1013,4.8,0,0
1966,3,4,16,298,580,44,23.9,15,58,1013,4.1,0,0
1966,3,4,17,145,487,40,22.4,15.5,65,1014,3.6,320,0
1966,3,4,18,30,105,16,20.9,15.5,71,1014,3.1,290,0
1966,3,4,19,0,0,0,19.4,15.6,78,1015,2.6,250,0
1966,3,4,20,0,0,0,18.5,14.8,79,1015,2.6,250,0
1966,3,4,21,0,0,0,17.6,14.1,80,1016,2.6,260,0
1966,3,4,22,0,0,0,16.7,13.3,81,1016,2.6,260,0
1966,3,4,23,0,0,0,17.2,13.6,79,1016,3.3,260,0
1966,3,5,0,0,0,0,17.8,13.7,77,1016,3.9,260,0
1966,3,5,1,0,0,0,18.3,13.9,75,1016,4.6,260,0
1966,3,5,2,0,0,0,18.1,13.8,76,1016,3.8,260,0
1966,3,5,3,0,0,0,18,13.9,77,1016,2.9,260,0
1966,3,5,4,0,0,0,17.8,13.9,78,1016,2.1,260,0
1966,3,5,5,0,0,0,18.2,13.9,76,1016,2.6,250,0
1966,3,5,6,11,1,11,18.5,14,75,1016,3.1,230,0
1966,3,5,7,99,69,85,18.9,13.9,73,1017,3.6,220,0
1966,3,5,8,237,45,218,20.9,14.6,67,1017,4.6,180,0
1966,3,5,9,445,329,241,23,14.9,60,1016,5.7,130,0
1966,3,5,10,642,575,201,25,15,54,1016,6.7,90,0
1966,3,5,11,701,493,275,25.4,14.9,52,1015,6.4,90,0
1966,3,5,12,850,726,198,25.7,14.8,51,1015,6,80,0
1966,3,5,13,788,736,149,26.1,14.4,49,1014,5.7,80,0
1966,3,5,14,709,666,190,25.4,14.9,52,1014,4.8,100,0
1966,3,5,15,500,462,209,24.6,15,55,1014,4,110,0
1966,3,5,16,265,262,150,23.9,15,58,1014,3.1,130,0
1966,3,5,17,102,128,75,23,16.1,65,1015,2.8,150,0
1966,3,5,18,18,10,17,22,16.5,71,1015,2.4,160,0
1966,3,5,19,0,0,0,21.1,17.2,78,1016,2.1,180,0
1966,3,5,20,0,0,0,20.7,17,79,1016,2.1,190,0
1966,3,5,21,0,0,0,20.4,16.9,80,1016,2.1,190,0
1966,3,5,22,0,0,0,20,16.7,81,1016,2.1,200,0
1966,3,5,23,0,0,0,19.6,15.7,78,1016,2.6,210,0
1966,3,6,0,0,0,0,19.3,15,76,1015,3.1,230,0
1966,3,6,1,0,0,0,18.9,13.9,73,1015,3.6,240,0
1966,3,6,2,0,0,0,19.1,13.5,70,1015,3.4,220,0
1966,3,6,3,0,0,0,19.2,13.2,68,1015,3.3,210,0
1966,3,6,4,0,0,0,19.4,12.8,65,1015,3.1,190,0
1966,3,6,5,0,0,0,19.8,12.6,63,1015,3.3,200,0
1966,3,6,6,13,3,12,20.2,12.5,61,1015,3.4,200,0
1966,3,6,7,57,1,57,20.6,12.2,59,1016,3.6,210,0
1966,3,6,8,128,6,125,22.3,12.9,55,1016,3.6,220,0
1966,3,6,9,263,4,261,23.9,13.5,52,1016,3.6,230,0
1966,3,6,10,335,7,330,25.6,13.9,48,1016,3.6,240,0
1966,3,6,11,577,217,389,26.3,13.5,45,1015,4.8,210,0
1966,3,6,12,746,450,341,27.1,13.5,43,1014,6,170,0
1966,3,6,13,594,376,267,27.8,12.8,40,1013,7.2,140,0
1966,3,6,14,693,601,224,26.9,14.7,47,1013,6.9,120,0
1966,3,6,15,435,329,226,25.9,15.6,53,1013,6.5,110,0
1966,3,6,16,263,302,129,25,16.7,60,1013,6.2,90,0
1966,3,6,17,112,63,98,23.9,17.2,66,1013,5.3,120,0
1966,3,6,18,12,11,11,22.8,17.7,73,1014,4.5,160,0
1966,3,6,19,0,0,0,21.7,17.8,79,1014,3.6,190,0
1966,3,6,20,0,0,0,20.9,17.5,81,1015,3.4,200,0
1966,3,6,21,0,0,0,20.2,17.1,82,1015,3.3,220,0
1966,3,6,22,0,0,0,19.4,16.7,84,1016,3.1,230,0
1966,3,6,23,0,0,0,19.4,16.7,84,1015,2.1,220,0
1966,3,7,0,0,0,0,19.4,16.7,84,1015,1,210,0
1966,3,7,1,0,0,0,19.4,16.7,84,1015,0,0,0
1966,3,7,2,0,0,0,18.7,16.2,85,1014,0.9,200,0
1966,3,7,3,0,0,0,17.9,15.6,86,1014,1.7,190,0
1966,3,7,4,0,0,0,17.2,15,87,1014,2.6,180,0
1966,3,7,5,0,0,0,17.8,15.3,85,1015,1.7,150,0
1966,3,7,6,13,28,10,18.3,15.4,83,1015,0.9,130,0
1966,3,7,7,131,418,47,18.9,15.6,81,1016,0,0,0
1966,3,7,8,355,633,84,21.1,15.9,72,1015,1.7,70,0
1966,3,7,9,567,722,117,23.4,16,63,1015,3.5,50,0
1966,3,7,10,745,776,144,25.6,15.6,54,1015,5.2,20,0
1966,3,7,11,757,640,200,26,15.4,52,1014,4.8,40,0
1966,3,7,12,893,779,189,26.3,14.8,49,1013,4.5,50,0
1966,3,7,13,710,508,266,26.7,14.4,47,1013,4.1,70,0
1966,3,7,14,650,497,261,26.1,15.2,51,1013,3.8,60,0
1966,3,7,15,481,318,279,25.6,15.6,54,1013,3.4,60,0
1966,3,7,16,216,129,158,25,16.1,58,1013,3.1,50,0
1966,3,7,17,100,108,76,24.3,16.8,63,1013,2.9,350,0
1966,3,7,18,18,17,16,23.5,17.3,68,1013,2.8,300,0
1966,3,7,19,0,0,0,22.8,17.8,73,1014,2.6,240,0
1966,3,7,20,0,0,0,22.2,17.8,76,1014,2.6,240,0
1966,3,7,21,0,0,0,21.7,17.7,78,1015,2.6,250,0
1966,3,7,22,0,0,0,21.1,17.8,81,1015,2.6,250,0
1966,3,7,23,0,0,0,20.2,17.4,84,1015,2.9,240,0
1966,3,8,0,0,0,0,19.2,17,87,1014,3.3,230,0
1966,3,8,1,0,0,0,18.3,16.7,90,1014,3.6,220,0
1966,3,8,2,0,0,0,17.8,15.6,87,1014,3.6,230,0
1966,3,8,3,0,0,0,17.2,14.5,84,1014,3.6,230,0
1966,3,8,4,0,0,0,16.7,13.3,81,1014,3.6,240,0
1966,3,8,5,0,0,0,18,13.5,75,1014,3.1,230,0
1966,3,8,6,21,90,9,19.3,13.5,69,1015,2.6,230,0
1966,3,8,7,152,589,30,20.6,13.3,63,1015,2.1,220,0
1966,3,8,8,375,733,58,22.1,14.5,62,1015,3.3,270,0
1966,3,8,9,523,610,140,23.5,15.6,61,1015,4.5,330,0
1966,3,8,10,765,791,149,25,16.7,60,1015,5.7,20,0
1966,3,8,11,740,592,223,25.6,15.6,54,1014,5.5,50,0
1966,3,8,12,862,752,180,26.1,14.3,48,1013,5.4,80,0
1966,3,8,13,853,778,170,26.7,12.8,42,1013,5.2,110,0
1966,3,8,14,620,486,238,25.9,14.4,49,1012,4.3,110,0
1966,3,8,15,414,277,237,25.2,15.6,55,1012,3.5,100,0
1966,3,8,16,240,59,213,24.4,16.7,62,1012,2.6,100,0
1966,3,8,17,117,61,104,23.7,17.2,67,1013,2.6,140,0
1966,3,8,18,23,30,19,22.9,17.4,71,1013,2.6,180,0
1966,3,8,19,0,0,0,22.2,17.8,76,1014,2.6,220,0
1966,3,8,20,0,0,0,21.5,17.7,79,1014,2.6,220,0
1966,3,8,21,0,0,0,20.7,17.3,81,1014,2.6,220,0
1966,3,8,22,0,0,0,20,17.2,84,1014,2.6,220,0
1966,3,8,23,0,0,0,19.6,16.8,84,1014,2.6,220,0
1966,3,9,0,0,0,0,19.3,16.6,84,1014,2.6,210,0
1966,3,9,1,0,0,0,18.9,16.1,84,1014,2.6,210,0
1966,3,9,2,0,0,0,18.5,15.8,84,1014,2.9,220,0
1966,3,9,3,0,0,0,18.2,15.5,84,1014,3.3,220,0
1966,3,9,4,0,0,0,17.8,15,84,1014,3.6,230,0
1966,3,9,5,0,0,0,18.3,15.6,84,1014,2.4,250,0
1966,3,9,6,14,4,14,18.9,16.2,84,1014,1.2,280,0
1966,3,9,7,78,53,67,19.4,16.7,84,1015,0,0,0
1966,3,9,8,200,1,199,21.1,16.5,75,1015,1.2,320,0
1966,3,9,9,271,32,251,22.7,16.3,67,1015,2.4,350,0
1966,3,9,10,295,11,286,24.4,15.6,58,1015,3.6,10,0
1966,3,9,11,368,10,360,25,16.7,60,1014,4.1,10,0
1966,3,9,12,360,11,350,25.5,17.7,62,1014,4.7,10,0
1966,3,9,13,404,3,401,26.1,18.9,64,1013,5.2,10,0
1966,3,9,14,418,3,416,25.4,19.3,69,1013,4.5,10,0
1966,3,9,15,276,1,275,24.6,19.7,74,1013,3.8,0,0
1966,3,9,16,191,6,189,23.9,20,79,1013,3.1,0,0
1966,3,9,17,88,2,87,23.7,19.4,77,1013,2.9,350,0
1966,3,9,18,19,0,19,23.5,19,76,1014,2.8,350,0
1966,3,9,19,0,0,0,23.3,18.3,74,1014,2.6,340,0
1966,3,9,20,0,0,0,22.9,18.3,75,1015,1.7,320,0
1966,3,9,21,0,0,0,22.6,18,75,1015,0.9,300,0
1966,3,9,22,0,0,0,22.2,17.8,76,1015,0,0,0
1966,3,9,23,0,0,0,21.8,18,79,1015,0.7,270,0
1966,3,10,0,0,0,0,21.5,18.1,81,1015,1.4,250,0
1966,3,10,1,0,0,0,21.1,18.3,84,1015,2.1,230,0
1966,3,10,2,0,0,0,20.7,18.3,86,1015,1.4,240,0
1966,3,10,3,0,0,0,20.4,18.4,88,1014,0.7,260,0
1966,3,10,4,0,0,0,20,18.3,90,1014,0,0,0
1966,3,10,5,0,0,0,20.2,18.3,89,1015,0,0,0
1966,3,10,6,8,0,8,20.4,18.4,88,1015,0,0,0
1966,3,10,7,86,29,80,20.6,18.3,87,1016,0,0,0
1966,3,10,8,291,379,124,21.9,18.7,82,1016,1.7,330,0
1966,3,10,9,430,313,231,23.1,18.7,76,1016,3.5,350,0
1966,3,10,10,588,367,299,24.4,18.9,71,1017,5.2,0,0
1966,3,10,11,481,128,369,24,18.9,73,1016,5.4,10,0
1966,3,10,12,566,141,437,23.7,18.8,74,1016,5.5,10,0
1966,3,10,13,424,5,420,23.3,18.9,76,1015,5.7,20,0
1966,3,10,14,373,20,357,22.6,19.2,81,1015,4.8,360,0
1966,3,10,15,268,7,263,21.8,19.2,85,1016,4,330,0
1966,3,10,16,121,7,118,21.1,19.4,90,1016,3.1,310,0
1966,3,10,17,104,7,102,20.9,19.6,92,1016,2.1,310,0
1966,3,10,18,22,0,22,20.8,20,95,1016,1,310,0
1966,3,10,19,0,0,0,20.6,20,97,1017,0,0,0
1966,3,10,20,0,0,0,20.4,19.9,97,1017,1,320,0
1966,3,10,21,0,0,0,20.2,19.7,97,1017,2.1,320,0
1966,3,10,22,0,0,0,20,19.4,97,1017,3.1,320,0
1966,3,10,23,0,0,0,20,19.2,95,1017,3.8,330,0
1966,3,11,0,0,0,0,20,18.7,92,1017,4.5,340,0
1966,3,11,1,0,0,0,20,18.3,90,1017,5.2,350,0
1966,3,11,2,0,0,0,19.6,18.1,91,1017,5.2,350,0
1966,3,11,3,0,0,0,19.3,18,92,1017,5.2,340,0
1966,3,11,4,0,0,0,18.9,17.8,93,1017,5.2,340,0
1966,3,11,5,0,0,0,18.9,17.9,94,1017,5,340,0
1966,3,11,6,15,0,15,18.9,18.3,96,1018,4.8,340,0
1966,3,11,7,42,3,42,18.9,18.3,97,1018,4.6,340,0
1966,3,11,8,187,0,187,19.8,18.3,91,1018,4.3,350,0
1966,3,11,9,282,105,215,20.8,18.2,85,1018,3.9,350,0
1966,3,11,10,423,116,331,21.7,17.8,79,1018,3.6,360,0
1966,3,11,11,380,93,297,21.9,17.7,77,1018,5.5,360,0
1966,3,11,12,324,5,319,22,17.4,75,1017,7.4,360,0
1966,3,11,13,265,1,264,22.2,17.2,73,1016,9.3,360,0
1966,3,11,14,377,9,370,21.8,17,74,1016,7.4,360,0
1966,3,11,15,255,11,248,21.5,16.9,75,1016,5.5,360,0
1966,3,11,16,158,7,155,21.1,16.7,76,1016,3.6,360,0
1966,3,11,17,74,1,74,20.9,16.5,76,1017,3.4,350,0
1966,3,11,18,13,0,13,20.8,16.4,76,1017,3.3,330,0
1966,3,11,19,0,0,0,20.6,16.1,76,1018,3.1,320,0
1966,3,11,20,0,0,0,20.6,16.2,76,1018,3.1,320,0
1966,3,11,21,0,0,0,20.6,16.2,76,1019,3.1,330,0
1966,3,11,22,0,0,0,20.6,16.1,76,1019,3.1,330,0
1966,3,11,23,0,0,0,20.4,16.1,76,1019,3.3,350,0
1966,3,12,0,0,0,0,20.2,15.9,76,1018,3.4,0,0
1966,3,12,1,0,0,0,20,15.6,76,1018,3.6,20,0
1966,3,12,2,0,0,0,19.8,15.9,78,1017,3.1,340,0
1966,3,12,3,0,0,0,19.6,15.9,79,1017,2.6,310,0
1966,3,12,4,0,0,0,19.4,16.1,81,1017,2.1,270,0
1966,3,12,5,0,0,0,19.8,15.9,78,1017,2.3,280,0
1966,3,12,6,17,1,17,20.2,15.9,76,1018,2.4,290,0
1966,3,12,7,94,2,93,20.6,15.6,73,1018,2.6,300,0
1966,3,12,8,204,1,204,21.5,14.9,66,1019,3.5,320,0
1966,3,12,9,326,1,326,22.4,14.3,60,1019,4.3,350,0
1966,3,12,10,402,1,400,23.3,13.3,53,1019,5.2,10,0
1966,3,12,11,438,1,437,23.5,13.1,52,1018,5.2,20,0
1966,3,12,12,791,463,366,23.7,13,51,1017,5.2,30,0
1966,3,12,13,407,136,287,23.9,12.8,50,1017,5.2,40,0
1966,3,12,14,404,143,291,23.7,13,51,1017,5,30,0
1966,3,12,15,436,382,189,23.5,13.1,52,1017,4.8,30,0
1966,3,12,16,238,133,178,23.3,13.3,53,1017,4.6,20,0
1966,3,12,17,125,71,109,22.6,13.4,56,1017,4.1,340,0
1966,3,12,18,15,6,14,21.8,13.7,60,1018,3.6,310,0
1966,3,12,19,0,0,0,21.1,13.9,63,1019,3.1,270,0
1966,3,12,20,0,0,0,20.9,14.1,65,1019,2.1,260,0
1966,3,12,21,0,0,0,20.8,14.3,66,1019,1,250,0
1966,3,12,22,0,0,0,20.6,14.4,68,1019,0,0,0
1966,3,12,23,0,0,0,19.8,14.9,73,1019,1.5,230,0
1966,3,13,0,0,0,0,19.1,15.4,79,1019,3.1,220,0
1966,3,13,1,0,0,0,18.3,15.6,84,1018,4.6,210,0
1966,3,13,2,0,0,0,18.5,15.6,83,1018,4.1,220,0
1966,3,13,3,0,0,0,18.7,15.6,82,1018,3.6,240,0
1966,3,13,4,0,0,0,18.9,15.6,81,1018,3.1,250,0
1966,3,13,5,0,0,0,19.3,15.8,80,1019,2.9,250,0
1966,3,13,6,12,3,12,19.6,15.9,79,1019,2.8,250,0
1966,3,13,7,94,2,93,20,16.1,78,1020,2.6,250,0
1966,3,13,8,193,6,190,21.3,15.9,71,1020,2.8,280,0
1966,3,13,9,411,211,275,22.6,15.7,65,1020,2.9,310,0
1966,3,13,10,380,106,297,23.9,15,58,1019,3.1,340,0
1966,3,13,11,484,113,383,24.5,15.5,57,1019,4.5,10,0
1966,3,13,12,700,304,420,25,15.4,55,1018,5.8,30,0
1966,3,13,13,845,621,292,25.6,15.6,54,1017,7.2,60,0
1966,3,13,14,486,139,376,25.2,16.1,57,1017,6.5,50,0
1966,3,13,15,353,149,257,24.8,16.3,59,1017,5.9,50,0
1966,3,13,16,154,3,152,24.4,16.7,62,1017,5.2,40,0
1966,3,13,17,88,2,88,23.3,16.9,67,1017,4.5,350,0
1966,3,13,18,16,1,16,22.2,16.7,71,1018,3.8,300,0
1966,3,13,19,0,0,0,21.1,16.7,76,1018,3.1,250,0
1966,3,13,20,0,0,0,20.7,17.2,80,1019,2.9,200,0
1966,3,13,21,0,0,0,20.4,17.4,83,1019,2.8,140,0
1966,3,13,22,0,0,0,20,17.8,87,1019,2.6,90,0
1966,3,13,23,0,0,0,19.8,17.4,86,1019,2.9,140,0
1966,3,14,0,0,0,0,19.6,17,85,1018,3.3,190,0
1966,3,14,1,0,0,0,19.4,16.7,84,1018,3.6,240,0
1966,3,14,2,0,0,0,19.4,16.8,85,1018,3.6,250,0
1966,3,14,3,0,0,0,19.4,17,86,1018,3.6,270,0
1966,3,14,4,0,0,0,19.4,17.2,87,1018,3.6,280,0
1966,3,14,5,0,0,0,19.6,17.2,86,1018,3.8,280,0
1966,3,14,6,21,4,20,19.8,17.2,85,1018,3.9,270,0
1966,3,14,7,83,24,77,20,17.2,84,1019,4.1,270,0
1966,3,14,8,220,108,171,21.7,17.1,75,1019,4.1,210,0
1966,3,14,9,471,310,270,23.3,16.9,67,1019,4.1,150,0
1966,3,14,10,848,881,145,25,16.1,58,1019,4.1,90,0
1966,3,14,11,596,382,255,25,16.5,59,1018,5.1,80,0
1966,3,14,12,719,480,275,25,17,61,1017,6.2,80,0
1966,3,14,13,598,298,332,25,17.2,62,1016,7.2,70,0
1966,3,14,14,486,119,391,24.6,17.6,65,1016,6.9,70,0
1966,3,14,15,370,114,295,24.3,18,68,1016,6.5,80,0
1966,3,14,16,180,9,176,23.9,18.3,71,1016,6.2,80,0
1966,3,14,17,102,5,101,23.2,18.3,74,1017,5.2,130,0
1966,3,14,18,17,1,17,22.4,18.4,78,1017,4.1,190,0
1966,3,14,19,0,0,0,21.7,18.3,81,1018,3.1,240,0
1966,3,14,20,0,0,0,21.3,18.5,84,1018,3.1,240,0
1966,3,14,21,0,0,0,21,18.8,87,1018,3.1,250,0
1966,3,14,22,0,0,0,20.6,18.9,90,1018,3.1,250,0
1966,3,14,23,0,0,0,20.4,19.1,92,1018,3.3,250,0
1966,3,15,0,0,0,0,20.2,19.4,95,1017,3.4,260,0
1966,3,15,1,0,0,0,20,19.4,97,1017,3.6,260,0
1966,3,15,2,0,0,0,19.8,19.3,97,1016,3.4,260,0
1966,3,15,3,0,0,0,19.6,19.1,97,1016,3.3,250,0
1966,3,15,4,0,0,0,19.4,18.9,97,1016,3.1,250,0
1966,3,15,5,0,0,0,19.6,19,96,1016,3.1,250,0
1966,3,15,6,17,2,17,19.8,18.8,94,1017,3.1,250,0
1966,3,15,7,48,2,47,20,18.9,93,1018,3.1,250,0
1966,3,15,8,226,3,224,21.5,18.7,84,1017,2.9,210,0
1966,3,15,9,392,157,289,22.9,18.3,75,1017,2.8,170,0
1966,3,15,10,464,126,363,24.4,17.8,66,1017,2.6,130,0
1966,3,15,11,433,78,363,24.6,17.6,65,1016,3.8,120,0
1966,3,15,12,424,8,416,24.8,17.8,65,1015,5,110,0
1966,3,15,13,403,10,394,25,17.8,64,1015,6.2,100,0
1966,3,15,14,388,112,298,24.6,17.9,66,1015,6,100,0
1966,3,15,15,385,206,251,24.3,17.8,67,1014,5.9,100,0
1966,3,15,16,272,356,110,23.9,17.8,69,1014,5.7,100,0
1966,3,15,17,148,276,85,23.2,18.3,74,1015,4.7,150,0
1966,3,15,18,22,21,20,22.4,18.6,79,1016,3.6,210,0
1966,3,15,19,0,0,0,21.7,18.9,84,1016,2.6,260,0
1966,3,15,20,0,0,0,21.3,18.7,85,1016,2.4,250,0
1966,3,15,21,0,0,0,21,18.6,86,1017,2.3,250,0
1966,3,15,22,0,0,0,20.6,18.3,87,1017,2.1,240,0
1966,3,15,23,0,0,0,20.4,18,86,1017,2.3,250,0
1966,3,16,0,0,0,0,20.2,17.6,85,1016,2.4,260,0
1966,3,16,1,0,0,0,20,17.2,84,1016,2.6,270,0
1966,3,16,2,0,0,0,20,16.9,82,1016,2.8,260,0
1966,3,16,3,0,0,0,20,16.5,80,1015,2.9,240,0
1966,3,16,4,0,0,0,20,16.1,78,1015,3.1,230,0
1966,3,16,5,0,0,0,20.2,16.5,79,1016,2.8,220,0
1966,3,16,6,19,15,17,20.4,16.9,80,1016,2.4,220,0
1966,3,16,7,143,285,76,20.6,17.2,81,1017,2.1,210,0
1966,3,16,8,295,253,179,21.9,17.9,78,1017,1.4,180,0
1966,3,16,9,358,122,278,23.1,18.2,74,1017,0.7,150,0
1966,3,16,10,332,7,326,24.4,18.9,71,1017,0,0,0
1966,3,16,11,465,70,402,24.6,19,71,1016,1.7,90,0
1966,3,16,12,594,185,423,24.8,19.2,71,1015,3.5,60,0
1966,3,16,13,751,566,243,25,19.4,71,1014,5.2,30,0
1966,3,16,14,454,185,306,24.8,19.4,72,1014,4.3,50,0
1966,3,16,15,306,110,234,24.6,19.5,73,1013,3.5,80,0
1966,3,16,16,166,58,139,24.4,19.4,74,1013,2.6,100,0
1966,3,16,17,76,26,70,23.1,19.5,80,1014,2.4,160,0
1966,3,16,18,14,1,14,21.9,19.7,87,1015,2.3,210,0
1966,3,16,19,0,0,0,20.6,19.4,93,1016,2.1,270,0
1966,3,16,20,0,0,0,20.8,18.9,89,1016,2.9,270,0
1966,3,16,21,0,0,0,20.9,18.3,85,1016,3.8,270,0
1966,3,16,22,0,0,0,21.1,17.8,81,1016,4.6,270,0
1966,3,16,23,0,0,0,20.9,17.5,81,1016,4.4,250,0
1966,3,17,0,0,0,0,20.8,17.4,81,1015,4.3,220,0
1966,3,17,1,0,0,0,20.6,17.2,81,1015,4.1,200,0
1966,3,17,2,0,0,0,20.4,17.2,82,1015,3.8,200,0
1966,3,17,3,0,0,0,20.2,17.2,83,1014,3.4,200,0
1966,3,17,4,0,0,0,20,17.2,84,1014,3.1,200,0
1966,3,17,5,0,0,0,21.1,17.5,80,1014,2.9,190,0
1966,3,17,6,27,37,22,22.2,17.6,75,1015,2.8,180,0
1966,3,17,7,151,236,95,23.3,17.8,71,1015,2.6,170,0
1966,3,17,8,407,658,102,24.4,17.4,65,1015,3.1,120,0
1966,3,17,9,529,478,215,25.6,17.3,60,1016,3.6,80,0
1966,3,17,10,674,562,221,26.7,16.7,54,1016,4.1,30,0
1966,3,17,11,835,689,215,26.7,17.8,58,1015,4.5,30,0
1966,3,17,12,893,746,198,26.7,18.6,61,1014,4.8,40,0
1966,3,17,13,868,757,187,26.7,19.4,65,1014,5.2,40,0
1966,3,17,14,769,789,135,26.3,19.5,66,1013,4.8,30,0
1966,3,17,15,595,757,100,26,19.7,68,1013,4.5,10,0
1966,3,17,16,410,701,88,25.6,19.4,69,1013,4.1,0,0
1966,3,17,17,138,302,68,24.8,19.9,74,1014,3.6,350,0
1966,3,17,18,21,33,16,24.1,20.2,79,1014,3.1,330,0
1966,3,17,19,0,0,0,23.3,20.6,84,1015,2.6,320,0
1966,3,17,20,0,0,0,22.4,20.1,87,1016,2.9,10,0
1966,3,17,21,0,0,0,21.5,19.8,90,1016,3.3,70,0
1966,3,17,22,0,0,0,20.6,19.4,93,1017,3.6,120,0
1966,3,17,23,0,0,0,19.8,18.5,92,1016,3.3,150,0
1966,3,18,0,0,0,0,19.1,17.6,91,1016,2.9,190,0
1966,3,18,1,0,0,0,18.3,16.7,90,1016,2.6,220,0
1966,3,18,2,0,0,0,18.5,16.3,87,1015,2.6,220,0
1966,3,18,3,0,0,0,18.7,16,84,1015,2.6,210,0
1966,3,18,4,0,0,0,18.9,15.6,81,1015,2.6,210,0
1966,3,18,5,0,0,0,19.5,16.6,83,1016,3.1,190,0
1966,3,18,6,16,6,15,20,17.4,85,1016,3.6,170,0
1966,3,18,7,57,6,55,20.6,18.3,87,1017,4.1,150,0
1966,3,18,8,195,6,192,21,19,88,1017,3.9,100,0
1966,3,18,9,272,10,266,21.3,19.4,89,1017,3.8,60,0
1966,3,18,10,178,1,177,21.7,20,90,1017,3.6,10,0
1966,3,18,11,364,8,357,21.9,20.2,90,1016,3.3,10,0
1966,3,18,12,425,3,422,22,20.3,90,1016,2.9,20,0
1966,3,18,13,238,3,235,22.2,20.6,90,1015,2.6,20,0
1966,3,18,14,380,2,379,21.8,20.1,90,1015,3.3,40,0
1966,3,18,15,334,1,334,21.5,19.8,90,1015,3.9,50,0
1966,3,18,16,131,1,130,21.1,19.4,90,1016,4.6,70,0
1966,3,18,17,92,1,91,20.5,19.2,92,1016,4.3,110,0
1966,3,18,18,21,0,21,20,19.2,95,1017,3.9,160,0
1966,3,18,19,0,0,0,19.4,18.9,97,1018,3.6,200,0
1966,3,18,20,0,0,0,19.4,18.9,97,1018,3.3,230,0
1966,3,18,21,0,0,0,19.4,18.9,97,1018,2.9,250,0
1966,3,18,22,0,0,0,19.4,18.9,97,1018,2.6,280,0
1966,3,18,23,0,0,0,19.6,19,96,1018,2.4,280,0
1966,3,19,0,0,0,0,19.8,18.8,94,1017,2.3,290,0
1966,3,19,1,0,0,0,20,18.9,93,1017,2.1,290,0
1966,3,19,2,0,0,0,20,18.7,92,1017,2.8,280,0
1966,3,19,3,0,0,0,20,18.5,91,1016,3.4,270,0
1966,3,19,4,0,0,0,20,18.3,90,1016,4.1,260,0
1966,3,19,5,0,0,0,20.4,18.4,88,1017,2.7,270,0
1966,3,19,6,35,88,24,20.7,18.3,86,1017,1.4,280,0
1966,3,19,7,200,491,80,21.1,18.3,84,1018,0,0,0
1966,3,19,8,249,240,136,22,18.6,81,1018,0.7,300,0
1966,3,19,9,338,164,229,23,18.8,77,1018,1.4,310,0
1966,3,19,10,594,303,348,23.9,18.9,74,1018,2.1,320,0
1966,3,19,11,539,195,363,24.5,19.1,72,1018,3.6,10,0
1966,3,19,12,588,364,248,25,19.4,71,1017,5.2,50,0
1966,3,19,13,869,697,239,25.6,19.4,69,1016,6.7,100,0
1966,3,19,14,667,420,328,25,19.4,71,1016,6.2,100,0
1966,3,19,15,520,388,265,24.5,19.1,72,1016,5.7,100,0
1966,3,19,16,246,120,190,23.9,18.9,74,1016,5.2,100,0
1966,3,19,17,141,212,91,23.2,19.4,79,1017,4.7,160,0
1966,3,19,18,23,22,20,22.4,19.8,85,1017,4.1,210,0
1966,3,19,19,0,0,0,21.7,20,90,1018,3.6,270,0
1966,3,19,20,0,0,0,21.3,19.6,90,1018,3.6,250,0
1966,3,19,21,0,0,0,21,19.3,90,1019,3.6,240,0
1966,3,19,22,0,0,0,20.6,18.9,90,1019,3.6,220,0
1966,3,19,23,0,0,0,20.2,18.7,91,1019,3.1,190,0
1966,3,20,0,0,0,0,19.8,18.5,92,1019,2.6,160,0
1966,3,20,1,0,0,0,19.4,18.3,93,1018,2.1,130,0
1966,3,20,2,0,0,0,19.4,17.6,89,1018,3.1,170,0
1966,3,20,3,0,0,0,19.4,16.8,85,1018,4.2,210,0
1966,3,20,4,0,0,0,19.4,16.1,81,1018,5.2,250,0
1966,3,20,5,0,0,0,19.6,16.7,83,1018,4.2,240,0
1966,3,20,6,19,18,16,19.8,17.2,85,1018,3.1,230,0
1966,3,20,7,99,62,83,20,17.8,87,1019,2.1,220,0
1966,3,20,8,237,145,169,21.9,17.9,78,1019,2.1,180,0
1966,3,20,9,495,232,340,23.7,17.7,69,1019,2.1,130,0
1966,3,20,10,441,132,333,25.6,17.2,60,1019,2.1,90,0
1966,3,20,11,325,3,323,25.4,17.6,62,1018,3.8,90,0
1966,3,20,12,671,362,331,25.2,18.2,65,1017,5.5,90,0
1966,3,20,13,778,495,330,25,18.3,67,1017,7.2,90,0
1966,3,20,14,488,158,360,24.6,18.6,69,1016,6.3,90,0
1966,3,20,15,516,398,254,24.3,18.9,72,1016,5.5,90,0
1966,3,20,16,245,114,192,23.9,18.9,74,1016,4.6,90,0
1966,3,20,17,111,49,99,22.8,19.2,80,1017,4.4,100,0
1966,3,20,18,24,27,20,21.7,19.5,87,1017,4.3,100,0
1966,3,20,19,0,0,0,20.6,19.4,93,1018,4.1,110,0
1966,3,20,20,0,0,0,20.4,19.2,93,1018,4.1,140,0
1966,3,20,21,0,0,0,20.2,19,93,1018,4.1,170,0
1966,3,20,22,0,0,0,20,18.9,93,1018,4.1,200,0
1966,3,20,23,0,0,0,19.8,18.8,94,1018,3.8,220,0
1966,3,21,0,0,0,0,19.6,19,96,1017,3.4,230,0
1966,3,21,1,0,0,0,19.4,18.9,97,1017,3.1,250,0
1966,3,21,2,0,0,0,19.4,18.8,96,1017,3.6,250,0
1966,3,21,3,0,0,0,19.4,18.4,94,1017,4.1,260,0
1966,3,21,4,0,0,0,19.4,18.3,93,1017,4.6,260,0
1966,3,21,5,0,0,0,19.8,18.5,92,1017,3.9,270,0
1966,3,21,6,21,6,20,20.2,18.7,91,1017,3.3,270,0
1966,3,21,7,102,35,93,20.6,18.9,90,1018,2.6,280,0
1966,3,21,8,302,203,205,22.1,18.7,81,1018,3.8,330,0
1966,3,21,9,447,349,213,23.5,18,71,1018,5,20,0
1966,3,21,10,762,729,164,25,17.2,62,1018,6.2,70,0
1966,3,21,11,883,705,241,25.2,17.2,61,1017,6.2,60,0
1966,3,21,12,830,684,187,25.4,17.4,61,1016,6.2,50,0
1966,3,21,13,875,787,161,25.6,17.2,60,1016,6.2,40,0
1966,3,21,14,793,787,155,25.4,16.8,59,1015,5.9,50,0
1966,3,21,15,673,857,107,25.2,16.1,57,1015,5.5,60,0
1966,3,21,16,407,720,73,25,15.6,56,1015,5.2,70,0
1966,3,21,17,154,380,64,23.7,16.3,63,1015,4.2,20,0
1966,3,21,18,28,86,17,22.4,16.9,71,1016,3.1,320,0
1966,3,21,19,0,0,0,21.1,17.2,78,1016,2.1,270,0
1966,3,21,20,0,0,0,20.4,16.7,79,1017,2.3,240,0
1966,3,21,21,0,0,0,19.6,16.1,80,1018,2.4,220,0
1966,3,21,22,0,0,0,18.9,15.6,81,1019,2.6,190,0
1966,3,21,23,0,0,0,18.5,15.6,83,1018,2.9,200,0
1966,3,22,0,0,0,0,18.2,15.7,85,1017,3.3,200,0
1966,3,22,1,0,0,0,17.8,15.6,87,1016,3.6,210,0
1966,3,22,2,0,0,0,18,15.8,87,1015,3.8,230,0
1966,3,22,3,0,0,0,18.1,15.9,87,1015,3.9,250,0
1966,3,22,4,0,0,0,18.3,16.1,87,1015,4.1,270,0
1966,3,22,5,0,0,0,18.7,16.3,86,1015,3.4,260,0
1966,3,22,6,26,20,24,19,16.4,85,1016,2.8,240,0
1966,3,22,7,175,393,75,19.4,16.7,84,1017,2.1,230,0
1966,3,22,8,321,331,161,20.9,16.7,77,1017,2.6,260,0
1966,3,22,9,407,170,292,22.4,16.5,69,1017,3.1,300,0
1966,3,22,10,801,709,218,23.9,16.1,62,1017,3.6,330,0
1966,3,22,11,712,349,394,24.3,15.8,59,1016,3.9,350,0
1966,3,22,12,901,766,178,24.6,15.5,57,1015,4.3,20,0
1966,3,22,13,883,775,178,25,15,54,1014,4.6,40,0
1966,3,22,14,610,575,143,25,15.4,55,1014,4.6,60,0
1966,3,22,15,573,678,124,25,15.9,57,1014,4.6,80,0
1966,3,22,16,389,620,100,25,16.1,58,1014,4.6,100,0
1966,3,22,17,181,527,56,23.7,16.5,64,1014,4.1,140,0
1966,3,22,18,31,97,18,22.4,16.7,70,1015,3.6,180,0
1966,3,22,19,0,0,0,21.1,16.7,76,1015,3.1,220,0
1966,3,22,20,0,0,0,20.5,17.2,81,1016,3.4,220,0
1966,3,22,21,0,0,0,20,17.4,85,1016,3.8,230,0
1966,3,22,22,0,0,0,19.4,17.8,90,1016,4.1,230,0
1966,3,22,23,0,0,0,19.2,17.9,92,1016,3.6,230,0
1966,3,23,0,0,0,0,19.1,18.3,95,1015,3.1,220,0
1966,3,23,1,0,0,0,18.9,18.3,97,1015,2.6,220,0
1966,3,23,2,0,0,0,19.1,17.8,92,1014,2.6,220,0
1966,3,23,3,0,0,0,19.2,16.8,86,1014,2.6,220,0
1966,3,23,4,0,0,0,19.4,16.1,81,1013,2.6,220,0
1966,3,23,5,0,0,0,19.8,16.7,82,1014,2.6,220,0
1966,3,23,6,13,1,13,20.2,17.2,83,1014,2.6,220,0
1966,3,23,7,76,31,68,20.6,17.8,84,1015,2.6,220,0
1966,3,23,8,210,6,207,21.1,17.7,81,1015,3.5,220,0
1966,3,23,9,255,6,251,21.7,17.9,79,1015,4.3,230,0
1966,3,23,10,377,11,368,22.2,17.8,76,1015,5.2,230,0
1966,3,23,11,360,5,356,22.4,18.4,78,1014,4.2,210,0
1966,3,23,12,392,6,386,22.6,18.8,79,1014,3.1,200,0
1966,3,23,13,436,3,433,22.8,19.4,81,1013,2.1,180,0
1966,3,23,14,358,1,358,23.2,18.8,76,1013,4,160,0
1966,3,23,15,311,1,310,23.5,18,71,1012,5.8,140,0
1966,3,23,16,211,1,210,23.9,17.2,66,1012,7.7,120,0
1966,3,23,17,99,1,98,23,17.7,72,1013,6,150,0
1966,3,23,18,22,0,22,22,18,78,1013,4.3,180,0
1966,3,23,19,0,0,0,21.1,18.3,84,1014,2.6,210,0
1966,3,23,20,0,0,0,20.7,18.3,86,1014,2.9,230,0
1966,3,23,21,0,0,0,20.4,18.4,88,1014,3.3,240,0
1966,3,23,22,0,0,0,20,18.3,90,1015,3.6,260,0
1966,3,23,23,0,0,0,19.8,18.3,91,1014,3.3,240,0
1966,3,24,0,0,0,0,19.6,18.3,92,1014,2.9,230,0
1966,3,24,1,0,0,0,19.4,18.3,93,1014,2.6,210,0
1966,3,24,2,0,0,0,19.2,18.1,93,1013,2.8,210,0
1966,3,24,3,0,0,0,19.1,18,93,1013,2.9,200,0
1966,3,24,4,0,0,0,18.9,17.8,93,1013,3.1,200,0
1966,3,24,5,0,0,0,19.3,17.5,89,1014,2.9,190,0
1966,3,24,6,37,8,35,19.6,17,85,1014,2.8,190,0
1966,3,24,7,115,83,94,20,16.7,81,1015,2.6,180,0
1966,3,24,8,264,182,175,21.7,16.7,73,1015,2.9,190,0
1966,3,24,9,328,128,240,23.3,16.1,64,1015,3.3,200,0
1966,3,24,10,607,341,324,25,15.6,56,1015,3.6,210,0
1966,3,24,11,610,298,336,25.4,15.5,54,1014,5.1,180,0
1966,3,24,12,609,298,327,25.7,15.1,52,1013,6.7,150,0
1966,3,24,13,743,515,273,26.1,15,50,1012,8.2,120,0
1966,3,24,14,694,617,191,25.5,15.3,53,1012,6.7,120,0
1966,3,24,15,261,126,178,25,15.9,57,1012,5.1,120,0
1966,3,24,16,334,310,189,24.4,16.1,60,1012,3.6,120,0
1966,3,24,17,142,90,120,23.7,17,66,1012,3.3,150,0
1966,3,24,18,20,0,20,22.9,17.8,73,1013,2.9,190,0
1966,3,24,19,0,0,0,22.2,18.3,79,1013,2.6,220,0
1966,3,24,20,0,0,0,21.7,18.1,80,1013,2.9,220,0
1966,3,24,21,0,0,0,21.1,17.5,80,1014,3.3,230,0
1966,3,24,22,0,0,0,20.6,17.2,81,1014,3.6,230,0
1966,3,24,23,0,0,0,20.2,17.1,82,1014,3.6,220,0
1966,3,25,0,0,0,0,19.8,16.9,83,1013,3.6,220,0
1966,3,25,1,0,0,0,19.4,16.7,84,1013,3.6,210,0
1966,3,25,2,0,0,0,19,16.1,83,1013,3.6,220,0
1966,3,25,3,0,0,0,18.7,15.6,82,1013,3.6,220,0
1966,3,25,4,0,0,0,18.3,15,81,1013,3.6,230,0
1966,3,25,5,0,0,0,18.7,15.4,81,1014,3.3,280,0
1966,3,25,6,27,13,25,19,15.7,81,1014,2.9,320,0
1966,3,25,7,84,39,73,19.4,16.1,81,1015,2.6,10,0
1966,3,25,8,311,231,198,21.3,16.7,75,1015,3.8,50,0
1966,3,25,9,468,157,361,23.1,17.4,70,1014,5,90,0
1966,3,25,10,690,516,262,25,17.8,64,1014,6.2,130,0
1966,3,25,11,746,495,290,25.2,17.7,63,1014,6.4,120,0
1966,3,25,12,821,530,318,25.4,17.9,63,1013,6.5,120,0
1966,3,25,13,849,730,181,25.6,17.8,62,1012,6.7,110,0
1966,3,25,14,785,776,151,25.6,17.3,60,1012,6.4,110,0
1966,3,25,15,620,737,129,25.6,16.8,58,1012,6,110,0
1966,3,25,16,398,614,110,25.6,16.1,56,1012,5.7,110,0
1966,3,25,17,157,390,63,24.7,17.5,64,1013,4.8,130,0
1966,3,25,18,23,37,18,23.7,18.6,73,1013,4,150,0
1966,3,25,19,0,0,0,22.8,19.4,81,1014,3.1,170,0
1966,3,25,20,0,0,0,21.9,18.9,83,1014,2.8,190,0
1966,3,25,21,0,0,0,20.9,18.3,85,1015,2.4,200,0
1966,3,25,22,0,0,0,20,17.8,87,1015,2.1,220,0
1966,3,25,23,0,0,0,20,17.4,85,1014,2.6,210,0
1966,3,26,0,0,0,0,20,17,83,1014,3.1,210,0
1966,3,26,1,0,0,0,20,16.7,81,1013,3.6,200,0
1966,3,26,2,0,0,0,19.8,16.7,82,1013,3.4,200,0
1966,3,26,3,0,0,0,19.6,16.7,83,1013,3.3,210,0
1966,3,26,4,0,0,0,19.4,16.7,84,1013,3.1,210,0
1966,3,26,5,0,0,0,19.6,16.8,84,1014,3.8,190,0
1966,3,26,6,22,11,20,19.8,17,84,1014,4.5,180,0
1966,3,26,7,175,269,103,20,17.2,84,1015,5.2,160,0
1966,3,26,8,150,17,141,22.2,17.2,73,1015,4.7,150,0
1966,3,26,9,324,124,238,24.5,16.8,62,1015,4.1,150,0
1966,3,26,10,643,366,338,26.7,15.6,51,1015,3.6,140,0
1966,3,26,11,720,406,345,26.7,14.8,48,1014,4.6,130,0
1966,3,26,12,909,763,183,26.7,13.8,45,1014,5.7,130,0
1966,3,26,13,983,945,117,26.7,12.8,42,1013,6.7,120,0
1966,3,26,14,767,750,153,26.3,14.5,48,1013,6.4,120,0
1966,3,26,15,548,604,145,26,16,54,1013,6,130,0
1966,3,26,16,403,597,123,25.6,17.2,60,1014,5.7,130,0
1966,3,26,17,124,208,74,24.1,17.6,67,1014,4.8,160,0
1966,3,26,18,32,89,20,22.6,17.8,74,1014,4,180,0
1966,3,26,19,0,0,0,21.1,17.8,81,1015,3.1,210,0
1966,3,26,20,0,0,0,20.2,17.1,82,1015,3.4,220,0
1966,3,26,21,0,0,0,19.2,16.3,83,1016,3.8,220,0
1966,3,26,22,0,0,0,18.3,15.6,84,1016,4.1,230,0
1966,3,26,23,0,0,0,18.3,15,81,1016,3.9,240,0
1966,3,27,0,0,0,0,18.3,14.4,78,1016,3.8,240,0
1966,3,27,1,0,0,0,18.3,13.9,75,1016,3.6,250,0
1966,3,27,2,0,0,0,18.5,14,75,1016,3.4,240,0
1966,3,27,3,0,0,0,18.7,14.2,75,1015,3.3,240,0
1966,3,27,4,0,0,0,18.9,14.4,75,1015,3.1,230,0
1966,3,27,5,0,0,0,19.8,15.3,75,1016,3.3,240,0
1966,3,27,6,26,27,23,20.8,16.4,76,1016,3.4,250,0
1966,3,27,7,123,42,112,21.7,17.2,76,1017,3.6,260,0
1966,3,27,8,251,122,190,23.2,17.2,69,1016,5,210,0
1966,3,27,9,638,677,171,24.6,16.6,61,1016,6.3,160,0
1966,3,27,10,656,489,247,26.1,16.1,54,1016,7.7,110,0
1966,3,27,11,916,789,185,26.1,15.8,53,1015,7.5,100,0
1966,3,27,12,898,769,164,26.1,15.8,53,1014,7.4,100,0
1966,3,27,13,908,869,110,26.1,15.6,52,1013,7.2,90,0
1966,3,27,14,796,803,138,25.9,15.6,53,1013,6.2,100,0
1966,3,27,15,491,462,183,25.8,15.5,53,1013,5.1,100,0
1966,3,27,16,395,612,107,25.6,15.6,54,1013,4.1,110,0
1966,3,27,17,130,245,70,24.1,16.4,62,1014,3.6,140,0
1966,3,27,18,26,58,19,22.6,16.9,70,1014,3.1,180,0
1966,3,27,19,0,0,0,21.1,17.2,78,1015,2.6,210,0
1966,3,27,20,0,0,0,20.7,16.8,78,1015,2.8,220,0
1966,3,27,21,0,0,0,20.4,16.5,78,1015,2.9,230,0
1966,3,27,22,0,0,0,20,16.1,78,1016,3.1,240,0
1966,3,27,23,0,0,0,19.8,15.5,76,1015,3.3,240,0
1966,3,28,0,0,0,0,19.6,15.1,75,1015,3.4,230,0
1966,3,28,1,0,0,0,19.4,14.4,73,1015,3.6,230,0
1966,3,28,2,0,0,0,18.9,14.8,77,1015,3.6,230,0
1966,3,28,3,0,0,0,18.3,14.8,80,1015,3.6,220,0
1966,3,28,4,0,0,0,17.8,15,84,1015,3.6,220,0
1966,3,28,5,0,0,0,19.1,15.4,79,1015,3.6,210,0
1966,3,28,6,38,60,31,20.4,15.4,73,1016,3.6,190,0
1966,3,28,7,193,440,72,21.7,15.6,68,1016,3.6,180,0
1966,3,28,8,409,581,118,23.2,15.8,63,1016,3.9,180,0
1966,3,28,9,651,689,174,24.6,15.5,57,1016,4.3,170,0
1966,3,28,10,783,701,195,26.1,15.6,52,1016,4.6,170,0
1966,3,28,11,935,819,174,26.3,15.7,52,1015,5.1,150,0
1966,3,28,12,958,876,121,26.5,15.9,52,1014,5.7,130,0
1966,3,28,13,817,749,128,26.7,16.1,52,1013,6.2,110,0
1966,3,28,14,790,752,172,25.9,16.8,57,1013,5.9,100,0
1966,3,28,15,504,414,227,25.2,17.2,61,1013,5.5,90,0
1966,3,28,16,294,149,223,24.4,17.8,66,1013,5.2,80,0
1966,3,28,17,100,69,83,24,18,69,1014,4.7,120,0
1966,3,28,18,21,6,20,23.7,18.6,73,1014,4.1,150,0
1966,3,28,19,0,0,0,23.3,18.9,76,1014,3.6,190,0
1966,3,28,20,0,0,0,22.6,19.2,81,1015,3.1,210,0
1966,3,28,21,0,0,0,21.8,19.2,85,1015,2.6,240,0
1966,3,28,22,0,0,0,21.1,19.4,90,1016,2.1,260,0
1966,3,28,23,0,0,0,21.1,19.2,89,1015,2.4,260,0
1966,3,29,0,0,0,0,21.1,19.1,88,1015,2.8,260,0
1966,3,29,1,0,0,0,21.1,18.9,87,1015,3.1,260,0
1966,3,29,2,0,0,0,20.7,18.5,87,1015,3.3,250,0
1966,3,29,3,0,0,0,20.4,18.2,87,1014,3.4,250,0
1966,3,29,4,0,0,0,20,17.8,87,1014,3.6,240,0
1966,3,29,5,0,0,0,20.4,17.2,82,1015,3.6,230,0
1966,3,29,6,30,21,27,20.7,16.8,78,1015,3.6,230,0
1966,3,29,7,131,47,118,21.1,16.1,73,1016,3.6,220,0
1966,3,29,8,266,175,178,22.8,16.6,68,1016,3.8,200,0
1966,3,29,9,475,363,222,24.4,16.9,63,1015,3.9,180,0
1966,3,29,10,678,489,266,26.1,17.2,58,1015,4.1,160,0
1966,3,29,11,859,742,168,26.7,17.5,57,1014,5.1,150,0
1966,3,29,12,878,757,152,27.2,17.7,56,1014,6.2,130,0
1966,3,29,13,906,927,52,27.8,17.8,55,1013,7.2,120,0
1966,3,29,14,817,784,171,27.1,17.9,57,1013,6.2,110,0
1966,3,29,15,594,587,200,26.3,17.4,58,1013,5.1,110,0
1966,3,29,16,258,143,190,25.6,17.2,60,1013,4.1,100,0
1966,3,29,17,121,131,89,25,18,65,1013,2.7,110,0
1966,3,29,18,25,8,24,24.5,18.9,71,1014,1.4,130,0
1966,3,29,19,0,0,0,23.9,19.4,76,1014,0,0,0
1966,3,29,20,0,0,0,23.5,19.3,77,1015,0,0,0
1966,3,29,21,0,0,0,23.2,19.2,78,1015,0,0,0
1966,3,29,22,0,0,0,22.8,18.9,79,1015,0,0,0
1966,3,29,23,0,0,0,22.1,18.5,80,1015,1,190,0
1966,3,30,0,0,0,0,21.3,17.7,80,1015,2.1,210,0
1966,3,30,1,0,0,0,20.6,17.2,81,1014,3.1,220,0
1966,3,30,2,0,0,0,20.2,17.4,84,1014,2.9,230,0
1966,3,30,3,0,0,0,19.8,17.6,87,1014,2.8,230,0
1966,3,30,4,0,0,0,19.4,17.8,90,1014,2.6,240,0
1966,3,30,5,0,0,0,20,17.2,84,1014,2.8,220,0
1966,3,30,6,42,153,22,20.5,16.8,79,1014,2.9,190,0
1966,3,30,7,235,698,38,21.1,16.1,73,1014,3.1,170,0
1966,3,30,8,430,703,74,22.8,17.1,70,1014,3.8,120,0
1966,3,30,9,554,637,109,24.4,17.9,67,1015,4.5,60,0
1966,3,30,10,753,643,211,26.1,18.9,64,1015,5.2,10,0
1966,3,30,11,907,704,251,26.1,18.5,63,1014,5.5,10,0
1966,3,30,12,787,377,425,26.1,18,61,1013,5.9,20,0
1966,3,30,13,448,67,387,26.1,17.8,60,1012,6.2,20,0
1966,3,30,14,439,118,342,25.7,17.6,61,1012,5.3,10,0
1966,3,30,15,187,11,180,25.4,17.9,63,1012,4.5,10,0
1966,3,30,16,198,10,193,25,17.8,64,1012,3.6,0,0
1966,3,30,17,83,24,77,23.9,18.6,72,1013,5.8,0,0
1966,3,30,18,15,19,13,22.8,19,79,1013,8.1,0,0
1966,3,30,19,0,0,0,21.7,19.4,87,1014,10.3,0,0
1966,3,30,20,0,0,0,21.7,18.9,84,1014,11,360,0
1966,3,30,21,0,0,0,21.7,18.5,82,1014,11.7,350,0
1966,3,30,22,0,0,0,21.7,17.8,79,1014,12.4,350,0
1966,3,30,23,0,0,0,20.9,17.5,81,1014,11.7,350,0
1966,3,31,0,0,0,0,20.2,17.1,82,1014,11,350,0
1966,3,31,1,0,0,0,19.4,16.7,84,1014,10.3,350,0
1966,3,31,2,0,0,0,19.2,16.3,83,1014,10,350,0
1966,3,31,3,0,0,0,19.1,16,82,1014,9.6,350,0
1966,3,31,4,0,0,0,18.9,15.6,81,1015,9.3,350,0
1966,3,31,5,0,0,0,19.5,15.4,77,1015,9.1,350,0
1966,3,31,6,24,10,23,20,15.3,74,1016,9,350,0
1966,3,31,7,92,46,78,20.6,15,70,1016,8.8,350,0
1966,3,31,8,262,122,200,21.1,14.1,64,1016,9.8,350,0
1966,3,31,9,494,344,253,21.7,12.8,57,1016,10.8,360,0
1966,3,31,10,616,376,298,22.2,11.7,51,1016,11.8,360,0
1966,3,31,11,654,348,329,22,11.7,52,1015,12,360,0
1966,3,31,12,472,118,359,21.9,11.6,52,1015,12.2,360,0
1966,3,31,13,453,74,385,21.7,11.7,53,1014,12.4,360,0
1966,3,31,14,289,5,285,21.7,11.7,53,1014,11.4,360,0
1966,3,31,15,294,5,291,21.7,11.7,53,1014,10.3,360,0
1966,3,31,16,183,3,181,21.7,11.7,53,1014,9.3,360,0
1966,3,31,17,97,7,95,21.3,11.9,55,1014,8.6,350,0
1966,3,31,18,16,0,16,20.8,12.2,57,1015,7.5,347,0
1966,3,31,19,0,0,0,20.3,12.1,59,1016,6.6,337,0
1966,3,31,20,0,0,0,19.9,12.1,60,1016,6,336,0
1966,3,31,21,0,0,0,19.6,12,61,1016,5.6,330,0
1966,3,31,22,0,0,0,19.4,11.9,61,1016,5.3,330,0
1966,3,31,23,0,0,0,19.4,12,62,1016,5.2,330,0
1966,4,1,0,0,0,0,19.4,12,62,1016,5.1,330,0
1966,4,1,1,0,0,0,19.4,12.1,62,1016,5,330,0
1966,4,1,2,0,0,0,19.6,11.7,60,1016,5.3,334,0
1966,4,1,3,0,0,0,19.9,10.9,56,1015,5.8,341,0
1966,4,1,4,0,0,0,20.3,9.8,50,1015,6.6,351,0
1966,4,1,5,0,0,0,20.4,10.2,51,1016,6,347,0
1966,4,1,6,26,0,25,20.6,11,54,1016,5.1,330,0
1966,4,1,7,117,3,116,20.6,11.7,57,1017,4.1,320,0
1966,4,1,8,221,3,219,21.1,11.7,55,1017,4.3,330,0
1966,4,1,9,359,2,357,21.7,11.7,53,1017,4.4,350,0
1966,4,1,10,425,0,425,22.2,11.7,51,1017,4.6,360,0
1966,4,1,11,452,0,452,22.4,12.1,52,1016,5.1,360,0
1966,4,1,12,439,116,327,22.6,12.3,52,1015,5.7,360,0
1966,4,1,13,479,120,369,22.8,12.8,53,1014,6.2,360,0
1966,4,1,14,486,80,420,22.2,13,56,1014,6.4,350,0
1966,4,1,15,252,7,247,21.7,13.6,60,1014,6.5,340,0
1966,4,1,16,151,9,147,21.1,13.9,63,1014,6.7,330,0
1966,4,1,17,77,9,74,20.5,13.7,65,1015,6,330,0
1966,4,1,18,20,1,20,20,13.9,68,1015,5.3,330,0
1966,4,1,19,0,0,0,19.4,13.9,70,1016,4.6,330,0
1966,4,1,20,0,0,0,19.4,14.3,72,1016,4.3,330,0
1966,4,1,21,0,0,0,19.4,14.5,73,1017,3.9,330,0
1966,4,1,22,0,0,0,19.4,15,75,1017,3.6,330,0
1966,4,1,23,0,0,0,19,14.5,75,1017,3.3,310,0
1966,4,2,0,0,0,0,18.7,14.2,75,1016,2.9,280,0
1966,4,2,1,0,0,0,18.3,13.9,75,1016,2.6,260,0
1966,4,2,2,0,0,0,18.3,14.2,77,1016,2.8,260,0
1966,4,2,3,0,0,0,18.3,14.6,79,1015,2.9,250,0
1966,4,2,4,0,0,0,18.3,15,81,1015,3.1,250,0
1966,4,2,5,0,0,0,18.1,15.4,84,1016,3.3,250,0
1966,4,2,6,19,0,19,18,15.8,87,1017,3.4,240,0
1966,4,2,7,97,1,97,17.8,16.1,90,1017,3.6,240,0
1966,4,2,8,239,4,236,18.9,15.6,81,1017,2.9,280,0
1966,4,2,9,347,4,344,20,14.8,72,1017,2.2,320,0
1966,4,2,10,368,1,367,21.1,13.9,63,1017,1.5,360,0
1966,4,2,11,437,0,436,21.7,13.6,60,1016,3.7,360,0
1966,4,2,12,557,138,424,22.2,13,56,1016,6,360,0
1966,4,2,13,500,197,317,22.8,12.8,53,1015,8.2,360,0
1966,4,2,14,380,96,300,22.2,14.1,60,1015,7.2,350,0
1966,4,2,15,284,33,262,21.7,15.1,66,1014,6.2,330,0
1966,4,2,16,168,12,162,21.1,16.1,73,1014,5.2,320,0
1966,4,2,17,75,1,75,20.4,15.8,75,1015,5.4,320,0
1966,4,2,18,17,0,17,19.6,15.3,76,1016,5.5,320,0
1966,4,2,19,0,0,0,18.9,15,78,1017,5.7,320,0
1966,4,2,20,0,0,0,19.3,14.8,75,1017,5.5,330,0
1966,4,2,21,0,0,0,19.6,14.7,73,1018,5.4,330,0
1966,4,2,22,0,0,0,20,14.4,70,1018,5.2,340,0
1966,4,2,23,0,0,0,19.4,14.9,75,1018,4.5,310,0
1966,4,3,0,0,0,0,18.9,15.2,79,1017,3.8,290,0
1966,4,3,1,0,0,0,18.3,15.6,84,1017,3.1,260,0
1966,4,3,2,0,0,0,18.1,15.6,85,1016,3.1,250,0
1966,4,3,3,0,0,0,18,15.7,86,1016,3.1,250,0
1966,4,3,4,0,0,0,17.8,15.6,87,1016,3.1,240,0
1966,4,3,5,0,0,0,18.2,15.7,85,1016,2.9,260,0
1966,4,3,6,18,4,18,18.5,15.6,83,1017,2.8,270,0
1966,4,3,7,48,3,47,18.9,15.6,81,1017,2.6,290,0
1966,4,3,8,191,2,190,20.2,15.7,75,1017,2.9,310,0
1966,4,3,9,451,193,314,21.5,15.4,68,1017,3.3,330,0
1966,4,3,10,452,62,399,22.8,15,62,1017,3.6,350,0
1966,4,3,11,580,152,437,23.2,14.2,57,1016,4.5,350,0
1966,4,3,12,534,198,342,23.5,13.4,53,1016,5.3,360,0
1966,4,3,13,570,133,447,23.9,12.2,48,1015,6.2,0,0
1966,4,3,14,638,446,269,23.5,12.2,49,1015,5.9,0,0
1966,4,3,15,591,609,180,23.2,12.2,50,1015,5.5,10,0
1966,4,3,16,323,332,164,22.8,12.2,51,1015,5.2,10,0
1966,4,3,17,103,159,63,22.2,12.5,54,1015,5.5,0,0
1966,4,3,18,21,11,20,21.7,13.1,58,1016,5.9,350,0
1966,4,3,19,0,0,0,21.1,13.3,61,1016,6.2,340,0
1966,4,3,20,0,0,0,20.7,13.7,64,1017,5,320,0
1966,4,3,21,0,0,0,20.4,14.1,67,1017,3.8,300,0
1966,4,3,22,0,0,0,20,14.4,70,1017,2.6,280,0
1966,4,3,23,0,0,0,20,14.4,70,1017,3.1,290,0
1966,4,4,0,0,0,0,20,14.4,70,1016,3.6,300,0
1966,4,4,1,0,0,0,20,14.4,70,1016,4.1,310,0
1966,4,4,2,0,0,0,19.6,14.4,72,1016,3.4,290,0
1966,4,4,3,0,0,0,19.3,14.4,73,1015,2.8,270,0
1966,4,4,4,0,0,0,18.9,14.4,75,1015,2.1,250,0
1966,4,4,5,0,0,0,20,14.4,70,1015,2.8,260,0
1966,4,4,6,39,38,34,21.1,14.5,66,1016,3.4,280,0
1966,4,4,7,208,394,89,22.2,14.4,61,1016,4.1,290,0
1966,4,4,8,365,402,156,22,14.9,64,1016,3.6,300,0
1966,4,4,9,378,244,204,21.9,15.8,68,1016,3.1,320,0
1966,4,4,10,739,420,379,21.7,16.1,71,1016,2.6,330,0
1966,4,4,11,790,560,262,22.4,15.8,66,1016,4.1,350,0
1966,4,4,12,861,605,275,23.2,15,60,1015,5.7,0,0
1966,4,4,13,904,827,135,23.9,14.4,55,1014,7.2,20,0
1966,4,4,14,757,714,164,23.3,15.1,60,1014,7.9,20,0
1966,4,4,15,547,497,211,22.8,16.1,66,1014,8.6,20,0
1966,4,4,16,213,53,187,22.2,16.7,71,1014,9.3,20,0
1966,4,4,17,97,33,89,21.5,16.7,74,1015,8.1,0,0
1966,4,4,18,17,6,16,20.7,16.8,78,1015,6.9,340,0
1966,4,4,19,0,0,0,20,16.7,81,1016,5.7,320,0
1966,4,4,20,0,0,0,19.8,16.5,81,1016,5.5,310,0
1966,4,4,21,0,0,0,19.6,16.3,81,1016,5.4,310,0
1966,4,4,22,0,0,0,19.4,16.1,81,1016,5.2,300,0
1966,4,4,23,0,0,0,18.7,15.6,82,1016,4.7,280,0
1966,4,5,0,0,0,0,17.9,15,83,1015,4.1,270,0
1966,4,5,1,0,0,0,17.2,14.4,84,1015,3.6,250,0
1966,4,5,2,0,0,0,16.7,14.2,85,1015,3.4,240,0
1966,4,5,3,0,0,0,16.1,13.8,86,1014,3.3,240,0
1966,4,5,4,0,0,0,15.6,13.3,87,1014,3.1,230,0
1966,4,5,5,0,0,0,16.9,13.7,81,1015,2.8,240,0
1966,4,5,6,33,65,25,18.1,13.4,74,1015,2.4,240,0
1966,4,5,7,208,419,81,19.4,13.3,68,1016,2.1,250,0
1966,4,5,8,439,603,122,20.9,14.6,67,1016,3.5,290,0
1966,4,5,9,642,708,135,22.4,15.5,65,1015,4.8,340,0
1966,4,5,10,822,816,122,23.9,16.7,64,1015,6.2,20,0
1966,4,5,11,908,653,290,24.1,16.6,63,1015,6.5,20,0
1966,4,5,12,763,542,237,24.2,16.7,63,1014,6.9,10,0
1966,4,5,13,799,644,200,24.4,16.7,62,1014,7.2,10,0
1966,4,5,14,730,629,207,23.9,17.2,66,1014,6.5,20,0
1966,4,5,15,485,340,255,23.3,17.3,69,1014,5.9,30,0
1966,4,5,16,216,64,185,22.8,17.8,73,1014,5.2,40,0
1966,4,5,17,108,34,100,21.7,18.1,80,1014,4.8,30,0
1966,4,5,18,14,1,13,20.5,18.1,86,1015,4.5,10,0
1966,4,5,19,0,0,0,19.4,18.3,93,1016,4.1,0,0
1966,4,5,20,0,0,0,19.4,18.1,92,1016,2.7,340,0
1966,4,5,21,0,0,0,19.4,17.9,91,1017,1.4,320,0
1966,4,5,22,0,0,0,19.4,17.8,90,1017,0,0,0
1966,4,5,23,0,0,0,19.6,17.9,90,1016,0.7,270,0
1966,4,6,0,0,0,0,19.8,18.1,90,1016,1.4,250,0
1966,4,6,1,0,0,0,20,18.3,90,1015,2.1,230,0
1966,4,6,2,0,0,0,19.6,18.1,91,1015,2.4,240,0
1966,4,6,3,0,0,0,19.3,18,92,1015,2.8,260,0
1966,4,6,4,0,0,0,18.9,17.8,93,1015,3.1,270,0
1966,4,6,5,0,0,0,19.3,17.8,91,1016,3.3,270,0
1966,4,6,6,24,3,23,19.6,17.8,89,1016,3.4,270,0
1966,4,6,7,107,8,104,20,17.8,87,1017,3.6,270,0
1966,4,6,8,189,11,183,20.6,18.6,88,1017,3.6,320,0
1966,4,6,9,368,9,361,21.1,19.2,89,1017,3.6,10,0
1966,4,6,10,212,2,211,21.7,20,90,1017,3.6,60,0
1966,4,6,11,417,2,415,22.2,19.4,84,1017,3.6,40,0
1966,4,6,12,518,111,410,22.8,18.6,77,1016,3.6,20,0
1966,4,6,13,519,175,355,23.3,17.8,71,1015,3.6,0,0
1966,4,6,14,430,76,366,22.9,18,74,1015,4.5,10,0
1966,4,6,15,280,8,274,22.6,18.6,78,1015,5.3,20,0
1966,4,6,16,154,4,152,22.2,18.9,81,1015,6.2,30,0
1966,4,6,17,101,4,100,21.7,18.5,82,1016,6.2,20,0
1966,4,6,18,28,2,27,21.1,18.1,83,1016,6.2,0,0
1966,4,6,19,0,0,0,20.6,17.8,84,1017,6.2,350,0
1966,4,6,20,0,0,0,20.2,18,87,1017,5.7,320,0
1966,4,6,21,0,0,0,19.8,18.1,90,1017,5.1,300,0
1966,4,6,22,0,0,0,19.4,18.3,93,1018,4.6,270,0
1966,4,6,23,0,0,0,19.4,18.1,92,1017,4.1,260,0
1966,4,7,0,0,0,0,19.4,17.9,91,1016,3.6,260,0
1966,4,7,1,0,0,0,19.4,17.8,90,1016,3.1,250,0
1966,4,7,2,0,0,0,19.2,17.7,91,1015,3.1,250,0
1966,4,7,3,0,0,0,19.1,17.8,92,1015,3.1,240,0
1966,4,7,4,0,0,0,18.9,17.8,93,1015,3.1,240,0
1966,4,7,5,0,0,0,19.8,18.1,90,1016,3.4,250,0
1966,4,7,6,41,15,39,20.8,18.6,87,1017,3.8,260,0
1966,4,7,7,199,218,131,21.7,18.9,84,1017,4.1,270,0
1966,4,7,8,231,72,193,22.4,18.8,80,1017,4.5,320,0
1966,4,7,9,396,82,336,23.2,18.5,75,1018,4.8,10,0
1966,4,7,10,532,448,145,23.9,18.3,71,1018,5.2,60,0
1966,4,7,11,647,285,377,24.1,18.1,69,1017,5.4,60,0
1966,4,7,12,636,232,410,24.2,17.9,68,1016,5.5,70,0
1966,4,7,13,688,333,376,24.4,17.8,66,1015,5.7,70,0
1966,4,7,14,480,281,246,24.2,18.2,69,1015,6,70,0
1966,4,7,15,341,142,244,24.1,18.5,71,1015,6.4,70,0
1966,4,7,16,125,2,124,23.9,18.9,74,1015,6.7,70,0
1966,4,7,17,109,1,109,23.5,18.8,75,1015,6.2,70,0
1966,4,7,18,19,4,18,23.2,18.5,75,1016,5.7,70,0
1966,4,7,19,0,0,0,22.8,18.3,76,1016,5.2,70,0
1966,4,7,20,0,0,0,22.2,18.2,78,1017,4.5,130,0
1966,4,7,21,0,0,0,21.7,17.9,79,1017,3.8,180,0
1966,4,7,22,0,0,0,21.1,17.8,81,1017,3.1,240,0
1966,4,7,23,0,0,0,20.7,17.9,84,1017,3.8,250,0
1966,4,8,0,0,0,0,20.4,18.2,87,1017,4.5,270,0
1966,4,8,1,0,0,0,20,18.3,90,1016,5.2,280,0
1966,4,8,2,0,0,0,19.8,18.1,90,1016,4.3,270,0
1966,4,8,3,0,0,0,19.6,17.9,90,1016,3.5,250,0
1966,4,8,4,0,0,0,19.4,17.8,90,1016,2.6,240,0
1966,4,8,5,0,0,0,20.3,17.7,85,1016,2.8,270,0
1966,4,8,6,20,2,20,21.3,17.9,81,1017,2.9,300,0
1966,4,8,7,114,6,112,22.2,17.8,76,1017,3.1,330,0
1966,4,8,8,217,86,171,23.1,17.6,71,1017,3.4,350,0
1966,4,8,9,429,233,260,24.1,17.1,65,1017,3.8,0,0
1966,4,8,10,649,457,253,25,16.7,60,1017,4.1,20,0
1966,4,8,11,713,505,232,25.2,16.9,60,1016,4.8,30,0
1966,4,8,12,951,636,331,25.4,17.1,60,1015,5.5,50,0
1966,4,8,13,697,445,281,25.6,17.2,60,1015,6.2,60,0
1966,4,8,14,501,210,326,25,18,65,1014,6,70,0
1966,4,8,15,444,196,310,24.5,18.5,69,1014,5.9,70,0
1966,4,8,16,251,133,187,23.9,18.9,74,1014,5.7,80,0
1966,4,8,17,92,32,83,23.2,18.8,76,1015,5,140,0
1966,4,8,18,12,3,12,22.4,18.6,79,1015,4.3,200,0
1966,4,8,19,0,0,0,21.7,18.3,81,1016,3.6,260,0
1966,4,8,20,0,0,0,21.1,18.3,84,1016,3.4,260,0
1966,4,8,21,0,0,0,20.6,18.4,87,1016,3.3,250,0
1966,4,8,22,0,0,0,20,18.3,90,1016,3.1,250,0
1966,4,8,23,0,0,0,20,18.2,89,1016,2.9,250,0
1966,4,9,0,0,0,0,20,18,88,1015,2.8,250,0
1966,4,9,1,0,0,0,20,17.8,87,1014,2.6,250,0
1966,4,9,2,0,0,0,19.6,17.6,88,1014,2.8,240,0
1966,4,9,3,0,0,0,19.3,17.5,89,1014,2.9,240,0
1966,4,9,4,0,0,0,18.9,17.2,90,1014,3.1,230,0
1966,4,9,5,0,0,0,19.8,17.2,85,1014,2.8,240,0
1966,4,9,6,44,72,35,20.8,17.4,81,1015,2.4,250,0
1966,4,9,7,213,509,52,21.7,17.2,76,1015,2.1,260,0
1966,4,9,8,421,449,180,21.9,18.1,79,1015,2.1,290,0
1966,4,9,9,535,352,279,22,18.6,81,1015,2.1,320,0
1966,4,9,10,249,93,168,22.2,19.4,84,1015,2.1,350,0
1966,4,9,11,362,84,282,22.4,20,86,1015,2.3,290,0
1966,4,9,12,426,15,412,22.6,20.5,88,1014,2.4,230,0
1966,4,9,13,220,16,205,22.8,21.1,90,1014,2.6,170,0
1966,4,9,14,347,21,329,22.8,20.9,89,1013,2.6,170,0
1966,4,9,15,471,324,250,22.8,20.7,88,1013,2.6,180,0
1966,4,9,16,151,67,119,22.8,20.6,87,1013,2.6,180,0
1966,4,9,17,106,37,97,22.1,20.4,90,1014,2.8,220,0
1966,4,9,18,16,0,16,21.3,20.3,94,1014,2.9,250,0
1966,4,9,19,0,0,0,20.6,20,97,1015,3.1,290,0
1966,4,9,20,0,0,0,20.6,20,96,1015,2.1,280,0
1966,4,9,21,0,0,0,20.6,19.6,94,1015,1,260,0
1966,4,9,22,0,0,0,20.6,19.4,93,1016,0,0,0
1966,4,9,23,0,0,0,20.2,19.2,94,1015,1,230,0
1966,4,10,0,0,0,0,19.8,19.2,96,1015,2.1,220,0
1966,4,10,1,0,0,0,19.4,18.9,97,1014,3.1,200,0
1966,4,10,2,0,0,0,19.6,19.1,97,1014,2.9,190,0
1966,4,10,3,0,0,0,19.8,19.3,97,1014,2.8,180,0
1966,4,10,4,0,0,0,20,19.4,97,1014,2.6,170,0
1966,4,10,5,0,0,0,20,19.5,97,1014,2.9,190,0
1966,4,10,6,21,6,20,20,19.5,97,1015,3.3,220,0
1966,4,10,7,56,0,56,20,19.4,97,1015,3.6,240,0
1966,4,10,8,177,6,174,20.6,19.8,95,1015,3.1,220,0
1966,4,10,9,370,4,367,21.1,19.8,92,1015,2.6,190,0
1966,4,10,10,260,6,255,21.7,20,90,1015,2.1,170,0
1966,4,10,11,698,286,426,23,20.2,84,1014,4.3,150,0
1966,4,10,12,696,294,408,24.3,20,77,1014,6.6,140,0
1966,4,10,13,667,270,414,25.6,20,71,1013,8.8,120,0
1966,4,10,14,678,398,345,25.4,19.8,71,1013,8.3,120,0
1966,4,10,15,408,211,264,25.2,19.6,71,1013,7.7,110,0
1966,4,10,16,334,262,207,25,19.4,71,1013,7.2,110,0
1966,4,10,17,93,72,74,24.1,19.4,75,1014,5.5,140,0
1966,4,10,18,28,15,26,23.1,19.5,80,1015,3.8,180,0
1966,4,10,19,0,0,0,22.2,19.4,84,1015,2.1,210,0
1966,4,10,20,0,0,0,21.7,19.5,87,1016,2.4,210,0
1966,4,10,21,0,0,0,21.1,19.4,90,1016,2.8,210,0
1966,4,10,22,0,0,0,20.6,19.4,93,1016,3.1,210,0
1966,4,10,23,0,0,0,20.2,18.7,91,1016,3.1,210,0
1966,4,11,0,0,0,0,19.8,18,89,1015,3.1,210,0
1966,4,11,1,0,0,0,19.4,17.2,87,1015,3.1,210,0
1966,4,11,2,0,0,0,19,16.8,87,1015,2.8,200,0
1966,4,11,3,0,0,0,18.7,16.5,87,1014,2.4,200,0
1966,4,11,4,0,0,0,18.3,16.1,87,1014,2.1,190,0
1966,4,11,5,0,0,0,19.6,16.5,82,1015,1.9,190,0
1966,4,11,6,43,50,37,20.9,16.5,76,1015,1.7,200,0
1966,4,11,7,216,245,137,22.2,16.7,71,1016,1.5,200,0
1966,4,11,8,408,462,158,23.9,17.7,68,1015,3.2,180,0
1966,4,11,9,708,659,227,25.5,18.7,66,1015,5,160,0
1966,4,11,10,696,501,260,27.2,19.4,63,1015,6.7,140,0
1966,4,11,11,941,686,285,27.4,19.8,63,1014,6.9,130,0
1966,4,11,12,845,463,392,27.6,19.9,63,1013,7,130,0
1966,4,11,13,672,336,357,27.8,20,63,1013,7.2,120,0
1966,4,11,14,544,246,338,27.2,20.6,67,1013,5.8,100,0
1966,4,11,15,484,293,284,26.7,20.8,70,1013,4.5,90,0
1966,4,11,16,219,87,177,26.1,21.1,74,1013,3.1,70,0
1966,4,11,17,92,34,84,24.6,20.5,78,1013,3.3,10,0
1966,4,11,18,14,12,13,23.2,20.2,83,1014,3.4,320,0
1966,4,11,19,0,0,0,21.7,19.4,87,1015,3.6,260,0
1966,4,11,20,0,0,0,21.7,19.1,85,1015,3.6,250,0
1966,4,11,21,0,0,0,21.7,18.7,83,1015,3.6,240,0
1966,4,11,22,0,0,0,21.7,18.3,81,1016,3.6,230,0
1966,4,11,23,0,0,0,21.3,17.9,81,1015,2.4,220,0
1966,4,12,0,0,0,0,21,17.6,81,1015,1.2,200,0
1966,4,12,1,0,0,0,20.6,17.2,81,1014,0,0,0
1966,4,12,2,0,0,0,20.2,17.1,82,1014,0.7,180,0
1966,4,12,3,0,0,0,19.8,16.9,83,1014,1.4,160,0
1966,4,12,4,0,0,0,19.4,16.7,84,1014,2.1,150,0
1966,4,12,5,0,0,0,20.2,17.2,83,1014,2.1,190,0
1966,4,12,6,47,5,46,20.9,17.7,82,1014,2.1,230,0
1966,4,12,7,147,139,101,21.7,18.3,81,1015,2.1,270,0
1966,4,12,8,315,125,247,23.4,18.7,75,1015,3.5,210,0
1966,4,12,9,473,191,333,25,18.7,68,1014,4.8,150,0
1966,4,12,10,683,491,255,26.7,18.9,62,1014,6.2,90,0
1966,4,12,11,630,272,370,27.4,19.2,61,1014,6.2,90,0
1966,4,12,12,595,207,392,28.2,19.7,60,1013,6.2,100,0
1966,4,12,13,732,387,369,28.9,20,59,1012,6.2,100,0
1966,4,12,14,461,170,319,27.6,20.7,66,1012,6,100,0
1966,4,12,15,436,173,317,26.3,20.9,72,1012,5.9,90,0
1966,4,12,16,191,1,190,25,21.1,79,1013,5.7,90,0
1966,4,12,17,102,27,95,24.6,20.7,79,1013,3.8,110,0
1966,4,12,18,26,2,26,24.3,20.4,79,1014,1.9,120,0
1966,4,12,19,0,0,0,23.9,20,79,1015,0,0,0
1966,4,12,20,0,0,0,23.3,19.7,80,1015,1,160,0
1966,4,12,21,0,0,0,22.8,19.2,80,1015,2.1,170,0
1966,4,12,22,0,0,0,22.2,18.9,81,1015,3.1,190,0
1966,4,12,23,0,0,0,21.8,18.8,83,1015,2.8,190,0
1966,4,13,0,0,0,0,21.5,18.9,85,1014,2.4,200,0
1966,4,13,1,0,0,0,21.1,18.9,87,1014,2.1,200,0
1966,4,13,2,0,0,0,20.7,18.5,87,1013,2.4,200,0
1966,4,13,3,0,0,0,20.4,18.2,87,1013,2.8,210,0
1966,4,13,4,0,0,0,20,17.8,87,1013,3.1,210,0
1966,4,13,5,0,0,0,21.3,17.9,81,1013,2.1,240,0
1966,4,13,6,52,185,29,22.6,18,75,1014,1,260,0
1966,4,13,7,243,540,66,23.9,17.8,69,1014,0,0,0
1966,4,13,8,478,652,120,25.2,18.2,65,1014,1.7,310,0
1966,4,13,9,644,615,192,26.5,18.6,62,1015,3.5,340,0
1966,4,13,10,707,450,313,27.8,18.9,58,1015,5.2,0,0
1966,4,13,11,833,656,204,27.4,18.7,59,1014,4.8,20,0
1966,4,13,12,880,573,318,27.1,19,61,1014,4.5,30,0
1966,4,13,13,716,475,270,26.7,18.9,62,1013,4.1,50,0
1966,4,13,14,697,481,293,26.5,19.2,64,1013,4.1,40,0
1966,4,13,15,513,266,331,26.3,19.2,65,1013,4.1,30,0
1966,4,13,16,221,82,181,26.1,19.4,67,1013,4.1,20,0
1966,4,13,17,61,6,59,25.5,19.4,69,1014,3.6,20,0
1966,4,13,18,17,9,16,25,19.6,72,1014,3.1,20,0
1966,4,13,19,0,0,0,24.4,19.4,74,1015,2.6,20,0
1966,4,13,20,0,0,0,23.9,19.4,76,1015,2.6,330,0
1966,4,13,21,0,0,0,23.3,19.5,79,1016,2.6,270,0
1966,4,13,22,0,0,0,22.8,19.4,81,1016,2.6,220,0
1966,4,13,23,0,0,0,22.1,19.5,85,1016,2.9,210,0
1966,4,14,0,0,0,0,21.3,19.4,89,1015,3.3,210,0
1966,4,14,1,0,0,0,20.6,19.4,93,1015,3.6,200,0
1966,4,14,2,0,0,0,20.2,18.5,90,1015,3.1,180,0
1966,4,14,3,0,0,0,19.8,17.6,87,1015,2.6,150,0
1966,4,14,4,0,0,0,19.4,16.7,84,1015,2.1,130,0
1966,4,14,5,0,0,0,19.8,16.9,83,1016,1.9,180,0
1966,4,14,6,34,7,33,20.2,17.1,82,1016,1.7,220,0
1966,4,14,7,79,16,74,20.6,17.2,81,1017,1.5,270,0
1966,4,14,8,195,11,189,21.3,17.7,80,1017,2.5,300,0
1966,4,14,9,268,8,262,22.1,18.5,80,1017,3.6,320,0
1966,4,14,10,390,11,380,22.8,18.9,79,1017,4.6,350,0
1966,4,14,11,442,6,436,23.2,19,77,1017,5.6,360,0
1966,4,14,12,448,2,446,23.5,19,76,1016,6.7,0,0
1966,4,14,13,441,4,437,23.9,18.9,74,1016,7.7,10,0
1966,4,14,14,361,0,360,23.7,18.8,74,1015,6.2,10,0
1966,4,14,15,329,1,329,23.5,18.6,74,1015,4.6,0,0
1966,4,14,16,241,0,241,23.3,18.3,74,1015,3.1,0,0
1966,4,14,17,110,0,110,22.4,18.6,79,1016,2.9,330,0
1966,4,14,18,25,0,25,21.5,18.9,85,1017,2.8,290,0
1966,4,14,19,0,0,0,20.6,18.9,90,1017,2.6,260,0
1966,4,14,20,0,0,0,20.8,19.1,90,1018,2.9,280,0
1966,4,14,21,0,0,0,20.9,19.2,90,1018,3.3,310,0
1966,4,14,22,0,0,0,21.1,19.4,90,1018,3.6,330,0
1966,4,14,23,0,0,0,21.1,19.4,90,1018,3.4,310,0
1966,4,15,0,0,0,0,21.1,19.4,90,1017,3.3,300,0
1966,4,15,1,0,0,0,21.1,19.4,90,1017,3.1,280,0
1966,4,15,2,0,0,0,21.1,19.1,88,1017,4.1,320,0
1966,4,15,3,0,0,0,21.1,18.7,86,1016,5.2,0,0
1966,4,15,4,0,0,0,21.1,18.3,84,1016,6.2,40,0
1966,4,15,5,0,0,0,21.8,18.2,80,1017,5.5,40,0
1966,4,15,6,24,11,23,22.6,18,75,1018,4.8,40,0
1966,4,15,7,163,135,118,23.3,17.8,71,1018,4.1,40,0
1966,4,15,8,253,107,193,23.3,17.8,71,1018,4.5,10,0
1966,4,15,9,420,101,346,23.3,17.8,71,1018,4.8,330,0
1966,4,15,10,436,108,340,23.3,17.8,71,1018,5.2,300,0
1966,4,15,11,572,157,421,22.9,18,74,1018,4.7,310,0
1966,4,15,12,568,225,346,22.6,18.6,78,1017,4.1,320,0
1966,4,15,13,283,15,269,22.2,18.9,81,1016,3.6,330,0
1966,4,15,14,446,98,364,22,18.2,79,1016,3.4,330,0
1966,4,15,15,266,74,215,21.9,17.9,78,1015,3.3,320,0
1966,4,15,16,175,48,152,21.7,17.2,76,1015,3.1,320,0
1966,4,15,17,80,16,76,21.7,17.1,75,1016,3.1,310,0
1966,4,15,18,21,3,20,21.7,16.9,74,1016,3.1,310,0
1966,4,15,19,0,0,0,21.7,16.7,73,1017,3.1,300,0
1966,4,15,20,0,0,0,21.7,16.9,74,1017,3.6,300,0
1966,4,15,21,0,0,0,21.7,17.1,75,1017,4.1,310,0
1966,4,15,22,0,0,0,21.7,17.2,76,1017,4.6,310,0
1966,4,15,23,0,0,0,21.3,17.3,78,1017,3.9,300,0
1966,4,16,0,0,0,0,21,17.2,79,1016,3.3,290,0
1966,4,16,1,0,0,0,20.6,17.2,81,1016,2.6,280,0
1966,4,16,2,0,0,0,19.8,16.5,81,1015,2.8,270,0
1966,4,16,3,0,0,0,19.1,15.8,81,1015,2.9,250,0
1966,4,16,4,0,0,0,18.3,15,81,1015,3.1,240,0
1966,4,16,5,0,0,0,19.4,14.7,74,1015,2.1,260,0
1966,4,16,6,66,264,33,20.6,14.5,68,1016,1,290,0
1966,4,16,7,234,439,86,21.7,13.9,61,1016,0,0,0
1966,4,16,8,510,764,85,23,15.1,61,1016,2.1,330,0
1966,4,16,9,663,683,157,24.3,16.6,62,1016,4.1,360,0
1966,4,16,10,866,834,133,25.6,17.8,62,1016,6.2,20,0
1966,4,16,11,884,670,238,25.2,17.9,64,1015,5.9,30,0
1966,4,16,12,931,666,276,24.8,18.3,67,1014,5.5,40,0
1966,4,16,13,560,407,177,24.4,18.3,69,1014,5.2,50,0
1966,4,16,14,385,89,310,23.3,18.9,76,1013,4.3,10,0
1966,4,16,15,265,15,255,22.2,19.2,83,1013,3.5,340,0
1966,4,16,16,156,30,142,21.1,19.4,90,1013,2.6,300,0
1966,4,16,17,107,13,103,20.7,19.2,91,1014,2.6,300,0
1966,4,16,18,17,2,17,20.4,19.1,92,1014,2.6,290,0
1966,4,16,19,0,0,0,20,18.9,93,1015,2.6,290,0
1966,4,16,20,0,0,0,19.8,18.8,94,1015,2.6,270,0
1966,4,16,21,0,0,0,19.6,19,96,1016,2.6,260,0
1966,4,16,22,0,0,0,19.4,18.9,97,1016,2.6,240,0
1966,4,16,23,0,0,0,19.4,18.8,96,1015,2.8,240,0
1966,4,17,0,0,0,0,19.4,18.4,94,1015,2.9,230,0
1966,4,17,1,0,0,0,19.4,18.3,93,1014,3.1,230,0
1966,4,17,2,0,0,0,19.6,18.1,91,1014,2.1,240,0
1966,4,17,3,0,0,0,19.8,18,89,1013,1,250,0
1966,4,17,4,0,0,0,20,17.8,87,1013,0,0,0
1966,4,17,5,0,0,0,20.6,17.8,84,1014,1.2,260,0
1966,4,17,6,36,21,34,21.1,17.9,82,1014,2.4,270,0
1966,4,17,7,200,219,125,21.7,17.8,79,1015,3.6,280,0
1966,4,17,8,259,135,184,22.4,17.6,74,1015,4.1,310,0
1966,4,17,9,453,91,385,23.2,17.2,69,1015,4.7,340,0
1966,4,17,10,590,184,428,23.9,16.7,64,1015,5.2,10,0
1966,4,17,11,460,138,326,24.1,16.6,63,1014,5,10,0
1966,4,17,12,960,581,387,24.2,16.7,63,1014,4.8,0,0
1966,4,17,13,795,490,332,24.4,16.7,62,1013,4.6,0,0
1966,4,17,14,402,127,295,23.9,17.2,66,1013,3.8,320,0
1966,4,17,15,290,78,236,23.3,17.3,69,1013,2.9,280,0
1966,4,17,16,211,10,206,22.8,17.8,73,1013,2.1,240,0
1966,4,17,17,68,0,68,22.4,17.6,74,1014,2.3,250,0
1966,4,17,18,18,2,18,22.1,17.5,75,1014,2.4,270,0
1966,4,17,19,0,0,0,21.7,17.2,76,1015,2.6,280,0
1966,4,17,20,0,0,0,21.3,16.9,76,1015,2.8,270,0
1966,4,17,21,0,0,0,21,16.6,76,1015,2.9,260,0
1966,4,17,22,0,0,0,20.6,16.1,76,1016,3.1,250,0
1966,4,17,23,0,0,0,20,16.1,78,1015,3.3,240,0
1966,4,18,0,0,0,0,19.5,15.8,79,1014,3.4,230,0
1966,4,18,1,0,0,0,18.9,15.6,81,1013,3.6,220,0
1966,4,18,2,0,0,0,18.7,15,79,1013,3.6,220,0
1966,4,18,3,0,0,0,18.5,14.4,77,1013,3.6,220,0
1966,4,18,4,0,0,0,18.3,13.9,75,1013,3.6,220,0
1966,4,18,5,0,0,0,19.2,14.7,75,1013,3.4,240,0
1966,4,18,6,36,14,34,20.2,15.9,76,1013,3.3,260,0
1966,4,18,7,239,395,103,21.1,16.7,76,1014,3.1,280,0
1966,4,18,8,416,458,160,22.6,17.1,71,1014,3.6,310,0
1966,4,18,9,705,772,130,24.1,17.1,65,1014,4.1,340,0
1966,4,18,10,721,536,247,25.6,17.2,60,1014,4.6,10,0
1966,4,18,11,862,646,238,25.2,18.4,66,1013,4.4,10,0
1966,4,18,12,622,167,457,24.8,19.6,73,1012,4.3,0,0
1966,4,18,13,229,1,228,24.4,20.6,79,1012,4.1,0,0
1966,4,18,14,259,6,255,23.3,20.3,83,1011,3.8,10,0
1966,4,18,15,235,4,232,22.2,19.8,86,1011,3.4,30,0
1966,4,18,16,104,8,100,21.1,19.4,90,1011,3.1,40,0
1966,4,18,17,84,2,84,20.7,19.2,91,1012,2.8,350,0
1966,4,18,18,24,0,24,20.4,19.1,92,1012,2.4,300,0
1966,4,18,19,0,0,0,20,18.9,93,1013,2.1,250,0
1966,4,18,20,0,0,0,20,18.9,93,1013,1.9,230,0
1966,4,18,21,0,0,0,20,18.9,93,1013,1.7,200,0
1966,4,18,22,0,0,0,20,18.9,93,1013,1.5,180,0
1966,4,18,23,0,0,0,20,18.9,93,1012,1.7,190,0
1966,4,19,0,0,0,0,20,18.9,93,1012,1.9,190,0
1966,4,19,1,0,0,0,20,18.9,93,1011,2.1,200,0
1966,4,19,2,0,0,0,19.8,18.8,94,1011,1.9,200,0
1966,4,19,3,0,0,0,19.6,19,96,1011,1.7,200,0
1966,4,19,4,0,0,0,19.4,18.9,97,1010,1.5,200,0
1966,4,19,5,0,0,0,20.2,18.7,91,1011,1.7,190,0
1966,4,19,6,64,84,54,20.9,18.3,85,1011,1.9,190,0
1966,4,19,7,269,576,71,21.7,17.8,79,1011,2.1,180,0
1966,4,19,8,513,733,100,22.6,18,75,1011,3.3,120,0
1966,4,19,9,525,409,220,23.5,17.7,70,1011,4.5,70,0
1966,4,19,10,817,703,196,24.4,17.8,66,1011,5.7,10,0
1966,4,19,11,716,404,325,23.5,18.4,73,1010,5.5,10,0
1966,4,19,12,645,365,284,22.6,19,80,1009,5.4,0,0
1966,4,19,13,258,12,247,21.7,19.4,87,1009,5.2,0,0
1966,4,19,14,297,4,294,22.2,19,82,1009,6.2,0,0
1966,4,19,15,344,4,341,22.8,18.4,76,1008,7.2,10,0
1966,4,19,16,196,4,194,23.3,17.8,71,1008,8.2,10,0
1966,4,19,17,114,67,96,22.8,17.9,74,1008,8,10,0
1966,4,19,18,29,28,25,22.2,18.2,78,1009,7.9,0,0
1966,4,19,19,0,0,0,21.7,18.3,81,1009,7.7,0,0
1966,4,19,20,0,0,0,21.1,17.9,82,1010,7.5,360,0
1966,4,19,21,0,0,0,20.6,17.6,83,1010,7.4,350,0
1966,4,19,22,0,0,0,20,17.2,84,1011,7.2,350,0
1966,4,19,23,0,0,0,19.6,16.8,84,1010,4.8,350,0
1966,4,20,0,0,0,0,19.3,16.6,84,1010,2.4,350,0
1966,4,20,1,0,0,0,18.9,16.1,84,1010,0,0,0
1966,4,20,2,0,0,0,19.3,16.2,82,1009,1.4,360,0
1966,4,20,3,0,0,0,19.6,16.1,80,1009,2.7,360,0
1966,4,20,4,0,0,0,20,16.1,78,1009,4.1,360,0
1966,4,20,5,0,0,0,20.4,16.1,76,1009,4.5,360,0
1966,4,20,6,27,4,27,20.7,16.1,75,1010,4.8,350,0
1966,4,20,7,115,1,115,21.1,16.1,73,1010,5.2,350,0
1966,4,20,8,229,10,224,21.7,15.6,68,1010,5,350,0
1966,4,20,9,302,9,295,22.2,15.1,64,1010,4.8,360,0
1966,4,20,10,333,2,331,22.8,14.4,59,1010,4.6,0,0
1966,4,20,11,437,6,430,23,14.3,58,1010,5.6,0,0
1966,4,20,12,431,1,430,23.1,14.4,58,1009,6.7,10,0
1966,4,20,13,389,2,387,23.3,14.4,57,1008,7.7,10,0
1966,4,20,14,366,3,364,23.1,14.2,57,1008,7.9,10,0
1966,4,20,15,375,3,373,23,14.1,57,1008,8,0,0
1966,4,20,16,159,63,128,22.8,13.9,57,1008,8.2,0,0
1966,4,20,17,90,1,90,22.4,14,59,1008,7.2,350,0
1966,4,20,18,23,1,23,22.1,14.3,61,1009,6.2,340,0
1966,4,20,19,0,0,0,21.7,14.4,63,1010,5.2,330,0
1966,4,20,20,0,0,0,20.8,15.2,70,1010,4.5,270,0
1966,4,20,21,0,0,0,19.8,15.7,77,1010,3.8,220,0
1966,4,20,22,0,0,0,18.9,16.1,84,1011,3.1,160,0
1966,4,20,23,0,0,0,18.2,15.5,84,1010,2.8,160,0
1966,4,21,0,0,0,0,17.4,14.7,84,1010,2.4,150,0
1966,4,21,1,0,0,0,16.7,13.9,84,1009,2.1,150,0
1966,4,21,2,0,0,0,16.3,13.3,82,1009,2.8,180,0
1966,4,21,3,0,0,0,16,12.6,80,1009,3.4,200,0
1966,4,21,4,0,0,0,15.6,11.7,78,1010,4.1,230,0
1966,4,21,5,0,0,0,17.4,12.3,72,1010,2.7,260,0
1966,4,21,6,71,329,31,19.3,12.6,65,1011,1.4,280,0
1966,4,21,7,265,555,71,21.1,12.8,59,1011,0,0,0
1966,4,21,8,538,798,85,22.2,13.8,59,1011,2.2,330,0
1966,4,21,9,703,790,110,23.3,14.6,58,1012,4.5,360,0
1966,4,21,10,831,841,85,24.4,15.6,58,1012,6.7,20,0
1966,4,21,11,853,717,158,24.2,15.7,59,1012,6.4,10,0
1966,4,21,12,914,679,242,24.1,15.6,59,1011,6,10,0
1966,4,21,13,551,337,233,23.9,15.6,60,1011,5.7,0,0
1966,4,21,14,679,434,312,23.7,15.8,61,1011,5,350,0
1966,4,21,15,291,95,225,23.5,15.6,61,1011,4.3,350,0
1966,4,21,16,174,10,169,23.3,15.6,62,1011,3.6,340,0
1966,4,21,17,64,0,64,22.6,16,66,1011,3.4,300,0
1966,4,21,18,14,0,14,21.8,15.9,69,1012,3.3,260,0
1966,4,21,19,0,0,0,21.1,16.1,73,1013,3.1,220,0
1966,4,21,20,0,0,0,20.4,16.3,77,1013,2.9,230,0
1966,4,21,21,0,0,0,19.6,16.1,80,1013,2.8,250,0
1966,4,21,22,0,0,0,18.9,16.1,84,1014,2.6,260,0
1966,4,21,23,0,0,0,18.9,15.8,82,1014,2.4,250,0
1966,4,22,0,0,0,0,18.9,15.4,80,1013,2.3,250,0
1966,4,22,1,0,0,0,18.9,15,78,1013,2.1,240,0
1966,4,22,2,0,0,0,18.3,14.2,77,1013,2.3,230,0
1966,4,22,3,0,0,0,17.8,13.5,76,1013,2.4,230,0
1966,4,22,4,0,0,0,17.2,12.8,75,1014,2.6,220,0
1966,4,22,5,0,0,0,18.9,13.3,70,1014,2.2,230,0
1966,4,22,6,73,413,24,20.5,14,66,1015,1.9,230,0
1966,4,22,7,301,731,44,22.2,14.4,61,1015,1.5,240,0
1966,4,22,8,550,857,62,23.1,14.9,60,1015,3.1,280,0
1966,4,22,9,724,823,105,24.1,15.6,59,1015,4.6,330,0
1966,4,22,10,871,894,76,25,16.1,58,1015,6.2,10,0
1966,4,22,11,914,743,193,24.6,16.1,59,1015,5.9,10,0
1966,4,22,12,948,704,251,24.3,16.3,61,1014,5.5,20,0
1966,4,22,13,778,507,299,23.9,16.1,62,1014,5.2,20,0
1966,4,22,14,448,188,289,23.7,16.3,63,1014,5.4,10,0
1966,4,22,15,354,157,246,23.5,16.6,65,1014,5.5,0,0
1966,4,22,16,243,242,124,23.3,16.7,66,1014,5.7,350,0
1966,4,22,17,79,30,71,22.9,16.7,68,1014,4.7,350,0
1966,4,22,18,21,1,21,22.6,17.1,71,1015,3.6,340,0
1966,4,22,19,0,0,0,22.2,17.2,73,1016,2.6,340,0
1966,4,22,20,0,0,0,22,17.4,75,1016,2.9,330,0
1966,4,22,21,0,0,0,21.9,17.7,77,1016,3.3,330,0
1966,4,22,22,0,0,0,21.7,17.8,79,1016,3.6,320,0
1966,4,22,23,0,0,0,20.6,16.9,79,1016,3.3,300,0
1966,4,23,0,0,0,0,19.4,15.5,78,1016,2.9,290,0
1966,4,23,1,0,0,0,18.3,14.4,78,1016,2.6,270,0
1966,4,23,2,0,0,0,17.9,14,78,1016,2.8,260,0
1966,4,23,3,0,0,0,17.6,13.8,78,1015,2.9,260,0
1966,4,23,4,0,0,0,17.2,13.3,78,1015,3.1,250,0
1966,4,23,5,0,0,0,18.9,13.6,71,1015,2.6,260,0
1966,4,23,6,75,394,27,20.5,13.5,64,1016,2,270,0
1966,4,23,7,295,728,37,22.2,13.3,57,1016,1.5,280,0
1966,4,23,8,434,628,75,23.1,14.4,58,1016,2.7,320,0
1966,4,23,9,739,903,58,24.1,15.6,59,1016,4,350,0
1966,4,23,10,746,763,67,25,16.7,60,1016,5.2,30,0
1966,4,23,11,928,837,116,25.4,16.8,59,1016,6,30,0
1966,4,23,12,899,704,202,25.7,16.6,57,1015,6.9,30,0
1966,4,23,13,936,722,252,26.1,16.7,56,1015,7.7,30,0
1966,4,23,14,611,506,183,25.4,16.8,59,1015,7,30,0
1966,4,23,15,475,296,271,24.6,17.1,63,1015,6.4,30,0
1966,4,23,16,318,387,127,23.9,17.2,66,1015,5.7,30,0
1966,4,23,17,164,334,75,23.7,17.2,67,1015,5.5,30,0
1966,4,23,18,26,28,23,23.5,17.3,68,1016,5.4,40,0
1966,4,23,19,0,0,0,23.3,17.2,69,1016,5.2,40,0
1966,4,23,20,0,0,0,22.8,17.5,72,1016,3.5,20,0
1966,4,23,21,0,0,0,22.2,17.8,76,1016,1.7,0,0
1966,4,23,22,0,0,0,21.7,17.8,79,1017,0,0,0
1966,4,23,23,0,0,0,21.5,18.1,81,1016,0.9,320,0
1966,4,24,0,0,0,0,21.3,18.1,82,1016,1.7,300,0
1966,4,24,1,0,0,0,21.1,18.3,84,1016,2.6,280,0
1966,4,24,2,0,0,0,20.5,17.9,85,1016,2.8,280,0
1966,4,24,3,0,0,0,20,17.6,86,1016,2.9,270,0
1966,4,24,4,0,0,0,19.4,17.2,87,1016,3.1,270,0
1966,4,24,5,0,0,0,19.8,17.4,86,1016,3.4,270,0
1966,4,24,6,20,4,20,20.2,17.6,85,1017,3.8,260,0
1966,4,24,7,117,1,117,20.6,17.8,84,1017,4.1,260,0
1966,4,24,8,315,226,185,22.1,17.7,76,1017,4.8,300,0
1966,4,24,9,507,250,318,23.5,17.3,68,1017,5.5,340,0
1966,4,24,10,829,694,211,25,16.7,60,1017,6.2,20,0
1966,4,24,11,676,352,334,25,17,61,1016,6.2,20,0
1966,4,24,12,696,344,355,25,17.5,63,1016,6.2,20,0
1966,4,24,13,311,9,303,25,17.8,64,1016,6.2,20,0
1966,4,24,14,274,5,270,24.6,17.6,65,1015,5.5,10,0
1966,4,24,15,230,10,223,24.3,17.3,65,1015,4.8,350,0
1966,4,24,16,159,2,158,23.9,17.2,66,1015,4.1,340,0
1966,4,24,17,117,38,107,23.2,17.2,69,1016,4.3,340,0
1966,4,24,18,31,8,30,22.4,17.3,73,1016,4.4,340,0
1966,4,24,19,0,0,0,21.7,17.2,76,1017,4.6,340,0
1966,4,24,20,0,0,0,22.1,17.5,75,1017,4.4,340,0
1966,4,24,21,0,0,0,22.4,17.6,74,1018,4.3,330,0
1966,4,24,22,0,0,0,22.8,17.8,73,1018,4.1,330,0
1966,4,24,23,0,0,0,22.2,17.8,76,1017,3.6,310,0
1966,4,25,0,0,0,0,21.7,17.7,78,1017,3.1,280,0
1966,4,25,1,0,0,0,21.1,17.8,81,1016,2.6,260,0
1966,4,25,2,0,0,0,20.9,17.5,81,1016,2.8,260,0
1966,4,25,3,0,0,0,20.8,17.4,81,1016,2.9,270,0
1966,4,25,4,0,0,0,20.6,17.2,81,1016,3.1,270,0
1966,4,25,5,0,0,0,21.3,17.3,78,1016,2.9,300,0
1966,4,25,6,52,147,34,22.1,17.7,76,1017,2.8,340,0
1966,4,25,7,247,353,120,22.8,17.8,73,1017,2.6,10,0
1966,4,25,8,480,586,143,23.9,18.1,70,1017,4,20,0
1966,4,25,9,716,760,141,25,18.5,67,1017,5.3,40,0
1966,4,25,10,819,671,220,26.1,18.9,64,1017,6.7,50,0
1966,4,25,11,807,464,356,25.7,18.4,64,1017,6.4,40,0
1966,4,25,12,686,239,448,25.4,18.1,64,1016,6,40,0
1966,4,25,13,483,96,393,25,17.8,64,1016,5.7,30,0
1966,4,25,14,333,10,325,24.6,17.9,66,1016,6,20,0
1966,4,25,15,235,9,229,24.3,18.3,69,1015,6.4,0,0
1966,4,25,16,169,4,167,23.9,18.3,71,1015,6.7,350,0
1966,4,25,17,82,0,82,23.3,18.2,73,1016,6,350,0
1966,4,25,18,18,1,18,22.8,17.9,74,1016,5.3,350,0
1966,4,25,19,0,0,0,22.2,17.8,76,1017,4.6,350,0
1966,4,25,20,0,0,0,22,18,78,1017,4.8,340,0
1966,4,25,21,0,0,0,21.9,18.1,79,1018,5,340,0
1966,4,25,22,0,0,0,21.7,18.3,81,1018,5.2,330,0
1966,4,25,23,0,0,0,21.9,18.1,79,1018,4.5,340,0
1966,4,26,0,0,0,0,22,18,78,1017,3.8,350,0
1966,4,26,1,0,0,0,22.2,17.8,76,1017,3.1,360,0
1966,4,26,2,0,0,0,21.5,18.1,81,1016,2.9,320,0
1966,4,26,3,0,0,0,20.7,18.1,85,1016,2.8,290,0
1966,4,26,4,0,0,0,20,18.3,90,1016,2.6,250,0
1966,4,26,5,1,0,1,21.1,18.5,85,1016,1.7,280,0
1966,4,26,6,52,50,45,22.2,18.4,79,1017,0.9,300,0
1966,4,26,7,168,99,132,23.3,18.3,74,1017,0,0,0
1966,4,26,8,411,282,249,24.4,18.4,69,1017,1.9,350,0
1966,4,26,9,500,262,301,25.6,18.1,63,1016,3.8,20,0
1966,4,26,10,672,389,325,26.7,17.8,58,1016,5.7,40,0
1966,4,26,11,639,353,295,26.3,17.7,59,1016,5.9,40,0
1966,4,26,12,781,428,356,26,17.9,61,1015,6,40,0
1966,4,26,13,689,310,395,25.6,17.8,62,1015,6.2,40,0
1966,4,26,14,577,310,315,25.4,17.9,63,1015,6.2,40,0
1966,4,26,15,390,124,304,25.2,17.7,63,1015,6.2,50,0
1966,4,26,16,194,68,160,25,17.8,64,1015,6.2,50,0
1966,4,26,17,138,141,100,24.6,17.4,64,1015,5.9,50,0
1966,4,26,18,35,53,28,24.3,17.1,64,1016,5.5,40,0
1966,4,26,19,0,0,0,23.9,16.7,64,1016,5.2,40,0
1966,4,26,20,0,0,0,23.7,16.5,64,1016,4.8,40,0
1966,4,26,21,0,0,0,23.5,16.3,64,1017,4.5,40,0
1966,4,26,22,0,0,0,23.3,16.1,64,1017,4.1,40,0
1966,4,26,23,0,0,0,23.1,16.7,67,1016,4.1,40,0
1966,4,27,0,0,0,0,23,17.3,70,1016,4.1,30,0
1966,4,27,1,0,0,0,22.8,17.8,73,1015,4.1,30,0
1966,4,27,2,0,0,0,21.9,17.7,77,1015,3.9,350,0
1966,4,27,3,0,0,0,20.9,17.3,80,1015,3.8,300,0
1966,4,27,4,0,0,0,20,17.2,84,1015,3.6,260,0
1966,4,27,5,0,0,0,20.7,17.5,82,1015,3.4,270,0
1966,4,27,6,43,16,41,21.5,18.1,81,1016,3.3,270,0
1966,4,27,7,146,5,144,22.2,18.3,79,1016,3.1,280,0
1966,4,27,8,287,222,158,23.7,18.6,73,1016,4,310,0
1966,4,27,9,623,567,192,25.2,18.4,66,1016,4.8,330,0
1966,4,27,10,857,786,154,26.7,18.3,60,1016,5.7,0,0
1966,4,27,11,894,738,175,26.9,19,62,1015,6,10,0
1966,4,27,12,919,761,164,27,19.4,63,1015,6.4,10,0
1966,4,27,13,801,667,169,27.2,20,65,1014,6.7,20,0
1966,4,27,14,700,591,199,26.8,19.9,66,1014,6,10,0
1966,4,27,15,645,767,115,26.5,20.1,68,1014,5.3,10,0
1966,4,27,16,434,656,110,26.1,20,69,1014,4.6,0,0
1966,4,27,17,177,469,51,25.4,20,72,1014,3.1,340,0
1966,4,27,18,34,40,29,24.6,20.1,76,1015,1.5,310,0
1966,4,27,19,0,0,0,23.9,20,79,1015,0,0,0
1966,4,27,20,0,0,0,23.3,19.9,81,1016,0.7,270,0
1966,4,27,21,0,0,0,22.8,19.6,82,1016,1.4,240,0
1966,4,27,22,0,0,0,22.2,19.4,84,1016,2.1,220,0
1966,4,27,23,0,0,0,21.8,19,84,1016,2.6,220,0
1966,4,28,0,0,0,0,21.5,18.7,84,1015,3.1,220,0
1966,4,28,1,0,0,0,21.1,18.3,84,1015,3.6,220,0
1966,4,28,2,0,0,0,20.9,18.5,86,1015,2.9,210,0
1966,4,28,3,0,0,0,20.8,18.8,88,1015,2.2,210,0
1966,4,28,4,0,0,0,20.6,18.9,90,1015,1.5,200,0
1966,4,28,5,1,0,1,21.3,19.1,87,1016,1,190,0
1966,4,28,6,43,24,40,22.1,19.3,84,1016,0.5,170,0
1966,4,28,7,154,97,119,22.8,19.4,81,1017,0,0,0
1966,4,28,8,424,317,240,23.5,19.9,80,1017,1.4,150,0
1966,4,28,9,274,4,271,24.3,20.6,80,1017,2.7,130,0
1966,4,28,10,175,8,168,25,21.1,79,1017,4.1,120,0
1966,4,28,11,436,11,426,24.8,20.7,78,1016,3.6,140,0
1966,4,28,12,530,212,319,24.6,20.3,77,1016,3.1,160,0
1966,4,28,13,258,85,177,24.4,20,76,1015,2.6,180,0
1966,4,28,14,382,100,298,24.4,19.9,76,1015,2.8,200,0
1966,4,28,15,208,7,203,24.4,19.9,76,1015,2.9,210,0
1966,4,28,16,157,1,157,24.4,20,76,1015,3.1,230,0
1966,4,28,17,135,52,121,23.7,19.7,78,1016,3.1,220,0
1966,4,28,18,31,32,27,22.9,19.1,79,1016,3.1,220,0
1966,4,28,19,0,0,0,22.2,18.9,81,1017,3.1,210,0
1966,4,28,20,0,0,0,21.8,19,84,1017,3.6,220,0
1966,4,28,21,0,0,0,21.5,19.3,87,1018,4.1,230,0
1966,4,28,22,0,0,0,21.1,19.4,90,1018,4.6,240,0
1966,4,28,23,0,0,0,20.9,19.2,90,1017,3.9,250,0
1966,4,29,0,0,0,0,20.8,19.1,90,1017,3.3,250,0
1966,4,29,1,0,0,0,20.6,18.9,90,1016,2.6,260,0
1966,4,29,2,0,0,0,20.6,18.6,88,1016,2.6,250,0
1966,4,29,3,0,0,0,20.6,18.2,86,1015,2.6,230,0
1966,4,29,4,0,0,0,20.6,17.8,84,1015,2.6,220,0
1966,4,29,5,3,4,2,21.9,18.3,80,1016,2.4,270,0
1966,4,29,6,61,165,38,23.1,18.4,75,1017,2.3,310,0
1966,4,29,7,252,482,75,24.4,18.9,71,1017,2.1,0,0
1966,4,29,8,492,625,128,25.3,18.8,67,1017,2.9,0,0
1966,4,29,9,666,603,206,26.3,19,64,1017,3.8,10,0
1966,4,29,10,835,740,172,27.2,18.9,60,1017,4.6,10,0
1966,4,29,11,782,611,185,27,18.6,60,1017,5.1,30,0
1966,4,29,12,816,581,239,26.9,18.5,60,1016,5.7,60,0
1966,4,29,13,887,668,251,26.7,18.3,60,1016,6.2,80,0
1966,4,29,14,702,576,214,26.5,18.4,61,1016,5.3,90,0
1966,4,29,15,493,431,194,26.3,18.7,63,1016,4.5,100,0
1966,4,29,16,458,671,125,26.1,18.9,64,1016,3.6,110,0
1966,4,29,17,186,440,67,25,19.2,70,1016,3.3,150,0
1966,4,29,18,39,106,26,23.9,19.2,75,1017,2.9,190,0
1966,4,29,19,0,0,0,22.8,19.4,81,1018,2.6,230,0
1966,4,29,20,0,0,0,22.2,18.6,80,1018,2.8,230,0
1966,4,29,21,0,0,0,21.7,17.9,79,1018,2.9,220,0
1966,4,29,22,0,0,0,21.1,17.2,78,1019,3.1,220,0
1966,4,29,23,0,0,0,20.4,16.5,78,1018,2.9,220,0
1966,4,30,0,0,0,0,19.6,15.7,78,1017,2.8,210,0
1966,4,30,1,0,0,0,18.9,15,78,1017,2.6,210,0
1966,4,30,2,0,0,0,19.1,15.2,78,1017,2.6,200,0
1966,4,30,3,0,0,0,19.2,15.3,78,1017,2.6,200,0
1966,4,30,4,0,0,0,19.4,15.6,78,1017,2.6,190,0
1966,4,30,5,0,0,0,20.5,16.6,78,1017,2.8,210,0
1966,4,30,6,26,0,26,21.7,17.9,79,1017,2.9,240,0
1966,4,30,7,158,17,151,22.8,18.9,79,1018,3.1,260,0
1966,4,30,8,179,2,177,24.1,18.5,71,1018,3.4,210,0
1966,4,30,9,327,107,245,25.4,17.6,62,1018,3.8,150,0
1966,4,30,10,494,98,406,26.7,16.7,54,1018,4.1,100,0
1966,4,30,11,487,97,393,26.5,16.8,55,1017,4.1,100,0
1966,4,30,12,582,162,421,26.3,16.6,55,1017,4.1,100,0
1966,4,30,13,425,131,301,26.1,16.7,56,1017,4.1,100,0
1966,4,30,14,687,327,410,25.7,17.9,62,1017,4.5,90,0
1966,4,30,15,385,102,314,25.4,19.1,68,1016,4.8,90,0
1966,4,30,16,153,6,150,25,20,74,1016,5.2,80,0
1966,4,30,17,119,29,111,24.3,19.8,76,1017,4.2,20,0
1966,4,30,18,20,1,20,23,19.2,79,1017,3.2,318,0
1966,4,30,19,0,0,0,22.1,18.9,82,1018,2.5,263,0
1966,4,30,20,0,0,0,21.4,18.9,85,1018,3,254,0
1966,4,30,21,0,0,0,20.9,18.8,88,1017,3.4,243,0
1966,4,30,22,0,0,0,20.5,18.8,89,1017,3.6,241,0
1966,4,30,23,0,0,0,20.3,18.8,90,1017,3.6,244,0
1970,5,1,0,0,0,0,20.2,18.7,91,1017,3.6,246,0
1970,5,1,1,0,0,0,20,18.6,91,1017,3.6,249,0
1970,5,1,2,0,0,0,19.9,18.5,91,1017,3.7,247,0
1970,5,1,3,0,0,0,19.8,18.3,91,1016,3.8,242,0
1970,5,1,4,0,0,0,19.6,18.1,90,1016,4,234,0
1970,5,1,5,3,0,3,19.7,18.2,91,1016,4.4,232,0
1970,5,1,6,57,1,56,19.8,18.5,92,1017,4.8,230,0
1970,5,1,7,98,0,98,20,18.9,93,1017,5.2,230,0
1970,5,1,8,273,1,273,21.3,19.4,89,1017,4.3,230,0
1970,5,1,9,357,1,357,22.6,20.2,86,1016,3.5,220,0
1970,5,1,10,261,0,261,23.9,20.6,82,1016,2.6,220,0
1970,5,1,11,499,1,499,23.7,20.5,82,1016,1.7,220,0
1970,5,1,12,464,1,462,23.5,20.3,82,1015,0.9,220,0
1970,5,1,13,465,1,463,23.3,20,82,1014,0,0,0
1970,5,1,14,428,1,427,22.9,20.3,85,1014,0,0,0
1970,5,1,15,317,1,316,22.6,20.3,87,1014,0,0,0
1970,5,1,16,141,0,141,22.2,20.6,90,1014,0,0,0
1970,5,1,17,133,0,133,21.7,20.2,91,1015,0.9,230,0
1970,5,1,18,32,0,32,21.1,19.8,92,1015,1.7,230,0
1970,5,1,19,0,0,0,20.6,19.4,93,1016,2.6,230,0
1970,5,1,20,0,0,0,20.6,19.4,93,1016,3.8,230,0
1970,5,1,21,0,0,0,20.6,19.4,93,1016,5,240,0
1970,5,1,22,0,0,0,20.6,19.4,93,1016,6.2,240,0
1970,5,1,23,0,0,0,20.8,19.6,93,1016,5.9,230,0
1970,5,2,0,0,0,0,20.9,19.7,93,1015,5.5,210,0
1970,5,2,1,0,0,0,21.1,20,93,1015,5.2,200,0
1970,5,2,2,0,0,0,21.1,19.9,93,1015,3.5,210,0
1970,5,2,3,0,0,0,21.1,19.9,93,1014,1.7,220,0
1970,5,2,4,0,0,0,21.1,20,93,1014,0,0,0
1970,5,2,5,2,0,2,20.9,19.7,93,1015,0.9,250,0
1970,5,2,6,50,1,50,20.8,19.6,93,1015,1.7,260,0
1970,5,2,7,104,1,104,20.6,19.4,93,1016,2.6,270,0
1970,5,2,8,275,0,275,21.9,20,89,1016,3.6,220,0
1970,5,2,9,384,0,383,23.1,20.6,86,1016,4.7,170,0
1970,5,2,10,468,1,467,24.4,21.1,82,1017,5.7,120,0
1970,5,2,11,484,0,484,25.2,21.3,79,1016,5.5,120,0
1970,5,2,12,382,104,278,25.9,21.1,75,1015,5.4,130,0
1970,5,2,13,547,71,480,26.7,21.1,72,1015,5.2,130,0
1970,5,2,14,699,425,339,26.1,20.9,73,1015,5.9,120,0
1970,5,2,15,317,155,210,25.6,20.9,75,1014,6.5,120,0
1970,5,2,16,357,345,186,25,20.6,76,1014,7.2,110,0
1970,5,2,17,152,170,106,24.3,19.8,76,1015,5.5,140,0
1970,5,2,18,24,20,21,23.5,19,76,1016,3.8,170,0
1970,5,2,19,0,0,0,22.8,18.3,76,1017,2.1,200,0
1970,5,2,20,0,0,0,22.1,18.7,81,1017,2.3,200,0
1970,5,2,21,0,0,0,21.3,18.7,85,1017,2.4,190,0
1970,5,2,22,0,0,0,20.6,18.9,90,1018,2.6,190,0
1970,5,2,23,0,0,0,20,18.2,89,1017,2.6,200,0
1970,5,3,0,0,0,0,19.5,17.5,88,1017,2.6,220,0
1970,5,3,1,0,0,0,18.9,16.7,87,1016,2.6,230,0
1970,5,3,2,0,0,0,19.1,16.9,87,1016,2.6,230,0
1970,5,3,3,0,0,0,19.2,17,87,1016,2.6,220,0
1970,5,3,4,0,0,0,19.4,17.2,87,1016,2.6,220,0
1970,5,3,5,4,6,2,21.5,18.3,82,1016,2.6,200,0
1970,5,3,6,72,194,44,23.5,19,76,1016,2.6,180,0
1970,5,3,7,285,522,90,25.6,20,71,1017,2.6,160,0
1970,5,3,8,497,592,149,26.3,20.2,69,1017,4.1,150,0
1970,5,3,9,572,531,165,27.1,20.5,67,1017,5.7,130,0
1970,5,3,10,912,818,176,27.8,20.6,65,1017,7.2,120,0
1970,5,3,11,859,611,261,27.8,20.4,64,1016,6.9,110,0
1970,5,3,12,842,611,233,27.8,19.9,62,1016,6.5,100,0
1970,5,3,13,909,762,184,27.8,19.4,61,1015,6.2,90,0
1970,5,3,14,629,466,233,26.9,19.5,64,1015,5.7,90,0
1970,5,3,15,441,347,200,25.9,19.6,68,1015,5.1,80,0
1970,5,3,16,296,108,242,25,19.4,71,1015,4.6,80,0
1970,5,3,17,86,1,86,24.4,19.3,73,1016,3.9,110,0
1970,5,3,18,26,14,24,23.9,19,74,1017,3.3,150,0
1970,5,3,19,0,0,0,23.3,18.9,76,1017,2.6,180,0
1970,5,3,20,0,0,0,22.8,19.2,80,1018,2.8,170,0
1970,5,3,21,0,0,0,22.2,19.2,83,1018,2.9,170,0
1970,5,3,22,0,0,0,21.7,19.4,87,1018,3.1,160,0
1970,5,3,23,0,0,0,21.3,18.9,86,1017,3.3,170,0
1970,5,4,0,0,0,0,21,18.4,85,1017,3.4,170,0
1970,5,4,1,0,0,0,20.6,17.8,84,1016,3.6,180,0
1970,5,4,2,0,0,0,20,17.6,86,1016,3.6,200,0
1970,5,4,3,0,0,0,19.5,17.5,88,1016,3.6,210,0
1970,5,4,4,0,0,0,18.9,17.2,90,1016,3.6,230,0
1970,5,4,5,5,1,5,20.6,18,85,1016,3.1,230,0
1970,5,4,6,64,32,59,22.2,18.4,79,1017,2.6,220,0
1970,5,4,7,171,56,150,23.9,18.9,74,1017,2.1,220,0
1970,5,4,8,336,137,255,24.5,19.1,72,1017,2.9,180,0
1970,5,4,9,263,70,209,25,18.9,69,1017,3.8,130,0
1970,5,4,10,301,11,291,25.6,18.9,67,1017,4.6,90,0
1970,5,4,11,387,12,375,25.4,18.8,67,1017,4.8,100,0
1970,5,4,12,483,154,329,25.2,18.7,67,1016,5,100,0
1970,5,4,13,424,102,326,25,18.3,67,1016,5.2,110,0
1970,5,4,14,518,123,414,24.8,18.5,68,1016,4.7,90,0
1970,5,4,15,409,247,237,24.6,18.3,68,1016,4.1,80,0
1970,5,4,16,261,108,207,24.4,18.3,69,1016,3.6,60,0
1970,5,4,17,136,141,97,23.9,18.3,71,1016,2.9,120,0
1970,5,4,18,37,31,34,23.3,18,72,1017,2.2,180,0
1970,5,4,19,0,0,0,22.8,17.8,74,1017,1.5,240,0
1970,5,4,20,0,0,0,22.4,18,76,1018,1.7,230,0
1970,5,4,21,0,0,0,22.1,18.3,79,1018,1.9,220,0
1970,5,4,22,0,0,0,21.7,18.3,81,1018,2.1,210,0
1970,5,4,23,0,0,0,20.8,17.8,83,1018,2.3,210,0
1970,5,5,0,0,0,0,19.8,17.2,85,1017,2.4,220,0
1970,5,5,1,0,0,0,18.9,16.7,87,1016,2.6,220,0
1970,5,5,2,0,0,0,18.7,16.2,85,1016,2.9,220,0
1970,5,5,3,0,0,0,18.5,15.6,83,1016,3.3,220,0
1970,5,5,4,0,0,0,18.3,15,81,1016,3.6,220,0
1970,5,5,5,2,1,2,20.5,15.9,75,1017,3.4,230,0
1970,5,5,6,66,101,51,22.8,17.1,70,1017,3.3,230,0
1970,5,5,7,239,390,92,25,17.8,64,1018,3.1,240,0
1970,5,5,8,468,511,167,25.9,17.8,61,1018,3.4,200,0
1970,5,5,9,563,374,276,26.9,18.2,59,1018,3.8,160,0
1970,5,5,10,727,493,283,27.8,18.3,56,1018,4.1,120,0
1970,5,5,11,827,551,287,27.4,18.4,58,1018,4.1,90,0
1970,5,5,12,871,582,292,27.1,18.7,60,1017,4.1,70,0
1970,5,5,13,750,444,327,26.7,18.9,62,1017,4.1,40,0
1970,5,5,14,653,488,239,25.9,19.1,66,1017,4.1,70,0
1970,5,5,15,385,79,330,25.2,19.4,70,1017,4.1,90,0
1970,5,5,16,213,5,210,24.4,19.4,74,1017,4.1,120,0
1970,5,5,17,93,35,83,23.7,19.4,77,1017,3.6,160,0
1970,5,5,18,19,0,19,22.9,19.5,81,1018,3.1,200,0
1970,5,5,19,0,0,0,22.2,19.4,84,1018,2.6,240,0
1970,5,5,20,0,0,0,22,19.4,85,1018,2.8,230,0
1970,5,5,21,0,0,0,21.9,19.5,86,1018,2.9,230,0
1970,5,5,22,0,0,0,21.7,19.4,87,1019,3.1,220,0
1970,5,5,23,0,0,0,21.1,19.2,89,1018,2.9,200,0
1970,5,6,0,0,0,0,20.6,19.1,91,1018,2.8,190,0
1970,5,6,1,0,0,0,20,18.9,93,1017,2.6,170,0
1970,5,6,2,0,0,0,20,18.7,92,1017,2.6,170,0
1970,5,6,3,0,0,0,20,18.5,91,1016,2.6,180,0
1970,5,6,4,0,0,0,20,18.3,90,1016,2.6,180,0
1970,5,6,5,7,8,5,21.9,18.9,83,1016,2.6,160,0
1970,5,6,6,87,344,36,23.7,19.2,76,1017,2.6,150,0
1970,5,6,7,312,669,58,25.6,19.4,69,1017,2.6,130,0
1970,5,6,8,459,521,151,26.1,19.7,68,1017,3.8,120,0
1970,5,6,9,682,628,198,26.7,20.3,68,1017,5,110,0
1970,5,6,10,618,462,200,27.2,20.6,67,1017,6.2,100,0
1970,5,6,11,866,721,159,27.2,20.6,67,1017,6.2,100,0
1970,5,6,12,782,517,266,27.2,20.6,67,1017,6.2,110,0
1970,5,6,13,590,364,243,27.2,20.6,67,1017,6.2,110,0
1970,5,6,14,608,502,181,26.8,20.6,69,1017,5.2,120,0
1970,5,6,15,427,234,264,26.5,20.6,70,1017,4.1,120,0
1970,5,6,16,331,397,132,26.1,20.6,72,1017,3.1,130,0
1970,5,6,17,130,115,98,25.2,20.3,74,1017,2.6,140,0
1970,5,6,18,37,18,35,24.2,19.9,77,1018,2,150,0
1970,5,6,19,0,0,0,23.3,19.4,79,1018,1.5,160,0
1970,5,6,20,0,0,0,22.8,19.6,82,1018,1.9,190,0
1970,5,6,21,0,0,0,22.2,19.4,84,1019,2.2,220,0
1970,5,6,22,0,0,0,21.7,19.4,87,1019,2.6,250,0
1970,5,6,23,0,0,0,21.3,19.2,88,1018,2.6,240,0
1970,5,7,0,0,0,0,21,19.1,89,1018,2.6,220,0
1970,5,7,1,0,0,0,20.6,18.9,90,1017,2.6,210,0
1970,5,7,2,0,0,0,20.4,18.7,90,1017,2.4,220,0
1970,5,7,3,0,0,0,20.2,18.5,90,1017,2.3,230,0
1970,5,7,4,0,0,0,20,18.3,90,1017,2.1,240,0
1970,5,7,5,3,3,3,20.9,19,89,1018,2.6,240,0
1970,5,7,6,73,206,42,21.9,19.8,88,1018,3.1,250,0
1970,5,7,7,240,217,157,22.8,20.6,87,1019,3.6,250,0
1970,5,7,8,428,442,166,22.8,20.7,88,1019,3.6,200,0
1970,5,7,9,537,346,271,22.8,20.9,89,1019,3.6,160,0
1970,5,7,10,180,26,156,22.8,21.1,90,1019,3.6,110,0
1970,5,7,11,428,11,417,22.8,21.1,90,1018,3.9,100,0
1970,5,7,12,465,9,455,22.8,21.1,90,1018,4.3,90,0
1970,5,7,13,238,13,226,22.8,21.1,90,1017,4.6,80,0
1970,5,7,14,503,157,369,23.2,21.1,88,1017,3.9,30,0
1970,5,7,15,297,99,228,23.5,21.2,87,1016,3.3,330,0
1970,5,7,16,305,282,163,23.9,21.1,85,1016,2.6,280,0
1970,5,7,17,125,72,105,23.2,20.9,87,1016,2.4,270,0
1970,5,7,18,41,62,33,22.4,20.3,88,1017,2.3,260,0
1970,5,7,19,0,0,0,21.7,20,90,1017,2.1,250,0
1970,5,7,20,0,0,0,21.5,20.2,92,1018,2.3,250,0
1970,5,7,21,0,0,0,21.3,20.5,95,1018,2.4,240,0
1970,5,7,22,0,0,0,21.1,20.6,97,1018,2.6,240,0
1970,5,7,23,0,0,0,21.1,20.4,96,1018,2.2,240,0
1970,5,8,0,0,0,0,21.1,20.1,94,1017,1.9,240,0
1970,5,8,1,0,0,0,21.1,20,93,1017,1.5,240,0
1970,5,8,2,0,0,0,20.9,19.7,93,1017,1.7,240,0
1970,5,8,3,0,0,0,20.8,19.6,93,1017,1.9,240,0
1970,5,8,4,0,0,0,20.6,19.4,93,1017,2.1,240,0
1970,5,8,5,0,0,0,21.1,19.8,92,1017,1.9,240,0
1970,5,8,6,70,38,64,21.7,20.2,91,1018,1.7,240,0
1970,5,8,7,156,17,150,22.2,20.6,90,1018,1.5,240,0
1970,5,8,8,288,6,284,23.7,21.2,86,1018,2.7,190,0
1970,5,8,9,269,16,256,25.2,21.7,81,1018,4,140,0
1970,5,8,10,442,33,412,26.7,22.2,77,1018,5.2,90,0
1970,5,8,11,336,0,336,26.1,21.8,77,1018,4.8,90,0
1970,5,8,12,474,9,465,25.6,21.1,76,1017,4.5,90,0
1970,5,8,13,450,3,447,25,20.6,76,1017,4.1,90,0
1970,5,8,14,333,7,327,24.6,20.7,79,1016,4.5,90,0
1970,5,8,15,309,0,309,24.3,21,82,1016,4.8,90,0
1970,5,8,16,201,3,199,23.9,21.1,85,1016,5.2,90,0
1970,5,8,17,102,2,102,23.2,20.9,87,1016,4.2,50,0
1970,5,8,18,27,0,27,22.4,20.3,88,1017,3.1,20,0
1970,5,8,19,0,0,0,21.7,20,90,1017,2.1,340,0
1970,5,8,20,0,0,0,21.5,20,91,1018,2.8,300,0
1970,5,8,21,0,0,0,21.3,20,92,1018,3.4,260,0
1970,5,8,22,0,0,0,21.1,20,93,1019,4.1,220,0
1970,5,8,23,0,0,0,20.9,19.7,93,1018,3.4,220,0
1970,5,9,0,0,0,0,20.8,19.6,93,1018,2.8,230,0
1970,5,9,1,0,0,0,20.6,19.4,93,1017,2.1,230,0
1970,5,9,2,0,0,0,20.6,19.4,93,1018,1.4,210,0
1970,5,9,3,0,0,0,20.6,19.4,93,1018,0.7,200,0
1970,5,9,4,0,0,0,20.6,19.4,93,1018,0,0,0
1970,5,9,5,3,5,3,22.3,19.9,86,1018,0.7,160,0
1970,5,9,6,90,251,51,23.9,19.8,78,1018,1.4,150,0
1970,5,9,7,262,457,87,25.6,20,71,1018,2.1,130,0
1970,5,9,8,553,785,86,26.3,20.4,70,1018,3.5,110,0
1970,5,9,9,675,723,117,27.1,20.7,68,1018,4.8,100,0
1970,5,9,10,836,747,161,27.8,21.1,67,1018,6.2,80,0
1970,5,9,11,768,502,276,27.4,21.2,69,1018,6,70,0
1970,5,9,12,851,585,268,27.1,21.6,72,1017,5.9,70,0
1970,5,9,13,505,202,312,26.7,21.7,74,1017,5.7,60,0
1970,5,9,14,673,489,258,26.5,21.1,72,1017,4.8,60,0
1970,5,9,15,506,355,258,26.3,20.6,71,1016,4,70,0
1970,5,9,16,321,268,186,26.1,20,69,1016,3.1,70,0
1970,5,9,17,142,93,115,25.4,19.8,71,1016,2.9,80,0
1970,5,9,18,35,21,33,24.6,19.7,74,1017,2.8,80,0
1970,5,9,19,0,0,0,23.9,19.4,76,1017,2.6,90,0
1970,5,9,20,0,0,0,23.7,19.7,78,1018,2.8,80,0
1970,5,9,21,0,0,0,23.5,19.9,80,1018,2.9,70,0
1970,5,9,22,0,0,0,23.3,20,82,1018,3.1,60,0
1970,5,9,23,0,0,0,23.3,20.1,82,1018,2.6,60,0
1970,5,10,0,0,0,0,23.3,20.1,82,1017,2,70,0
1970,5,10,1,0,0,0,23.3,20,82,1017,1.5,70,0
1970,5,10,2,0,0,0,22.4,20,86,1017,2.2,20,0
1970,5,10,3,0,0,0,21.5,19.6,89,1016,2.9,320,0
1970,5,10,4,0,0,0,20.6,19.4,93,1016,3.6,270,0
1970,5,10,5,0,0,0,21,19.8,93,1017,2.9,260,0
1970,5,10,6,29,11,28,21.3,20.1,93,1017,2.2,240,0
1970,5,10,7,81,7,78,21.7,20.6,93,1018,1.5,230,0
1970,5,10,8,212,7,208,22.1,20.8,92,1018,2.7,190,0
1970,5,10,9,340,1,339,22.4,20.9,91,1018,4,140,0
1970,5,10,10,218,1,217,22.8,21.1,90,1017,5.2,100,0
1970,5,10,11,409,5,404,22.6,20.7,89,1017,5.7,100,0
1970,5,10,12,447,3,444,22.4,20.3,88,1017,6.2,110,0
1970,5,10,13,246,1,245,22.2,20,87,1017,6.7,110,0
1970,5,10,14,386,1,385,22.2,19.8,86,1016,5.5,140,0
1970,5,10,15,319,1,318,22.2,19.6,85,1016,4.3,160,0
1970,5,10,16,130,1,129,22.2,19.4,84,1016,3.1,190,0
1970,5,10,17,113,0,113,21.7,19.1,85,1016,2.9,210,0
1970,5,10,18,29,0,29,21.1,18.7,86,1017,2.8,220,0
1970,5,10,19,0,0,0,20.6,18.3,87,1017,2.6,240,0
1970,5,10,20,0,0,0,20.6,18.7,89,1017,1.7,240,0
1970,5,10,21,0,0,0,20.6,19.1,91,1018,0.9,240,0
1970,5,10,22,0,0,0,20.6,19.4,93,1018,0,0,0
1970,5,10,23,0,0,0,20.6,19.4,93,1017,0.7,240,0
1970,5,11,0,0,0,0,20.6,19.4,93,1017,1.4,240,0
1970,5,11,1,0,0,0,20.6,19.4,93,1016,2.1,240,0
1970,5,11,2,0,0,0,20.4,19.1,92,1016,2.1,230,0
1970,5,11,3,0,0,0,20.2,18.7,91,1016,2.1,230,0
1970,5,11,4,0,0,0,20,18.3,90,1016,2.1,220,0
1970,5,11,5,3,3,3,20.6,18.7,89,1016,2.1,220,0
1970,5,11,6,55,59,46,21.1,19.1,88,1017,2.1,210,0
1970,5,11,7,201,171,135,21.7,19.4,87,1017,2.1,210,0
1970,5,11,8,367,170,266,23.2,20,82,1017,2.6,160,0
1970,5,11,9,525,283,306,24.6,20.3,77,1017,3.1,110,0
1970,5,11,10,461,164,313,26.1,20.6,72,1016,3.6,60,0
1970,5,11,11,490,196,297,26.3,20.6,71,1016,3.8,50,0
1970,5,11,12,639,278,362,26.5,20.6,70,1015,3.9,30,0
1970,5,11,13,750,570,207,26.7,20.6,69,1015,4.1,20,0
1970,5,11,14,626,468,227,26.3,20.2,69,1014,3.9,40,0
1970,5,11,15,651,733,139,26,19.9,69,1014,3.8,50,0
1970,5,11,16,425,590,127,25.6,19.4,69,1014,3.6,70,0
1970,5,11,17,191,393,80,24.5,19.4,73,1014,3.3,80,0
1970,5,11,18,38,47,32,23.3,19.3,78,1015,2.9,80,0
1970,5,11,19,0,0,0,22.2,18.9,82,1016,2.6,90,0
1970,5,11,20,0,0,0,21.7,19.3,86,1016,1.7,120,0
1970,5,11,21,0,0,0,21.1,19.2,89,1017,0.9,150,0
1970,5,11,22,0,0,0,20.6,19.4,93,1017,0,0,0
1970,5,11,23,0,0,0,20.6,19.4,93,1016,0.7,200,0
1970,5,12,0,0,0,0,20.6,19.4,93,1015,1.4,230,0
1970,5,12,1,0,0,0,20.6,19.4,93,1015,2.1,260,0
1970,5,12,2,0,0,0,20,18.7,92,1014,2.3,240,0
1970,5,12,3,0,0,0,19.5,18,91,1014,2.4,220,0
1970,5,12,4,0,0,0,18.9,17.2,90,1014,2.6,200,0
1970,5,12,5,10,19,7,20,18.2,89,1015,1.7,190,0
1970,5,12,6,91,168,65,21.1,19.1,88,1015,0.9,170,0
1970,5,12,7,210,222,124,22.2,20,87,1016,0,0,0
1970,5,12,8,553,664,156,23.5,20.3,82,1016,1.4,150,0
1970,5,12,9,584,460,229,24.8,20.5,77,1016,2.7,130,0
1970,5,12,10,809,669,203,26.1,20.6,72,1016,4.1,120,0
1970,5,12,11,727,464,271,25.2,20.7,76,1015,3.4,120,0
1970,5,12,12,621,258,363,24.2,20.5,80,1015,2.8,120,0
1970,5,12,13,371,132,245,23.3,20.6,84,1015,2.1,120,0
1970,5,12,14,344,46,305,23.9,20.5,81,1015,2.9,110,0
1970,5,12,15,340,88,278,24.4,20.5,79,1015,3.8,100,0
1970,5,12,16,278,123,216,25,20.6,76,1015,4.6,90,0
1970,5,12,17,109,45,96,24.3,20.2,78,1015,3.6,120,0
1970,5,12,18,30,45,24,23.5,19.9,80,1016,2.5,160,0
1970,5,12,19,0,0,0,22.8,19.4,82,1017,1.5,190,0
1970,5,12,20,0,0,0,22.4,19.4,83,1017,1.5,190,0
1970,5,12,21,0,0,0,22.1,19.1,83,1017,1.5,190,0
1970,5,12,22,0,0,0,21.7,18.9,84,1018,1.5,190,0
1970,5,12,23,0,0,0,20.8,18.2,85,1017,1,200,0
1970,5,13,0,0,0,0,19.8,17.4,86,1017,0.5,200,0
1970,5,13,1,0,0,0,18.9,16.7,87,1017,0,0,0
1970,5,13,2,0,0,0,19.3,17.3,88,1017,1.2,220,0
1970,5,13,3,0,0,0,19.6,17.8,89,1017,2.4,220,0
1970,5,13,4,0,0,0,20,18.3,90,1017,3.6,230,0
1970,5,13,5,4,3,4,21.9,18.9,83,1017,3.8,210,0
1970,5,13,6,77,170,50,23.7,19.2,76,1017,3.9,180,0
1970,5,13,7,266,444,93,25.6,19.4,69,1017,4.1,160,0
1970,5,13,8,406,406,163,26.3,19.9,68,1017,4.8,140,0
1970,5,13,9,632,525,226,27.1,20.2,66,1017,5.5,130,0
1970,5,13,10,706,418,327,27.8,20.6,65,1017,6.2,110,0
1970,5,13,11,786,461,334,27.4,20.5,66,1017,6.5,110,0
1970,5,13,12,715,411,304,27.1,20.7,68,1016,6.9,120,0
1970,5,13,13,557,139,425,26.7,20.6,69,1016,7.2,120,0
1970,5,13,14,383,102,296,26.3,20.2,69,1016,6.2,110,0
1970,5,13,15,259,32,237,26,19.9,69,1016,5.1,110,0
1970,5,13,16,263,88,219,25.6,19.4,69,1016,4.1,100,0
1970,5,13,17,109,79,86,24.8,19.4,72,1017,3.4,140,0
1970,5,13,18,24,2,24,24.1,19.6,76,1017,2.8,170,0
1970,5,13,19,0,0,0,23.3,19.4,79,1018,2.1,210,0
1970,5,13,20,0,0,0,22.8,19.6,82,1018,2.1,220,0
1970,5,13,21,0,0,0,22.2,19.4,84,1019,2.1,220,0
1970,5,13,22,0,0,0,21.7,19.4,87,1019,2.1,230,0
1970,5,13,23,0,0,0,21.1,18.9,87,1019,2.3,220,0
1970,5,14,0,0,0,0,20.6,18.4,87,1018,2.4,220,0
1970,5,14,1,0,0,0,20,17.8,87,1018,2.6,210,0
1970,5,14,2,0,0,0,19.4,17,86,1018,2.9,210,0
1970,5,14,3,0,0,0,18.9,16.3,85,1018,3.3,220,0
1970,5,14,4,0,0,0,18.3,15.6,84,1018,3.6,220,0
1970,5,14,5,11,29,7,20.7,16.5,77,1018,3.1,200,0
1970,5,14,6,91,161,65,23.2,17.2,69,1019,2.6,180,0
1970,5,14,7,307,612,69,25.6,17.8,62,1019,2.1,160,0
1970,5,14,8,522,723,89,26.9,18.2,59,1019,3.1,150,0
1970,5,14,9,697,725,135,28.1,18.5,56,1019,4.2,130,0
1970,5,14,10,847,777,143,29.4,18.9,53,1018,5.2,120,0
1970,5,14,11,920,803,131,29,19.4,56,1018,5.4,110,0
1970,5,14,12,958,826,133,28.7,19.6,58,1017,5.5,100,0
1970,5,14,13,804,671,164,28.3,20,61,1017,5.7,90,0
1970,5,14,14,704,574,214,27.6,20.2,64,1017,5.2,100,0
1970,5,14,15,536,477,202,26.8,19.9,66,1017,4.6,100,0
1970,5,14,16,280,150,204,26.1,20,69,1017,4.1,110,0
1970,5,14,17,141,93,114,25,20.1,74,1017,3.6,100,0
1970,5,14,18,33,7,32,23.9,20.1,79,1018,3.1,90,0
1970,5,14,19,0,0,0,22.8,20,84,1019,2.6,80,0
1970,5,14,20,0,0,0,22.4,20.1,87,1019,2.6,30,0
1970,5,14,21,0,0,0,22.1,20.4,90,1019,2.6,350,0
1970,5,14,22,0,0,0,21.7,20.6,93,1019,2.6,300,0
1970,5,14,23,0,0,0,21.9,20.6,92,1019,1.7,290,0
1970,5,15,0,0,0,0,22,20.5,91,1018,0.9,270,0
1970,5,15,1,0,0,0,22.2,20.6,90,1018,0,0,0
1970,5,15,2,0,0,0,21.8,20.1,90,1018,1,250,0
1970,5,15,3,0,0,0,21.5,19.8,90,1017,2.1,230,0
1970,5,15,4,0,0,0,21.1,19.4,90,1017,3.1,220,0
1970,5,15,5,7,6,7,21.8,19.6,87,1018,2.1,200,0
1970,5,15,6,72,51,64,22.6,20,85,1018,1,170,0
1970,5,15,7,242,256,143,23.3,20,82,1018,0,0,0
1970,5,15,8,493,511,187,24.4,20.3,78,1018,1.5,120,0
1970,5,15,9,427,218,259,25.6,20.4,73,1018,3.1,100,0
1970,5,15,10,750,532,268,26.7,20.6,69,1018,4.6,70,0
1970,5,15,11,767,470,306,26.3,20.6,71,1018,5.1,80,0
1970,5,15,12,877,651,227,26,20.6,72,1017,5.7,100,0
1970,5,15,13,680,355,341,25.6,20.6,74,1017,6.2,110,0
1970,5,15,14,595,286,351,25.4,20.4,74,1016,5.2,170,0
1970,5,15,15,482,312,264,25.2,20.3,74,1016,4.1,220,0
1970,5,15,16,199,63,167,25,20,74,1016,3.1,280,0
1970,5,15,17,156,163,109,23.9,19.8,78,1017,2.9,260,0
1970,5,15,18,29,21,27,22.8,19.8,83,1017,2.8,240,0
1970,5,15,19,0,0,0,21.7,19.4,87,1018,2.6,220,0
1970,5,15,20,0,0,0,21.3,19.4,89,1018,2.4,210,0
1970,5,15,21,0,0,0,21,19.5,91,1019,2.3,200,0
1970,5,15,22,0,0,0,20.6,19.4,93,1019,2.1,190,0
1970,5,15,23,0,0,0,20.6,19.3,92,1019,2.6,210,0
1970,5,16,0,0,0,0,20.6,19.1,91,1018,3.1,220,0
1970,5,16,1,0,0,0,20.6,18.9,90,1018,3.6,240,0
1970,5,16,2,0,0,0,20.2,18.7,91,1018,3.4,230,0
1970,5,16,3,0,0,0,19.8,18.5,92,1018,3.3,220,0
1970,5,16,4,0,0,0,19.4,18.3,93,1018,3.1,210,0
1970,5,16,5,9,11,7,20.9,18.7,87,1018,3.4,220,0
1970,5,16,6,86,125,66,22.4,19.2,82,1018,3.8,220,0
1970,5,16,7,249,413,87,23.9,19.4,76,1018,4.1,230,0
1970,5,16,8,477,564,139,25.2,19.8,72,1018,4.5,190,0
1970,5,16,9,754,789,143,26.5,19.9,67,1018,4.8,140,0
1970,5,16,10,775,713,129,27.8,20,63,1018,5.2,100,0
1970,5,16,11,970,791,194,27.4,20,64,1018,5.7,90,0
1970,5,16,12,551,181,371,27.1,19.7,64,1017,6.2,80,0
1970,5,16,13,287,22,265,26.7,19.4,65,1017,6.7,70,0
1970,5,16,14,346,6,341,25.8,19.7,69,1017,5.5,130,0
1970,5,16,15,283,96,216,24.8,19.4,72,1017,4.3,180,0
1970,5,16,16,249,78,209,23.9,19.4,76,1017,3.1,240,0
1970,5,16,17,106,55,91,23.3,19.7,80,1018,2.6,230,0
1970,5,16,18,39,27,36,22.8,19.8,83,1018,2,230,0
1970,5,16,19,0,0,0,22.2,20,87,1019,1.5,220,0
1970,5,16,20,0,0,0,21.7,19.8,89,1019,2.2,220,0
1970,5,16,21,0,0,0,21.1,19.6,91,1020,2.9,220,0
1970,5,16,22,0,0,0,20.6,19.4,93,1020,3.6,220,0
1970,5,16,23,0,0,0,20.4,19.2,93,1019,3.6,220,0
1970,5,17,0,0,0,0,20.2,19,93,1018,3.6,230,0
1970,5,17,1,0,0,0,20,18.9,93,1018,3.6,230,0
1970,5,17,2,0,0,0,19.8,18.5,92,1018,2.4,230,0
1970,5,17,3,0,0,0,19.6,18.1,91,1017,1.2,240,0
1970,5,17,4,0,0,0,19.4,17.8,90,1017,0,0,0
1970,5,17,5,6,1,6,20.7,18.7,88,1018,0.9,240,0
1970,5,17,6,93,254,51,22,19.6,86,1018,1.7,250,0
1970,5,17,7,246,296,130,23.3,20.6,84,1019,2.6,250,0
1970,5,17,8,393,352,181,24.2,20.3,79,1019,3.6,200,0
1970,5,17,9,569,377,277,25.2,20.3,74,1019,4.7,160,0
1970,5,17,10,702,464,282,26.1,20,69,1019,5.7,110,0
1970,5,17,11,893,721,186,26.3,20.2,69,1019,5.3,100,0
1970,5,17,12,1026,888,139,26.5,20.4,69,1018,5,90,0
1970,5,17,13,889,758,166,26.7,20.6,69,1018,4.6,80,0
1970,5,17,14,520,370,204,26.5,20.4,69,1018,5,80,0
1970,5,17,15,616,688,133,26.3,20.2,69,1018,5.3,70,0
1970,5,17,16,319,268,182,26.1,20,69,1017,5.7,70,0
1970,5,17,17,159,231,92,25.2,19.6,71,1018,5,70,0
1970,5,17,18,47,74,37,24.2,19.3,74,1018,4.3,70,0
1970,5,17,19,0,0,0,23.3,18.9,76,1019,3.6,70,0
1970,5,17,20,0,0,0,23.3,18.6,75,1019,3.6,80,0
1970,5,17,21,0,0,0,23.3,18.6,75,1020,3.6,100,0
1970,5,17,22,0,0,0,23.3,18.3,74,1020,3.6,110,0
1970,5,17,23,0,0,0,22.6,18.8,79,1020,3.6,160,0
1970,5,18,0,0,0,0,21.8,19.2,85,1019,3.6,210,0
1970,5,18,1,0,0,0,21.1,19.4,90,1019,3.6,260,0
1970,5,18,2,0,0,0,21.1,18.9,87,1019,3.3,200,0
1970,5,18,3,0,0,0,21.1,18.3,84,1019,2.9,150,0
1970,5,18,4,0,0,0,21.1,17.8,81,1019,2.6,90,0
1970,5,18,5,11,21,9,22.8,17.9,74,1019,3.1,90,0
1970,5,18,6,90,221,54,24.4,17.9,67,1020,3.6,100,0
1970,5,18,7,288,521,84,26.1,17.8,60,1020,4.1,100,0
1970,5,18,8,420,311,233,26.3,18.5,62,1020,4.3,90,0
1970,5,18,9,768,784,160,26.5,18.9,63,1020,4.4,90,0
1970,5,18,10,668,446,264,26.7,19.4,65,1020,4.6,80,0
1970,5,18,11,612,226,390,26.5,19.4,65,1019,4.4,80,0
1970,5,18,12,803,527,277,26.3,19.2,65,1019,4.3,70,0
1970,5,18,13,720,410,328,26.1,18.9,65,1018,4.1,70,0
1970,5,18,14,496,255,279,25.4,18.6,66,1018,4.1,70,0
1970,5,18,15,337,125,249,24.6,18.3,68,1018,4.1,80,0
1970,5,18,16,211,53,185,23.9,17.8,69,1017,4.1,80,0
1970,5,18,17,145,98,117,23.7,17.7,69,1018,3.8,70,0
1970,5,18,18,27,21,24,23.5,17.5,69,1019,3.4,60,0
1970,5,18,19,0,0,0,23.3,17.2,69,1019,3.1,50,0
1970,5,18,20,0,0,0,23.1,17.6,71,1020,2.6,60,0
1970,5,18,21,0,0,0,23,17.7,72,1020,2,60,0
1970,5,18,22,0,0,0,22.8,17.8,74,1020,1.5,70,0
1970,5,18,23,0,0,0,22.4,18,76,1020,1.9,130,0
1970,5,19,0,0,0,0,22.1,17.9,77,1020,2.2,180,0
1970,5,19,1,0,0,0,21.7,17.8,79,1019,2.6,240,0
1970,5,19,2,0,0,0,21.3,18.1,82,1019,2.6,230,0
1970,5,19,3,0,0,0,21,18.2,84,1019,2.6,210,0
1970,5,19,4,0,0,0,20.6,18.3,87,1019,2.6,200,0
1970,5,19,5,8,5,7,21.7,18.1,80,1019,2.6,140,0
1970,5,19,6,71,50,62,22.8,17.7,73,1020,2.6,90,0
1970,5,19,7,199,103,159,23.9,17.2,66,1020,2.6,30,0
1970,5,19,8,466,487,173,24.8,17.6,64,1020,3.5,40,0
1970,5,19,9,641,631,151,25.8,18,62,1020,4.3,50,0
1970,5,19,10,808,724,152,26.7,18.3,60,1020,5.2,60,0
1970,5,19,11,807,605,214,26.5,17.9,59,1020,4.8,60,0
1970,5,19,12,752,500,253,26.3,17.7,59,1019,4.5,50,0
1970,5,19,13,733,532,225,26.1,17.2,58,1019,4.1,50,0
1970,5,19,14,610,351,310,25.7,17.1,59,1018,4.3,50,0
1970,5,19,15,671,739,152,25.4,17.4,61,1018,4.4,60,0
1970,5,19,16,364,429,145,25,17.2,62,1018,4.6,60,0
1970,5,19,17,161,220,96,23.5,17.3,68,1019,3.1,90,0
1970,5,19,18,42,101,30,22.1,17.5,75,1019,1.5,120,0
1970,5,19,19,0,0,0,20.6,17.2,81,1020,0,0,0
1970,5,19,20,0,0,0,20.6,17.8,84,1020,1.7,170,0
1970,5,19,21,0,0,0,20.6,18.4,87,1020,3.5,200,0
1970,5,19,22,0,0,0,20.6,18.9,90,1021,5.2,230,0
1970,5,19,23,0,0,0,20.2,18.5,90,1020,4.5,230,0
1970,5,20,0,0,0,0,19.8,18.1,90,1019,3.8,230,0
1970,5,20,1,0,0,0,19.4,17.8,90,1019,3.1,230,0
1970,5,20,2,0,0,0,19.4,17.9,91,1019,3.3,230,0
1970,5,20,3,0,0,0,19.4,18.1,92,1019,3.4,240,0
1970,5,20,4,0,0,0,19.4,18.3,93,1019,3.6,240,0
1970,5,20,5,3,0,3,19.8,18.7,93,1019,3.4,210,0
1970,5,20,6,54,8,52,20.2,19,93,1020,3.3,190,0
1970,5,20,7,101,8,98,20.6,19.4,93,1020,3.1,160,0
1970,5,20,8,223,9,217,21.5,19.6,89,1020,2.1,190,0
1970,5,20,9,277,2,275,22.4,20,86,1020,1,210,0
1970,5,20,10,398,1,397,23.3,20,82,1020,0,0,0
1970,5,20,11,457,4,453,23.7,19.7,78,1019,0.5,260,0
1970,5,20,12,478,121,357,24,19.3,75,1019,1,290,0
1970,5,20,13,600,112,494,24.4,18.9,71,1018,1.5,310,0
1970,5,20,14,486,126,378,24.4,18.4,69,1018,2.2,350,0
1970,5,20,15,409,204,266,24.4,17.7,66,1017,2.9,20,0
1970,5,20,16,331,333,160,24.4,17.2,64,1017,3.6,60,0
1970,5,20,17,144,158,98,23.3,17.5,70,1017,3.1,10,0
1970,5,20,18,35,24,32,22.2,17.6,75,1018,2.6,310,0
1970,5,20,19,0,0,0,21.1,17.8,81,1018,2.1,260,0
1970,5,20,20,0,0,0,20.4,17.6,84,1018,2.3,240,0
1970,5,20,21,0,0,0,19.6,17.4,87,1019,2.4,230,0
1970,5,20,22,0,0,0,18.9,17.2,90,1019,2.6,210,0
1970,5,20,23,0,0,0,19.1,17.4,90,1019,2.8,210,0
1970,5,21,0,0,0,0,19.2,17.5,90,1018,2.9,210,0
1970,5,21,1,0,0,0,19.4,17.8,90,1018,3.1,210,0
1970,5,21,2,0,0,0,19.2,17.7,91,1018,2.8,210,0
1970,5,21,3,0,0,0,19.1,17.8,92,1018,2.4,220,0
1970,5,21,4,0,0,0,18.9,17.8,93,1018,2.1,220,0
1970,5,21,5,7,3,6,19.5,18.4,93,1018,2.8,230,0
1970,5,21,6,65,28,60,20,18.9,93,1018,3.4,230,0
1970,5,21,7,232,117,186,20.6,19.4,93,1019,4.1,240,0
1970,5,21,8,343,237,201,22.3,19.5,84,1018,3.9,280,0
1970,5,21,9,356,100,279,23.9,19.4,76,1018,3.8,310,0
1970,5,21,10,536,257,304,25.6,18.9,67,1018,3.6,350,0
1970,5,21,11,948,698,264,26,19.2,66,1018,3.6,10,0
1970,5,21,12,845,620,227,26.3,19.5,66,1017,3.6,40,0
1970,5,21,13,830,653,207,26.7,19.4,65,1017,3.6,60,0
1970,5,21,14,498,268,269,26.3,19.5,66,1016,4.1,60,0
1970,5,21,15,450,204,307,26,19.7,68,1016,4.7,70,0
1970,5,21,16,409,494,156,25.6,19.4,69,1016,5.2,70,0
1970,5,21,17,150,236,81,24.7,19.6,73,1017,4.3,60,0
1970,5,21,18,31,25,28,23.7,19.7,78,1017,3.5,50,0
1970,5,21,19,0,0,0,22.8,19.4,82,1018,2.6,40,0
1970,5,21,20,0,0,0,22.1,19.5,85,1018,2.2,40,0
1970,5,21,21,0,0,0,21.3,19.1,87,1019,1.9,30,0
1970,5,21,22,0,0,0,20.6,18.9,90,1019,1.5,30,0
1970,5,21,23,0,0,0,20.4,18.5,89,1018,1.9,340,0
1970,5,22,0,0,0,0,20.2,18.2,88,1018,2.2,280,0
1970,5,22,1,0,0,0,20,17.8,87,1017,2.6,230,0
1970,5,22,2,0,0,0,19.6,17.6,88,1017,2.6,230,0
1970,5,22,3,0,0,0,19.3,17.5,89,1016,2.6,220,0
1970,5,22,4,0,0,0,18.9,17.2,90,1016,2.6,220,0
1970,5,22,5,8,0,8,20,17.8,87,1016,1.7,210,0
1970,5,22,6,84,26,79,21.1,18.5,85,1017,0.9,190,0
1970,5,22,7,170,73,140,22.2,18.9,82,1017,0,0,0
1970,5,22,8,297,92,242,22.6,19.6,83,1018,1.2,160,0
1970,5,22,9,324,7,319,22.9,19.9,83,1018,2.4,150,0
1970,5,22,10,179,7,173,23.3,20.6,84,1018,3.6,130,0
1970,5,22,11,389,7,382,24.1,20.2,79,1017,4.1,120,0
1970,5,22,12,530,13,517,24.8,19.9,74,1017,4.7,120,0
1970,5,22,13,403,3,399,25.6,19.4,69,1016,5.2,110,0
1970,5,22,14,348,4,345,24.8,19.6,73,1016,4,70,0
1970,5,22,15,313,6,309,24.1,20,78,1016,2.7,20,0
1970,5,22,16,132,0,132,23.3,20,82,1016,1.5,340,0
1970,5,22,17,139,2,139,22.6,20.2,86,1016,2.2,290,0
1970,5,22,18,41,0,40,21.8,19.9,89,1016,2.9,250,0
1970,5,22,19,0,0,0,21.1,20,93,1017,3.6,200,0
1970,5,22,20,0,0,0,20.9,19.7,93,1017,3.8,210,0
1970,5,22,21,0,0,0,20.8,19.6,93,1017,3.9,220,0
1970,5,22,22,0,0,0,20.6,19.4,93,1017,4.1,230,0
1970,5,22,23,0,0,0,20.6,19.3,92,1017,3.8,230,0
1970,5,23,0,0,0,0,20.6,19.1,91,1016,3.4,230,0
1970,5,23,1,0,0,0,20.6,18.9,90,1016,3.1,230,0
1970,5,23,2,0,0,0,20.6,18.9,90,1015,2.9,220,0
1970,5,23,3,0,0,0,20.6,18.9,90,1015,2.8,200,0
1970,5,23,4,0,0,0,20.6,18.9,90,1015,2.6,190,0
1970,5,23,5,10,0,10,20.8,19.3,91,1015,2.8,170,0
1970,5,23,6,73,0,73,20.9,19.6,92,1016,2.9,150,0
1970,5,23,7,189,1,188,21.1,20,93,1016,3.1,130,0
1970,5,23,8,307,2,306,22.2,20.1,88,1016,2.9,80,0
1970,5,23,9,368,2,367,23.3,20.5,84,1016,2.8,40,0
1970,5,23,10,423,0,423,24.4,20.6,79,1016,2.6,350,0
1970,5,23,11,452,0,452,24.8,20.3,76,1016,2.2,300,0
1970,5,23,12,599,120,479,25.2,20.3,74,1015,1.9,250,0
1970,5,23,13,486,97,393,25.6,20,71,1015,1.5,200,0
1970,5,23,14,413,127,305,25.4,19.8,71,1015,1.5,190,0
1970,5,23,15,280,36,255,25.2,19.6,71,1014,1.5,190,0
1970,5,23,16,194,20,183,25,19.4,71,1014,1.5,180,0
1970,5,23,17,126,1,126,24.3,19.8,76,1015,1,190,0
1970,5,23,18,25,4,24,23.5,20.3,82,1015,0.5,210,0
1970,5,23,19,0,0,0,22.8,20.6,87,1016,0,0,0
1970,5,23,20,0,0,0,22.4,20.3,88,1016,0.7,230,0
1970,5,23,21,0,0,0,22.1,20.2,89,1016,1.4,250,0
1970,5,23,22,0,0,0,21.7,20,90,1017,2.1,260,0
1970,5,23,23,0,0,0,21.3,20,92,1016,2.4,260,0
1970,5,24,0,0,0,0,21,20.2,95,1016,2.8,270,0
1970,5,24,1,0,0,0,20.6,20,97,1015,3.1,270,0
1970,5,24,2,0,0,0,19.7,19.1,96,1015,2.1,280,0
1970,5,24,3,0,0,0,18.7,17.7,94,1015,1,290,0
1970,5,24,4,0,0,0,17.8,16.7,93,1015,0,0,0
1970,5,24,5,13,25,9,20,18,88,1016,1.4,320,0
1970,5,24,6,96,305,43,22.2,19.4,84,1016,2.7,330,0
1970,5,24,7,299,555,79,24.4,20.6,79,1017,4.1,340,0
1970,5,24,8,511,647,121,25,20.7,77,1017,4.1,360,0
1970,5,24,9,684,686,151,25.5,21,76,1016,4.1,10,0
1970,5,24,10,748,637,171,26.1,21.1,74,1016,4.1,30,0
1970,5,24,11,940,820,136,26.3,21.1,73,1016,4.5,10,0
1970,5,24,12,980,812,169,26.5,21.3,73,1016,4.8,360,0
1970,5,24,13,928,787,177,26.7,21.1,72,1016,5.2,340,0
1970,5,24,14,814,781,147,26.3,20.9,72,1015,4.5,0,0
1970,5,24,15,637,706,139,26,20.3,71,1015,3.8,30,0
1970,5,24,16,265,175,175,25.6,20,71,1015,3.1,50,0
1970,5,24,17,153,212,89,24.8,20.1,75,1016,2.8,10,0
1970,5,24,18,37,85,27,24.1,20,78,1016,2.4,330,0
1970,5,24,19,0,0,0,23.3,20,82,1017,2.1,290,0
1970,5,24,20,0,0,0,22.6,20.3,87,1017,2.6,240,0
1970,5,24,21,0,0,0,21.8,20.5,92,1018,3.1,180,0
1970,5,24,22,0,0,0,21.1,20.6,97,1018,3.6,130,0
1970,5,24,23,0,0,0,20.5,19.9,96,1018,4.1,160,0
1970,5,25,0,0,0,0,20,19,94,1017,4.7,190,0
1970,5,25,1,0,0,0,19.4,18.3,93,1017,5.2,220,0
1970,5,25,2,0,0,0,19.4,18.1,92,1017,4,190,0
1970,5,25,3,0,0,0,19.4,17.9,91,1017,2.7,150,0
1970,5,25,4,0,0,0,19.4,17.8,90,1017,1.5,120,0
1970,5,25,5,6,5,6,20.5,18.1,86,1017,1.5,60,0
1970,5,25,6,52,9,51,21.7,18.7,83,1018,1.5,10,0
1970,5,25,7,136,46,117,22.8,18.9,79,1018,1.5,310,0
1970,5,25,8,346,299,166,24.1,19.4,75,1018,2,330,0
1970,5,25,9,613,556,181,25.4,19.8,71,1018,2.6,340,0
1970,5,25,10,882,870,94,26.7,20,67,1018,3.1,360,0
1970,5,25,11,928,806,137,26.7,20.3,68,1017,3.6,360,0
1970,5,25,12,881,715,166,26.7,20.3,68,1017,4.1,360,0
1970,5,25,13,933,824,146,26.7,20.6,69,1017,4.6,0,0
1970,5,25,14,828,826,121,26.3,20.4,70,1016,4.1,20,0
1970,5,25,15,658,772,114,26,20.1,70,1016,3.6,50,0
1970,5,25,16,359,408,149,25.6,20,71,1016,3.1,70,0
1970,5,25,17,179,340,77,24.7,20.2,76,1016,2.8,120,0
1970,5,25,18,48,123,34,23.7,20.5,82,1017,2.4,170,0
1970,5,25,19,0,0,0,22.8,20.6,87,1017,2.1,220,0
1970,5,25,20,0,0,0,22.4,20.3,88,1018,2.1,220,0
1970,5,25,21,0,0,0,22.1,20.2,89,1018,2.1,210,0
1970,5,25,22,0,0,0,21.7,20,90,1018,2.1,210,0
1970,5,25,23,0,0,0,21.3,19.8,91,1018,2.6,230,0
1970,5,26,0,0,0,0,21,19.7,92,1017,3.1,250,0
1970,5,26,1,0,0,0,20.6,19.4,93,1017,3.6,270,0
1970,5,26,2,0,0,0,20.2,19,93,1017,3.8,260,0
1970,5,26,3,0,0,0,19.8,18.7,93,1017,3.9,240,0
1970,5,26,4,0,0,0,19.4,18.3,93,1017,4.1,230,0
1970,5,26,5,3,1,3,19.8,18.7,93,1018,5,210,0
1970,5,26,6,62,2,62,20.2,19,93,1019,5.8,200,0
1970,5,26,7,88,9,84,20.6,19.4,93,1020,6.7,180,0
1970,5,26,8,207,8,202,20.8,19.6,93,1019,6,210,0
1970,5,26,9,319,1,318,20.9,19.7,93,1019,5.3,230,0
1970,5,26,10,223,4,219,21.1,20,93,1019,4.6,260,0
1970,5,26,11,431,6,425,21.7,20.5,93,1018,4.1,250,0
1970,5,26,12,482,4,478,22.2,21,93,1018,3.6,250,0
1970,5,26,13,421,1,420,22.8,21.7,93,1018,3.1,240,0
1970,5,26,14,504,277,267,23.5,21,86,1017,3.3,290,0
1970,5,26,15,521,292,314,24.3,20.2,78,1017,3.4,350,0
1970,5,26,16,430,616,111,25,19.4,71,1017,3.6,40,0
1970,5,26,17,215,453,79,23.7,19.2,76,1017,3.3,340,0
1970,5,26,18,45,92,34,22.4,19.2,82,1018,2.9,290,0
1970,5,26,19,0,0,0,21.1,18.9,87,1018,2.6,230,0
1970,5,26,20,0,0,0,20.7,18.8,89,1018,2.8,220,0
1970,5,26,21,0,0,0,20.4,18.9,91,1019,2.9,210,0
1970,5,26,22,0,0,0,20,18.9,93,1019,3.1,200,0
1970,5,26,23,0,0,0,19.8,18.8,94,1019,2.6,220,0
1970,5,27,0,0,0,0,19.6,19,96,1018,2,240,0
1970,5,27,1,0,0,0,19.4,18.9,97,1018,1.5,260,0
1970,5,27,2,0,0,0,19.6,19.1,97,1018,1,240,0
1970,5,27,3,0,0,0,19.8,19.3,97,1017,0.5,220,0
1970,5,27,4,0,0,0,20,19.4,97,1017,0,0,0
1970,5,27,5,6,1,6,20,19.5,97,1018,0.7,190,0
1970,5,27,6,55,8,54,20,19.5,97,1018,1.4,170,0
1970,5,27,7,99,5,97,20,19.4,97,1018,2.1,150,0
1970,5,27,8,248,6,244,20.6,19.6,94,1018,2.6,140,0
1970,5,27,9,391,2,390,21.1,19.4,90,1018,3.1,130,0
1970,5,27,10,230,7,224,21.7,19.4,87,1018,3.6,120,0
1970,5,27,11,444,1,442,22.8,19.8,83,1017,3.9,80,0
1970,5,27,12,554,201,353,23.9,20.3,80,1017,4.3,30,0
1970,5,27,13,544,205,348,25,20.6,76,1016,4.6,350,0
1970,5,27,14,427,79,360,24.6,20.3,77,1016,4.1,30,0
1970,5,27,15,322,39,294,24.3,20.2,78,1015,3.6,60,0
1970,5,27,16,275,91,228,23.9,20,79,1015,3.1,100,0
1970,5,27,17,110,13,107,23.7,19.7,78,1016,3.1,90,0
1970,5,27,18,34,5,33,23.5,19.3,77,1016,3.1,70,0
1970,5,27,19,0,0,0,23.3,18.9,76,1017,3.1,60,0
1970,5,27,20,0,0,0,22.4,19,81,1017,2.9,110,0
1970,5,27,21,0,0,0,21.5,18.9,85,1017,2.8,170,0
1970,5,27,22,0,0,0,20.6,18.9,90,1018,2.6,220,0
1970,5,27,23,0,0,0,20.4,18.7,90,1017,2.6,220,0
1970,5,28,0,0,0,0,20.2,18.5,90,1016,2.6,220,0
1970,5,28,1,0,0,0,20,18.3,90,1016,2.6,220,0
1970,5,28,2,0,0,0,19.8,18.1,90,1016,2.6,230,0
1970,5,28,3,0,0,0,19.6,17.9,90,1016,2.6,230,0
1970,5,28,4,0,0,0,19.4,17.8,90,1016,2.6,240,0
1970,5,28,5,11,19,9,21.3,18.5,84,1016,2.4,270,0
1970,5,28,6,98,157,71,23.1,18.9,77,1016,2.3,300,0
1970,5,28,7,293,551,74,25,19.4,71,1017,2.1,330,0
1970,5,28,8,463,529,144,25,19.8,73,1017,2.8,350,0
1970,5,28,9,548,357,271,25,20.1,74,1016,3.4,0,0
1970,5,28,10,393,3,391,25,20.6,76,1016,4.1,20,0
1970,5,28,11,566,242,329,25.4,20.7,75,1016,4.1,40,0
1970,5,28,12,961,879,84,25.7,20.5,73,1015,4.1,50,0
1970,5,28,13,851,734,149,26.1,20.6,72,1015,4.1,70,0
1970,5,28,14,688,556,213,26.1,20.4,71,1015,4.6,100,0
1970,5,28,15,523,397,242,26.1,20.2,70,1015,5.2,120,0
1970,5,28,16,312,242,186,26.1,20,69,1015,5.7,150,0
1970,5,28,17,140,43,127,24.3,20,77,1015,5,180,0
1970,5,28,18,40,11,38,22.4,19.8,85,1016,4.3,220,0
1970,5,28,19,0,0,0,20.6,19.4,93,1016,3.6,250,0
1970,5,28,20,0,0,0,20.8,19.5,92,1016,3.1,240,0
1970,5,28,21,0,0,0,20.9,19.4,91,1016,2.6,240,0
1970,5,28,22,0,0,0,21.1,19.4,90,1017,2.1,230,0
1970,5,28,23,0,0,0,21.1,19.4,90,1016,2.4,220,0
1970,5,29,0,0,0,0,21.1,19.4,90,1016,2.8,220,0
1970,5,29,1,0,0,0,21.1,19.4,90,1015,3.1,210,0
1970,5,29,2,0,0,0,20.9,19.4,91,1015,3.3,210,0
1970,5,29,3,0,0,0,20.8,19.5,92,1015,3.4,200,0
1970,5,29,4,0,0,0,20.6,19.4,93,1015,3.6,200,0
1970,5,29,5,10,22,7,21.9,19.8,88,1016,3.3,220,0
1970,5,29,6,103,226,63,23.1,20.3,84,1016,2.9,230,0
1970,5,29,7,224,268,118,24.4,20.6,79,1017,2.6,250,0
1970,5,29,8,434,463,155,25.7,20.3,72,1017,3.1,200,0
1970,5,29,9,611,592,152,27,20.1,66,1016,3.6,140,0
1970,5,29,10,699,435,306,28.3,19.4,59,1016,4.1,90,0
1970,5,29,11,513,218,299,28.1,19.4,59,1016,5.3,100,0
1970,5,29,12,788,506,283,28,19,58,1015,6.5,110,0
1970,5,29,13,792,526,289,27.8,18.9,58,1015,7.7,120,0
1970,5,29,14,573,387,241,27.1,19.2,62,1015,6.9,110,0
1970,5,29,15,451,272,258,26.3,19.2,65,1015,6,110,0
1970,5,29,16,165,47,141,25.6,19.4,69,1015,5.2,100,0
1970,5,29,17,139,107,107,25,19.4,71,1015,4.3,150,0
1970,5,29,18,32,1,32,24.5,19.6,74,1016,3.5,190,0
1970,5,29,19,0,0,0,23.9,19.4,76,1016,2.6,240,0
1970,5,29,20,0,0,0,23.3,19.1,77,1016,2.8,230,0
1970,5,29,21,0,0,0,22.8,18.8,78,1017,2.9,230,0
1970,5,29,22,0,0,0,22.2,18.3,79,1017,3.1,220,0
1970,5,29,23,0,0,0,21.7,18.7,83,1017,2.1,220,0
1970,5,30,0,0,0,0,21.1,18.7,86,1016,1,220,0
1970,5,30,1,0,0,0,20.6,18.9,90,1016,0,0,0
1970,5,30,2,0,0,0,20.4,18.9,91,1016,1,220,0
1970,5,30,3,0,0,0,20.2,18.9,92,1016,2.1,220,0
1970,5,30,4,0,0,0,20,18.9,93,1016,3.1,220,0
1970,5,30,5,7,4,7,21.7,19.5,87,1016,2.9,230,0
1970,5,30,6,83,69,71,23.3,19.7,80,1017,2.8,250,0
1970,5,30,7,232,267,126,25,20,74,1017,2.6,260,0
1970,5,30,8,391,263,233,25.6,20.2,72,1017,3.8,320,0
1970,5,30,9,534,430,200,26.1,20.4,71,1017,5,10,0
1970,5,30,10,440,101,349,26.7,20.6,69,1017,6.2,70,0
1970,5,30,11,641,267,380,27.2,20.6,67,1017,6,80,0
1970,5,30,12,660,282,379,27.8,20.6,65,1016,5.9,100,0
1970,5,30,13,688,394,311,28.3,20.6,63,1016,5.7,110,0
1970,5,30,14,568,295,315,27.4,20.3,65,1016,5.3,100,0
1970,5,30,15,573,403,287,26.5,19.9,67,1015,5,90,0
1970,5,30,16,258,100,206,25.6,19.4,69,1015,4.6,80,0
1970,5,30,17,160,55,143,25,19.4,71,1016,3.8,90,0
1970,5,30,18,41,35,37,24.5,19.1,72,1016,2.9,110,0
1970,5,30,19,0,0,0,23.9,18.9,74,1017,2.1,120,0
1970,5,30,20,0,0,0,22.8,19.2,80,1017,1.9,150,0
1970,5,30,21,0,0,0,21.7,19.5,87,1017,1.7,190,0
1970,5,30,22,0,0,0,20.6,19.4,93,1018,1.5,220,0
1970,5,30,23,0,0,0,20.6,19.4,93,1017,1.9,220,0
1970,5,31,0,0,0,0,20.6,19.4,93,1017,2.2,230,0
1970,5,31,1,0,0,0,20.6,19.4,93,1016,2.6,230,0
1970,5,31,2,0,0,0,20.8,19.6,93,1016,2.6,230,0
1970,5,31,3,0,0,0,20.9,19.7,93,1016,2.6,240,0
1970,5,31,4,0,0,0,21.1,20,93,1016,2.6,240,0
1970,5,31,5,8,13,7,22.6,20.2,86,1016,3.1,190,0
1970,5,31,6,81,81,67,24.1,20,78,1017,3.6,130,0
1970,5,31,7,265,370,118,25.6,20,71,1017,4.1,80,0
1970,5,31,8,427,438,163,26,19.4,67,1017,3.9,70,0
1970,5,31,9,399,186,255,26.3,18.5,62,1017,3.8,50,0
1970,5,31,10,490,223,289,26.7,17.8,58,1017,3.6,40,0
1970,5,31,11,560,170,393,26.7,17.8,58,1017,4.3,40,0
1970,5,31,12,843,567,277,26.7,17.8,58,1016,5,40,0
1970,5,31,13,787,555,257,26.7,17.8,58,1016,5.7,40,0
1970,5,31,14,864,876,113,26.5,17.6,58,1015,5.2,30,0
1970,5,31,15,582,610,150,26.3,17.4,58,1015,4.6,10,0
1970,5,31,16,446,726,68,26.1,17.2,58,1015,4.1,0,0
1970,5,31,17,236,583,57,25,17.2,62,1015,3.9,0,0
1970,5,31,18,55,188,33,23.5,17.4,68,1015,3.6,36,0
1970,5,31,19,0,0,0,22.2,17.3,73,1016,3.3,63,0
1970,5,31,20,0,0,0,21.6,17.4,77,1016,3,278,0
1970,5,31,21,0,0,0,21.2,17.6,79,1016,2.7,249,0
1970,5,31,22,0,0,0,20.9,17.6,81,1016,2.6,222,0
1970,5,31,23,0,0,0,20.8,17.5,81,1016,2.6,217,0
1974,6,1,0,0,0,0,20.9,17.4,80,1015,2.6,173,0
1974,6,1,1,0,0,0,20.8,17.4,80,1015,2.6,168,0
1974,6,1,2,0,0,0,20.7,17.3,80,1015,2.7,171,0
1974,6,1,3,0,0,0,20.7,17.3,80,1015,2.8,186,0
1974,6,1,4,0,0,0,20.7,17.3,80,1015,3,213,0
1974,6,1,5,17,49,11,22.2,18.1,77,1015,2.9,199,0
1974,6,1,6,98,332,40,24.3,19.2,73,1016,2.8,170,0
1974,6,1,7,324,654,64,26.1,20,69,1016,2.6,150,0
1974,6,1,8,484,683,72,27,19.6,64,1016,3.6,130,0
1974,6,1,9,688,832,42,28,19.5,60,1016,4.7,100,0
1974,6,1,10,865,913,38,28.9,18.9,55,1016,5.7,80,0
1974,6,1,11,911,878,50,28.9,19.5,57,1016,6.2,90,0
1974,6,1,12,949,866,84,28.9,20.1,59,1015,6.7,100,0
1974,6,1,13,922,849,110,28.9,20.6,61,1015,7.2,110,0
1974,6,1,14,777,696,179,28.2,20.5,63,1015,6.3,110,0
1974,6,1,15,435,393,156,27.4,20.3,65,1015,5.5,110,0
1974,6,1,16,312,121,249,26.7,20,67,1015,4.6,110,0
1974,6,1,17,156,50,141,25.9,19.8,69,1016,3.8,120,0
1974,6,1,18,28,21,25,25.2,19.8,72,1017,2.9,140,0
1974,6,1,19,0,0,0,24.4,19.4,74,1018,2.1,150,0
1974,6,1,20,0,0,0,23.7,19.4,77,1018,2.8,160,0
1974,6,1,21,0,0,0,22.9,19.5,81,1018,3.4,160,0
1974,6,1,22,0,0,0,22.2,19.4,84,1019,4.1,170,0
1974,6,1,23,0,0,0,22,19.4,85,1018,3.6,180,0
1974,6,2,0,0,0,0,21.9,19.5,86,1017,3.1,200,0
1974,6,2,1,0,0,0,21.7,19.4,87,1016,2.6,210,0
1974,6,2,2,0,0,0,21.7,19.5,87,1016,2.4,210,0
1974,6,2,3,0,0,0,21.7,19.5,87,1016,2.3,220,0
1974,6,2,4,0,0,0,21.7,19.4,87,1016,2.1,220,0
1974,6,2,5,12,23,9,23.4,19.8,80,1017,2.4,210,0
1974,6,2,6,116,427,42,25,19.6,72,1017,2.8,210,0
1974,6,2,7,276,568,50,26.7,19.4,65,1017,3.1,200,0
1974,6,2,8,475,602,112,27.2,19.8,64,1017,3.4,160,0
1974,6,2,9,553,520,149,27.8,19.9,62,1018,3.8,110,0
1974,6,2,10,837,766,144,28.3,20,61,1018,4.1,70,0
1974,6,2,11,907,784,139,27.8,19.9,62,1017,5,70,0
1974,6,2,12,1048,958,92,27.2,19.8,64,1017,5.8,60,0
1974,6,2,13,863,745,150,26.7,19.4,65,1017,6.7,60,0
1974,6,2,14,735,638,188,26.5,19.4,65,1017,6.2,60,0
1974,6,2,15,641,737,117,26.3,19.2,65,1017,5.7,60,0
1974,6,2,16,422,569,125,26.1,18.9,65,1017,5.2,60,0
1974,6,2,17,169,189,111,25,18.5,67,1017,4,70,0
1974,6,2,18,42,59,35,23.9,17.9,69,1018,2.7,70,0
1974,6,2,19,0,0,0,22.8,17.2,71,1018,1.5,80,0
1974,6,2,20,0,0,0,22.4,17.8,75,1018,1.9,120,0
1974,6,2,21,0,0,0,22.1,18.5,80,1019,2.2,160,0
1974,6,2,22,0,0,0,21.7,18.9,84,1019,2.6,200,0
1974,6,2,23,0,0,0,21.1,17.7,81,1018,2.8,210,0
1974,6,3,0,0,0,0,20.6,16.9,79,1017,2.9,220,0
1974,6,3,1,0,0,0,20,15.6,76,1017,3.1,230,0
1974,6,3,2,0,0,0,19.6,15.9,79,1017,2.9,220,0
1974,6,3,3,0,0,0,19.3,16,81,1016,2.8,220,0
1974,6,3,4,0,0,0,18.9,16.1,84,1016,2.6,210,0
1974,6,3,5,15,46,9,21.1,17.3,79,1017,2.2,240,0
1974,6,3,6,110,490,24,23.4,18.5,74,1017,1.9,270,0
1974,6,3,7,355,813,32,25.6,19.4,69,1018,1.5,300,0
1974,6,3,8,515,753,61,26.3,19.7,67,1018,2.2,330,0
1974,6,3,9,713,819,78,27.1,20,65,1018,2.9,350,0
1974,6,3,10,850,775,150,27.8,20,63,1018,3.6,20,0
1974,6,3,11,889,723,180,27.8,20.4,64,1017,3.8,40,0
1974,6,3,12,935,808,128,27.8,20.4,64,1017,3.9,60,0
1974,6,3,13,913,803,144,27.8,20.6,65,1016,4.1,80,0
1974,6,3,14,670,600,156,26.9,20.3,67,1016,3.9,80,0
1974,6,3,15,475,414,181,25.9,19.8,69,1016,3.8,70,0
1974,6,3,16,227,27,213,25,19.4,71,1016,3.6,70,0
1974,6,3,17,114,22,107,24.3,19.6,75,1016,3.3,120,0
1974,6,3,18,50,53,44,23.5,19.5,78,1017,2.9,180,0
1974,6,3,19,0,0,0,22.8,19.4,82,1017,2.6,230,0
1974,6,3,20,0,0,0,22.2,19.6,85,1018,2.2,220,0
1974,6,3,21,0,0,0,21.7,19.5,87,1018,1.9,200,0
1974,6,3,22,0,0,0,21.1,19.4,90,1018,1.5,190,0
1974,6,3,23,0,0,0,20.9,19.4,91,1018,2,210,0
1974,6,4,0,0,0,0,20.8,19.5,92,1017,2.6,220,0
1974,6,4,1,0,0,0,20.6,19.4,93,1017,3.1,240,0
1974,6,4,2,0,0,0,20.4,19.2,93,1017,2.9,230,0
1974,6,4,3,0,0,0,20.2,19,93,1017,2.8,230,0
1974,6,4,4,0,0,0,20,18.9,93,1017,2.6,220,0
1974,6,4,5,7,1,7,20.4,19.2,93,1017,2.9,230,0
1974,6,4,6,84,7,82,20.7,19.5,93,1017,3.3,250,0
1974,6,4,7,103,11,98,21.1,20,93,1018,3.6,260,0
1974,6,4,8,271,11,264,22.4,20.1,87,1018,2.4,230,0
1974,6,4,9,383,157,262,23.7,20.1,80,1018,1.2,200,0
1974,6,4,10,732,466,311,25,20,74,1018,0,0,0
1974,6,4,11,936,636,312,25.7,20.1,71,1017,0.7,150,0
1974,6,4,12,1018,816,203,26.5,20.1,68,1017,1.4,120,0
1974,6,4,13,836,629,234,27.2,20,65,1016,2.1,90,0
1974,6,4,14,710,571,220,26.8,19.9,66,1016,2.9,90,0
1974,6,4,15,707,780,152,26.5,19.6,66,1016,3.8,90,0
1974,6,4,16,439,563,143,26.1,19.4,67,1016,4.6,90,0
1974,6,4,17,179,182,123,25,19.6,72,1016,4.1,120,0
1974,6,4,18,42,129,27,23.9,19.6,77,1017,3.6,150,0
1974,6,4,19,0,0,0,22.8,19.4,82,1017,3.1,180,0
1974,6,4,20,0,0,0,22.1,19.7,86,1017,3.1,200,0
1974,6,4,21,0,0,0,21.3,19.4,89,1018,3.1,220,0
1974,6,4,22,0,0,0,20.6,19.4,93,1018,3.1,240,0
1974,6,4,23,0,0,0,20.6,19.4,93,1018,3.6,240,0
1974,6,5,0,0,0,0,20.6,19.4,93,1017,4.1,240,0
1974,6,5,1,0,0,0,20.6,19.4,93,1016,4.6,240,0
1974,6,5,2,0,0,0,20.6,19.4,93,1016,3.8,240,0
1974,6,5,3,0,0,0,20.6,19.4,93,1016,2.9,240,0
1974,6,5,4,0,0,0,20.6,19.4,93,1016,2.1,240,0
1974,6,5,5,8,0,8,20.8,19.6,93,1017,2.6,230,0
1974,6,5,6,52,2,52,20.9,19.7,93,1017,3.1,220,0
1974,6,5,7,86,8,83,21.1,20,93,1018,3.6,210,0
1974,6,5,8,231,4,229,22.6,20.5,88,1018,3.1,220,0
1974,6,5,9,333,5,329,24.1,20.8,82,1018,2.6,220,0
1974,6,5,10,397,8,390,25.6,21.1,77,1017,2.1,230,0
1974,6,5,11,725,369,363,26,21.5,76,1017,3.3,190,0
1974,6,5,12,817,503,315,26.3,21.5,75,1016,4.5,160,0
1974,6,5,13,854,682,201,26.7,21.7,74,1016,5.7,120,0
1974,6,5,14,538,268,308,25.9,21.4,76,1016,5.5,120,0
1974,6,5,15,351,41,321,25.2,20.9,77,1015,5.4,130,0
1974,6,5,16,126,3,125,24.4,20.6,79,1015,5.2,130,0
1974,6,5,17,137,14,132,23.5,20.5,83,1016,4.5,160,0
1974,6,5,18,34,0,33,22.6,20.2,86,1016,3.8,190,0
1974,6,5,19,0,0,0,21.7,20,90,1017,3.1,220,0
1974,6,5,20,0,0,0,21.5,20,91,1017,3.1,230,0
1974,6,5,21,0,0,0,21.3,20,92,1017,3.1,230,0
1974,6,5,22,0,0,0,21.1,20,93,1017,3.1,240,0
1974,6,5,23,0,0,0,20.9,19.6,92,1017,2.1,230,0
1974,6,6,0,0,0,0,20.8,19.3,91,1016,1,220,0
1974,6,6,1,0,0,0,20.6,18.9,90,1016,0,0,0
1974,6,6,2,0,0,0,20.4,18.9,91,1016,0.7,210,0
1974,6,6,3,0,0,0,20.2,18.9,92,1015,1.4,200,0
1974,6,6,4,0,0,0,20,18.9,93,1015,2.1,190,0
1974,6,6,5,11,3,10,21.5,19.6,89,1016,1.4,180,0
1974,6,6,6,75,35,69,22.9,20.4,86,1016,0.7,160,0
1974,6,6,7,213,157,150,24.4,21.1,82,1016,0,0,0
1974,6,6,8,385,302,203,24.8,20.9,79,1016,1.4,130,0
1974,6,6,9,555,256,357,25.2,20.9,77,1017,2.7,120,0
1974,6,6,10,545,176,386,25.6,20.6,74,1017,4.1,100,0
1974,6,6,11,509,152,361,26.9,21,70,1016,4.8,100,0
1974,6,6,12,767,337,430,28.1,20.9,65,1016,5.5,110,0
1974,6,6,13,745,444,321,29.4,21.1,61,1016,6.2,110,0
1974,6,6,14,668,467,266,28.5,20.8,63,1016,6,110,0
1974,6,6,15,346,197,205,27.6,20.4,65,1015,5.9,120,0
1974,6,6,16,356,439,125,26.7,20,67,1015,5.7,120,0
1974,6,6,17,159,119,122,25.6,20.4,73,1016,4.8,140,0
1974,6,6,18,47,37,43,24.4,20.3,78,1016,4,150,0
1974,6,6,19,0,0,0,23.3,20.6,84,1017,3.1,170,0
1974,6,6,20,0,0,0,22.9,20.3,85,1017,3.1,180,0
1974,6,6,21,0,0,0,22.6,20.2,86,1017,3.1,200,0
1974,6,6,22,0,0,0,22.2,20,87,1018,3.1,210,0
1974,6,6,23,0,0,0,22,19.8,87,1017,2.9,210,0
1974,6,7,0,0,0,0,21.9,19.7,87,1017,2.8,210,0
1974,6,7,1,0,0,0,21.7,19.4,87,1017,2.6,210,0
1974,6,7,2,0,0,0,21.5,19.3,87,1017,2.2,160,0
1974,6,7,3,0,0,0,21.3,19.1,87,1016,1.9,110,0
1974,6,7,4,0,0,0,21.1,18.9,87,1016,1.5,60,0
1974,6,7,5,4,3,4,21.8,19.6,87,1017,1.9,120,0
1974,6,7,6,61,46,53,22.6,20.3,87,1017,2.2,170,0
1974,6,7,7,245,240,150,23.3,21.1,87,1018,2.6,230,0
1974,6,7,8,372,225,237,24.1,21,83,1018,3.8,190,0
1974,6,7,9,429,113,342,24.8,20.7,78,1018,5,150,0
1974,6,7,10,476,145,345,25.6,20.6,74,1018,6.2,110,0
1974,6,7,11,456,125,333,25.8,20.4,72,1017,5.5,110,0
1974,6,7,12,297,11,286,25.9,20.3,71,1017,4.8,100,0
1974,6,7,13,297,12,285,26.1,20,69,1017,4.1,100,0
1974,6,7,14,397,10,388,25.9,19.8,69,1017,4.1,100,0
1974,6,7,15,250,15,239,25.8,19.7,69,1016,4.1,110,0
1974,6,7,16,163,5,160,25.6,19.4,69,1016,4.1,110,0
1974,6,7,17,134,26,126,24.3,19.4,74,1016,2.7,130,0
1974,6,7,18,39,62,32,23,19.2,79,1017,1.4,150,0
1974,6,7,19,0,0,0,21.7,18.9,84,1017,0,0,0
1974,6,7,20,0,0,0,21.5,19.1,86,1017,1,190,0
1974,6,7,21,0,0,0,21.3,19.2,88,1018,2.1,210,0
1974,6,7,22,0,0,0,21.1,19.4,90,1018,3.1,230,0
1974,6,7,23,0,0,0,20.9,19.4,91,1017,2.9,180,0
1974,6,8,0,0,0,0,20.8,19.5,92,1017,2.8,120,0
1974,6,8,1,0,0,0,20.6,19.4,93,1016,2.6,70,0
1974,6,8,2,0,0,0,20.6,19.4,93,1016,2.4,130,0
1974,6,8,3,0,0,0,20.6,19.4,93,1016,2.3,190,0
1974,6,8,4,0,0,0,20.6,19.4,93,1016,2.1,250,0
1974,6,8,5,8,0,8,22.1,20,88,1016,1.9,260,0
1974,6,8,6,72,47,64,23.5,20.7,84,1017,1.7,280,0
1974,6,8,7,197,220,109,25,21.1,79,1017,1.5,290,0
1974,6,8,8,289,148,200,24.4,20.5,79,1017,1.9,300,0
1974,6,8,9,498,341,234,23.9,20.1,79,1017,2.2,320,0
1974,6,8,10,381,211,191,23.3,19.4,79,1017,2.6,330,0
1974,6,8,11,503,137,369,24.2,19.9,77,1017,2.4,340,0
1974,6,8,12,647,376,272,25.2,20.3,74,1016,2.3,360,0
1974,6,8,13,469,123,352,26.1,20.6,72,1016,2.1,10,0
1974,6,8,14,525,296,270,25.9,20.5,72,1016,2.6,10,0
1974,6,8,15,326,139,227,25.8,20.2,71,1015,3.1,0,0
1974,6,8,16,192,25,179,25.6,20,71,1015,3.6,0,0
1974,6,8,17,109,26,101,25,19.6,72,1015,3.3,0,0
1974,6,8,18,55,102,44,24.5,19.4,73,1016,2.9,10,0
1974,6,8,19,0,0,0,23.9,18.9,74,1016,2.6,10,0
1974,6,8,20,0,0,0,23.3,19.1,77,1016,2.4,330,0
1974,6,8,21,0,0,0,22.8,19,79,1017,2.3,280,0
1974,6,8,22,0,0,0,22.2,18.9,82,1017,2.1,240,0
1974,6,8,23,0,0,0,22,19.2,84,1016,1.9,230,0
1974,6,9,0,0,0,0,21.9,19.3,85,1016,1.7,220,0
1974,6,9,1,0,0,0,21.7,19.4,87,1015,1.5,210,0
1974,6,9,2,0,0,0,21.3,19.2,88,1015,1.9,240,0
1974,6,9,3,0,0,0,21,19.1,89,1015,2.2,260,0
1974,6,9,4,0,0,0,20.6,18.9,90,1015,2.6,290,0
1974,6,9,5,7,7,6,21.9,19.3,85,1015,2.2,310,0
1974,6,9,6,83,51,74,23.1,19.7,81,1016,1.9,330,0
1974,6,9,7,284,420,118,24.4,20,76,1016,1.5,350,0
1974,6,9,8,408,431,149,25,20.3,75,1016,2.5,350,0
1974,6,9,9,721,743,146,25.5,20.8,75,1015,3.6,360,0
1974,6,9,10,673,415,298,26.1,21.1,74,1015,4.6,0,0
1974,6,9,11,661,353,316,26.3,20.9,72,1015,3.8,10,0
1974,6,9,12,705,386,320,26.5,20.8,71,1015,2.9,20,0
1974,6,9,13,699,402,313,26.7,20.6,69,1014,2.1,30,0
1974,6,9,14,698,567,210,26.7,20.6,69,1014,2.4,20,0
1974,6,9,15,434,145,331,26.7,20.6,69,1014,2.8,10,0
1974,6,9,16,334,399,123,26.7,20.6,69,1013,3.1,0,0
1974,6,9,17,229,428,93,25.8,20.2,71,1014,2.8,10,0
1974,6,9,18,39,17,37,24.8,19.4,72,1014,2.4,10,0
1974,6,9,19,0,0,0,23.9,18.9,74,1015,2.1,20,0
1974,6,9,20,0,0,0,22.8,18.8,78,1015,2.6,330,0
1974,6,9,21,0,0,0,21.7,18.7,83,1015,3.1,290,0
1974,6,9,22,0,0,0,20.6,18.3,87,1016,3.6,240,0
1974,6,9,23,0,0,0,19.8,17,84,1015,3.4,230,0
1974,6,10,0,0,0,0,19.1,15.8,81,1015,3.3,220,0
1974,6,10,1,0,0,0,18.3,14.4,78,1014,3.1,210,0
1974,6,10,2,0,0,0,18.7,14.4,76,1014,2.9,210,0
1974,6,10,3,0,0,0,19,14.5,75,1014,2.8,220,0
1974,6,10,4,0,0,0,19.4,14.4,73,1014,2.6,220,0
1974,6,10,5,13,14,11,20.9,15.7,72,1014,2.8,210,0
1974,6,10,6,93,38,86,22.4,17.1,72,1014,2.9,190,0
1974,6,10,7,155,10,151,23.9,18.3,71,1015,3.1,180,0
1974,6,10,8,303,133,224,24.3,19.2,73,1015,3.1,230,0
1974,6,10,9,507,272,297,24.6,19.7,74,1015,3.1,290,0
1974,6,10,10,585,329,289,25,20.6,76,1015,3.1,340,0
1974,6,10,11,680,362,326,25.4,20.7,75,1015,4.5,20,0
1974,6,10,12,760,494,267,25.7,20.5,73,1014,5.8,50,0
1974,6,10,13,539,138,407,26.1,20.6,72,1014,7.2,90,0
1974,6,10,14,480,124,373,25.5,20.3,73,1014,5.7,40,0
1974,6,10,15,291,7,286,25,20.3,75,1014,4.1,340,0
1974,6,10,16,211,2,210,24.4,20,76,1014,2.6,290,0
1974,6,10,17,100,1,100,24,19.7,77,1014,2.8,330,0
1974,6,10,18,43,0,43,23.7,19.7,78,1014,2.9,0,0
1974,6,10,19,0,0,0,23.3,19.4,79,1015,3.1,40,0
1974,6,10,20,0,0,0,22.8,19.6,82,1015,2.6,100,0
1974,6,10,21,0,0,0,22.2,19.4,84,1015,2,160,0
1974,6,10,22,0,0,0,21.7,19.4,87,1015,1.5,220,0
1974,6,10,23,0,0,0,21.5,19.6,89,1015,2.2,240,0
1974,6,11,0,0,0,0,21.3,19.8,91,1015,2.9,270,0
1974,6,11,1,0,0,0,21.1,20,93,1015,3.6,290,0
1974,6,11,2,0,0,0,21.1,19.9,93,1015,3.1,270,0
1974,6,11,3,0,0,0,21.1,19.9,93,1015,2.6,260,0
1974,6,11,4,0,0,0,21.1,20,93,1015,2.1,240,0
1974,6,11,5,8,5,8,22.2,20.1,88,1015,1.4,270,0
1974,6,11,6,43,3,42,23.3,20.5,84,1015,0.7,300,0
1974,6,11,7,127,3,126,24.4,20.6,79,1016,0,0,0
1974,6,11,8,381,155,288,25.3,20.3,74,1016,0.9,350,0
1974,6,11,9,454,198,301,26.3,19.9,68,1015,1.7,20,0
1974,6,11,10,577,282,323,27.2,19.4,63,1015,2.6,50,0
1974,6,11,11,778,433,354,27.2,19.6,63,1015,2.9,40,0
1974,6,11,12,548,149,400,27.2,19.6,63,1015,3.3,20,0
1974,6,11,13,502,109,397,27.2,19.4,63,1015,3.6,10,0
1974,6,11,14,597,360,287,26.8,19.4,64,1015,3.6,30,0
1974,6,11,15,376,141,275,26.5,19.2,64,1015,3.6,40,0
1974,6,11,16,251,144,174,26.1,18.9,65,1015,3.6,60,0
1974,6,11,17,147,127,107,25.4,19.5,70,1015,3.1,70,0
1974,6,11,18,52,47,46,24.6,19.7,74,1015,2.6,80,0
1974,6,11,19,0,0,0,23.9,20,79,1016,2.1,90,0
1974,6,11,20,0,0,0,23.5,20.3,82,1016,2.1,130,0
1974,6,11,21,0,0,0,23.2,20.4,84,1016,2.1,170,0
1974,6,11,22,0,0,0,22.8,20.6,87,1016,2.1,210,0
1974,6,11,23,0,0,0,22.8,20.3,86,1016,2.3,210,0
1974,6,12,0,0,0,0,22.8,20.2,85,1015,2.4,220,0
1974,6,12,1,0,0,0,22.8,20,84,1015,2.6,220,0
1974,6,12,2,0,0,0,22.8,19.8,83,1015,1.7,220,0
1974,6,12,3,0,0,0,22.8,19.8,83,1015,0.9,230,0
1974,6,12,4,0,0,0,22.8,19.4,82,1015,0,0,0
1974,6,12,5,9,1,9,23,19.8,82,1016,0.7,230,0
1974,6,12,6,56,27,52,23.1,19.9,82,1016,1.4,240,0
1974,6,12,7,208,123,160,23.3,20,82,1016,2.1,240,0
1974,6,12,8,343,212,216,24.6,19.9,75,1016,2.9,180,0
1974,6,12,9,620,561,187,25.9,19.3,67,1017,3.8,120,0
1974,6,12,10,693,516,228,27.2,18.9,60,1017,4.6,60,0
1974,6,12,11,746,543,216,27.4,18.7,59,1016,4.4,40,0
1974,6,12,12,855,560,297,27.6,18.9,59,1016,4.3,30,0
1974,6,12,13,714,376,355,27.8,18.9,58,1016,4.1,10,0
1974,6,12,14,625,389,290,27.2,18.8,60,1016,4.1,10,0
1974,6,12,15,487,324,255,26.7,19.1,63,1015,4.1,20,0
1974,6,12,16,380,421,157,26.1,18.9,65,1015,4.1,20,0
1974,6,12,17,167,171,112,25.2,18.7,67,1016,2.7,0,0
1974,6,12,18,42,62,35,24.2,18.2,69,1016,1.4,350,0
1974,6,12,19,0,0,0,23.3,17.8,71,1017,0,0,0
1974,6,12,20,0,0,0,22.9,18.3,75,1017,0,0,0
1974,6,12,21,0,0,0,22.6,18.6,78,1017,0,0,0
1974,6,12,22,0,0,0,22.2,18.9,82,1017,0,0,0
1974,6,12,23,0,0,0,21.8,18.6,82,1017,0.9,260,0
1974,6,13,0,0,0,0,21.5,18.1,81,1016,1.7,250,0
1974,6,13,1,0,0,0,21.1,17.8,81,1016,2.6,230,0
1974,6,13,2,0,0,0,20.9,17.7,82,1016,2.8,190,0
1974,6,13,3,0,0,0,20.8,17.8,83,1016,2.9,160,0
1974,6,13,4,0,0,0,20.6,17.8,84,1016,3.1,120,0
1974,6,13,5,6,5,6,21.5,18.1,81,1016,2.9,170,0
1974,6,13,6,68,50,59,22.4,18.6,79,1017,2.8,230,0
1974,6,13,7,141,40,125,23.3,18.9,76,1017,2.6,280,0
1974,6,13,8,235,19,223,24.2,18.9,72,1017,3.5,320,0
1974,6,13,9,519,312,278,25.2,19.1,69,1017,4.3,350,0
1974,6,13,10,416,129,299,26.1,18.9,65,1017,5.2,30,0
1974,6,13,11,589,141,451,26.1,18.8,64,1017,4.7,30,0
1974,6,13,12,543,92,450,26.1,18.5,63,1016,4.1,20,0
1974,6,13,13,607,262,356,26.1,18.3,62,1016,3.6,20,0
1974,6,13,14,587,274,351,26.1,18,61,1016,3.3,30,0
1974,6,13,15,501,311,278,26.1,18,61,1015,2.9,40,0
1974,6,13,16,333,260,195,26.1,17.8,60,1015,2.6,50,0
1974,6,13,17,188,203,123,24.8,17.8,65,1016,1.7,80,0
1974,6,13,18,37,51,31,23.5,18,71,1016,0.9,110,0
1974,6,13,19,0,0,0,22.2,17.8,76,1016,0,0,0
1974,6,13,20,0,0,0,21.8,17.8,78,1016,1,160,0
1974,6,13,21,0,0,0,21.5,17.7,79,1017,2.1,190,0
1974,6,13,22,0,0,0,21.1,17.8,81,1017,3.1,220,0
1974,6,13,23,0,0,0,20.7,17.3,81,1016,2.9,220,0
1974,6,14,0,0,0,0,20.4,17.1,81,1016,2.8,230,0
1974,6,14,1,0,0,0,20,16.7,81,1015,2.6,230,0
1974,6,14,2,0,0,0,20.2,17.1,82,1015,2.4,230,0
1974,6,14,3,0,0,0,20.4,17.4,83,1016,2.3,240,0
1974,6,14,4,0,0,0,20.6,17.8,84,1016,2.1,240,0
1974,6,14,5,11,9,10,21.9,18.9,83,1016,2.1,280,0
1974,6,14,6,73,177,42,23.1,20.1,83,1016,2.1,320,0
1974,6,14,7,283,477,95,24.4,21.1,82,1017,2.1,360,0
1974,6,14,8,362,226,227,24.4,20.5,79,1017,1.4,350,0
1974,6,14,9,482,269,276,24.4,20.1,77,1017,0.7,340,0
1974,6,14,10,407,55,358,24.4,19.4,74,1017,0,0,0
1974,6,14,11,521,116,407,25.2,19.8,72,1017,1,330,0
1974,6,14,12,757,385,373,25.9,20.3,71,1016,2.1,320,0
1974,6,14,13,791,511,301,26.7,20.6,69,1016,3.1,310,0
1974,6,14,14,415,42,379,25.2,20.7,76,1016,2.9,310,0
1974,6,14,15,315,102,241,23.7,20.7,83,1015,2.8,320,0
1974,6,14,16,134,13,127,22.2,20.6,90,1015,2.6,320,0
1974,6,14,17,94,12,90,21.8,20.3,91,1016,2.6,310,0
1974,6,14,18,33,2,33,21.5,20.2,92,1016,2.6,290,0
1974,6,14,19,0,0,0,21.1,20,93,1016,2.6,280,0
1974,6,14,20,0,0,0,21.1,19.9,93,1016,2.9,260,0
1974,6,14,21,0,0,0,21.1,19.9,93,1017,3.3,250,0
1974,6,14,22,0,0,0,21.1,20,93,1017,3.6,230,0
1974,6,14,23,0,0,0,21.1,19.9,93,1016,2.4,240,0
1974,6,15,0,0,0,0,21.1,19.9,93,1016,1.2,250,0
1974,6,15,1,0,0,0,21.1,20,93,1015,0,0,0
1974,6,15,2,0,0,0,20.7,19.4,92,1015,0.9,260,0
1974,6,15,3,0,0,0,20.4,18.9,91,1015,1.7,270,0
1974,6,15,4,0,0,0,20,18.3,90,1015,2.6,280,0
1974,6,15,5,10,7,9,20.7,19,90,1015,3.5,260,0
1974,6,15,6,61,12,59,21.5,19.8,90,1016,4.3,240,0
1974,6,15,7,232,166,167,22.2,20.6,90,1016,5.2,220,0
1974,6,15,8,283,163,186,23.7,20.5,82,1016,4,210,0
1974,6,15,9,677,529,269,25.2,20,73,1016,2.7,210,0
1974,6,15,10,602,253,375,26.7,19.4,65,1016,1.5,200,0
1974,6,15,11,594,203,396,26.7,19.8,66,1016,2.7,170,0
1974,6,15,12,584,146,438,26.7,20.3,68,1015,4,130,0
1974,6,15,13,423,13,411,26.7,20.6,69,1015,5.2,100,0
1974,6,15,14,303,10,294,25.9,20.3,71,1015,4.5,110,0
1974,6,15,15,260,13,251,25.2,20.3,74,1015,3.8,120,0
1974,6,15,16,230,4,228,24.4,20,76,1015,3.1,130,0
1974,6,15,17,117,3,116,23.7,20.1,80,1015,4.3,130,0
1974,6,15,18,39,2,39,22.9,19.9,83,1016,5.5,120,0
1974,6,15,19,0,0,0,22.2,20,87,1016,6.7,120,0
1974,6,15,20,0,0,0,21.8,19.7,88,1016,5.3,150,0
1974,6,15,21,0,0,0,21.5,19.6,89,1016,4,180,0
1974,6,15,22,0,0,0,21.1,19.4,90,1017,2.6,210,0
1974,6,15,23,0,0,0,21.1,19.4,90,1016,2.6,190,0
1974,6,16,0,0,0,0,21.1,19.4,90,1016,2.6,170,0
1974,6,16,1,0,0,0,21.1,19.4,90,1015,2.6,150,0
1974,6,16,2,0,0,0,21.1,19.4,90,1015,3.3,160,0
1974,6,16,3,0,0,0,21.1,19.4,90,1015,3.9,180,0
1974,6,16,4,0,0,0,21.1,19.4,90,1015,4.6,190,0
1974,6,16,5,5,0,5,21.8,19.7,88,1015,3.9,180,0
1974,6,16,6,76,41,69,22.6,20.2,86,1016,3.3,180,0
1974,6,16,7,182,1,182,23.3,20.6,84,1016,2.6,170,0
1974,6,16,8,326,220,195,24.8,20.3,76,1016,3.5,150,0
1974,6,16,9,617,500,232,26.3,20.2,69,1016,4.3,120,0
1974,6,16,10,825,730,168,27.8,19.4,61,1016,5.2,100,0
1974,6,16,11,934,806,147,28.2,19.7,60,1015,5.7,100,0
1974,6,16,12,975,866,112,28.5,20,60,1015,6.2,100,0
1974,6,16,13,786,685,129,28.9,20,59,1014,6.7,100,0
1974,6,16,14,863,915,74,28.2,20.2,62,1014,6.5,110,0
1974,6,16,15,672,785,107,27.4,20.5,66,1014,6.4,110,0
1974,6,16,16,480,722,93,26.7,20.6,69,1014,6.2,120,0
1974,6,16,17,221,450,76,25.6,20.4,73,1014,5,140,0
1974,6,16,18,61,175,41,24.4,20.3,78,1015,3.8,150,0
1974,6,16,19,0,0,0,23.3,20,82,1015,2.6,170,0
1974,6,16,20,0,0,0,22.8,20.3,86,1015,2.8,180,0
1974,6,16,21,0,0,0,22.2,20.3,89,1016,2.9,190,0
1974,6,16,22,0,0,0,21.7,20.6,93,1016,3.1,200,0
1974,6,16,23,0,0,0,21.7,20.5,93,1016,2.9,170,0
1974,6,17,0,0,0,0,21.7,20.5,93,1015,2.8,140,0
1974,6,17,1,0,0,0,21.7,20.6,93,1015,2.6,110,0
1974,6,17,2,0,0,0,21.7,20.5,93,1014,2.8,140,0
1974,6,17,3,0,0,0,21.7,20.5,93,1014,2.9,180,0
1974,6,17,4,0,0,0,21.7,20.6,93,1014,3.1,210,0
1974,6,17,5,2,0,2,21.9,20.6,92,1014,2.8,220,0
1974,6,17,6,60,2,60,22,20.5,91,1015,2.4,240,0
1974,6,17,7,165,2,164,22.2,20.6,90,1015,2.1,250,0
1974,6,17,8,292,74,248,23.7,20.7,83,1015,3.1,210,0
1974,6,17,9,449,150,334,25.2,20.7,76,1015,4.2,160,0
1974,6,17,10,827,566,318,26.7,20.6,69,1015,5.2,120,0
1974,6,17,11,749,454,306,27.4,20.5,66,1014,5.5,120,0
1974,6,17,12,877,660,218,28.2,20.2,62,1014,5.9,110,0
1974,6,17,13,950,785,196,28.9,20,59,1013,6.2,110,0
1974,6,17,14,727,579,226,28.2,20.2,62,1013,5.9,110,0
1974,6,17,15,619,665,140,27.4,20.5,66,1012,5.5,120,0
1974,6,17,16,440,582,128,26.7,20.6,69,1012,5.2,120,0
1974,6,17,17,195,312,94,25.6,20.6,74,1012,4.3,120,0
1974,6,17,18,38,16,36,24.4,20.5,79,1013,3.5,110,0
1974,6,17,19,0,0,0,23.3,20.6,84,1014,2.6,110,0
1974,6,17,20,0,0,0,22.9,20.6,87,1014,2.8,140,0
1974,6,17,21,0,0,0,22.6,20.9,90,1014,2.9,160,0
1974,6,17,22,0,0,0,22.2,21.1,93,1015,3.1,190,0
1974,6,17,23,0,0,0,21.7,20.7,94,1014,3.6,200,0
1974,6,18,0,0,0,0,21.1,20.4,96,1014,4.1,220,0
1974,6,18,1,0,0,0,20.6,20,97,1013,4.6,230,0
1974,6,18,2,0,0,0,20.8,20.2,96,1013,3.8,240,0
1974,6,18,3,0,0,0,20.9,19.9,94,1013,2.9,240,0
1974,6,18,4,0,0,0,21.1,20,93,1013,2.1,250,0
1974,6,18,5,7,9,5,21.7,20.5,93,1014,2.1,260,0
1974,6,18,6,65,34,59,22.2,21,93,1014,2.1,260,0
1974,6,18,7,191,65,166,22.8,21.7,93,1014,2.1,270,0
1974,6,18,8,360,259,205,24.5,22,86,1014,4,220,0
1974,6,18,9,473,271,264,26.1,22.2,79,1014,5.8,160,0
1974,6,18,10,807,660,213,27.8,22.2,72,1014,7.7,110,0
1974,6,18,11,653,379,283,28,22,70,1013,7.7,110,0
1974,6,18,12,795,592,204,28.1,21.4,67,1013,7.7,120,0
1974,6,18,13,833,615,244,28.3,21.1,65,1013,7.7,120,0
1974,6,18,14,680,546,207,27.6,20.9,67,1013,7.2,120,0
1974,6,18,15,574,564,168,26.8,20.9,70,1013,6.7,120,0
1974,6,18,16,387,440,151,26.1,20.6,72,1013,6.2,120,0
1974,6,18,17,189,253,107,25.4,20.4,74,1013,5,130,0
1974,6,18,18,33,14,32,24.6,20.3,77,1014,3.8,140,0
1974,6,18,19,0,0,0,23.9,20,79,1015,2.6,150,0
1974,6,18,20,0,0,0,23.5,20.3,82,1015,2.6,170,0
1974,6,18,21,0,0,0,23.2,20.4,84,1016,2.6,180,0
1974,6,18,22,0,0,0,22.8,20.6,87,1016,2.6,200,0
1974,6,18,23,0,0,0,22.2,20.1,88,1016,2.6,200,0
1974,6,19,0,0,0,0,21.7,19.8,89,1015,2.6,210,0
1974,6,19,1,0,0,0,21.1,19.4,90,1015,2.6,210,0
1974,6,19,2,0,0,0,20.7,18.8,89,1015,2.4,210,0
1974,6,19,3,0,0,0,20.4,18.4,88,1015,2.3,200,0
1974,6,19,4,0,0,0,20,17.8,87,1015,2.1,200,0
1974,6,19,5,13,49,7,21.1,18.7,86,1016,2.1,200,0
1974,6,19,6,90,251,47,22.2,19.6,85,1016,2.1,200,0
1974,6,19,7,207,61,183,23.3,20.6,84,1017,2.1,200,0
1974,6,19,8,490,538,170,24.8,20.5,77,1016,3.1,160,0
1974,6,19,9,383,188,238,26.3,20.4,70,1016,4.2,130,0
1974,6,19,10,904,874,119,27.8,20,63,1016,5.2,90,0
1974,6,19,11,883,746,155,28.2,20.2,62,1016,5.7,100,0
1974,6,19,12,842,631,212,28.5,20,60,1015,6.2,110,0
1974,6,19,13,833,668,192,28.9,20,59,1015,6.7,120,0
1974,6,19,14,804,728,175,28.3,20.1,61,1015,5.8,100,0
1974,6,19,15,578,522,202,27.8,20.1,63,1015,5,80,0
1974,6,19,16,329,305,165,27.2,20,65,1015,4.1,60,0
1974,6,19,17,123,1,123,26.1,20.2,70,1016,3.8,80,0
1974,6,19,18,39,30,36,25,20.1,74,1016,3.4,90,0
1974,6,19,19,0,0,0,23.9,20,79,1017,3.1,110,0
1974,6,19,20,0,0,0,23.3,19.9,81,1017,3.1,150,0
1974,6,19,21,0,0,0,22.8,19.6,82,1018,3.1,200,0
1974,6,19,22,0,0,0,22.2,19.4,84,1018,3.1,240,0
1974,6,19,23,0,0,0,22,19,83,1017,3.1,230,0
1974,6,20,0,0,0,0,21.9,18.7,82,1017,3.1,230,0
1974,6,20,1,0,0,0,21.7,18.3,81,1016,3.1,220,0
1974,6,20,2,0,0,0,21.7,19.1,85,1016,3.1,230,0
1974,6,20,3,0,0,0,21.7,19.8,89,1016,3.1,240,0
1974,6,20,4,0,0,0,21.7,20.6,93,1016,3.1,250,0
1974,6,20,5,10,17,8,22.2,20.8,92,1016,3.3,260,0
1974,6,20,6,78,105,60,22.8,21.3,91,1017,3.4,280,0
1974,6,20,7,196,173,129,23.3,21.7,90,1017,3.6,290,0
1974,6,20,8,433,481,147,24.4,21.1,82,1017,3.4,310,0
1974,6,20,9,598,424,272,25.6,20.9,75,1018,3.3,330,0
1974,6,20,10,891,803,170,26.7,20,67,1018,3.1,350,0
1974,6,20,11,748,536,225,26.9,20,66,1017,3.3,10,0
1974,6,20,12,943,750,195,27,19.6,64,1017,3.4,30,0
1974,6,20,13,857,700,185,27.2,19.4,63,1017,3.6,50,0
1974,6,20,14,742,617,208,26.5,19.9,67,1016,3.1,20,0
1974,6,20,15,367,174,242,25.7,20.3,72,1016,2.6,360,0
1974,6,20,16,291,105,235,25,20.6,76,1016,2.1,330,0
1974,6,20,17,166,66,144,24.4,20.1,77,1016,2.3,20,0
1974,6,20,18,42,15,41,23.9,19.8,78,1017,2.4,70,0
1974,6,20,19,0,0,0,23.3,19.4,79,1017,2.6,120,0
1974,6,20,20,0,0,0,22.8,19.8,83,1017,2.4,140,0
1974,6,20,21,0,0,0,22.2,19.8,86,1017,2.3,160,0
1974,6,20,22,0,0,0,21.7,20,90,1018,2.1,180,0
1974,6,20,23,0,0,0,21.3,19.8,91,1017,2.4,190,0
1974,6,21,0,0,0,0,21,19.7,92,1017,2.8,210,0
1974,6,21,1,0,0,0,20.6,19.4,93,1017,3.1,220,0
1974,6,21,2,0,0,0,20.2,18.9,92,1017,3.1,220,0
1974,6,21,3,0,0,0,19.8,18.3,91,1017,3.1,210,0
1974,6,21,4,0,0,0,19.4,17.8,90,1017,3.1,210,0
1974,6,21,5,7,1,7,20.2,18.7,91,1017,2.8,220,0
1974,6,21,6,43,4,43,20.9,19.6,92,1017,2.4,240,0
1974,6,21,7,162,200,84,21.7,20.6,93,1018,2.1,250,0
1974,6,21,8,293,125,219,23.4,20.6,84,1018,2.4,280,0
1974,6,21,9,670,550,248,25,20.5,76,1018,2.8,310,0
1974,6,21,10,789,674,184,26.7,20,67,1018,3.1,340,0
1974,6,21,11,557,255,308,26.5,20.1,68,1017,4.3,20,0
1974,6,21,12,742,384,359,26.3,19.9,68,1017,5.5,50,0
1974,6,21,13,540,210,338,26.1,20,69,1017,6.7,90,0
1974,6,21,14,706,519,257,26.3,19.9,68,1016,5.3,70,0
1974,6,21,15,358,126,267,26.5,19.6,66,1016,4,50,0
1974,6,21,16,418,561,115,26.7,19.4,65,1016,2.6,30,0
1974,6,21,17,206,348,92,25,19.4,71,1016,2.6,330,0
1974,6,21,18,59,197,36,23.4,19.4,78,1017,2.6,280,0
1974,6,21,19,0,0,0,21.7,18.9,84,1017,2.6,220,0
1974,6,21,20,0,0,0,21.5,17.9,80,1017,2.9,220,0
1974,6,21,21,0,0,0,21.3,16.7,75,1018,3.3,230,0
1974,6,21,22,0,0,0,21.1,15.6,71,1018,3.6,230,0
1974,6,21,23,0,0,0,20.7,15.3,71,1018,2.9,210,0
1974,6,22,0,0,0,0,20.4,15,71,1017,2.2,200,0
1974,6,22,1,0,0,0,20,14.4,71,1017,1.5,180,0
1974,6,22,2,0,0,0,19.4,14.3,72,1017,2.2,190,0
1974,6,22,3,0,0,0,18.9,13.8,72,1016,2.9,190,0
1974,6,22,4,0,0,0,18.3,13.3,73,1016,3.6,200,0
1974,6,22,5,14,49,8,20.9,14.6,67,1017,2.4,180,0
1974,6,22,6,115,498,32,23.5,15.8,62,1017,1.2,160,0
1974,6,22,7,300,591,70,26.1,16.7,56,1018,0,0,0
1974,6,22,8,482,577,139,26.7,17.8,58,1018,1,110,0
1974,6,22,9,720,787,116,27.2,18.5,59,1018,2.1,90,0
1974,6,22,10,816,727,164,27.8,19.4,61,1018,3.1,70,0
1974,6,22,11,1006,872,155,27.6,19.7,62,1017,3.1,70,0
1974,6,22,12,936,752,186,27.4,20,64,1017,3.1,80,0
1974,6,22,13,946,848,132,27.2,20,65,1017,3.1,80,0
1974,6,22,14,712,566,221,26.7,19.8,66,1016,3.4,80,0
1974,6,22,15,435,209,284,26.1,19.7,68,1016,3.8,80,0
1974,6,22,16,270,83,225,25.6,19.4,69,1016,4.1,80,0
1974,6,22,17,148,127,106,25,19.4,71,1016,2.7,100,0
1974,6,22,18,34,0,34,24.5,19.6,74,1017,1.4,130,0
1974,6,22,19,0,0,0,23.9,19.4,76,1017,0,0,0
1974,6,22,20,0,0,0,23.2,20,82,1017,1.2,170,0
1974,6,22,21,0,0,0,22.4,20.1,87,1018,2.4,200,0
1974,6,22,22,0,0,0,21.7,20.6,93,1018,3.6,220,0
1974,6,22,23,0,0,0,21.7,20.5,93,1018,3.1,200,0
1974,6,23,0,0,0,0,21.7,20.5,93,1017,2.6,190,0
1974,6,23,1,0,0,0,21.7,20.6,93,1016,2.1,170,0
1974,6,23,2,0,0,0,21.5,20.3,93,1016,2.6,200,0
1974,6,23,3,0,0,0,21.3,20.1,93,1016,3.1,240,0
1974,6,23,4,0,0,0,21.1,20,93,1016,3.6,270,0
1974,6,23,5,10,18,7,22.4,20.1,87,1016,3.8,310,0
1974,6,23,6,91,99,75,23.7,20.1,80,1017,3.9,350,0
1974,6,23,7,237,222,151,25,20,74,1017,4.1,30,0
1974,6,23,8,356,188,244,25.4,20,72,1017,3.9,30,0
1974,6,23,9,405,95,332,25.7,20.1,71,1017,3.8,20,0
1974,6,23,10,612,403,251,26.1,20,69,1017,3.6,20,0
1974,6,23,11,549,216,339,26.7,19.8,66,1017,4.3,40,0
1974,6,23,12,894,745,151,27.2,19.8,64,1016,5,60,0
1974,6,23,13,759,442,334,27.8,19.4,61,1016,5.7,80,0
1974,6,23,14,830,787,147,27.2,19.3,62,1016,4.8,60,0
1974,6,23,15,660,787,90,26.7,19.3,64,1015,4,30,0
1974,6,23,16,445,669,84,26.1,18.9,65,1015,3.1,10,0
1974,6,23,17,232,377,108,24.8,19.2,71,1016,2.6,20,0
1974,6,23,18,55,139,39,23.5,19.5,78,1016,2,40,0
1974,6,23,19,0,0,0,22.2,19.4,84,1016,1.5,50,0
1974,6,23,20,0,0,0,22,19.6,86,1017,2.4,350,0
1974,6,23,21,0,0,0,21.9,19.8,88,1017,3.2,300,0
1974,6,23,22,0,0,0,21.7,20,90,1018,4.1,240,0
1974,6,23,23,0,0,0,21.3,19.8,91,1017,3.6,240,0
1974,6,24,0,0,0,0,21,19.7,92,1017,3.1,250,0
1974,6,24,1,0,0,0,20.6,19.4,93,1017,2.6,250,0
1974,6,24,2,0,0,0,20.4,19.2,93,1017,3.5,250,0
1974,6,24,3,0,0,0,20.2,19,93,1016,4.3,240,0
1974,6,24,4,0,0,0,20,18.9,93,1016,5.2,240,0
1974,6,24,5,7,2,7,20.9,19.2,90,1017,4.2,180,0
1974,6,24,6,103,177,74,21.9,19.7,87,1017,3.1,130,0
1974,6,24,7,121,56,99,22.8,20,84,1017,2.1,70,0
1974,6,24,8,268,130,191,23.9,19.8,78,1017,2.3,70,0
1974,6,24,9,402,107,320,25,19.8,73,1017,2.4,60,0
1974,6,24,10,562,289,302,26.1,19.4,67,1017,2.6,60,0
1974,6,24,11,731,292,446,26.5,19.6,66,1017,3.1,70,0
1974,6,24,12,745,411,334,26.8,19.9,66,1017,3.6,90,0
1974,6,24,13,710,367,358,27.2,20,65,1016,4.1,100,0
1974,6,24,14,552,370,230,26.8,19.9,66,1016,3.6,80,0
1974,6,24,15,519,404,226,26.5,19.6,66,1016,3.1,50,0
1974,6,24,16,252,55,222,26.1,19.4,67,1016,2.6,30,0
1974,6,24,17,121,48,105,24.8,19.6,73,1016,2.4,340,0
1974,6,24,18,40,7,39,23.5,19.5,78,1017,2.3,290,0
1974,6,24,19,0,0,0,22.2,19.4,84,1017,2.1,240,0
1974,6,24,20,0,0,0,21.7,19.5,87,1017,2.4,260,0
1974,6,24,21,0,0,0,21.1,19.4,90,1018,2.8,270,0
1974,6,24,22,0,0,0,20.6,19.4,93,1018,3.1,290,0
1974,6,24,23,0,0,0,20.6,19.3,92,1018,3.1,270,0
1974,6,25,0,0,0,0,20.6,19.1,91,1017,3.1,250,0
1974,6,25,1,0,0,0,20.6,18.9,90,1017,3.1,230,0
1974,6,25,2,0,0,0,20.6,18.9,90,1017,2.1,230,0
1974,6,25,3,0,0,0,20.6,18.9,90,1017,1,240,0
1974,6,25,4,0,0,0,20.6,18.9,90,1017,0,0,0
1974,6,25,5,8,8,6,21.9,19.7,87,1017,0.9,240,0
1974,6,25,6,78,155,52,23.1,20.5,85,1018,1.7,250,0
1974,6,25,7,255,331,127,24.4,21.1,82,1018,2.6,250,0
1974,6,25,8,445,493,154,24.8,20.3,76,1018,2.6,300,0
1974,6,25,9,391,73,335,25.2,19.4,70,1018,2.6,360,0
1974,6,25,10,731,477,304,25.6,18.3,64,1018,2.6,50,0
1974,6,25,11,794,565,243,26.3,18.7,63,1018,3.5,60,0
1974,6,25,12,767,485,283,27.1,19.2,62,1018,4.3,80,0
1974,6,25,13,803,519,304,27.8,19.4,61,1017,5.2,90,0
1974,6,25,14,763,648,201,27.2,19,61,1017,5.2,100,0
1974,6,25,15,592,590,164,26.7,18.8,62,1017,5.2,100,0
1974,6,25,16,413,452,169,26.1,18.3,62,1017,5.2,110,0
1974,6,25,17,110,78,84,25,18.9,69,1017,3.5,130,0
1974,6,25,18,35,30,31,23.9,19.2,75,1017,1.7,150,0
1974,6,25,19,0,0,0,22.8,19.4,82,1018,0,0,0
1974,6,25,20,0,0,0,22.1,19.1,83,1018,1,180,0
1974,6,25,21,0,0,0,21.3,18.3,83,1018,2.1,200,0
1974,6,25,22,0,0,0,20.6,17.8,84,1018,3.1,220,0
1974,6,25,23,0,0,0,20.4,17.1,81,1018,3.1,230,0
1974,6,26,0,0,0,0,20.2,16.5,79,1017,3.1,230,0
1974,6,26,1,0,0,0,20,15.6,76,1017,3.1,240,0
1974,6,26,2,0,0,0,19.3,14.8,75,1017,3.1,230,0
1974,6,26,3,0,0,0,18.5,13.8,74,1017,3.1,220,0
1974,6,26,4,0,0,0,17.8,12.8,73,1017,3.1,210,0
1974,6,26,5,13,39,8,19.8,14.4,71,1017,3.1,210,0
1974,6,26,6,81,81,68,21.9,15.8,68,1018,3.1,220,0
1974,6,26,7,236,244,143,23.9,17.2,66,1018,3.1,220,0
1974,6,26,8,393,374,172,25,17.7,64,1018,3.6,160,0
1974,6,26,9,399,121,307,26.1,18.3,62,1018,4.1,100,0
1974,6,26,10,655,525,185,27.2,18.9,60,1018,4.6,40,0
1974,6,26,11,809,602,222,27.6,19.2,60,1017,3.9,50,0
1974,6,26,12,861,590,273,27.9,19.2,59,1017,3.3,60,0
1974,6,26,13,630,304,338,28.3,19.4,59,1017,2.6,70,0
1974,6,26,14,868,765,205,27.6,19.4,61,1016,2.8,70,0
1974,6,26,15,525,399,236,26.8,19.2,63,1016,2.9,60,0
1974,6,26,16,448,644,99,26.1,18.9,65,1016,3.1,60,0
1974,6,26,17,238,493,75,24.4,18.8,71,1016,2.1,90,0
1974,6,26,18,44,97,33,22.8,18.8,78,1017,1,110,0
1974,6,26,19,0,0,0,21.1,18.3,84,1017,0,0,0
1974,6,26,20,0,0,0,20.5,17.3,82,1017,0.9,170,0
1974,6,26,21,0,0,0,20,16.5,80,1017,1.7,190,0
1974,6,26,22,0,0,0,19.4,15.6,78,1017,2.6,220,0
1974,6,26,23,0,0,0,19.6,15.3,76,1017,2.2,210,0
1974,6,27,0,0,0,0,19.8,14.9,73,1016,1.9,200,0
1974,6,27,1,0,0,0,20,14.4,71,1016,1.5,190,0
1974,6,27,2,0,0,0,20.2,15.7,75,1016,2,210,0
1974,6,27,3,0,0,0,20.4,16.9,80,1015,2.6,240,0
1974,6,27,4,0,0,0,20.6,17.8,84,1015,3.1,260,0
1974,6,27,5,2,1,2,21.7,17.5,77,1016,2.6,220,0
1974,6,27,6,69,31,64,22.8,17.3,71,1016,2,170,0
1974,6,27,7,140,7,137,23.9,16.7,64,1017,1.5,130,0
1974,6,27,8,272,71,230,24.3,16.8,63,1017,2,80,0
1974,6,27,9,346,73,291,24.6,17.1,63,1016,2.6,30,0
1974,6,27,10,506,330,210,25,17.2,62,1016,3.1,340,0
1974,6,27,11,477,54,425,26.3,18.2,61,1016,4.1,10,0
1974,6,27,12,460,191,269,27.6,19.2,60,1015,5.2,40,0
1974,6,27,13,632,263,380,28.9,20,59,1015,6.2,70,0
1974,6,27,14,650,419,286,27.8,19.9,62,1015,5.3,70,0
1974,6,27,15,502,366,236,26.7,19.3,64,1014,4.5,60,0
1974,6,27,16,219,32,201,25.6,18.9,67,1014,3.6,60,0
1974,6,27,17,145,49,129,24.1,19.6,76,1014,3.3,110,0
1974,6,27,18,51,22,49,22.6,19.8,84,1015,2.9,160,0
1974,6,27,19,0,0,0,21.1,20,93,1015,2.6,210,0
1974,6,27,20,0,0,0,20.9,19.7,93,1016,2.6,210,0
1974,6,27,21,0,0,0,20.8,19.6,93,1016,2.6,210,0
1974,6,27,22,0,0,0,20.6,19.4,93,1016,2.6,210,0
1974,6,27,23,0,0,0,20.4,19.1,92,1016,2.6,210,0
1974,6,28,0,0,0,0,20.2,18.7,91,1015,2.6,210,0
1974,6,28,1,0,0,0,20,18.3,90,1015,2.6,210,0
1974,6,28,2,0,0,0,19.6,17.8,89,1015,2.4,200,0
1974,6,28,3,0,0,0,19.3,17.3,88,1014,2.3,200,0
1974,6,28,4,0,0,0,18.9,16.7,87,1014,2.1,190,0
1974,6,28,5,9,20,6,19.6,17.8,89,1015,2.3,200,0
1974,6,28,6,100,280,55,20.4,18.9,91,1015,2.4,200,0
1974,6,28,7,124,6,121,21.1,20,93,1016,2.6,210,0
1974,6,28,8,288,67,248,23.1,19.7,81,1016,2.8,190,0
1974,6,28,9,358,92,288,25.2,19.4,70,1016,2.9,160,0
1974,6,28,10,477,213,286,27.2,18.3,58,1016,3.1,140,0
1974,6,28,11,879,684,212,27.8,18.8,58,1015,4.1,120,0
1974,6,28,12,774,448,327,28.3,19.5,59,1015,5.2,110,0
1974,6,28,13,908,825,114,28.9,20,59,1014,6.2,90,0
1974,6,28,14,447,222,253,27.8,19.9,62,1014,5.3,100,0
1974,6,28,15,415,249,234,26.7,19.8,66,1014,4.5,110,0
1974,6,28,16,213,50,186,25.6,19.4,69,1014,3.6,120,0
1974,6,28,17,152,48,136,24.3,19.8,76,1014,3.9,160,0
1974,6,28,18,38,5,37,23,20,83,1014,4.3,200,0
1974,6,28,19,0,0,0,21.7,20,90,1015,4.6,240,0
1974,6,28,20,0,0,0,21.7,19.8,89,1015,3.9,230,0
1974,6,28,21,0,0,0,21.7,19.6,88,1016,3.3,230,0
1974,6,28,22,0,0,0,21.7,19.4,87,1016,2.6,220,0
1974,6,28,23,0,0,0,21.3,19.2,88,1016,2.6,230,0
1974,6,29,0,0,0,0,21,19.1,89,1015,2.6,250,0
1974,6,29,1,0,0,0,20.6,18.9,90,1015,2.6,260,0
1974,6,29,2,0,0,0,20,18.3,90,1015,1.7,260,0
1974,6,29,3,0,0,0,19.5,17.8,90,1014,0.9,250,0
1974,6,29,4,0,0,0,18.9,17.2,90,1014,0,0,0
1974,6,29,5,12,39,6,21.1,18.3,84,1015,0.7,250,0
1974,6,29,6,92,343,37,23.4,19.2,77,1015,1.4,240,0
1974,6,29,7,304,622,66,25.6,20,71,1016,2.1,240,0
1974,6,29,8,494,674,97,26,20.1,70,1016,2.9,190,0
1974,6,29,9,741,759,163,26.3,19.9,68,1016,3.8,140,0
1974,6,29,10,615,262,381,26.7,20,67,1016,4.6,90,0
1974,6,29,11,773,496,290,27.2,19.8,64,1016,5,90,0
1974,6,29,12,764,482,284,27.8,19.9,62,1016,5.3,90,0
1974,6,29,13,845,687,184,28.3,19.4,59,1015,5.7,90,0
1974,6,29,14,739,652,172,27.2,19.3,62,1015,5,90,0
1974,6,29,15,436,187,300,26.1,18.8,64,1015,4.3,80,0
1974,6,29,16,294,193,189,25,18.3,67,1014,3.6,80,0
1974,6,29,17,162,137,116,24.6,18.8,70,1015,2.4,110,0
1974,6,29,18,37,29,33,24.3,19.2,73,1015,1.2,140,0
1974,6,29,19,0,0,0,23.9,19.4,76,1016,0,0,0
1974,6,29,20,0,0,0,23.2,19.4,79,1016,0.7,190,0
1974,6,29,21,0,0,0,22.4,19,81,1016,1.4,220,0
1974,6,29,22,0,0,0,21.7,18.9,84,1017,2.1,250,0
1974,6,29,23,0,0,0,21.3,18.3,83,1016,2.4,240,0
1974,6,30,0,0,0,0,21,17.8,82,1016,2.8,240,0
1974,6,30,1,0,0,0,20.6,17.2,81,1015,3.1,230,0
1974,6,30,2,0,0,0,19.8,16.7,82,1015,2.9,220,0
1974,6,30,3,0,0,0,19.1,16.2,83,1015,2.8,220,0
1974,6,30,4,0,0,0,18.3,15.6,84,1015,2.6,210,0
1974,6,30,5,13,48,6,20.2,16.3,78,1015,2.2,250,0
1974,6,30,6,70,165,43,22,16.7,72,1016,1.9,290,0
1974,6,30,7,287,533,83,23.9,17.2,66,1016,1.5,330,0
1974,6,30,8,416,513,115,25,18,65,1016,2.4,350,0
1974,6,30,9,475,199,323,26.1,18.8,64,1016,3.2,10,0
1974,6,30,10,560,246,340,27.2,19.4,63,1016,4.1,30,0
1974,6,30,11,703,392,321,26.7,20.3,68,1016,3.9,350,0
1974,6,30,12,500,95,406,26.1,20.7,72,1016,3.8,310,0
1974,6,30,13,424,74,353,25.6,21.1,77,1016,3.6,270,0
1974,6,30,14,600,387,263,26.1,20.9,73,1016,3.9,320,0
1974,6,30,15,560,454,230,26.7,20.6,69,1015,4.3,20,0
1974,6,30,16,417,553,116,27.2,20,65,1015,4.6,70,0
1974,6,30,17,167,278,74,25.9,20.3,71,1015,3.8,100,0
1974,6,30,18,41,90,31,24.2,20,77,1016,2.9,136,0
1974,6,30,19,0,0,0,22.8,19.7,82,1016,2.3,173,0
1974,6,30,20,0,0,0,22.5,19.5,83,1016,2.6,196,0
1974,6,30,21,0,0,0,22.2,19.4,84,1016,2.7,217,0
1974,6,30,22,0,0,0,21.9,19.2,84,1016,2.9,227,0
1974,6,30,23,0,0,0,21.7,19.1,84,1016,2.9,230,0
1985,7,1,0,0,0,0,21.5,19,86,1016,3,230,0
1985,7,1,1,0,0,0,21.3,18.8,85,1016,2.9,233,0
1985,7,1,2,0,0,0,21.2,19.2,88,1016,2.6,230,0
1985,7,1,3,0,0,0,20.7,19,89,1015,2.1,247,0
1985,7,1,4,0,0,0,20.9,18.9,88,1015,3.1,280,0
1985,7,1,5,5,1,5,20.7,19.4,91,1015,2.6,256,0
1985,7,1,6,30,21,27,20.6,18.9,90,1015,1.5,160,0
1985,7,1,7,106,28,95,20.6,19.4,93,1016,0,0,0
1985,7,1,8,131,10,125,21.1,20,93,1016,3.1,270,0
1985,7,1,9,337,1,336,22.8,20,84,1016,4.1,340,0
1985,7,1,10,342,10,333,23.3,18.9,76,1016,3.6,300,0
1985,7,1,11,421,121,302,25.6,18.9,67,1015,3.6,320,0
1985,7,1,12,414,57,357,26.1,18.9,65,1015,4.6,310,0
1985,7,1,13,524,109,419,26.1,19.4,67,1014,3.1,350,0
1985,7,1,14,792,737,150,26.1,19.4,67,1014,3.6,40,0
1985,7,1,15,657,807,69,26.7,18.3,60,1014,3.6,50,0
1985,7,1,16,413,450,168,26.1,18.9,65,1014,4.1,90,0
1985,7,1,17,251,555,66,25,18.3,67,1014,2.6,70,0
1985,7,1,18,54,74,45,23.9,18.9,74,1014,2.6,50,0
1985,7,1,19,0,0,0,22.8,18.3,76,1015,1.5,50,0
1985,7,1,20,0,0,0,22.8,18.9,79,1015,2.1,120,0
1985,7,1,21,0,0,0,21.7,18.3,81,1016,3.6,270,0
1985,7,1,22,0,0,0,21.7,17.8,79,1016,2.6,250,0
1985,7,1,23,0,0,0,20.6,18.3,87,1016,3.6,240,0
1985,7,2,0,0,0,0,20.6,18.9,90,1015,3.1,220,0
1985,7,2,1,0,0,0,20.6,18.9,90,1015,3.1,260,0
1985,7,2,2,0,0,0,20.6,19.4,93,1015,2.6,230,0
1985,7,2,3,0,0,0,20.6,18.3,87,1015,2.6,260,0
1985,7,2,4,0,0,0,20.6,18.9,90,1015,2.6,270,0
1985,7,2,5,2,0,2,20,18.3,90,1015,3.1,190,0
1985,7,2,6,70,49,62,20.6,18.9,90,1016,3.1,240,0
1985,7,2,7,245,255,149,22.8,20,84,1016,2.6,260,0
1985,7,2,8,174,4,172,23.9,19.4,76,1016,2.6,20,0
1985,7,2,9,378,124,284,24.4,20,76,1016,3.1,330,0
1985,7,2,10,606,415,234,26.1,18.3,62,1016,3.6,350,0
1985,7,2,11,360,191,173,25,18.9,69,1016,2.1,350,0
1985,7,2,12,928,643,286,25.6,18.9,67,1015,2.1,250,0
1985,7,2,13,632,383,263,26.1,19.4,67,1015,3.1,40,0
1985,7,2,14,440,196,269,26.1,18.9,65,1015,3.1,10,0
1985,7,2,15,423,282,217,26.7,20,67,1014,3.1,110,0
1985,7,2,16,427,571,115,26.1,18.9,65,1014,4.1,90,0
1985,7,2,17,164,186,102,25,19.4,71,1015,3.1,50,0
1985,7,2,18,49,22,47,23.9,18.9,74,1015,3.1,60,0
1985,7,2,19,0,0,0,23.3,18.9,76,1016,1.5,80,0
1985,7,2,20,0,0,0,23.9,18.9,74,1016,1.5,340,0
1985,7,2,21,0,0,0,22.8,18.3,76,1017,2.1,260,0
1985,7,2,22,0,0,0,22.8,18.3,76,1017,3.6,240,0
1985,7,2,23,0,0,0,22.2,18.3,79,1017,2.6,250,0
1985,7,3,0,0,0,0,21.7,17.8,79,1016,3.6,240,0
1985,7,3,1,0,0,0,21.7,16.7,73,1015,2.6,270,0
1985,7,3,2,0,0,0,21.7,17.2,76,1015,2.6,270,0
1985,7,3,3,0,0,0,21.7,18.9,84,1016,3.6,310,0
1985,7,3,4,0,0,0,21.7,19.4,87,1015,3.6,270,0
1985,7,3,5,0,0,0,21.1,19.4,90,1016,3.6,250,0
1985,7,3,6,53,3,53,22.2,18.3,79,1016,2.6,280,0
1985,7,3,7,72,10,68,23.3,20.6,85,1017,0,0,0
1985,7,3,8,267,5,264,23.3,21.7,90,1017,4.6,290,0
1985,7,3,9,307,5,303,24.4,21.1,82,1017,2.6,330,0
1985,7,3,10,349,4,346,25,20.6,76,1017,3.1,340,0
1985,7,3,11,380,2,378,25.6,20.6,74,1017,4.6,60,0
1985,7,3,12,241,0,241,24.4,20.6,79,1017,3.1,240,0
1985,7,3,13,297,1,295,24.4,21.1,82,1016,2.6,290,0
1985,7,3,14,236,1,236,25,21.7,82,1016,5.2,120,0
1985,7,3,15,215,1,214,23.3,21.7,90,1016,4.1,290,0
1985,7,3,16,149,1,148,21.7,20.6,93,1016,2.6,350,0
1985,7,3,17,148,0,148,21.7,21.1,97,1016,3.6,290,0
1985,7,3,18,23,1,23,22.2,20.6,90,1016,1.5,260,0
1985,7,3,19,0,0,0,21.7,21.1,97,1017,2.6,290,0
1985,7,3,20,0,0,0,21.7,21.1,97,1017,3.1,250,0
1985,7,3,21,0,0,0,21.7,20.6,93,1017,3.1,220,0
1985,7,3,22,0,0,0,22.2,21.1,94,1017,4.1,250,0
1985,7,3,23,0,0,0,22.2,20.6,90,1017,3.6,280,0
1985,7,4,0,0,0,0,22.2,20.6,90,1016,2.1,270,0
1985,7,4,1,0,0,0,22.2,20.6,90,1016,2.6,290,0
1985,7,4,2,0,0,0,21.7,21.1,97,1016,2.6,170,0
1985,7,4,3,0,0,0,21.7,21.1,97,1015,2.1,260,0
1985,7,4,4,0,0,0,21.7,21.1,97,1015,2.6,280,0
1985,7,4,5,3,0,3,21.7,21.1,97,1016,2.6,230,0
1985,7,4,6,39,0,38,22.2,21.1,94,1017,2.6,240,0
1985,7,4,7,105,1,105,22.2,21.7,97,1017,2.1,250,0
1985,7,4,8,156,1,155,22.8,22.2,97,1017,2.6,270,0
1985,7,4,9,212,2,211,23.3,22.2,94,1017,2.6,290,0
1985,7,4,10,261,1,260,23.3,21.7,90,1017,2.6,50,0
1985,7,4,11,282,0,282,23.3,22.2,94,1017,3.1,330,0
1985,7,4,12,296,0,296,23.9,22.2,90,1017,3.1,90,0
1985,7,4,13,267,2,266,24.4,22.8,91,1016,2.6,260,0
1985,7,4,14,245,0,244,24.4,21.7,85,1016,4.1,80,0
1985,7,4,15,342,2,341,23.9,22.2,90,1015,2.6,280,0
1985,7,4,16,151,2,150,22.8,22.2,97,1015,3.1,300,0
1985,7,4,17,88,1,87,22.2,21.7,97,1016,2.1,270,0
1985,7,4,18,27,0,27,22.2,21.7,97,1016,3.6,240,0
1985,7,4,19,0,0,0,22.2,21.7,97,1016,2.6,160,0
1985,7,4,20,0,0,0,21.7,21.1,97,1017,2.6,250,0
1985,7,4,21,0,0,0,21.7,21.1,97,1017,2.6,260,0
1985,7,4,22,0,0,0,21.7,21.1,97,1017,2.6,290,0
1985,7,4,23,0,0,0,21.7,21.1,97,1017,2.1,250,0
1985,7,5,0,0,0,0,21.1,21.1,100,1017,3.6,230,0
1985,7,5,1,0,0,0,21.7,21.1,97,1016,2.1,260,0
1985,7,5,2,0,0,0,21.1,20.6,97,1016,3.1,290,0
1985,7,5,3,0,0,0,21.1,20.6,97,1016,3.1,250,0
1985,7,5,4,0,0,0,21.1,20.6,97,1017,3.1,290,0
1985,7,5,5,3,0,3,20.6,20,97,1017,3.6,240,0
1985,7,5,6,39,1,39,21.1,20,93,1018,4.1,250,0
1985,7,5,7,168,1,168,22.8,19.4,82,1018,5.7,280,0
1985,7,5,8,282,71,241,25,20,74,1018,3.1,250,0
1985,7,5,9,615,623,142,26.7,20.6,69,1018,3.1,10,0
1985,7,5,10,725,581,206,26.7,20.6,69,1018,3.6,20,0
1985,7,5,11,887,739,168,26.7,20.6,69,1017,3.6,360,0
1985,7,5,12,982,904,79,27.2,20.6,67,1017,3.6,20,0
1985,7,5,13,933,906,60,27.2,21.1,69,1016,4.1,10,0
1985,7,5,14,813,842,79,27.2,21.1,69,1016,3.6,30,0
1985,7,5,15,675,783,104,27.2,20,65,1016,4.6,10,0
1985,7,5,16,485,711,96,26.1,20.6,72,1016,3.6,360,0
1985,7,5,17,206,172,148,25,21.1,79,1016,3.6,10,0
1985,7,5,18,39,73,30,23.9,20,79,1017,3.1,360,0
1985,7,5,19,0,0,0,23.3,20,82,1017,3.1,10,0
1985,7,5,20,0,0,0,23.3,20,82,1017,3.1,340,0
1985,7,5,21,0,0,0,22.8,20,84,1018,2.1,310,0
1985,7,5,22,0,0,0,21.7,18.9,84,1018,2.1,270,0
1985,7,5,23,0,0,0,21.7,18.3,81,1018,3.1,250,0
1985,7,6,0,0,0,0,21.1,17.8,81,1017,3.6,240,0
1985,7,6,1,0,0,0,20.6,18.9,90,1016,2.6,250,0
1985,7,6,2,0,0,0,20,18.3,90,1016,0,0,0
1985,7,6,3,0,0,0,20,18.9,93,1016,3.6,240,0
1985,7,6,4,0,0,0,20,18.3,90,1016,2.1,210,0
1985,7,6,5,5,9,3,19.4,17.8,90,1016,1.5,200,0
1985,7,6,6,92,320,43,19.4,17.8,90,1017,2.6,240,0
1985,7,6,7,262,510,71,21.7,18.9,84,1017,0,0,0
1985,7,6,8,515,794,52,25,20.6,76,1017,2.1,40,0
1985,7,6,9,579,562,153,25,20.6,76,1017,2.1,90,0
1985,7,6,10,845,888,53,27.2,19.4,63,1016,2.6,50,0
1985,7,6,11,998,941,81,27.2,20.6,67,1016,4.6,50,0
1985,7,6,12,952,898,56,27.2,21.1,69,1015,5.7,70,0
1985,7,6,13,859,694,190,27.2,20.6,67,1015,3.6,90,0
1985,7,6,14,749,668,166,27.2,21.1,69,1015,4.6,30,0
1985,7,6,15,603,588,173,25.6,20.6,74,1014,5.7,70,0
1985,7,6,16,337,285,181,26.7,20.6,69,1014,4.1,70,0
1985,7,6,17,159,24,151,25,21.1,79,1015,3.1,80,0
1985,7,6,18,23,16,21,22.8,21.7,94,1015,2.6,50,0
1985,7,6,19,0,0,0,22.8,21.7,94,1016,2.6,260,0
1985,7,6,20,0,0,0,22.8,21.7,94,1017,2.1,220,0
1985,7,6,21,0,0,0,22.8,21.1,90,1017,2.1,220,0
1985,7,6,22,0,0,0,22.8,21.1,90,1017,2.1,210,0
1985,7,6,23,0,0,0,22.2,20.6,90,1017,1.5,280,0
1985,7,7,0,0,0,0,22.2,20,87,1016,1.5,180,0
1985,7,7,1,0,0,0,21.7,20.6,93,1016,2.1,160,0
1985,7,7,2,0,0,0,21.7,20.6,93,1016,3.6,270,0
1985,7,7,3,0,0,0,21.1,20.6,97,1016,2.1,250,0
1985,7,7,4,0,0,0,21.1,20,93,1016,1.5,200,0
1985,7,7,5,2,0,2,21.1,20,93,1016,3.1,260,0
1985,7,7,6,46,5,46,21.7,20,90,1016,2.6,230,0
1985,7,7,7,219,185,150,23.9,20.6,82,1016,2.6,240,0
1985,7,7,8,212,29,195,25.6,21.1,77,1016,2.1,200,0
1985,7,7,9,300,2,298,26.1,20.6,72,1016,3.1,90,0
1985,7,7,10,344,15,331,26.7,20.6,69,1016,4.6,110,0
1985,7,7,11,392,6,386,26.7,21.7,74,1016,5.7,70,0
1985,7,7,12,466,8,458,26.1,21.7,77,1015,6.2,90,0
1985,7,7,13,408,2,406,26.1,21.7,77,1015,5.7,90,0
1985,7,7,14,471,77,404,26.1,21.7,77,1015,6.7,90,0
1985,7,7,15,301,11,293,25.6,21.7,79,1014,5.2,90,0
1985,7,7,16,254,28,239,25,21.1,79,1014,3.6,90,0
1985,7,7,17,119,5,118,25,21.1,79,1015,3.6,90,0
1985,7,7,18,28,0,27,24.4,21.1,82,1015,3.6,110,0
1985,7,7,19,0,0,0,23.9,21.1,85,1016,2.6,120,0
1985,7,7,20,0,0,0,23.9,20.6,82,1016,2.1,140,0
1985,7,7,21,0,0,0,23.3,21.1,87,1017,1.5,210,0
1985,7,7,22,0,0,0,22.8,20.6,87,1017,0,0,0
1985,7,7,23,0,0,0,23.3,21.1,87,1017,2.6,220,0
1985,7,8,0,0,0,0,22.8,21.1,90,1016,2.6,220,0
1985,7,8,1,0,0,0,22.2,20.6,90,1016,2.1,240,0
1985,7,8,2,0,0,0,22.2,20,87,1015,2.1,250,0
1985,7,8,3,0,0,0,22.2,19.4,84,1015,2.1,240,0
1985,7,8,4,0,0,0,21.7,19.4,87,1015,2.1,240,0
1985,7,8,5,5,11,3,21.7,18.9,84,1016,3.6,250,0
1985,7,8,6,68,76,57,22.8,18.9,79,1016,2.1,240,0
1985,7,8,7,212,216,132,25.6,20,72,1016,1.5,230,0
1985,7,8,8,361,336,166,26.1,20.6,72,1016,3.1,10,0
1985,7,8,9,367,205,212,25.6,20.6,74,1016,3.6,80,0
1985,7,8,10,703,518,240,25.6,21.1,77,1016,4.1,50,0
1985,7,8,11,877,690,205,27.2,21.1,69,1016,4.1,30,0
1985,7,8,12,909,635,275,27.8,20.6,65,1015,4.1,60,0
1985,7,8,13,804,641,186,27.2,21.1,69,1015,4.6,50,0
1985,7,8,14,824,806,120,27.2,21.1,69,1014,4.1,50,0
1985,7,8,15,521,306,297,26.1,21.1,74,1014,4.6,50,0
1985,7,8,16,434,599,106,26.7,21.7,74,1014,3.6,40,0
1985,7,8,17,224,343,109,25,20.6,76,1014,2.6,40,0
1985,7,8,18,44,0,44,24.4,20.6,79,1014,1.5,40,0
1985,7,8,19,0,0,0,23.9,20.6,82,1015,0,0,0
1985,7,8,20,0,0,0,23.3,21.1,87,1015,1.5,10,0
1985,7,8,21,0,0,0,22.8,21.7,94,1016,3.1,230,0
1985,7,8,22,0,0,0,22.8,21.7,94,1016,3.1,190,0
1985,7,8,23,0,0,0,22.2,20.6,90,1015,4.1,270,0
1985,7,9,0,0,0,0,21.1,20,93,1015,4.1,290,0
1985,7,9,1,0,0,0,21.1,20,93,1014,2.1,290,0
1985,7,9,2,0,0,0,21.1,20,93,1014,2.1,270,0
1985,7,9,3,0,0,0,21.1,20,93,1014,2.1,290,0
1985,7,9,4,0,0,0,21.1,20,93,1015,2.6,270,0
1985,7,9,5,2,6,1,21.1,20,93,1015,2.6,250,0
1985,7,9,6,43,2,42,21.7,20,90,1016,3.1,270,0
1985,7,9,7,76,5,75,22.2,19.4,84,1016,3.1,240,0
1985,7,9,8,207,7,204,23.9,20,79,1016,3.6,280,0
1985,7,9,9,430,167,303,25.6,20,72,1016,2.6,330,0
1985,7,9,10,490,153,354,26.1,21.1,74,1016,2.6,350,0
1985,7,9,11,718,355,372,26.7,20,67,1015,4.1,50,0
1985,7,9,12,567,184,383,26.7,20.6,69,1015,5.2,60,0
1985,7,9,13,921,791,158,27.2,20,65,1014,3.6,100,0
1985,7,9,14,674,564,181,27.2,20,65,1014,3.6,90,0
1985,7,9,15,515,433,198,26.7,20,67,1014,4.6,90,0
1985,7,9,16,425,575,109,26.1,20,69,1014,3.6,100,0
1985,7,9,17,253,595,52,25.6,20.6,74,1014,4.1,110,0
1985,7,9,18,51,169,31,23.9,20,79,1015,2.6,70,0
1985,7,9,19,0,0,0,23.3,20.6,85,1015,0,0,0
1985,7,9,20,0,0,0,23.3,20.6,85,1016,1.5,230,0
1985,7,9,21,0,0,0,22.2,20,87,1016,2.1,240,0
1985,7,9,22,0,0,0,22.2,20,87,1016,2.6,240,0
1985,7,9,23,0,0,0,22.2,18.9,82,1015,2.1,240,0
1985,7,10,0,0,0,0,21.1,19.4,90,1015,3.6,240,0
1985,7,10,1,0,0,0,21.1,19.4,90,1015,2.1,300,0
1985,7,10,2,0,0,0,21.1,19.4,90,1014,2.1,210,0
1985,7,10,3,0,0,0,21.1,18.9,87,1014,2.6,230,0
1985,7,10,4,0,0,0,21.1,18.3,84,1015,2.1,220,0
1985,7,10,5,0,0,0,21.1,18.3,84,1015,2.6,220,0
1985,7,10,6,88,204,58,21.1,18.9,87,1016,3.1,230,0
1985,7,10,7,166,53,147,24.4,19.4,74,1016,3.1,230,0
1985,7,10,8,343,123,272,25.6,20.6,74,1016,2.6,170,0
1985,7,10,9,390,85,325,26.1,21.1,74,1016,3.6,170,0
1985,7,10,10,619,215,428,26.1,20.6,72,1016,5.2,90,0
1985,7,10,11,386,56,332,27.8,21.7,69,1015,4.1,120,0
1985,7,10,12,614,194,420,27.8,20.6,65,1015,5.7,130,0
1985,7,10,13,672,273,409,27.8,21.1,67,1014,6.2,110,0
1985,7,10,14,548,228,349,27.2,20,65,1014,4.6,140,0
1985,7,10,15,351,152,240,26.7,21.1,72,1014,6.2,90,0
1985,7,10,16,470,624,128,26.7,21.1,72,1014,3.1,100,0
1985,7,10,17,186,230,109,26.7,20.6,69,1014,3.1,120,0
1985,7,10,18,54,229,26,25,20.6,76,1015,1.5,130,0
1985,7,10,19,0,0,0,23.3,20.6,85,1015,1.5,180,0
1985,7,10,20,0,0,0,23.3,20.6,85,1016,2.6,230,0
1985,7,10,21,0,0,0,22.2,19.4,84,1016,2.6,240,0
1985,7,10,22,0,0,0,21.7,18.9,84,1016,2.1,240,0
1985,7,10,23,0,0,0,21.1,17.8,81,1016,3.6,240,0
1985,7,11,0,0,0,0,21.7,16.7,73,1015,2.6,240,0
1985,7,11,1,0,0,0,20.6,15.6,73,1015,4.1,230,0
1985,7,11,2,0,0,0,20.6,15,71,1015,3.6,240,0
1985,7,11,3,0,0,0,21.1,16.1,73,1015,2.6,250,0
1985,7,11,4,0,0,0,20.6,16.7,79,1015,2.6,230,0
1985,7,11,5,1,2,1,20,16.7,81,1015,3.1,230,0
1985,7,11,6,50,20,47,21.1,17.8,81,1015,2.6,230,0
1985,7,11,7,181,127,134,24.4,20,76,1016,2.1,280,0
1985,7,11,8,441,463,173,26.7,20.6,69,1016,2.1,300,0
1985,7,11,9,622,546,209,26.1,20,69,1016,3.1,10,0
1985,7,11,10,811,700,187,27.8,20,63,1015,2.6,40,0
1985,7,11,11,928,766,182,27.8,20,63,1015,4.1,20,0
1985,7,11,12,950,832,119,27.2,18.3,58,1015,4.1,80,0
1985,7,11,13,974,870,135,27.2,18.9,60,1014,5.2,80,0
1985,7,11,14,827,805,124,27.2,18.9,60,1014,4.1,90,0
1985,7,11,15,675,743,132,27.2,20,65,1013,4.1,60,0
1985,7,11,16,442,558,136,26.7,20,67,1013,3.6,60,0
1985,7,11,17,250,478,89,26.1,20.6,72,1013,2.6,40,0
1985,7,11,18,48,85,38,24.4,20,76,1014,2.1,60,0
1985,7,11,19,0,0,0,24.4,20.6,79,1014,1.5,30,0
1985,7,11,20,0,0,0,23.9,20,79,1015,1.5,50,0
1985,7,11,21,0,0,0,23.3,20.6,85,1015,2.1,260,0
1985,7,11,22,0,0,0,22.8,18.3,76,1015,3.1,250,0
1985,7,11,23,0,0,0,21.1,16.7,76,1015,3.1,230,0
1985,7,12,0,0,0,0,20.6,16.7,79,1014,2.6,240,0
1985,7,12,1,0,0,0,20.6,17.2,81,1013,3.1,230,0
1985,7,12,2,0,0,0,20,15.6,76,1013,4.1,230,0
1985,7,12,3,0,0,0,19.4,13.9,70,1013,3.6,230,0
1985,7,12,4,0,0,0,19.4,14.4,73,1013,4.1,240,0
1985,7,12,5,1,0,1,20,15,73,1013,3.6,240,0
1985,7,12,6,75,238,40,21.7,16.1,71,1014,3.1,240,0
1985,7,12,7,95,73,68,22.8,17.8,74,1014,5.2,80,0
1985,7,12,8,225,2,224,23.3,21.7,90,1015,1.5,210,0
1985,7,12,9,309,6,304,24.4,20,76,1015,3.6,260,0
1985,7,12,10,396,92,313,26.7,21.7,74,1014,3.1,260,0
1985,7,12,11,601,187,419,27.2,20.6,67,1014,2.1,300,0
1985,7,12,12,748,343,406,27.8,19.4,61,1014,2.6,100,0
1985,7,12,13,503,123,384,27.2,21.1,69,1013,3.1,70,0
1985,7,12,14,699,542,225,27.8,21.1,67,1013,4.1,10,0
1985,7,12,15,587,516,209,27.2,20.6,67,1012,3.6,40,0
1985,7,12,16,417,451,170,26.7,19.4,65,1013,3.1,110,0
1985,7,12,17,187,247,103,25.6,20,72,1013,3.1,110,0
1985,7,12,18,43,30,40,24.4,20.6,79,1014,0,0,0
1985,7,12,19,0,0,0,23.3,20.6,85,1014,0,0,0
1985,7,12,20,0,0,0,22.8,20.6,87,1015,2.1,230,0
1985,7,12,21,0,0,0,22.2,20,87,1015,3.1,230,0
1985,7,12,22,0,0,0,21.7,18.9,84,1015,2.6,230,0
1985,7,12,23,0,0,0,21.1,17.8,81,1015,3.1,240,0
1985,7,13,0,0,0,0,20.6,17.8,84,1014,3.6,230,0
1985,7,13,1,0,0,0,20,17.2,84,1014,2.6,210,0
1985,7,13,2,0,0,0,20,16.7,81,1014,3.1,230,0
1985,7,13,3,0,0,0,20,15.6,76,1014,3.6,230,0
1985,7,13,4,0,0,0,20,16.1,78,1014,4.1,230,0
1985,7,13,5,4,2,4,20.6,16.1,76,1014,3.6,230,0
1985,7,13,6,78,261,40,22.8,16.7,69,1015,3.6,240,0
1985,7,13,7,242,438,80,26.1,18.3,62,1015,1.5,260,0
1985,7,13,8,448,538,138,26.7,20.6,69,1016,2.1,120,0
1985,7,13,9,575,500,198,27.8,19.4,61,1015,3.6,100,0
1985,7,13,10,786,644,213,27.8,21.7,69,1015,5.7,80,0
1985,7,13,11,966,864,125,28.3,19.4,59,1015,3.6,80,0
1985,7,13,12,738,492,247,28.9,20.6,61,1015,5.2,70,0
1985,7,13,13,785,586,219,28.9,20,59,1014,4.1,110,0
1985,7,13,14,807,777,127,28.3,20.6,63,1014,5.2,80,0
1985,7,13,15,673,818,74,28.3,20,61,1014,4.6,120,0
1985,7,13,16,471,671,103,27.2,21.7,72,1014,4.1,100,0
1985,7,13,17,187,144,138,26.1,21.1,74,1014,3.1,80,0
1985,7,13,18,54,25,51,25.6,21.7,79,1015,2.6,90,0
1985,7,13,19,0,0,0,24.4,21.1,82,1015,1.5,90,0
1985,7,13,20,0,0,0,23.9,21.7,87,1016,2.1,280,0
1985,7,13,21,0,0,0,23.9,22.2,90,1016,2.6,220,0
1985,7,13,22,0,0,0,23.3,21.7,90,1016,2.6,240,0
1985,7,13,23,0,0,0,23.3,20,82,1016,2.6,220,0
1985,7,14,0,0,0,0,23.3,20.6,85,1015,3.6,240,0
1985,7,14,1,0,0,0,22.8,20,84,1015,2.6,230,0
1985,7,14,2,0,0,0,22.8,18.9,79,1015,2.1,190,0
1985,7,14,3,0,0,0,22.8,18.3,76,1015,3.1,240,0
1985,7,14,4,0,0,0,22.2,18.3,79,1015,2.6,260,0
1985,7,14,5,3,4,3,22.2,18.3,79,1015,3.6,240,0
1985,7,14,6,70,142,49,22.8,17.8,74,1016,3.1,240,0
1985,7,14,7,283,547,82,25.6,20.6,74,1016,1.5,270,0
1985,7,14,8,468,528,163,26.7,20.6,69,1016,2.6,340,0
1985,7,14,9,699,712,162,27.2,21.7,72,1016,3.6,50,0
1985,7,14,10,824,787,124,27.8,20,63,1016,4.1,50,0
1985,7,14,11,805,574,247,28.3,20,61,1016,4.1,60,0
1985,7,14,12,818,463,355,28.3,20.6,63,1015,3.6,40,0
1985,7,14,13,753,528,244,26.7,20.6,69,1015,5.2,90,0
1985,7,14,14,723,557,235,27.8,21.1,67,1014,4.6,60,0
1985,7,14,15,557,510,184,27.8,21.7,69,1015,4.6,50,0
1985,7,14,16,442,630,96,27.2,21.1,69,1014,5.7,60,0
1985,7,14,17,211,224,135,26.1,21.1,74,1014,3.6,90,0
1985,7,14,18,66,249,37,25,20.6,76,1015,2.6,80,0
1985,7,14,19,0,0,0,23.9,20.6,82,1016,2.6,70,0
1985,7,14,20,0,0,0,23.9,20.6,82,1016,2.1,210,0
1985,7,14,21,0,0,0,23.9,20.6,82,1017,1.5,130,0
1985,7,14,22,0,0,0,23.9,21.1,85,1017,2.1,230,0
1985,7,14,23,0,0,0,23.3,20.6,85,1016,2.6,250,0
1985,7,15,0,0,0,0,22.8,19.4,82,1016,3.6,240,0
1985,7,15,1,0,0,0,21.1,17.8,81,1015,3.1,230,0
1985,7,15,2,0,0,0,21.1,17.8,81,1015,3.1,220,0
1985,7,15,3,0,0,0,21.1,17.2,79,1014,3.6,240,0
1985,7,15,4,0,0,0,20.6,16.7,79,1014,2.6,220,0
1985,7,15,5,0,0,0,20,17.2,84,1015,3.1,280,0
1985,7,15,6,87,337,39,21.7,18.9,84,1015,2.1,210,0
1985,7,15,7,289,628,59,24.4,20.6,79,1015,2.1,320,0
1985,7,15,8,390,370,178,25.6,21.1,77,1016,3.6,10,0
1985,7,15,9,367,89,300,26.1,22.8,82,1015,2.6,10,0
1985,7,15,10,865,728,218,27.2,22.8,77,1015,4.1,50,0
1985,7,15,11,498,94,407,26.7,21.7,74,1015,3.1,90,0
1985,7,15,12,646,279,368,27.2,22.2,74,1015,3.1,40,0
1985,7,15,13,657,252,413,27.8,22.2,72,1014,4.6,50,0
1985,7,15,14,739,516,288,27.8,22.8,74,1014,3.6,30,0
1985,7,15,15,352,130,256,26.1,22.8,82,1014,3.6,20,0
1985,7,15,16,123,12,117,25,22.2,85,1013,3.1,70,0
1985,7,15,17,102,7,100,25.6,21.1,77,1013,2.6,10,0
1985,7,15,18,16,5,15,22.8,21.7,94,1014,0,0,0
1985,7,15,19,0,0,0,22.8,22.2,97,1015,2.6,270,0
1985,7,15,20,0,0,0,22.8,21.7,94,1015,2.6,250,0
1985,7,15,21,0,0,0,22.8,21.7,94,1016,2.1,280,0
1985,7,15,22,0,0,0,22.8,22.2,97,1016,2.6,230,0
1985,7,15,23,0,0,0,22.8,21.7,94,1015,1.5,220,0
1985,7,16,0,0,0,0,22.2,21.7,97,1014,1.5,250,0
1985,7,16,1,0,0,0,21.1,20.6,97,1014,3.1,240,0
1985,7,16,2,0,0,0,20.6,19.4,93,1013,3.1,240,0
1985,7,16,3,0,0,0,21.1,19.4,90,1013,2.1,220,0
1985,7,16,4,0,0,0,20.6,18.9,90,1014,2.6,230,0
1985,7,16,5,4,10,2,20.6,18.9,90,1014,3.1,230,0
1985,7,16,6,88,339,41,20.6,18.3,87,1014,3.1,240,0
1985,7,16,7,311,705,53,24.4,21.1,82,1014,2.1,90,0
1985,7,16,8,479,633,116,26.1,22.2,79,1015,2.6,300,0
1985,7,16,9,630,596,181,26.7,22.8,79,1015,3.6,200,0
1985,7,16,10,691,431,308,27.8,23.3,77,1014,3.1,50,0
1985,7,16,11,636,412,235,27.8,23.3,77,1014,5.2,80,0
1985,7,16,12,270,14,256,24.4,22.8,91,1014,3.6,80,0
1985,7,16,13,603,359,256,26.7,22.8,79,1013,2.6,300,0
1985,7,16,14,826,697,216,27.2,22.8,77,1013,5.2,110,0
1985,7,16,15,449,246,269,27.2,23.3,79,1012,5.2,90,0
1985,7,16,16,276,140,199,26.7,22.8,79,1013,2.6,90,0
1985,7,16,17,153,35,141,25.6,23.3,88,1013,3.1,120,0
1985,7,16,18,47,56,41,25.6,22.8,85,1013,2.6,190,0
1985,7,16,19,0,0,0,25,22.2,85,1014,2.1,160,0
1985,7,16,20,0,0,0,24.4,22.8,91,1014,2.6,160,0
1985,7,16,21,0,0,0,23.9,22.2,90,1015,3.1,200,0
1985,7,16,22,0,0,0,23.9,21.7,87,1016,2.1,160,0
1985,7,16,23,0,0,0,23.3,21.1,87,1015,2.6,190,0
1985,7,17,0,0,0,0,23.3,21.7,90,1015,3.6,180,0
1985,7,17,1,0,0,0,22.8,21.7,94,1015,2.6,210,0
1985,7,17,2,0,0,0,22.8,21.7,94,1014,2.6,190,0
1985,7,17,3,0,0,0,22.8,21.7,94,1014,2.1,190,0
1985,7,17,4,0,0,0,22.8,21.1,90,1015,2.1,200,0
1985,7,17,5,3,3,2,22.2,21.1,94,1015,2.1,210,0
1985,7,17,6,24,35,19,22.2,20.6,90,1015,1.5,230,0
1985,7,17,7,76,0,76,24.4,22.2,88,1015,2.1,220,0
1985,7,17,8,254,20,242,25,23.3,91,1016,3.6,220,0
1985,7,17,9,183,13,173,25.6,23.9,91,1016,2.1,180,0
1985,7,17,10,822,696,203,27.2,22.8,77,1016,5.2,120,0
1985,7,17,11,862,596,281,28.3,22.8,72,1015,7.2,120,0
1985,7,17,12,751,468,284,28.3,22.8,72,1015,7.7,100,0
1985,7,17,13,551,258,302,27.8,22.8,74,1015,6.2,120,0
1985,7,17,14,563,270,327,26.7,22.2,77,1015,6.2,80,0
1985,7,17,15,606,586,176,27.2,22.8,77,1015,5.2,80,0
1985,7,17,16,311,178,213,26.1,22.2,79,1015,5.2,80,0
1985,7,17,17,147,51,130,25.6,22.2,82,1015,2.6,80,0
1985,7,17,18,25,20,23,25.6,22.2,82,1015,2.1,50,0
1985,7,17,19,0,0,0,23.9,21.7,87,1016,0,0,0
1985,7,17,20,0,0,0,23.9,22.8,94,1016,1.5,260,0
1985,7,17,21,0,0,0,23.9,22.8,94,1017,1.5,250,0
1985,7,17,22,0,0,0,23.3,22.2,94,1017,2.6,170,0
1985,7,17,23,0,0,0,23.3,22.2,94,1017,2.6,260,0
1985,7,18,0,0,0,0,22.8,21.7,94,1016,2.6,330,0
1985,7,18,1,0,0,0,22.8,22.2,97,1016,2.1,250,0
1985,7,18,2,0,0,0,22.8,22.2,97,1015,0,0,0
1985,7,18,3,0,0,0,23.3,22.2,94,1015,1.5,140,0
1985,7,18,4,0,0,0,23.3,22.2,94,1015,0,0,0
1985,7,18,5,0,1,0,23.3,21.7,90,1016,1.5,240,0
1985,7,18,6,45,19,43,23.9,22.2,90,1016,3.6,90,0
1985,7,18,7,118,7,115,24.4,22.2,88,1017,3.6,80,0
1985,7,18,8,312,119,244,25,21.1,79,1017,3.1,140,0
1985,7,18,9,246,14,236,25.6,21.7,79,1017,3.6,20,0
1985,7,18,10,335,1,335,26.7,21.7,74,1017,2.1,20,0
1985,7,18,11,375,0,375,28.3,22.2,70,1016,2.1,350,0
1985,7,18,12,436,3,433,27.2,21.7,72,1016,3.6,40,0
1985,7,18,13,246,8,238,26.1,22.8,82,1016,3.6,10,0
1985,7,18,14,320,90,241,26.7,21.1,72,1015,5.2,90,0
1985,7,18,15,434,197,290,26.7,20.6,69,1015,5.7,120,0
1985,7,18,16,363,254,224,26.1,20,69,1015,3.6,90,0
1985,7,18,17,141,108,105,25.6,21.1,77,1015,2.6,60,0
1985,7,18,18,35,20,33,25,21.1,79,1016,2.6,80,0
1985,7,18,19,0,0,0,24.4,20.6,79,1017,1.5,60,0
1985,7,18,20,0,0,0,23.9,20.6,82,1017,0,0,0
1985,7,18,21,0,0,0,23.9,21.1,85,1017,2.6,220,0
1985,7,18,22,0,0,0,23.3,21.7,90,1018,2.1,210,0
1985,7,18,23,0,0,0,22.8,21.1,90,1018,2.6,240,0
1985,7,19,0,0,0,0,22.8,20.6,87,1017,1.5,260,0
1985,7,19,1,0,0,0,22.2,21.1,94,1017,2.1,250,0
1985,7,19,2,0,0,0,22.2,20.6,90,1016,3.6,230,0
1985,7,19,3,0,0,0,22.2,20.6,90,1016,2.1,250,0
1985,7,19,4,0,0,0,22.8,21.1,90,1017,2.6,240,0
1985,7,19,5,1,0,1,22.8,20.6,87,1017,1.5,100,0
1985,7,19,6,50,4,49,23.3,20.6,85,1017,1.5,200,0
1985,7,19,7,216,154,161,25.6,20.6,74,1018,3.6,60,0
1985,7,19,8,341,196,229,25.6,20,72,1018,3.6,50,0
1985,7,19,9,403,114,317,26.7,20,67,1018,3.6,50,0
1985,7,19,10,467,90,387,26.1,19.4,67,1018,3.1,60,0
1985,7,19,11,820,657,181,27.2,20,65,1017,4.1,70,0
1985,7,19,12,952,737,215,27.2,19.4,63,1017,4.1,40,0
1985,7,19,13,842,658,206,27.8,19.4,61,1017,4.1,70,0
1985,7,19,14,832,858,81,27.2,19.4,63,1016,4.6,20,0
1985,7,19,15,669,820,68,26.7,20,67,1016,3.1,20,0
1985,7,19,16,472,723,75,26.7,19.4,65,1016,3.6,40,0
1985,7,19,17,259,619,52,25.6,18.3,64,1017,2.6,20,0
1985,7,19,18,66,339,26,23.9,18.3,71,1017,1.5,10,0
1985,7,19,19,0,0,0,23.3,19.4,79,1018,3.6,280,0
1985,7,19,20,0,0,0,23.3,18.9,76,1018,2.6,230,0
1985,7,19,21,0,0,0,22.2,17.8,76,1019,3.1,250,0
1985,7,19,22,0,0,0,21.7,18.3,81,1019,3.1,240,0
1985,7,19,23,0,0,0,21.7,18.3,81,1018,3.1,250,0
1985,7,20,0,0,0,0,21.1,17.8,81,1018,3.6,230,0
1985,7,20,1,0,0,0,21.1,17.2,79,1017,2.6,240,0
1985,7,20,2,0,0,0,21.1,16.7,76,1017,2.1,250,0
1985,7,20,3,0,0,0,20.6,16.1,76,1017,2.6,240,0
1985,7,20,4,0,0,0,20.6,15.6,73,1017,3.1,250,0
1985,7,20,5,1,0,1,20.6,15,71,1017,3.1,230,0
1985,7,20,6,57,46,51,19.4,18.9,97,1018,2.6,220,0
1985,7,20,7,223,379,86,22.8,19.4,82,1018,2.6,260,0
1985,7,20,8,198,132,122,23.3,20,82,1018,5.2,340,0
1985,7,20,9,561,349,299,25.6,18.9,67,1018,2.6,300,0
1985,7,20,10,743,630,183,26.7,19.4,65,1018,3.6,300,0
1985,7,20,11,798,521,291,27.2,20,65,1017,4.1,360,0
1985,7,20,12,864,619,246,26.7,20.6,69,1017,3.1,340,0
1985,7,20,13,939,823,144,27.2,20,65,1016,3.6,10,0
1985,7,20,14,736,688,133,26.7,20.6,69,1016,3.6,30,0
1985,7,20,15,610,620,155,26.7,19.4,65,1016,3.6,50,0
1985,7,20,16,462,569,150,25.6,19.4,69,1016,3.6,40,0
1985,7,20,17,157,224,82,25.6,18.9,67,1016,3.6,30,0
1985,7,20,18,64,274,32,24.4,18.9,71,1016,2.6,20,0
1985,7,20,19,0,0,0,23.9,19.4,76,1016,2.6,320,0
1985,7,20,20,0,0,0,22.8,20,84,1017,0,0,0
1985,7,20,21,0,0,0,22.2,19.4,84,1017,3.1,290,0
1985,7,20,22,0,0,0,22.2,20,87,1017,2.6,240,0
1985,7,20,23,0,0,0,21.7,20,90,1017,3.6,280,0
1985,7,21,0,0,0,0,21.1,19.4,90,1016,3.6,240,0
1985,7,21,1,0,0,0,20.6,18.9,90,1016,1.5,200,0
1985,7,21,2,0,0,0,20.6,18.9,90,1016,3.1,250,0
1985,7,21,3,0,0,0,20.6,18.9,90,1016,5.2,240,0
1985,7,21,4,0,0,0,20.6,18.3,87,1016,4.1,260,0
1985,7,21,5,3,2,2,20.6,18.3,87,1016,3.6,280,0
1985,7,21,6,68,91,55,21.1,18.3,84,1016,3.1,250,0
1985,7,21,7,210,253,119,22.2,19.4,84,1017,2.6,210,0
1985,7,21,8,466,653,94,24.4,18.9,71,1017,3.6,300,0
1985,7,21,9,657,678,148,25.6,20,72,1017,2.1,290,0
1985,7,21,10,790,623,236,26.1,20,69,1016,3.6,350,0
1985,7,21,11,605,176,434,26.1,20,69,1016,4.1,20,0
1985,7,21,12,828,595,233,26.1,21.1,74,1016,5.2,30,0
1985,7,21,13,916,805,137,26.7,20.6,69,1015,5.7,60,0
1985,7,21,14,696,495,263,26.1,21.1,74,1015,4.6,90,0
1985,7,21,15,265,60,221,22.8,21.1,90,1015,2.6,250,0
1985,7,21,16,116,9,111,22.2,20.6,90,1015,2.6,260,0
1985,7,21,17,74,1,74,22.2,20,87,1015,3.6,90,0
1985,7,21,18,36,6,36,21.7,20,90,1015,3.6,270,0
1985,7,21,19,0,0,0,21.7,20.6,93,1016,0,0,0
1985,7,21,20,0,0,0,21.7,20.6,93,1016,3.1,240,0
1985,7,21,21,0,0,0,21.1,19.4,90,1017,3.6,240,0
1985,7,21,22,0,0,0,21.1,19.4,90,1016,4.1,270,0
1985,7,21,23,0,0,0,21.1,18.9,87,1016,3.6,240,0
1985,7,22,0,0,0,0,21.1,19.4,90,1015,3.6,260,0
1985,7,22,1,0,0,0,21.1,18.9,87,1015,3.1,160,0
1985,7,22,2,0,0,0,20.6,18.9,90,1015,2.6,250,0
1985,7,22,3,0,0,0,20.6,18.9,90,1014,2.1,200,0
1985,7,22,4,0,0,0,20,18.3,90,1014,2.6,230,0
1985,7,22,5,1,1,1,20,18.3,90,1015,2.1,210,0
1985,7,22,6,62,131,44,20.6,18.9,90,1015,2.1,210,0
1985,7,22,7,234,265,139,22.8,20.6,87,1015,1.5,240,0
1985,7,22,8,433,449,177,24.4,19.4,74,1015,2.1,320,0
1985,7,22,9,664,698,140,26.1,20,69,1015,3.6,60,0
1985,7,22,10,878,867,109,26.7,19.4,65,1015,3.6,70,0
1985,7,22,11,855,681,192,26.7,20.6,69,1015,3.1,80,0
1985,7,22,12,833,626,206,27.2,21.1,69,1015,4.6,40,0
1985,7,22,13,825,660,187,27.8,20,63,1014,4.1,40,0
1985,7,22,14,817,748,162,27.2,20.6,67,1014,5.2,40,0
1985,7,22,15,519,361,254,27.2,20.6,67,1014,4.1,60,0
1985,7,22,16,362,328,183,26.1,20.6,72,1014,3.6,40,0
1985,7,22,17,225,362,104,26.1,21.1,74,1014,2.6,30,0
1985,7,22,18,48,111,35,23.9,18.3,71,1015,0,0,0
1985,7,22,19,0,0,0,21.7,20,90,1015,3.6,360,0
1985,7,22,20,0,0,0,22.2,19.4,84,1016,3.1,260,0
1985,7,22,21,0,0,0,22.2,19.4,84,1016,3.1,240,0
1985,7,22,22,0,0,0,21.7,19.4,87,1016,3.6,240,0
1985,7,22,23,0,0,0,21.1,18.3,84,1016,3.1,250,0
1985,7,23,0,0,0,0,21.7,18.3,81,1015,2.6,250,0
1985,7,23,1,0,0,0,21.1,18.9,87,1014,2.1,230,0
1985,7,23,2,0,0,0,20.6,18.3,87,1014,2.6,230,0
1985,7,23,3,0,0,0,20.6,18.3,87,1014,1.5,230,0
1985,7,23,4,0,0,0,19.4,18.3,93,1014,1.5,180,0
1985,7,23,5,3,12,1,19.4,17.8,90,1014,3.6,240,0
1985,7,23,6,59,161,38,20.6,18.3,87,1015,3.6,240,0
1985,7,23,7,205,174,142,22.8,19.4,82,1015,1.5,180,0
1985,7,23,8,321,264,171,25,20.6,76,1015,2.1,330,0
1985,7,23,9,470,264,272,26.1,20.6,72,1015,2.1,300,0
1985,7,23,10,481,99,393,26.1,19.4,67,1015,3.6,20,0
1985,7,23,11,774,537,251,26.7,20.6,69,1015,2.6,20,0
1985,7,23,12,808,528,281,27.2,20.6,67,1014,3.6,80,0
1985,7,23,13,721,479,258,27.2,21.1,69,1014,3.1,30,0
1985,7,23,14,696,484,272,27.2,21.1,69,1014,4.1,90,0
1985,7,23,15,472,177,342,24.4,20,76,1013,6.2,70,0
1985,7,23,16,407,423,176,26.1,18.3,62,1013,2.1,60,0
1985,7,23,17,97,8,94,23.3,20,82,1014,5.7,80,0
1985,7,23,18,22,5,22,22.2,21.1,94,1015,2.6,310,0
1985,7,23,19,0,0,0,22.2,20.6,90,1015,4.1,250,0
1985,7,23,20,0,0,0,22.8,20,84,1015,2.1,340,0
1985,7,23,21,0,0,0,22.8,20,84,1015,3.1,290,0
1985,7,23,22,0,0,0,22.2,20.6,90,1016,3.1,280,0
1985,7,23,23,0,0,0,21.1,20,93,1015,3.6,260,0
1985,7,24,0,0,0,0,21.7,20.6,93,1015,3.1,260,0
1985,7,24,1,0,0,0,21.7,20,90,1014,2.6,270,0
1985,7,24,2,0,0,0,21.7,18.9,84,1014,3.1,270,0
1985,7,24,3,0,0,0,21.7,19.4,87,1013,3.1,230,0
1985,7,24,4,0,0,0,21.1,20,93,1014,2.1,60,0
1985,7,24,5,1,0,1,21.7,21.1,97,1014,0,0,0
1985,7,24,6,40,4,39,21.7,20.6,93,1015,2.1,260,0
1985,7,24,7,71,0,71,22.2,21.1,94,1015,2.6,220,0
1985,7,24,8,327,124,256,23.3,22.8,97,1015,4.1,280,0
1985,7,24,9,429,212,270,25.6,21.7,79,1015,3.1,300,0
1985,7,24,10,748,603,213,26.7,21.7,74,1015,1.5,10,0
1985,7,24,11,646,280,373,27.2,21.7,72,1014,3.6,60,0
1985,7,24,12,895,672,223,27.8,22.2,72,1014,5.2,100,0
1985,7,24,13,913,692,245,27.8,22.8,74,1014,4.1,50,0
1985,7,24,14,820,771,145,27.8,21.1,67,1013,4.6,100,0
1985,7,24,15,694,800,109,27.8,21.7,69,1013,4.6,110,0
1985,7,24,16,378,377,171,26.7,21.7,74,1013,4.6,110,0
1985,7,24,17,165,147,116,26.1,22.2,79,1014,3.1,100,0
1985,7,24,18,51,114,38,24.4,22.2,88,1014,2.6,110,0
1985,7,24,19,0,0,0,25,22.2,85,1015,2.6,130,0
1985,7,24,20,0,0,0,24.4,22.2,88,1015,2.1,190,0
1985,7,24,21,0,0,0,24.4,21.7,85,1015,2.1,200,0
1985,7,24,22,0,0,0,23.9,22.2,90,1015,3.6,240,0
1985,7,24,23,0,0,0,23.3,21.7,90,1015,3.6,270,0
1985,7,25,0,0,0,0,23.3,21.7,90,1015,2.6,230,0
1985,7,25,1,0,0,0,22.8,21.7,94,1014,1.5,360,0
1985,7,25,2,0,0,0,22.8,21.7,94,1014,2.6,230,0
1985,7,25,3,0,0,0,22.8,21.7,94,1014,2.6,230,0
1985,7,25,4,0,0,0,22.2,21.7,97,1014,2.1,110,0
1985,7,25,5,1,1,1,22.2,21.1,94,1015,3.1,270,0
1985,7,25,6,26,12,25,21.7,20.6,93,1015,3.6,300,0
1985,7,25,7,120,6,118,21.7,20.6,93,1016,3.6,250,0
1985,7,25,8,181,2,180,24.4,22.2,88,1016,4.6,340,0
1985,7,25,9,338,96,267,25.6,22.8,85,1016,2.6,40,0
1985,7,25,10,706,452,305,27.2,21.7,72,1016,3.6,70,0
1985,7,25,11,294,74,222,25.6,21.7,79,1016,5.7,110,0
1985,7,25,12,198,15,183,25.6,22.2,82,1016,4.1,30,0
1985,7,25,13,229,18,212,22.8,21.7,94,1015,3.6,270,0
1985,7,25,14,526,161,385,23.3,21.7,90,1015,3.1,300,0
1985,7,25,15,131,7,126,23.9,21.1,85,1015,2.1,160,0
1985,7,25,16,114,10,109,23.9,22.2,90,1015,3.6,280,0
1985,7,25,17,59,2,58,23.3,21.7,90,1016,4.1,280,0
1985,7,25,18,19,1,19,23.9,21.7,87,1016,2.6,290,0
1985,7,25,19,0,0,0,22.8,21.7,94,1017,3.6,250,0
1985,7,25,20,0,0,0,22.2,21.1,94,1017,3.1,250,0
1985,7,25,21,0,0,0,22.8,21.1,90,1017,2.6,220,0
1985,7,25,22,0,0,0,22.2,20.6,90,1017,2.1,240,0
1985,7,25,23,0,0,0,22.2,20.6,90,1017,1.5,170,0
1985,7,26,0,0,0,0,21.7,20.6,93,1016,2.1,230,0
1985,7,26,1,0,0,0,21.7,20,90,1016,3.1,230,0
1985,7,26,2,0,0,0,21.7,20,90,1015,2.6,230,0
1985,7,26,3,0,0,0,21.7,20,90,1015,3.1,230,0
1985,7,26,4,0,0,0,21.7,20,90,1015,2.6,240,0
1985,7,26,5,1,0,1,21.7,20,90,1015,2.1,230,0
1985,7,26,6,28,3,27,22.2,20,87,1016,2.1,170,0
1985,7,26,7,84,0,83,22.2,21.7,97,1017,1.5,130,0
1985,7,26,8,228,3,226,22.2,21.7,97,1017,4.1,260,0
1985,7,26,9,321,0,321,24.4,21.1,82,1017,4.1,280,0
1985,7,26,10,269,0,269,22.8,21.7,94,1018,3.1,310,0
1985,7,26,11,281,0,281,22.8,21.7,94,1017,2.6,310,0
1985,7,26,12,577,115,463,24.4,22.2,88,1017,3.6,290,0
1985,7,26,13,345,29,317,26.1,22.2,79,1016,3.1,300,0
1985,7,26,14,252,12,241,25.6,22.2,82,1016,3.6,10,0
1985,7,26,15,323,0,323,25.6,22.8,85,1015,2.6,320,0
1985,7,26,16,121,7,117,22.8,21.1,90,1015,3.1,50,0
1985,7,26,17,122,6,120,23.3,20.6,85,1016,3.6,270,0
1985,7,26,18,36,2,36,23.3,20.6,85,1016,2.6,250,0
1985,7,26,19,0,0,0,23.3,21.1,87,1017,2.6,270,0
1985,7,26,20,0,0,0,22.8,21.1,90,1017,2.1,260,0
1985,7,26,21,0,0,0,22.2,21.1,94,1017,2.1,260,0
1985,7,26,22,0,0,0,21.7,20.6,93,1017,2.6,230,0
1985,7,26,23,0,0,0,21.7,20.6,93,1017,2.1,230,0
1985,7,27,0,0,0,0,21.7,20.6,93,1017,2.6,230,0
1985,7,27,1,0,0,0,21.1,20.6,97,1016,2.6,250,0
1985,7,27,2,0,0,0,21.1,20,93,1015,2.6,90,0
1985,7,27,3,0,0,0,21.1,20.6,97,1015,3.6,240,0
1985,7,27,4,0,0,0,20.6,20.6,100,1015,3.1,230,0
1985,7,27,5,0,0,0,20.6,19.4,93,1016,3.1,280,0
1985,7,27,6,39,0,39,21.7,19.4,87,1016,2.6,270,0
1985,7,27,7,135,0,135,22.8,20.6,87,1016,2.1,10,0
1985,7,27,8,321,207,203,23.9,20.6,82,1017,3.1,300,0
1985,7,27,9,594,506,215,26.1,21.1,74,1016,4.1,340,0
1985,7,27,10,920,825,188,26.7,21.7,74,1016,3.1,360,0
1985,7,27,11,854,651,221,26.7,21.7,74,1015,2.6,40,0
1985,7,27,12,928,737,191,26.7,21.1,72,1015,4.1,40,0
1985,7,27,13,898,722,200,26.7,20.6,69,1014,3.6,10,0
1985,7,27,14,708,575,205,27.2,21.7,72,1014,4.1,70,0
1985,7,27,15,602,580,178,26.7,21.7,74,1014,3.6,60,0
1985,7,27,16,452,559,147,26.1,20,69,1014,3.6,50,0
1985,7,27,17,220,268,131,25,20.6,76,1014,2.1,70,0
1985,7,27,18,51,132,35,23.9,20,79,1015,2.1,60,0
1985,7,27,19,0,0,0,23.3,20,82,1015,1.5,30,0
1985,7,27,20,0,0,0,23.9,20.6,82,1015,0,0,0
1985,7,27,21,0,0,0,23.9,20.6,82,1016,1.5,100,0
1985,7,27,22,0,0,0,23.3,20.6,85,1016,2.6,270,0
1985,7,27,23,0,0,0,22.8,20.6,87,1016,3.6,260,0
1985,7,28,0,0,0,0,21.7,20,90,1015,4.1,250,0
1985,7,28,1,0,0,0,21.1,19.4,90,1015,4.1,240,0
1985,7,28,2,0,0,0,21.1,19.4,90,1015,3.6,250,0
1985,7,28,3,0,0,0,21.1,20,93,1014,2.6,260,0
1985,7,28,4,0,0,0,21.1,20,93,1014,2.6,40,0
1985,7,28,5,2,2,1,21.7,20.6,93,1015,3.1,250,0
1985,7,28,6,51,69,42,22.2,20,87,1015,3.1,240,0
1985,7,28,7,71,12,67,22.2,21.1,94,1016,1.5,110,0
1985,7,28,8,216,8,212,22.8,22.2,97,1016,2.6,280,0
1985,7,28,9,351,123,260,24.4,20,76,1016,2.1,40,0
1985,7,28,10,464,68,403,25.6,21.1,77,1016,2.6,300,0
1985,7,28,11,679,259,426,25.6,20.6,74,1016,3.1,290,0
1985,7,28,12,295,13,282,23.9,21.1,85,1016,2.1,20,0
1985,7,28,13,553,193,366,25.6,21.1,77,1015,2.6,10,0
1985,7,28,14,561,283,314,23.3,22.2,94,1015,2.6,310,0
1985,7,28,15,266,106,189,25.6,21.1,77,1014,2.6,40,0
1985,7,28,16,294,111,233,25.6,21.7,79,1014,2.6,360,0
1985,7,28,17,172,165,117,24.4,20.6,79,1015,2.6,300,0
1985,7,28,18,40,26,36,23.9,21.1,85,1015,2.6,290,0
1985,7,28,19,0,0,0,23.3,20.6,85,1016,3.1,280,0
1985,7,28,20,0,0,0,22.8,20,84,1016,1.5,200,0
1985,7,28,21,0,0,0,21.7,19.4,87,1017,1.5,190,0
1985,7,28,22,0,0,0,21.7,20,90,1017,0,0,0
1985,7,28,23,0,0,0,21.7,20,90,1016,1.5,280,0
1985,7,29,0,0,0,0,21.1,19.4,90,1016,3.1,250,0
1985,7,29,1,0,0,0,20.6,20,97,1015,0,0,0
1985,7,29,2,0,0,0,21.7,20.6,93,1015,3.1,300,0
1985,7,29,3,0,0,0,22.2,19.4,84,1015,2.1,320,0
1985,7,29,4,0,0,0,21.1,19.4,90,1015,2.1,300,0
1985,7,29,5,0,0,0,22.8,19.4,82,1015,5.2,360,0
1985,7,29,6,55,119,40,23.3,19.4,79,1016,3.1,330,0
1985,7,29,7,236,319,124,23.9,19.4,76,1016,3.1,320,0
1985,7,29,8,423,448,170,25.6,19.4,69,1016,4.6,350,0
1985,7,29,9,351,139,247,25,20,74,1016,4.1,360,0
1985,7,29,10,819,727,175,25,20.6,76,1016,3.1,310,0
1985,7,29,11,763,399,374,26.7,20,67,1016,4.6,350,0
1985,7,29,12,933,692,241,27.2,20.6,67,1015,5.7,360,0
1985,7,29,13,701,433,282,27.2,19.4,63,1015,4.1,20,0
1985,7,29,14,638,367,317,26.7,20,67,1015,3.6,20,0
1985,7,29,15,218,10,210,24.4,21.1,82,1014,6.7,70,0
1985,7,29,16,104,5,101,22.8,18.9,79,1015,2.1,360,0
1985,7,29,17,210,197,145,23.3,18.9,76,1015,2.6,290,0
1985,7,29,18,38,72,29,23.9,18.3,71,1014,2.1,310,0
1985,7,29,19,0,0,0,23.3,18.9,76,1016,3.1,330,0
1985,7,29,20,0,0,0,22.8,18.9,79,1016,2.6,310,0
1985,7,29,21,0,0,0,22.8,18.9,79,1017,2.6,350,0
1985,7,29,22,0,0,0,22.2,18.9,82,1017,3.6,300,0
1985,7,29,23,0,0,0,22.8,20,84,1016,2.1,250,0
1985,7,30,0,0,0,0,21.7,20.6,93,1016,4.1,240,0
1985,7,30,1,0,0,0,21.7,20,90,1015,3.1,250,0
1985,7,30,2,0,0,0,21.7,20.6,93,1015,4.6,110,0
1985,7,30,3,0,0,0,20.6,20,97,1015,3.1,260,0
1985,7,30,4,0,0,0,21.1,20,93,1015,2.1,100,0
1985,7,30,5,0,0,0,21.1,20.6,97,1016,1.5,340,0
1985,7,30,6,44,15,42,21.1,20.6,97,1016,3.1,260,0
1985,7,30,7,132,9,129,22.8,20.6,87,1016,3.1,270,0
1985,7,30,8,161,0,161,22.2,20.6,90,1017,3.1,260,0
1985,7,30,9,454,206,300,25.6,21.1,77,1017,3.6,300,0
1985,7,30,10,461,104,368,26.7,20.6,69,1016,1.5,290,0
1985,7,30,11,205,4,202,25,21.1,79,1016,3.1,30,0
1985,7,30,12,479,2,477,26.1,20.6,72,1016,4.1,300,0
1985,7,30,13,669,456,227,26.7,22.2,77,1015,2.1,350,0
1985,7,30,14,798,703,183,26.7,21.7,74,1015,4.1,10,0
1985,7,30,15,678,793,99,25.6,22.2,82,1015,4.1,20,0
1985,7,30,16,463,685,90,26.1,21.7,77,1014,3.6,350,0
1985,7,30,17,122,97,91,24.4,21.7,85,1015,3.1,360,0
1985,7,30,18,29,4,29,23.9,21.7,87,1015,2.6,50,0
1985,7,30,19,0,0,0,23.3,16.1,64,1015,2.6,40,0
1985,7,30,20,0,0,0,22.8,21.1,90,1016,2.1,330,0
1985,7,30,21,0,0,0,22.8,21.1,90,1016,2.1,300,0
1985,7,30,22,0,0,0,22.8,21.7,94,1016,2.6,40,0
1985,7,30,23,0,0,0,22.8,21.7,94,1016,2.6,360,0
1985,7,31,0,0,0,0,22.2,16.1,69,1015,2.6,300,0
1985,7,31,1,0,0,0,22.2,21.7,97,1015,0,0,0
1985,7,31,2,0,0,0,21.1,20.6,97,1014,2.6,220,0
1985,7,31,3,0,0,0,20.6,20,97,1014,2.1,210,0
1985,7,31,4,0,0,0,20.6,20,97,1014,3.1,240,0
1985,7,31,5,3,2,2,20,18.3,90,1015,3.6,220,0
1985,7,31,6,56,184,33,21.7,19.4,87,1015,3.6,230,0
1985,7,31,7,269,642,44,24.4,21.7,85,1016,2.1,240,0
1985,7,31,8,457,636,98,26.7,20.6,69,1016,3.6,80,0
1985,7,31,9,332,114,247,26.7,21.7,74,1016,3.6,90,0
1985,7,31,10,377,7,371,27.8,20.6,65,1016,3.6,110,0
1985,7,31,11,700,339,370,27.8,21.7,69,1015,3.6,80,0
1985,7,31,12,787,418,369,28.3,21.7,67,1015,4.6,80,0
1985,7,31,13,812,568,263,28.3,19.4,59,1014,5.2,80,0
1985,7,31,14,650,532,185,27.2,21.1,69,1014,3.6,90,0
1985,7,31,15,662,832,55,27.2,20.6,67,1014,6.7,90,0
1985,7,31,16,465,679,96,27.2,21.1,69,1014,4.6,100,0
1985,7,31,17,248,656,33,26.7,21.1,72,1014,2.6,80,0
1985,7,31,18,69,434,16,23.6,20.2,81,1015,2.6,108,0
1985,7,31,19,0,0,0,23.3,20.2,83,1015,2.3,204,0
1985,7,31,20,0,0,0,22.3,19.2,82,1015,2.6,224,0
1985,7,31,21,0,0,0,21.7,18.4,81,1015,2.4,217,0
1985,7,31,22,0,0,0,21.5,17.7,78,1015,2.7,219,0
1985,7,31,23,0,0,0,21.7,17.8,78,1015,2.7,214,0
1976,8,1,0,0,0,0,21.7,18.3,81,1014,2.7,216,0
1976,8,1,1,0,0,0,21.5,18.4,82,1014,2.8,219,0
1976,8,1,2,0,0,0,21.5,18.9,84,1014,2.8,221,0
1976,8,1,3,0,0,0,21.6,19.6,88,1014,2.8,224,0
1976,8,1,4,0,0,0,21.7,20.2,91,1013,2.6,226,0
1976,8,1,5,0,0,0,21.7,20.8,94,1014,2.6,228,0
1976,8,1,6,29,4,28,21.7,21.2,97,1014,2.6,230,0
1976,8,1,7,91,6,89,21.7,21.1,97,1014,2.6,230,0
1976,8,1,8,193,3,191,23,21.8,93,1014,3.5,200,0
1976,8,1,9,297,12,288,24.3,22.4,89,1015,4.3,170,0
1976,8,1,10,200,6,194,25.6,22.8,85,1015,5.2,140,0
1976,8,1,11,427,5,422,26.3,22.8,81,1014,5.7,130,0
1976,8,1,12,398,2,396,27.1,22.9,78,1014,6.2,130,0
1976,8,1,13,410,5,406,27.8,22.8,74,1014,6.7,120,0
1976,8,1,14,374,3,372,26.9,23.2,80,1014,5.5,120,0
1976,8,1,15,364,1,364,25.9,23.2,85,1014,4.3,130,0
1976,8,1,16,239,1,239,25,23.3,91,1014,3.1,130,0
1976,8,1,17,148,1,148,24.8,23.1,90,1015,2.9,130,0
1976,8,1,18,28,11,26,24.6,22.5,88,1015,2.8,140,0
1976,8,1,19,0,0,0,24.4,22.2,87,1016,2.6,140,0
1976,8,1,20,0,0,0,24.2,22.1,88,1016,2.6,150,0
1976,8,1,21,0,0,0,24.1,22.2,89,1017,2.6,170,0
1976,8,1,22,0,0,0,23.9,22.2,90,1017,2.6,180,0
1976,8,1,23,0,0,0,23.7,22.2,91,1017,2.4,190,0
1976,8,2,0,0,0,0,23.5,22.3,93,1016,2.3,200,0
1976,8,2,1,0,0,0,23.3,22.2,94,1016,2.1,210,0
1976,8,2,2,0,0,0,23.1,22.3,95,1016,2.3,200,0
1976,8,2,3,0,0,0,23,22.3,96,1016,2.4,200,0
1976,8,2,4,0,0,0,22.8,22.2,97,1016,2.6,190,0
1976,8,2,5,0,0,0,23,22.3,96,1017,2.9,210,0
1976,8,2,6,34,5,34,23.1,22.3,95,1017,3.3,220,0
1976,8,2,7,138,28,128,23.3,22.2,94,1018,3.6,240,0
1976,8,2,8,216,3,215,24.4,22.1,87,1018,4.5,190,0
1976,8,2,9,350,96,278,25.6,22.1,81,1018,5.3,140,0
1976,8,2,10,517,136,396,26.7,21.7,74,1018,6.2,90,0
1976,8,2,11,559,206,358,26.9,21.4,72,1017,6.4,90,0
1976,8,2,12,898,740,159,27,20.8,69,1017,6.5,90,0
1976,8,2,13,865,681,207,27.2,20.6,67,1016,6.7,90,0
1976,8,2,14,794,733,155,27.2,20.3,66,1016,6.4,100,0
1976,8,2,15,608,623,155,27.2,20.3,66,1016,6,100,0
1976,8,2,16,432,641,85,27.2,20,65,1016,5.7,110,0
1976,8,2,17,227,410,94,25.9,20.3,71,1017,5.2,110,0
1976,8,2,18,38,33,33,24.6,20.5,78,1017,4.6,120,0
1976,8,2,19,0,0,0,23.3,20.6,84,1018,4.1,120,0
1976,8,2,20,0,0,0,23.3,20.5,84,1018,3.8,160,0
1976,8,2,21,0,0,0,23.3,20.5,84,1018,3.4,200,0
1976,8,2,22,0,0,0,23.3,20.6,84,1019,3.1,240,0
1976,8,2,23,0,0,0,22.6,20,85,1018,3.3,240,0
1976,8,3,0,0,0,0,21.8,19.4,86,1018,3.4,230,0
1976,8,3,1,0,0,0,21.1,18.9,87,1018,3.6,230,0
1976,8,3,2,0,0,0,21.1,18.9,87,1018,3.1,230,0
1976,8,3,3,0,0,0,21.1,18.9,87,1018,2.6,230,0
1976,8,3,4,0,0,0,21.1,18.9,87,1018,2.1,230,0
1976,8,3,5,0,0,0,21.8,19,84,1018,1.9,260,0
1976,8,3,6,46,71,37,22.6,19.4,82,1018,1.7,280,0
1976,8,3,7,194,150,142,23.3,19.4,79,1019,1.5,310,0
1976,8,3,8,481,595,146,24.6,19.7,74,1019,2.2,340,0
1976,8,3,9,535,489,170,25.9,19.6,68,1019,2.9,0,0
1976,8,3,10,843,859,82,27.2,19.4,63,1019,3.6,30,0
1976,8,3,11,936,762,195,26.8,19.9,66,1018,4.5,40,0
1976,8,3,12,816,543,273,26.5,20.4,69,1018,5.3,50,0
1976,8,3,13,393,58,337,26.1,20.6,72,1018,6.2,60,0
1976,8,3,14,367,38,334,25.9,20.3,71,1017,4.8,50,0
1976,8,3,15,515,226,351,25.8,19.9,70,1017,3.5,50,0
1976,8,3,16,314,230,190,25.6,19.4,69,1017,2.1,40,0
1976,8,3,17,167,144,121,24.5,19.6,74,1018,1.4,20,0
1976,8,3,18,53,126,37,23.3,19.5,79,1018,0.7,350,0
1976,8,3,19,0,0,0,22.2,19.4,84,1019,0,0,0
1976,8,3,20,0,0,0,22.2,19.4,84,1019,0.9,300,0
1976,8,3,21,0,0,0,22.2,19.4,84,1019,1.7,280,0
1976,8,3,22,0,0,0,22.2,19.4,84,1020,2.6,250,0
1976,8,3,23,0,0,0,21.7,18.9,84,1019,2.8,240,0
1976,8,4,0,0,0,0,21.1,18.3,84,1018,2.9,240,0
1976,8,4,1,0,0,0,20.6,17.8,84,1018,3.1,230,0
1976,8,4,2,0,0,0,20.4,17.2,82,1018,3.4,190,0
1976,8,4,3,0,0,0,20.2,16.7,80,1018,3.8,160,0
1976,8,4,4,0,0,0,20,16.1,78,1018,4.1,120,0
1976,8,4,5,0,0,0,21.1,16.9,77,1018,3.4,150,0
1976,8,4,6,59,95,48,22.2,18,77,1019,2.8,180,0
1976,8,4,7,180,165,123,23.3,18.9,76,1019,2.1,210,0
1976,8,4,8,267,121,199,24.4,19,72,1019,2.3,160,0
1976,8,4,9,474,275,269,25.6,19.5,69,1019,2.4,120,0
1976,8,4,10,560,123,451,26.7,19.4,65,1019,2.6,70,0
1976,8,4,11,753,397,367,26.3,19.9,68,1019,2.4,40,0
1976,8,4,12,503,132,371,26,20.3,71,1018,2.3,0,0
1976,8,4,13,422,82,342,25.6,20.6,74,1018,2.1,330,0
1976,8,4,14,476,140,354,25.8,20.2,71,1017,2.4,350,0
1976,8,4,15,381,111,301,25.9,19.6,68,1017,2.8,10,0
1976,8,4,16,440,533,153,26.1,18.9,65,1017,3.1,30,0
1976,8,4,17,111,96,80,25,19.4,71,1017,3.3,50,0
1976,8,4,18,27,18,25,23.9,19.4,76,1018,3.4,60,0
1976,8,4,19,0,0,0,22.8,19.4,82,1018,3.6,80,0
1976,8,4,20,0,0,0,22.6,19.4,82,1018,3.3,130,0
1976,8,4,21,0,0,0,22.4,19.2,82,1019,2.9,180,0
1976,8,4,22,0,0,0,22.2,18.9,82,1019,2.6,230,0
1976,8,4,23,0,0,0,21.8,19.2,85,1019,2.6,240,0
1976,8,5,0,0,0,0,21.5,19.3,87,1018,2.6,240,0
1976,8,5,1,0,0,0,21.1,19.4,90,1018,2.6,250,0
1976,8,5,2,0,0,0,21.1,19.4,90,1018,1.7,260,0
1976,8,5,3,0,0,0,21.1,19.4,90,1018,0.9,260,0
1976,8,5,4,0,0,0,21.1,19.4,90,1018,0,0,0
1976,8,5,5,0,0,0,22.4,20,86,1018,1.2,270,0
1976,8,5,6,51,82,41,23.7,20.7,83,1018,2.4,280,0
1976,8,5,7,266,617,52,25,21.1,79,1019,3.6,280,0
1976,8,5,8,350,392,130,25.9,20.3,71,1019,3.6,300,0
1976,8,5,9,502,443,172,26.9,19.5,64,1019,3.6,330,0
1976,8,5,10,728,571,223,27.8,18.3,56,1019,3.6,350,0
1976,8,5,11,633,248,393,27.6,19.2,60,1018,3.9,10,0
1976,8,5,12,582,154,428,27.4,20.3,65,1018,4.3,30,0
1976,8,5,13,364,9,355,27.2,21.1,69,1017,4.6,50,0
1976,8,5,14,401,31,375,26.3,21.1,73,1017,4.1,50,0
1976,8,5,15,282,8,276,25.3,21.2,78,1017,3.6,60,0
1976,8,5,16,219,7,215,24.4,21.1,82,1017,3.1,60,0
1976,8,5,17,123,3,122,24,21.3,85,1017,2.9,10,0
1976,8,5,18,33,1,33,23.7,21.4,87,1017,2.8,330,0
1976,8,5,19,0,0,0,23.3,21.7,90,1018,2.6,280,0
1976,8,5,20,0,0,0,23.3,21.9,92,1018,2.4,260,0
1976,8,5,21,0,0,0,23.3,22.5,95,1018,2.3,250,0
1976,8,5,22,0,0,0,23.3,22.8,97,1018,2.1,230,0
1976,8,5,23,0,0,0,23.3,22.8,97,1018,2.3,220,0
1976,8,6,0,0,0,0,23.3,22.8,97,1017,2.4,220,0
1976,8,6,1,0,0,0,23.3,22.8,97,1017,2.6,210,0
1976,8,6,2,0,0,0,23.1,22.6,97,1017,2.6,220,0
1976,8,6,3,0,0,0,23,22.5,97,1017,2.6,230,0
1976,8,6,4,0,0,0,22.8,22.2,97,1017,2.6,240,0
1976,8,6,5,0,0,0,23.5,22.8,96,1017,2.2,250,0
1976,8,6,6,65,222,38,24.3,23.5,95,1017,1.9,260,0
1976,8,6,7,264,621,50,25,23.9,94,1018,1.5,270,0
1976,8,6,8,511,719,108,24.6,23.4,93,1018,1.9,280,0
1976,8,6,9,667,582,234,24.3,22.7,91,1018,2.2,300,0
1976,8,6,10,202,4,199,23.9,22.2,90,1018,2.6,310,0
1976,8,6,11,423,50,375,24.8,22.3,86,1018,3.3,360,0
1976,8,6,12,714,377,337,25.8,22.3,81,1017,3.9,40,0
1976,8,6,13,898,688,235,26.7,22.2,77,1017,4.6,90,0
1976,8,6,14,525,215,338,26.7,22.1,76,1017,4.1,90,0
1976,8,6,15,545,281,341,26.7,21.9,75,1017,3.6,80,0
1976,8,6,16,360,201,253,26.7,21.7,74,1017,3.1,80,0
1976,8,6,17,172,64,152,25.4,21.7,80,1017,2.8,70,0
1976,8,6,18,36,2,36,24.1,21.8,87,1018,2.4,50,0
1976,8,6,19,0,0,0,22.8,21.7,93,1019,2.1,40,0
1976,8,6,20,0,0,0,22.6,21.6,94,1019,2.3,350,0
1976,8,6,21,0,0,0,22.4,21.7,96,1020,2.4,290,0
1976,8,6,22,0,0,0,22.2,21.7,97,1020,2.6,240,0
1976,8,6,23,0,0,0,22.2,21.7,97,1020,2.2,240,0
1976,8,7,0,0,0,0,22.2,21.7,97,1019,1.9,250,0
1976,8,7,1,0,0,0,22.2,21.7,97,1018,1.5,250,0
1976,8,7,2,0,0,0,22,21.3,96,1018,1.7,250,0
1976,8,7,3,0,0,0,21.9,20.9,94,1018,1.9,250,0
1976,8,7,4,0,0,0,21.7,20.6,93,1018,2.1,250,0
1976,8,7,5,0,0,0,22.2,21,93,1019,2.1,250,0
1976,8,7,6,56,4,56,22.8,21.8,94,1019,2.1,240,0
1976,8,7,7,189,147,138,23.3,22.2,94,1019,2.1,240,0
1976,8,7,8,294,176,195,24.6,22.3,87,1019,2.6,270,0
1976,8,7,9,683,776,105,25.9,22,79,1019,3.1,290,0
1976,8,7,10,896,949,58,27.2,21.7,72,1019,3.6,320,0
1976,8,7,11,896,748,170,26.7,21.7,74,1019,3.6,350,0
1976,8,7,12,734,545,190,26.1,21.8,77,1018,3.6,20,0
1976,8,7,13,481,124,361,25.6,21.7,79,1018,3.6,50,0
1976,8,7,14,638,400,289,25.6,21.7,79,1018,3.3,30,0
1976,8,7,15,521,506,155,25.6,21.7,79,1017,2.9,10,0
1976,8,7,16,376,496,111,25.6,21.7,79,1017,2.6,350,0
1976,8,7,17,182,207,117,24.5,21.4,83,1017,2.4,350,0
1976,8,7,18,40,72,32,23.3,20.8,86,1018,2.3,360,0
1976,8,7,19,0,0,0,22.2,20.6,90,1018,2.1,360,0
1976,8,7,20,0,0,0,22,20.7,92,1019,2.3,330,0
1976,8,7,21,0,0,0,21.9,21.1,95,1019,2.4,300,0
1976,8,7,22,0,0,0,21.7,21.1,97,1019,2.6,270,0
1976,8,7,23,0,0,0,21.7,21,96,1018,2.9,270,0
1976,8,8,0,0,0,0,21.7,20.7,94,1017,3.3,270,0
1976,8,8,1,0,0,0,21.7,20.6,93,1017,3.6,270,0
1976,8,8,2,0,0,0,21.7,20.5,93,1016,3.1,250,0
1976,8,8,3,0,0,0,21.7,20.5,93,1016,2.6,240,0
1976,8,8,4,0,0,0,21.7,20.6,93,1016,2.1,220,0
1976,8,8,5,0,0,0,21.9,20.4,91,1016,1.4,250,0
1976,8,8,6,54,85,44,22,20.1,89,1016,0.7,270,0
1976,8,8,7,263,577,65,22.2,20,87,1017,0,0,0
1976,8,8,8,452,623,104,23.7,20.5,82,1017,1.2,330,0
1976,8,8,9,551,559,135,25.2,20.9,77,1017,2.4,350,0
1976,8,8,10,873,834,135,26.7,21.1,72,1017,3.6,20,0
1976,8,8,11,882,684,218,26.9,20.7,69,1016,3.6,10,0
1976,8,8,12,938,841,99,27,20.1,66,1016,3.6,0,0
1976,8,8,13,848,754,122,27.2,19.4,63,1015,3.6,350,0
1976,8,8,14,774,754,119,26.8,19.4,64,1015,3.1,350,0
1976,8,8,15,641,764,89,26.5,19.6,66,1015,2.6,360,0
1976,8,8,16,424,620,93,26.1,19.4,67,1015,2.1,360,0
1976,8,8,17,220,517,58,25.2,19.4,70,1015,1.9,350,0
1976,8,8,18,49,167,29,24.2,19.1,73,1016,1.7,330,0
1976,8,8,19,0,0,0,23.3,18.9,76,1016,1.5,320,0
1976,8,8,20,0,0,0,22.4,18.2,77,1016,1.9,290,0
1976,8,8,21,0,0,0,21.5,17.5,78,1016,2.2,260,0
1976,8,8,22,0,0,0,20.6,16.7,79,1017,2.6,230,0
1976,8,8,23,0,0,0,20.4,16.9,80,1016,2.4,220,0
1976,8,9,0,0,0,0,20.2,16.7,80,1016,2.3,220,0
1976,8,9,1,0,0,0,20,16.7,81,1015,2.1,210,0
1976,8,9,2,0,0,0,20.2,16.7,80,1015,2.3,210,0
1976,8,9,3,0,0,0,20.4,16.9,80,1015,2.4,220,0
1976,8,9,4,0,0,0,20.6,16.7,79,1015,2.6,220,0
1976,8,9,5,0,0,0,22.1,17.5,75,1015,2.2,240,0
1976,8,9,6,58,63,51,23.5,18,71,1016,1.9,260,0
1976,8,9,7,159,91,128,25,18.3,67,1016,1.5,280,0
1976,8,9,8,338,187,234,25.7,18.9,66,1016,2.2,320,0
1976,8,9,9,476,305,249,26.5,19.6,66,1016,2.9,350,0
1976,8,9,10,446,147,316,27.2,20,65,1016,3.6,30,0
1976,8,9,11,614,248,373,27.4,20,64,1016,4.1,30,0
1976,8,9,12,699,222,478,27.6,19.7,62,1015,4.7,20,0
1976,8,9,13,498,155,349,27.8,19.4,61,1015,5.2,20,0
1976,8,9,14,458,113,360,27.1,20,65,1015,4.5,30,0
1976,8,9,15,309,108,231,26.3,20.4,70,1014,3.8,30,0
1976,8,9,16,245,101,192,25.6,20.6,74,1014,3.1,40,0
1976,8,9,17,142,46,128,25,20.3,75,1015,2.1,20,0
1976,8,9,18,39,13,37,24.5,19.8,75,1016,1,350,0
1976,8,9,19,0,0,0,23.9,19.4,76,1016,0,0,0
1976,8,9,20,0,0,0,23.5,19.5,78,1017,0.5,310,0
1976,8,9,21,0,0,0,23.2,19.6,80,1017,1,280,0
1976,8,9,22,0,0,0,22.8,19.4,82,1017,1.5,260,0
1976,8,9,23,0,0,0,22.6,19.4,82,1017,2,250,0
1976,8,10,0,0,0,0,22.4,19.2,82,1016,2.6,240,0
1976,8,10,1,0,0,0,22.2,18.9,82,1016,3.1,230,0
1976,8,10,2,0,0,0,21.8,18.6,82,1016,2.9,220,0
1976,8,10,3,0,0,0,21.5,18.1,81,1016,2.8,220,0
1976,8,10,4,0,0,0,21.1,17.8,81,1016,2.6,210,0
1976,8,10,5,0,0,0,22.8,18.4,76,1016,2.4,220,0
1976,8,10,6,46,44,41,24.4,18.6,70,1017,2.3,240,0
1976,8,10,7,195,110,157,26.1,18.9,65,1017,2.1,250,0
1976,8,10,8,342,288,181,26.8,19.2,63,1017,2.4,300,0
1976,8,10,9,522,423,208,27.6,19.4,61,1017,2.8,360,0
1976,8,10,10,695,584,178,28.3,19.4,59,1017,3.1,50,0
1976,8,10,11,689,385,315,28.3,19.5,59,1017,3.6,50,0
1976,8,10,12,732,446,287,28.3,19.5,59,1016,4.1,40,0
1976,8,10,13,555,119,441,28.3,19.4,59,1016,4.6,40,0
1976,8,10,14,655,414,295,27.4,19.5,62,1016,4.1,30,0
1976,8,10,15,660,684,167,26.5,19.2,64,1015,3.6,20,0
1976,8,10,16,441,565,141,25.6,18.9,67,1015,3.1,10,0
1976,8,10,17,183,415,54,24.8,18.5,68,1016,3.4,0,0
1976,8,10,18,41,103,28,24.1,18.3,70,1016,3.8,350,0
1976,8,10,19,0,0,0,23.3,17.8,71,1016,4.1,340,0
1976,8,10,20,0,0,0,22.9,18.3,75,1017,3.4,310,0
1976,8,10,21,0,0,0,22.6,19,80,1017,2.8,290,0
1976,8,10,22,0,0,0,22.2,19.4,84,1017,2.1,260,0
1976,8,10,23,0,0,0,21.8,19.6,87,1017,2.4,300,0
1976,8,11,0,0,0,0,21.5,19.8,90,1017,2.8,350,0
1976,8,11,1,0,0,0,21.1,20,93,1017,3.1,30,0
1976,8,11,2,0,0,0,21.1,19.9,93,1016,2.8,350,0
1976,8,11,3,0,0,0,21.1,19.9,93,1016,2.4,300,0
1976,8,11,4,0,0,0,21.1,20,93,1016,2.1,260,0
1976,8,11,5,0,0,0,21.8,20.3,91,1016,2.1,280,0
1976,8,11,6,28,20,26,22.6,20.7,89,1017,2.1,290,0
1976,8,11,7,173,49,156,23.3,21.1,87,1017,2.1,310,0
1976,8,11,8,274,112,211,24.4,21.3,83,1017,2.6,320,0
1976,8,11,9,410,145,302,25.6,21.5,78,1017,3.1,320,0
1976,8,11,10,622,278,376,26.7,21.7,74,1017,3.6,330,0
1976,8,11,11,411,84,329,25.6,21.3,77,1017,3.1,320,0
1976,8,11,12,633,242,391,24.4,20.9,81,1016,2.6,320,0
1976,8,11,13,377,131,251,23.3,20.6,84,1016,2.1,310,0
1976,8,11,14,502,210,320,23.5,20.8,85,1016,2.1,330,0
1976,8,11,15,327,78,272,23.7,21.2,86,1015,2.1,350,0
1976,8,11,16,363,261,225,23.9,21.7,87,1015,2.1,10,0
1976,8,11,17,144,119,107,23.5,21.4,88,1016,2.1,330,0
1976,8,11,18,29,11,28,23.2,21.3,89,1016,2.1,290,0
1976,8,11,19,0,0,0,22.8,21.1,90,1016,2.1,250,0
1976,8,11,20,0,0,0,22.6,20.9,90,1017,2.3,250,0
1976,8,11,21,0,0,0,22.4,20.7,90,1017,2.4,260,0
1976,8,11,22,0,0,0,22.2,20.6,90,1017,2.6,260,0
1976,8,11,23,0,0,0,21.8,20.3,91,1017,2.9,250,0
1976,8,12,0,0,0,0,21.5,20.2,92,1016,3.3,240,0
1976,8,12,1,0,0,0,21.1,20,93,1016,3.6,230,0
1976,8,12,2,0,0,0,21.3,20.1,93,1016,3.1,230,0
1976,8,12,3,0,0,0,21.5,20.3,93,1016,2.6,240,0
1976,8,12,4,0,0,0,21.7,20.6,93,1016,2.1,240,0
1976,8,12,5,0,0,0,22.2,20.7,91,1016,2.3,260,0
1976,8,12,6,27,23,25,22.8,20.9,89,1017,2.4,270,0
1976,8,12,7,209,112,170,23.3,21.1,87,1017,2.6,290,0
1976,8,12,8,308,167,215,24.1,21.2,84,1017,2.8,310,0
1976,8,12,9,447,187,308,24.8,21.1,80,1017,2.9,340,0
1976,8,12,10,588,374,257,25.6,21.1,77,1017,3.1,360,0
1976,8,12,11,594,280,322,25.6,21.5,78,1017,2.9,350,0
1976,8,12,12,471,107,364,25.6,21.5,78,1016,2.8,330,0
1976,8,12,13,435,80,359,25.6,21.7,79,1016,2.6,320,0
1976,8,12,14,879,728,249,25.6,21.3,77,1016,2.4,320,0
1976,8,12,15,578,530,198,25.6,21.1,76,1015,2.3,320,0
1976,8,12,16,384,497,123,25.6,20.6,74,1015,2.1,320,0
1976,8,12,17,214,409,89,24.8,20.7,78,1015,1.4,310,0
1976,8,12,18,44,29,40,24.1,21,83,1016,0.7,290,0
1976,8,12,19,0,0,0,23.3,21.1,87,1016,0,0,0
1976,8,12,20,0,0,0,23.1,21,88,1016,1.2,270,0
1976,8,12,21,0,0,0,23,21.1,89,1016,2.4,250,0
1976,8,12,22,0,0,0,22.8,21.1,90,1017,3.6,240,0
1976,8,12,23,0,0,0,22.6,21.1,91,1016,3.1,240,0
1976,8,13,0,0,0,0,22.4,21,92,1016,2.6,230,0
1976,8,13,1,0,0,0,22.2,21.1,93,1016,2.1,230,0
1976,8,13,2,0,0,0,22.2,21,93,1016,1.4,210,0
1976,8,13,3,0,0,0,22.2,21,93,1016,0.7,190,0
1976,8,13,4,0,0,0,22.2,21.1,93,1016,0,0,0
1976,8,13,5,0,0,0,22.8,21.1,90,1016,0,0,0
1976,8,13,6,52,65,44,23.3,21.2,88,1016,0,0,0
1976,8,13,7,213,223,137,23.9,21.1,85,1016,0,0,0
1976,8,13,8,408,326,226,24.6,21.3,82,1016,2.1,100,0
1976,8,13,9,545,402,246,25.4,21.7,80,1016,4.1,80,0
1976,8,13,10,473,138,351,26.1,21.7,77,1016,6.2,60,0
1976,8,13,11,542,160,387,26.3,21.7,76,1016,5,40,0
1976,8,13,12,746,438,310,26.5,21.7,75,1015,3.8,20,0
1976,8,13,13,657,439,235,26.7,21.7,74,1015,2.6,0,0
1976,8,13,14,583,244,372,26.5,21.7,75,1015,2.9,10,0
1976,8,13,15,305,77,250,26.3,21.7,76,1014,3.3,20,0
1976,8,13,16,222,11,216,26.1,21.7,77,1014,3.6,30,0
1976,8,13,17,146,8,144,25.7,21.4,77,1015,3.1,30,0
1976,8,13,18,40,13,39,25.4,20.9,76,1015,2.6,40,0
1976,8,13,19,0,0,0,25,20.6,76,1016,2.1,40,0
1976,8,13,20,0,0,0,24.4,20.3,78,1016,2.6,10,0
1976,8,13,21,0,0,0,23.9,20.3,80,1016,3.1,340,0
1976,8,13,22,0,0,0,23.3,20,82,1017,3.6,310,0
1976,8,13,23,0,0,0,22.9,20.1,84,1016,3.4,300,0
1976,8,14,0,0,0,0,22.6,20,85,1016,3.3,290,0
1976,8,14,1,0,0,0,22.2,20,87,1015,3.1,280,0
1976,8,14,2,0,0,0,22,19.9,88,1015,2.1,290,0
1976,8,14,3,0,0,0,21.9,20,89,1015,1,300,0
1976,8,14,4,0,0,0,21.7,20,90,1014,0,0,0
1976,8,14,5,0,0,0,22.4,20.3,88,1015,1.2,320,0
1976,8,14,6,31,0,31,23.2,20.9,87,1015,2.4,330,0
1976,8,14,7,159,40,145,23.9,21.1,85,1015,3.6,340,0
1976,8,14,8,192,5,189,24.8,21.3,81,1015,3.9,350,0
1976,8,14,9,297,6,292,25.8,21.3,76,1015,4.3,350,0
1976,8,14,10,330,4,326,26.7,21.1,72,1015,4.6,360,0
1976,8,14,11,700,350,361,27.1,20.7,68,1014,4.1,360,0
1976,8,14,12,935,730,208,27.4,20.3,65,1014,3.6,360,0
1976,8,14,13,935,788,180,27.8,19.4,61,1014,3.1,360,0
1976,8,14,14,491,314,220,27.4,19.5,62,1013,3.6,350,0
1976,8,14,15,306,119,221,27.1,19.7,64,1013,4.1,350,0
1976,8,14,16,371,428,148,26.7,19.4,65,1013,4.6,340,0
1976,8,14,17,142,103,111,26.1,19.7,68,1014,4.4,340,0
1976,8,14,18,34,10,33,25.6,20,71,1014,4.3,350,0
1976,8,14,19,0,0,0,25,20,74,1014,4.1,350,0
1976,8,14,20,0,0,0,24.8,19.9,74,1014,3.8,350,0
1976,8,14,21,0,0,0,24.6,19.7,74,1015,3.4,350,0
1976,8,14,22,0,0,0,24.4,19.4,74,1015,3.1,350,0
1976,8,14,23,0,0,0,24,19.5,76,1014,2.8,330,0
1976,8,15,0,0,0,0,23.7,19.4,77,1014,2.4,320,0
1976,8,15,1,0,0,0,23.3,19.4,79,1013,2.1,300,0
1976,8,15,2,0,0,0,22.2,19,82,1013,2.3,280,0
1976,8,15,3,0,0,0,21.1,18.3,84,1013,2.4,260,0
1976,8,15,4,0,0,0,20,17.8,87,1012,2.6,240,0
1976,8,15,5,0,0,0,21.7,18.5,82,1012,3.1,280,0
1976,8,15,6,46,125,31,23.3,18.9,76,1013,3.6,320,0
1976,8,15,7,214,310,110,25,19.4,71,1013,4.1,360,0
1976,8,15,8,343,287,184,25.7,19.8,70,1013,4.1,360,0
1976,8,15,9,529,303,304,26.5,20.1,68,1013,4.1,360,0
1976,8,15,10,604,284,353,27.2,20.6,67,1013,4.1,0,0
1976,8,15,11,692,361,342,27,20.8,69,1012,4.3,10,0
1976,8,15,12,549,148,402,26.9,21.4,72,1012,4.4,10,0
1976,8,15,13,537,191,354,26.7,21.7,74,1012,4.6,20,0
1976,8,15,14,448,118,346,26.3,21.5,75,1012,3.9,10,0
1976,8,15,15,240,10,233,26,21.5,76,1012,3.3,10,0
1976,8,15,16,209,10,204,25.6,21.1,77,1012,2.6,0,0
1976,8,15,17,85,3,84,24.7,21.2,81,1013,2.8,340,0
1976,8,15,18,26,4,26,23.7,21.2,86,1013,2.9,330,0
1976,8,15,19,0,0,0,22.8,21.1,90,1014,3.1,310,0
1976,8,15,20,0,0,0,22.6,21.1,91,1014,2.1,290,0
1976,8,15,21,0,0,0,22.4,21,92,1014,1,280,0
1976,8,15,22,0,0,0,22.2,21.1,93,1015,0,0,0
1976,8,15,23,0,0,0,21.7,20.5,93,1014,0.7,240,0
1976,8,16,0,0,0,0,21.1,19.9,93,1014,1.4,230,0
1976,8,16,1,0,0,0,20.6,19.4,93,1013,2.1,210,0
1976,8,16,2,0,0,0,20.2,18.9,92,1013,2.3,210,0
1976,8,16,3,0,0,0,19.8,18.3,91,1013,2.4,220,0
1976,8,16,4,0,0,0,19.4,17.8,90,1013,2.6,220,0
1976,8,16,5,0,0,0,21.1,17.3,79,1013,2.2,230,0
1976,8,16,6,65,326,26,22.7,16.7,69,1014,1.9,240,0
1976,8,16,7,251,530,72,24.4,15.6,58,1015,1.5,250,0
1976,8,16,8,434,558,124,25.5,17.7,62,1014,2.4,290,0
1976,8,16,9,658,674,159,26.7,19.6,65,1014,3.2,320,0
1976,8,16,10,823,825,95,27.8,21.7,69,1014,4.1,0,0
1976,8,16,11,957,897,88,27.8,21.8,70,1013,4.3,10,0
1976,8,16,12,945,863,87,27.8,22.1,71,1013,4.4,20,0
1976,8,16,13,982,956,67,27.8,22.2,72,1013,4.6,30,0
1976,8,16,14,736,704,130,27.6,21.9,71,1012,4.1,50,0
1976,8,16,15,516,407,226,27.4,21.5,70,1012,3.6,70,0
1976,8,16,16,313,286,165,27.2,21.1,69,1012,3.1,90,0
1976,8,16,17,170,182,116,26.7,21,71,1013,2.9,30,0
1976,8,16,18,33,13,32,26.1,20.7,72,1013,2.8,340,0
1976,8,16,19,0,0,0,25.6,20.6,74,1014,2.6,280,0
1976,8,16,20,0,0,0,24.8,20.5,77,1013,2.4,250,0
1976,8,16,21,0,0,0,24.1,20.6,81,1013,2.3,210,0
1976,8,16,22,0,0,0,23.3,20.6,84,1013,2.1,180,0
1976,8,16,23,0,0,0,23.1,20.5,85,1014,2.1,190,0
1976,8,17,0,0,0,0,23,20.5,86,1015,2.1,190,0
1976,8,17,1,0,0,0,22.8,20.6,87,1016,2.1,200,0
1976,8,17,2,0,0,0,22.4,20,86,1015,2.1,210,0
1976,8,17,3,0,0,0,22.1,19.5,85,1014,2.1,210,0
1976,8,17,4,0,0,0,21.7,18.9,84,1013,2.1,220,0
1976,8,17,5,0,0,0,23,19.6,81,1013,2.3,210,0
1976,8,17,6,56,180,35,24.3,20,77,1014,2.4,200,0
1976,8,17,7,223,429,79,25.6,20.6,74,1014,2.6,190,0
1976,8,17,8,472,621,127,26.1,21.5,76,1014,3.8,160,0
1976,8,17,9,458,279,251,26.7,22.3,77,1015,5,140,0
1976,8,17,10,244,9,236,27.2,23.3,79,1015,6.2,110,0
1976,8,17,11,637,332,315,28.3,23.2,74,1014,6.2,110,0
1976,8,17,12,951,735,220,29.5,23,68,1014,6.2,100,0
1976,8,17,13,902,842,96,30.6,22.8,63,1013,6.2,100,0
1976,8,17,14,786,724,163,29.8,22.3,64,1013,6.2,100,0
1976,8,17,15,379,147,275,29.1,22.1,66,1013,6.2,110,0
1976,8,17,16,240,78,200,28.3,21.7,67,1013,6.2,110,0
1976,8,17,17,133,99,103,27.4,21.7,71,1014,5,130,0
1976,8,17,18,40,39,35,26.5,21.7,75,1015,3.8,140,0
1976,8,17,19,0,0,0,25.6,21.7,79,1016,2.6,160,0
1976,8,17,20,0,0,0,24.8,21.3,81,1016,2.8,170,0
1976,8,17,21,0,0,0,24.1,20.8,82,1016,2.9,170,0
1976,8,17,22,0,0,0,23.3,20.6,84,1017,3.1,180,0
1976,8,17,23,0,0,0,22.6,20,85,1016,2.9,180,0
1976,8,18,0,0,0,0,21.8,19.4,86,1016,2.8,180,0
1976,8,18,1,0,0,0,21.1,18.9,87,1015,2.6,180,0
1976,8,18,2,0,0,0,20.7,18.3,86,1015,2.6,200,0
1976,8,18,3,0,0,0,20.4,17.8,85,1016,2.6,210,0
1976,8,18,4,0,0,0,20,17.2,84,1016,2.6,230,0
1976,8,18,5,0,0,0,21.3,17.9,81,1016,2.8,220,0
1976,8,18,6,29,29,26,22.6,18.4,77,1017,2.9,220,0
1976,8,18,7,131,4,130,23.9,18.9,74,1017,3.1,210,0
1976,8,18,8,297,121,230,24.3,20.6,80,1017,2.1,190,0
1976,8,18,9,538,435,216,24.6,21.9,85,1017,1,160,0
1976,8,18,10,562,203,383,25,23.3,91,1017,0,0,0
1976,8,18,11,728,270,466,26.1,23.4,85,1017,2.1,120,0
1976,8,18,12,600,263,339,27.2,23.5,80,1016,4.1,90,0
1976,8,18,13,875,665,240,28.3,23.3,74,1015,6.2,70,0
1976,8,18,14,718,578,222,27.9,22.6,73,1015,4.8,70,0
1976,8,18,15,628,611,195,27.6,22.3,73,1015,3.5,80,0
1976,8,18,16,260,195,159,27.2,21.7,72,1015,2.1,80,0
1976,8,18,17,169,318,76,25.9,21.4,76,1016,1.9,130,0
1976,8,18,18,41,90,29,24.6,20.9,80,1016,1.7,190,0
1976,8,18,19,0,0,0,23.3,20.6,84,1017,1.5,240,0
1976,8,18,20,0,0,0,22.8,20.2,85,1017,2.2,240,0
1976,8,18,21,0,0,0,22.2,19.8,86,1018,2.9,230,0
1976,8,18,22,0,0,0,21.7,19.4,87,1018,3.6,230,0
1976,8,18,23,0,0,0,21.3,18.9,86,1018,3.8,230,0
1976,8,19,0,0,0,0,21,18.4,85,1017,3.9,240,0
1976,8,19,1,0,0,0,20.6,17.8,84,1017,4.1,240,0
1976,8,19,2,0,0,0,20.4,18.2,87,1017,3.4,240,0
1976,8,19,3,0,0,0,20.2,18.5,90,1016,2.8,250,0
1976,8,19,4,0,0,0,20,18.9,93,1016,2.1,250,0
1976,8,19,5,0,0,0,21.1,19.8,92,1016,2.1,250,0
1976,8,19,6,43,73,33,22.2,20.7,91,1017,2.1,240,0
1976,8,19,7,75,11,71,23.3,21.7,90,1017,2.1,240,0
1976,8,19,8,201,0,201,23.7,22,90,1017,2.3,190,0
1976,8,19,9,305,1,304,24,22.3,90,1018,2.4,130,0
1976,8,19,10,265,2,264,24.4,22.8,90,1018,2.6,80,0
1976,8,19,11,433,7,426,24.8,22.7,88,1017,2.9,70,0
1976,8,19,12,411,1,409,25.2,22.9,87,1016,3.3,60,0
1976,8,19,13,449,2,447,25.6,22.8,85,1016,3.6,50,0
1976,8,19,14,389,0,389,25.2,22.5,85,1016,2.9,60,0
1976,8,19,15,346,1,345,24.8,22.1,85,1015,2.2,80,0
1976,8,19,16,238,1,238,24.4,21.7,85,1015,1.5,90,0
1976,8,19,17,127,0,127,24.4,21.7,85,1016,2,80,0
1976,8,19,18,36,0,36,24.4,21.7,85,1016,2.6,70,0
1976,8,19,19,0,0,0,24.4,21.7,85,1016,3.1,60,0
1976,8,19,20,0,0,0,24,21.7,87,1016,3.8,70,0
1976,8,19,21,0,0,0,23.7,21.6,88,1017,4.5,70,0
1976,8,19,22,0,0,0,23.3,21.7,90,1017,5.2,80,0
1976,8,19,23,0,0,0,22.8,21.3,91,1017,4.3,130,0
1976,8,20,0,0,0,0,22.2,20.8,92,1016,3.5,190,0
1976,8,20,1,0,0,0,21.7,20.6,93,1016,2.6,240,0
1976,8,20,2,0,0,0,21.7,20.4,92,1016,2.9,250,0
1976,8,20,3,0,0,0,21.7,20.2,91,1015,3.3,270,0
1976,8,20,4,0,0,0,21.7,20,90,1015,3.6,280,0
1976,8,20,5,0,0,0,21.7,20.2,91,1016,3.8,280,0
1976,8,20,6,48,0,48,21.7,20.4,92,1016,3.9,280,0
1976,8,20,7,103,0,102,21.7,20.6,93,1017,4.1,280,0
1976,8,20,8,255,2,255,23.2,21.5,90,1017,3.9,320,0
1976,8,20,9,387,2,386,24.6,22.5,88,1017,3.8,10,0
1976,8,20,10,421,2,419,26.1,23.3,85,1017,3.6,50,0
1976,8,20,11,443,1,442,26.1,22.6,81,1016,3.6,50,0
1976,8,20,12,548,127,422,26.1,22,78,1016,3.6,50,0
1976,8,20,13,362,95,272,26.1,21.1,74,1015,3.6,50,0
1976,8,20,14,635,316,364,25.5,21,76,1015,3.3,40,0
1976,8,20,15,623,649,165,25,20.7,77,1014,2.9,30,0
1976,8,20,16,301,324,135,24.4,20.6,79,1014,2.6,20,0
1976,8,20,17,195,361,91,24.2,20.1,78,1015,2.4,20,0
1976,8,20,18,43,42,37,24.1,19.8,77,1015,2.3,20,0
1976,8,20,19,0,0,0,23.9,19.4,76,1016,2.1,20,0
1976,8,20,20,0,0,0,23.2,19.6,80,1016,1.4,350,0
1976,8,20,21,0,0,0,22.4,19.4,83,1016,0.7,330,0
1976,8,20,22,0,0,0,21.7,19.4,87,1016,0,0,0
1976,8,20,23,0,0,0,21.1,18.9,87,1016,0.9,270,0
1976,8,21,0,0,0,0,20.6,18.4,87,1015,1.7,250,0
1976,8,21,1,0,0,0,20,17.8,87,1015,2.6,220,0
1976,8,21,2,0,0,0,19.8,17.8,88,1015,2.9,220,0
1976,8,21,3,0,0,0,19.6,17.8,89,1014,3.3,220,0
1976,8,21,4,0,0,0,19.4,17.8,90,1014,3.6,220,0
1976,8,21,5,0,0,0,21.1,18.5,85,1015,3.4,230,0
1976,8,21,6,39,35,34,22.7,19.3,81,1015,3.3,250,0
1976,8,21,7,180,232,102,24.4,20,76,1015,3.1,260,0
1976,8,21,8,359,403,136,25.2,20,73,1015,3.1,310,0
1976,8,21,9,650,694,137,25.9,20,70,1015,3.1,0,0
1976,8,21,10,895,934,73,26.7,20,67,1014,3.1,50,0
1976,8,21,11,899,807,120,26.9,20,66,1014,3.4,60,0
1976,8,21,12,947,830,125,27,20.1,66,1013,3.8,60,0
1976,8,21,13,896,781,153,27.2,20,65,1013,4.1,70,0
1976,8,21,14,776,785,106,27,20.1,66,1013,3.9,70,0
1976,8,21,15,608,686,126,26.9,20,66,1013,3.8,70,0
1976,8,21,16,443,717,78,26.7,20,67,1013,3.6,70,0
1976,8,21,17,196,445,70,25.4,19.8,71,1013,2.4,100,0
1976,8,21,18,44,139,26,24.1,19.4,75,1014,1.2,120,0
1976,8,21,19,0,0,0,22.8,18.9,79,1014,0,0,0
1976,8,21,20,0,0,0,22.4,19.2,82,1015,0.9,170,0
1976,8,21,21,0,0,0,22.1,19.3,84,1015,1.7,200,0
1976,8,21,22,0,0,0,21.7,19.4,87,1015,2.6,220,0
1976,8,21,23,0,0,0,21.1,19.1,88,1015,2.6,220,0
1976,8,22,0,0,0,0,20.6,18.7,89,1015,2.6,220,0
1976,8,22,1,0,0,0,20,18.3,90,1014,2.6,220,0
1976,8,22,2,0,0,0,20,17.6,86,1014,2.4,220,0
1976,8,22,3,0,0,0,20,16.9,82,1014,2.3,210,0
1976,8,22,4,0,0,0,20,16.1,78,1014,2.1,210,0
1976,8,22,5,0,0,0,21.7,17.1,75,1015,2.3,220,0
1976,8,22,6,47,79,38,23.3,18,72,1015,2.4,220,0
1976,8,22,7,191,170,134,25,18.9,69,1016,2.6,230,0
1976,8,22,8,322,258,179,26.1,19.7,68,1016,3.3,170,0
1976,8,22,9,523,414,217,27.2,20.8,68,1016,3.9,120,0
1976,8,22,10,781,654,205,28.3,21.7,67,1016,4.6,60,0
1976,8,22,11,758,524,252,28.3,21.6,67,1015,4.8,60,0
1976,8,22,12,835,549,292,28.3,21.6,67,1015,5,60,0
1976,8,22,13,724,453,293,28.3,21.7,67,1014,5.2,60,0
1976,8,22,14,718,631,179,27.9,21.5,68,1014,4.7,70,0
1976,8,22,15,496,410,208,27.6,21.2,68,1014,4.1,70,0
1976,8,22,16,374,468,137,27.2,21.1,69,1014,3.6,80,0
1976,8,22,17,135,94,108,26.1,21.1,74,1015,3.4,80,0
1976,8,22,18,37,46,31,25,21.3,80,1015,3.3,80,0
1976,8,22,19,0,0,0,23.9,21.1,85,1016,3.1,80,0
1976,8,22,20,0,0,0,23.5,20.8,85,1016,3.1,130,0
1976,8,22,21,0,0,0,23.2,20.4,84,1017,3.1,170,0
1976,8,22,22,0,0,0,22.8,20,84,1017,3.1,220,0
1976,8,22,23,0,0,0,22.2,19.8,86,1017,2.9,220,0
1976,8,23,0,0,0,0,21.7,19.6,88,1016,2.8,230,0
1976,8,23,1,0,0,0,21.1,19.4,90,1016,2.6,230,0
1976,8,23,2,0,0,0,20.5,19,91,1016,2.8,230,0
1976,8,23,3,0,0,0,20,18.7,92,1016,2.9,220,0
1976,8,23,4,0,0,0,19.4,18.3,93,1016,3.1,220,0
1976,8,23,5,0,0,0,20.9,18.7,87,1016,2.1,240,0
1976,8,23,6,54,180,31,22.4,19.2,82,1017,1,270,0
1976,8,23,7,207,311,104,23.9,19.4,76,1017,0,0,0
1976,8,23,8,367,295,204,25,19.8,73,1017,1.2,310,0
1976,8,23,9,350,154,237,26.1,20.2,70,1017,2.4,340,0
1976,8,23,10,641,338,344,27.2,20.6,67,1017,3.6,0,0
1976,8,23,11,625,267,367,27.2,20.6,67,1017,3.4,10,0
1976,8,23,12,822,480,347,27.2,20.6,67,1016,3.3,20,0
1976,8,23,13,551,233,330,27.2,20.6,67,1016,3.1,30,0
1976,8,23,14,544,351,245,27,20.4,67,1016,2.8,30,0
1976,8,23,15,415,274,223,26.9,20.3,67,1016,2.4,40,0
1976,8,23,16,297,169,212,26.7,20,67,1016,2.1,40,0
1976,8,23,17,135,70,115,25.8,20.6,73,1016,2.1,40,0
1976,8,23,18,37,36,32,24.8,20.9,79,1016,2.1,30,0
1976,8,23,19,0,0,0,23.9,21.1,85,1017,2.1,30,0
1976,8,23,20,0,0,0,23.5,21.2,87,1017,2.1,90,0
1976,8,23,21,0,0,0,23.2,21.1,88,1017,2.1,150,0
1976,8,23,22,0,0,0,22.8,21.1,90,1018,2.1,210,0
1976,8,23,23,0,0,0,21.9,20.2,90,1017,2.3,220,0
1976,8,24,0,0,0,0,20.9,19.2,90,1017,2.4,220,0
1976,8,24,1,0,0,0,20,18.3,90,1016,2.6,230,0
1976,8,24,2,0,0,0,20.2,18.3,89,1016,2.2,220,0
1976,8,24,3,0,0,0,20.4,18.4,88,1016,1.9,220,0
1976,8,24,4,0,0,0,20.6,18.3,87,1016,1.5,210,0
1976,8,24,5,0,0,0,21.7,19.1,85,1016,1.7,250,0
1976,8,24,6,54,171,33,22.8,20,84,1017,1.9,290,0
1976,8,24,7,255,566,66,23.9,20.6,82,1017,2.1,330,0
1976,8,24,8,466,671,96,24.6,20.7,79,1017,2.3,350,0
1976,8,24,9,637,674,140,25.4,21.1,77,1018,2.4,10,0
1976,8,24,10,431,153,296,26.1,21.1,74,1018,2.6,30,0
1976,8,24,11,799,609,212,26.7,20.8,70,1017,2.9,20,0
1976,8,24,12,885,731,162,27.2,20.6,67,1017,3.3,10,0
1976,8,24,13,922,844,121,27.8,20,63,1016,3.6,0,0
1976,8,24,14,827,878,80,27.4,20,64,1016,3.6,0,0
1976,8,24,15,582,641,136,27.1,20.2,66,1015,3.6,10,0
1976,8,24,16,425,654,96,26.7,20,67,1015,3.6,10,0
1976,8,24,17,177,378,72,25.8,19.9,70,1016,3.1,10,0
1976,8,24,18,36,26,32,24.8,19.6,73,1016,2.6,0,0
1976,8,24,19,0,0,0,23.9,19.4,76,1017,2.1,0,0
1976,8,24,20,0,0,0,23.5,19.7,79,1017,2.4,320,0
1976,8,24,21,0,0,0,23.2,19.8,81,1017,2.8,270,0
1976,8,24,22,0,0,0,22.8,20,84,1018,3.1,230,0
1976,8,24,23,0,0,0,22.2,19.9,87,1017,2.9,230,0
1976,8,25,0,0,0,0,21.7,20,90,1017,2.8,220,0
1976,8,25,1,0,0,0,21.1,20,93,1017,2.6,220,0
1976,8,25,2,0,0,0,21.1,19.8,92,1016,1.7,230,0
1976,8,25,3,0,0,0,21.1,19.6,91,1016,0.9,240,0
1976,8,25,4,0,0,0,21.1,19.4,90,1016,0,0,0
1976,8,25,5,0,0,0,22.4,20,86,1016,0.7,270,0
1976,8,25,6,41,41,36,23.7,20.7,83,1017,1.4,280,0
1976,8,25,7,252,565,65,25,21.1,79,1017,2.1,290,0
1976,8,25,8,486,794,49,25.7,20.9,75,1017,2.6,310,0
1976,8,25,9,670,797,82,26.5,20.8,71,1017,3.1,340,0
1976,8,25,10,839,853,90,27.2,20.6,67,1017,3.6,360,0
1976,8,25,11,843,628,238,27.4,20.5,66,1017,3.4,360,0
1976,8,25,12,805,586,227,27.6,20.2,64,1016,3.3,360,0
1976,8,25,13,682,488,220,27.8,20,63,1016,3.1,360,0
1976,8,25,14,544,366,233,27.2,20.3,66,1015,3.3,360,0
1976,8,25,15,459,369,203,26.7,20.6,69,1015,3.4,360,0
1976,8,25,16,364,436,146,26.1,20.6,72,1015,3.6,360,0
1976,8,25,17,161,373,59,25.4,20.4,74,1015,3.4,340,0
1976,8,25,18,33,35,29,24.6,20.3,77,1016,3.3,330,0
1976,8,25,19,0,0,0,23.9,20,79,1016,3.1,310,0
1976,8,25,20,0,0,0,23.7,20.1,80,1017,2.6,300,0
1976,8,25,21,0,0,0,23.5,20.1,81,1017,2,300,0
1976,8,25,22,0,0,0,23.3,20,82,1017,1.5,290,0
1976,8,25,23,0,0,0,22.4,20,86,1017,1.7,260,0
1976,8,26,0,0,0,0,21.5,19.6,89,1017,1.9,240,0
1976,8,26,1,0,0,0,20.6,19.4,93,1017,2.1,210,0
1976,8,26,2,0,0,0,20.2,18.5,90,1016,2.3,210,0
1976,8,26,3,0,0,0,19.8,17.6,87,1016,2.4,210,0
1976,8,26,4,0,0,0,19.4,16.7,84,1015,2.6,210,0
1976,8,26,5,0,0,0,20.3,17.5,84,1016,2.2,210,0
1976,8,26,6,45,24,42,21.3,18.5,84,1016,1.9,210,0
1976,8,26,7,105,62,84,22.2,19.4,84,1016,1.5,210,0
1976,8,26,8,430,555,124,24.1,20,78,1016,2.7,150,0
1976,8,26,9,670,720,139,25.9,20.7,73,1016,4,90,0
1976,8,26,10,687,604,156,27.8,21.1,67,1016,5.2,30,0
1976,8,26,11,809,630,202,28,21.1,66,1016,5,40,0
1976,8,26,12,739,389,355,28.1,20.7,64,1015,4.8,60,0
1976,8,26,13,771,431,363,28.3,20.6,63,1014,4.6,70,0
1976,8,26,14,734,643,189,27.8,20.9,66,1014,4.6,70,0
1976,8,26,15,611,677,142,27.2,21,69,1014,4.6,70,0
1976,8,26,16,279,336,112,26.7,21.1,72,1014,4.6,70,0
1976,8,26,17,183,348,89,25.9,21.1,75,1015,3.6,40,0
1976,8,26,18,44,66,35,25.2,21.3,79,1015,2.5,20,0
1976,8,26,19,0,0,0,24.4,21.1,82,1016,1.5,350,0
1976,8,26,20,0,0,0,23.9,21,84,1016,1.7,310,0
1976,8,26,21,0,0,0,23.3,20.6,85,1016,1.9,270,0
1976,8,26,22,0,0,0,22.8,20.6,87,1016,2.1,230,0
1976,8,26,23,0,0,0,22.6,20.5,88,1016,2.3,230,0
1976,8,27,0,0,0,0,22.4,20.5,89,1015,2.4,240,0
1976,8,27,1,0,0,0,22.2,20.6,90,1015,2.6,240,0
1976,8,27,2,0,0,0,21.8,20.5,92,1015,2.6,230,0
1976,8,27,3,0,0,0,21.5,20.7,95,1015,2.6,220,0
1976,8,27,4,0,0,0,21.1,20.6,97,1015,2.6,210,0
1976,8,27,5,0,0,0,22,21,94,1015,2.8,220,0
1976,8,27,6,55,104,43,23,21.3,90,1015,2.9,240,0
1976,8,27,7,167,294,70,23.9,21.7,87,1016,3.1,250,0
1976,8,27,8,372,452,124,24.6,21.5,83,1015,2.8,290,0
1976,8,27,9,630,618,174,25.4,21.3,78,1015,2.4,340,0
1976,8,27,10,663,434,282,26.1,21.1,74,1015,2.1,20,0
1976,8,27,11,802,607,219,26.7,21.2,72,1014,3.5,30,0
1976,8,27,12,980,806,186,27.2,21.5,71,1014,4.8,40,0
1976,8,27,13,941,824,161,27.8,21.7,69,1013,6.2,50,0
1976,8,27,14,756,740,131,27.4,21.2,69,1013,5.5,50,0
1976,8,27,15,647,757,124,27.1,20.9,69,1013,4.8,60,0
1976,8,27,16,424,687,84,26.7,20.6,69,1013,4.1,60,0
1976,8,27,17,179,447,59,25.6,20.6,74,1013,3.6,120,0
1976,8,27,18,41,112,27,24.4,20.5,79,1013,3.1,180,0
1976,8,27,19,0,0,0,23.3,20.6,84,1014,2.6,240,0
1976,8,27,20,0,0,0,22.8,20.5,87,1014,4,240,0
1976,8,27,21,0,0,0,22.2,20.5,90,1014,5.3,240,0
1976,8,27,22,0,0,0,21.7,20.6,93,1015,6.7,240,0
1976,8,27,23,0,0,0,21.5,20.2,92,1014,5.7,240,0
1976,8,28,0,0,0,0,21.3,19.8,91,1014,4.6,230,0
1976,8,28,1,0,0,0,21.1,19.4,90,1013,3.6,230,0
1976,8,28,2,0,0,0,21.5,19.8,90,1013,3.1,220,0
1976,8,28,3,0,0,0,21.8,20.1,90,1013,2.6,210,0
1976,8,28,4,0,0,0,22.2,20.6,90,1013,2.1,200,0
1976,8,28,5,0,0,0,22.8,21.3,91,1013,2.3,220,0
1976,8,28,6,35,59,27,23.3,22.1,93,1013,2.4,230,0
1976,8,28,7,105,127,63,23.9,22.8,94,1014,2.6,250,0
1976,8,28,8,427,466,171,25.2,23.1,88,1014,2.9,280,0
1976,8,28,9,546,479,193,26.5,23.4,83,1014,3.3,320,0
1976,8,28,10,821,770,145,27.8,23.3,77,1014,3.6,350,0
1976,8,28,11,908,742,195,27.8,23.4,77,1014,3.9,20,0
1976,8,28,12,808,460,356,27.8,23.4,77,1013,4.3,60,0
1976,8,28,13,656,397,281,27.8,23.3,77,1013,4.6,90,0
1976,8,28,14,553,258,336,27.4,22.8,76,1012,4.3,80,0
1976,8,28,15,471,379,211,27.1,22.3,75,1012,3.9,80,0
1976,8,28,16,255,247,134,26.7,21.7,74,1012,3.6,70,0
1976,8,28,17,137,220,79,25.8,21.7,78,1013,2.9,60,0
1976,8,28,18,34,64,26,24.8,21.7,83,1013,2.2,60,0
1976,8,28,19,0,0,0,23.9,21.7,87,1014,1.5,50,0
1976,8,28,20,0,0,0,23.7,21.6,88,1014,1.7,100,0
1976,8,28,21,0,0,0,23.5,21.6,89,1014,1.9,160,0
1976,8,28,22,0,0,0,23.3,21.7,90,1015,2.1,210,0
1976,8,28,23,0,0,0,22.9,21.2,90,1015,2.4,220,0
1976,8,29,0,0,0,0,22.6,20.9,90,1014,2.8,230,0
1976,8,29,1,0,0,0,22.2,20.6,90,1014,3.1,240,0
1976,8,29,2,0,0,0,22,20.3,90,1014,3.4,240,0
1976,8,29,3,0,0,0,21.9,20.2,90,1014,3.8,230,0
1976,8,29,4,0,0,0,21.7,20,90,1014,4.1,230,0
1976,8,29,5,0,0,0,21.9,20.2,90,1015,3.2,230,0
1976,8,29,6,40,43,34,22,20.3,90,1015,2.4,240,0
1976,8,29,7,102,1,102,22.2,20.6,90,1016,1.5,240,0
1976,8,29,8,254,62,220,23.9,21.2,85,1016,1.9,300,0
1976,8,29,9,207,42,176,25.5,21.6,79,1015,2.2,350,0
1976,8,29,10,572,279,328,27.2,22.2,74,1015,2.6,50,0
1976,8,29,11,728,509,239,27.6,22.3,73,1015,3.3,50,0
1976,8,29,12,806,477,337,27.9,22.2,71,1014,3.9,50,0
1976,8,29,13,868,682,225,28.3,22.2,70,1014,4.6,50,0
1976,8,29,14,676,484,270,27.6,21.9,71,1014,4.4,60,0
1976,8,29,15,539,522,180,26.8,21.1,71,1014,4.3,60,0
1976,8,29,16,271,254,147,26.1,20.6,72,1014,4.1,70,0
1976,8,29,17,157,255,90,25.2,20.3,74,1014,3.2,70,0
1976,8,29,18,29,42,24,24.2,19.9,77,1015,2.4,60,0
1976,8,29,19,0,0,0,23.3,19.4,79,1015,1.5,60,0
1976,8,29,20,0,0,0,22.9,19.7,82,1015,1.9,120,0
1976,8,29,21,0,0,0,22.6,19.8,84,1016,2.2,170,0
1976,8,29,22,0,0,0,22.2,20,87,1016,2.6,230,0
1976,8,29,23,0,0,0,21.5,19.1,86,1015,2.8,230,0
1976,8,30,0,0,0,0,20.7,18.1,85,1015,2.9,240,0
1976,8,30,1,0,0,0,20,17.2,84,1014,3.1,240,0
1976,8,30,2,0,0,0,20.2,17.2,83,1014,2.8,240,0
1976,8,30,3,0,0,0,20.4,17.2,82,1014,2.4,230,0
1976,8,30,4,0,0,0,20.6,17.2,81,1014,2.1,230,0
1976,8,30,5,0,0,0,22.4,18.6,79,1014,2.6,240,0
1976,8,30,6,58,206,32,24.3,19.8,76,1014,3.1,260,0
1976,8,30,7,137,242,57,26.1,21.1,74,1015,3.6,270,0
1976,8,30,8,491,702,106,26.3,21.1,73,1015,3.3,320,0
1976,8,30,9,516,282,309,26.5,21.3,73,1015,2.9,0,0
1976,8,30,10,312,28,288,26.7,21.1,72,1015,2.6,50,0
1976,8,30,11,615,134,487,26.7,21.5,73,1014,3.6,40,0
1976,8,30,12,625,152,475,26.7,21.5,73,1014,4.7,30,0
1976,8,30,13,601,227,388,26.7,21.7,74,1013,5.7,20,0
1976,8,30,14,729,516,296,26.1,21.8,77,1013,5,20,0
1976,8,30,15,411,121,327,25.6,21.7,79,1013,4.3,10,0
1976,8,30,16,269,224,160,25,21.7,82,1013,3.6,10,0
1976,8,30,17,160,135,125,24.6,21.5,83,1013,3.4,360,0
1976,8,30,18,34,16,32,24.3,21.4,84,1014,3.3,340,0
1976,8,30,19,0,0,0,23.9,21.1,85,1014,3.1,330,0
1976,8,30,20,0,0,0,23.7,21.4,87,1014,3.1,300,0
1976,8,30,21,0,0,0,23.5,21.4,88,1015,3.1,270,0
1976,8,30,22,0,0,0,23.3,21.7,90,1015,3.1,240,0
1976,8,30,23,0,0,0,22.9,21.5,92,1014,2.6,230,0
1976,8,31,0,0,0,0,22.6,21.8,95,1014,2,220,0
1976,8,31,1,0,0,0,22.2,21.7,97,1013,1.5,210,0
1976,8,31,2,0,0,0,22.2,21.5,96,1013,1,190,0
1976,8,31,3,0,0,0,22.2,21.2,94,1013,0.5,170,0
1976,8,31,4,0,0,0,22.2,21.1,93,1013,0,0,0
1976,8,31,5,0,0,0,22.9,21,89,1014,0,0,0
1976,8,31,6,45,1,45,23.7,21.2,86,1014,0,0,0
1976,8,31,7,140,11,137,24.4,21.1,82,1015,0,0,0
1976,8,31,8,203,4,201,25.5,21.6,79,1015,1.2,90,0
1976,8,31,9,259,3,257,26.7,21.9,75,1015,2.4,70,0
1976,8,31,10,467,11,457,27.8,22.2,72,1015,3.6,50,0
1976,8,31,11,594,261,344,27.8,22.1,71,1014,3.3,40,0
1976,8,31,12,621,321,306,27.8,21.8,70,1013,2.9,40,0
1976,8,31,13,713,322,411,27.8,21.7,69,1013,2.6,30,0
1976,8,31,14,609,414,263,27.6,21.4,69,1013,2.9,20,0
1976,8,31,15,546,427,255,27.4,21.2,69,1013,3.3,20,0
1976,8,31,16,391,531,135,27.2,21.1,69,1013,3.6,10,0
1976,8,31,17,162,195,112,26.3,20.9,72,1013,2.4,350,0
1976,8,31,18,29,31,25,24.9,20.8,77,1014,1.4,307,0
1976,8,31,19,0,0,0,23.9,20.6,81,1014,0.8,66,0
1976,8,31,20,0,0,0,23.4,20.7,84,1014,1.7,259,0
1976,8,31,21,0,0,0,23.1,20.7,86,1015,2.4,239,0
1976,8,31,22,0,0,0,22.9,20.7,87,1015,2.8,230,0
1976,8,31,23,0,0,0,22.7,20.6,88,1014,2.8,230,0
1977,9,1,0,0,0,0,22.7,20.6,87,1015,2.9,230,0
1977,9,1,1,0,0,0,22.6,20.4,87,1014,2.9,230,0
1977,9,1,2,0,0,0,22.4,20.3,87,1014,2.5,234,0
1977,9,1,3,0,0,0,22.2,20.1,87,1014,1.8,236,0
1977,9,1,4,0,0,0,22,19.7,87,1014,0.8,66,0
1977,9,1,5,0,0,0,23,19.9,82,1015,1,247,0
1977,9,1,6,45,91,34,24.3,19.8,76,1015,1.4,260,0
1977,9,1,7,168,225,94,25.6,20,71,1015,2.1,260,0
1977,9,1,8,425,570,113,26.7,20.3,68,1015,2.8,290,0
1977,9,1,9,690,773,123,27.8,20.9,66,1015,3.4,310,0
1977,9,1,10,840,852,94,28.9,21.1,63,1015,4.1,340,0
1977,9,1,11,930,852,114,28.9,21.4,64,1015,3.9,350,0
1977,9,1,12,890,804,102,28.9,21.4,64,1014,3.8,0,0
1977,9,1,13,916,889,82,28.9,21.7,65,1014,3.6,10,0
1977,9,1,14,785,744,162,28.3,21.4,66,1013,3.1,20,0
1977,9,1,15,550,573,160,27.8,21.4,68,1013,2.6,30,0
1977,9,1,16,241,226,132,27.2,21.1,69,1013,2.1,40,0
1977,9,1,17,161,355,70,26.5,21.1,72,1014,1.9,40,0
1977,9,1,18,26,54,19,25.7,21.2,76,1014,1.7,50,0
1977,9,1,19,0,0,0,25,21.1,79,1015,1.5,50,0
1977,9,1,20,0,0,0,24.6,21.1,81,1015,1.7,60,0
1977,9,1,21,0,0,0,24.3,21.2,83,1015,1.9,80,0
1977,9,1,22,0,0,0,23.9,21.1,85,1015,2.1,90,0
1977,9,1,23,0,0,0,23.5,21,86,1015,1.9,140,0
1977,9,2,0,0,0,0,23.2,20.7,86,1015,1.7,200,0
1977,9,2,1,0,0,0,22.8,20.6,87,1014,1.5,250,0
1977,9,2,2,0,0,0,22.6,20.3,87,1014,2,250,0
1977,9,2,3,0,0,0,22.4,20.1,87,1014,2.6,250,0
1977,9,2,4,0,0,0,22.2,20,87,1014,3.1,250,0
1977,9,2,5,0,0,0,22.9,20.3,85,1014,2.8,250,0
1977,9,2,6,55,131,39,23.7,20.8,84,1015,2.4,260,0
1977,9,2,7,224,413,88,24.4,21.1,82,1015,2.1,260,0
1977,9,2,8,379,465,124,25.5,21.2,77,1015,2.4,300,0
1977,9,2,9,567,564,153,26.7,21.2,72,1015,2.8,340,0
1977,9,2,10,539,269,304,27.8,21.1,67,1015,3.1,20,0
1977,9,2,11,853,561,316,27.1,21.2,70,1015,2.1,30,0
1977,9,2,12,612,223,394,26.3,21.3,74,1015,1,30,0
1977,9,2,13,565,123,450,25.6,21.1,77,1014,0,0,0
1977,9,2,14,431,120,331,26.1,21.1,74,1014,1.4,50,0
1977,9,2,15,360,161,251,26.7,21.2,72,1014,2.7,50,0
1977,9,2,16,252,126,191,27.2,21.1,69,1013,4.1,60,0
1977,9,2,17,136,142,100,26.5,20.8,71,1014,3.6,60,0
1977,9,2,18,24,21,21,25.7,20.3,72,1014,3.1,60,0
1977,9,2,19,0,0,0,25,20,74,1015,2.6,60,0
1977,9,2,20,0,0,0,24.4,19.9,76,1015,2.2,0,0
1977,9,2,21,0,0,0,23.9,19.6,77,1016,1.9,310,0
1977,9,2,22,0,0,0,23.3,19.4,79,1016,1.5,250,0
1977,9,2,23,0,0,0,22.8,19.6,82,1016,1.7,240,0
1977,9,3,0,0,0,0,22.2,19.4,84,1015,1.9,240,0
1977,9,3,1,0,0,0,21.7,19.4,87,1015,2.1,230,0
1977,9,3,2,0,0,0,20.9,18.5,86,1015,2.1,220,0
1977,9,3,3,0,0,0,20.2,17.6,85,1014,2.1,220,0
1977,9,3,4,0,0,0,19.4,16.7,84,1014,2.1,210,0
1977,9,3,5,0,0,0,21.1,17.7,81,1015,2.8,230,0
1977,9,3,6,65,302,27,22.7,18.5,77,1015,3.4,250,0
1977,9,3,7,251,589,58,24.4,19.4,74,1016,4.1,270,0
1977,9,3,8,438,619,100,25.7,19.6,69,1016,3.8,300,0
1977,9,3,9,677,784,102,27,19.6,64,1015,3.4,330,0
1977,9,3,10,835,761,170,28.3,19.4,59,1015,3.1,360,0
1977,9,3,11,913,795,152,28.3,20.3,62,1015,3.4,360,0
1977,9,3,12,978,858,139,28.3,20.9,64,1014,3.8,360,0
1977,9,3,13,895,866,85,28.3,21.7,67,1013,4.1,360,0
1977,9,3,14,680,599,181,26.6,21.4,73,1013,3.6,340,0
1977,9,3,15,516,427,228,25,20.9,78,1013,3.1,320,0
1977,9,3,16,206,51,181,23.3,20.6,84,1013,2.6,300,0
1977,9,3,17,128,36,119,23.1,20.5,85,1014,2.2,270,0
1977,9,3,18,24,2,23,23,20.5,86,1014,1.9,230,0
1977,9,3,19,0,0,0,22.8,20.6,87,1015,1.5,200,0
1977,9,3,20,0,0,0,22.2,20.1,88,1015,1.9,190,0
1977,9,3,21,0,0,0,21.7,19.8,89,1015,2.2,190,0
1977,9,3,22,0,0,0,21.1,19.4,90,1015,2.6,180,0
1977,9,3,23,0,0,0,20.9,19,89,1015,2.8,180,0
1977,9,4,0,0,0,0,20.8,18.8,88,1014,2.9,180,0
1977,9,4,1,0,0,0,20.6,18.3,87,1014,3.1,180,0
1977,9,4,2,0,0,0,20.2,18,87,1014,2.9,200,0
1977,9,4,3,0,0,0,19.8,17.6,87,1014,2.8,210,0
1977,9,4,4,0,0,0,19.4,17.2,87,1014,2.6,230,0
1977,9,4,5,0,0,0,21.5,18.1,81,1014,2.4,240,0
1977,9,4,6,65,231,36,23.5,18.8,75,1014,2.3,240,0
1977,9,4,7,237,453,89,25.6,19.4,69,1015,2.1,250,0
1977,9,4,8,510,822,60,26.5,19.9,67,1015,2.4,280,0
1977,9,4,9,689,814,92,27.4,20.3,65,1015,2.8,320,0
1977,9,4,10,857,889,82,28.3,20.6,63,1015,3.1,350,0
1977,9,4,11,857,753,138,28.5,20.8,63,1014,3.8,20,0
1977,9,4,12,928,854,95,28.7,21,63,1014,4.5,40,0
1977,9,4,13,914,802,165,28.9,21.1,63,1013,5.2,70,0
1977,9,4,14,668,599,171,28.2,20.8,64,1013,4.5,70,0
1977,9,4,15,581,595,180,27.4,20,64,1013,3.8,60,0
1977,9,4,16,255,227,147,26.7,19.4,65,1013,3.1,60,0
1977,9,4,17,136,266,70,25.9,20,70,1013,2.8,70,0
1977,9,4,18,26,27,23,25.2,20.3,74,1014,2.4,80,0
1977,9,4,19,0,0,0,24.4,20.6,79,1014,2.1,90,0
1977,9,4,20,0,0,0,24,20.4,80,1014,2.3,130,0
1977,9,4,21,0,0,0,23.7,20.3,81,1015,2.4,160,0
1977,9,4,22,0,0,0,23.3,20,82,1015,2.6,200,0
1977,9,4,23,0,0,0,22.8,19.8,83,1014,2.9,200,0
1977,9,5,0,0,0,0,22.2,19.2,83,1014,3.3,190,0
1977,9,5,1,0,0,0,21.7,18.9,84,1014,3.6,190,0
1977,9,5,2,0,0,0,21.7,19.1,85,1014,3.1,190,0
1977,9,5,3,0,0,0,21.7,19.3,86,1014,2.6,190,0
1977,9,5,4,0,0,0,21.7,19.4,87,1014,2.1,190,0
1977,9,5,5,0,0,0,22.1,19.5,85,1014,2.1,210,0
1977,9,5,6,35,11,34,22.4,19.6,84,1014,2.1,240,0
1977,9,5,7,124,44,110,22.8,19.4,82,1015,2.1,260,0
1977,9,5,8,241,79,198,24.5,20,76,1015,2.4,280,0
1977,9,5,9,351,35,326,26.1,20.4,71,1015,2.8,310,0
1977,9,5,10,354,92,273,27.8,20.6,65,1015,3.1,330,0
1977,9,5,11,555,109,451,28,20.8,65,1014,3.6,340,0
1977,9,5,12,730,348,391,28.1,20.9,65,1014,4.1,340,0
1977,9,5,13,653,313,361,28.3,21.1,65,1013,4.6,350,0
1977,9,5,14,525,258,312,27.6,20.7,66,1013,4.1,10,0
1977,9,5,15,492,427,206,26.8,19.9,66,1013,3.6,30,0
1977,9,5,16,253,220,149,26.1,19.4,67,1013,3.1,50,0
1977,9,5,17,115,102,90,25.2,20,73,1013,2.6,30,0
1977,9,5,18,16,6,15,24.2,20.1,78,1013,2,20,0
1977,9,5,19,0,0,0,23.3,20.6,84,1014,1.5,0,0
1977,9,5,20,0,0,0,22.9,19.9,83,1014,1.7,30,0
1977,9,5,21,0,0,0,22.6,19.6,83,1014,1.9,60,0
1977,9,5,22,0,0,0,22.2,18.9,82,1015,2.1,90,0
1977,9,5,23,0,0,0,21.8,18.8,83,1014,2.3,130,0
1977,9,6,0,0,0,0,21.5,18.5,83,1014,2.4,180,0
1977,9,6,1,0,0,0,21.1,18.3,84,1014,2.6,220,0
1977,9,6,2,0,0,0,21.1,17.7,81,1013,2.8,220,0
1977,9,6,3,0,0,0,21.1,17.3,79,1013,2.9,230,0
1977,9,6,4,0,0,0,21.1,16.7,76,1013,3.1,230,0
1977,9,6,5,0,0,0,22.4,17.6,74,1013,3.1,240,0
1977,9,6,6,53,13,52,23.7,18.2,71,1013,3.1,240,0
1977,9,6,7,173,147,125,25,18.9,69,1014,3.1,250,0
1977,9,6,8,399,328,220,26.3,19.7,67,1014,3.4,300,0
1977,9,6,9,522,395,232,27.6,20.4,65,1014,3.8,340,0
1977,9,6,10,714,589,201,28.9,21.1,63,1014,4.1,30,0
1977,9,6,11,741,446,315,28.5,21.3,65,1013,3.9,30,0
1977,9,6,12,715,450,277,28.2,21.5,67,1012,3.8,40,0
1977,9,6,13,573,292,301,27.8,21.7,69,1012,3.6,40,0
1977,9,6,14,540,296,295,27.2,21.3,70,1012,3.4,40,0
1977,9,6,15,559,469,245,26.7,21,71,1012,3.3,50,0
1977,9,6,16,205,68,174,26.1,20.6,72,1012,3.1,50,0
1977,9,6,17,97,16,93,25,20.9,78,1012,3.4,350,0
1977,9,6,18,24,8,23,23.9,21,84,1013,3.8,300,0
1977,9,6,19,0,0,0,22.8,21.1,90,1014,4.1,240,0
1977,9,6,20,0,0,0,22.6,20.9,90,1014,3.6,240,0
1977,9,6,21,0,0,0,22.4,20.7,90,1014,3.1,240,0
1977,9,6,22,0,0,0,22.2,20.6,90,1015,2.6,240,0
1977,9,6,23,0,0,0,22.2,20.5,90,1014,2.8,240,0
1977,9,7,0,0,0,0,22.2,20.5,90,1014,2.9,250,0
1977,9,7,1,0,0,0,22.2,20.6,90,1013,3.1,250,0
1977,9,7,2,0,0,0,22.2,20.5,90,1013,3.1,260,0
1977,9,7,3,0,0,0,22.2,20.5,90,1013,3.1,270,0
1977,9,7,4,0,0,0,22.2,20.6,90,1013,3.1,280,0
1977,9,7,5,0,0,0,22.8,20.7,88,1013,2.9,240,0
1977,9,7,6,39,18,37,23.3,21,87,1013,2.8,210,0
1977,9,7,7,139,37,127,23.9,21.1,85,1014,2.6,170,0
1977,9,7,8,216,13,209,24.8,21.1,80,1014,2.4,230,0
1977,9,7,9,363,43,331,25.8,20.8,74,1014,2.3,280,0
1977,9,7,10,397,103,307,26.7,20.6,69,1014,2.1,340,0
1977,9,7,11,875,623,282,27.2,20.8,68,1013,2.8,350,0
1977,9,7,12,739,476,276,27.8,21.4,68,1012,3.4,10,0
1977,9,7,13,735,535,238,28.3,21.7,67,1012,4.1,20,0
1977,9,7,14,649,472,261,27.6,21.4,69,1012,3.4,20,0
1977,9,7,15,427,361,187,26.8,20.9,70,1012,2.8,10,0
1977,9,7,16,208,43,188,26.1,20.6,72,1012,2.1,10,0
1977,9,7,17,104,86,84,25.4,20.7,75,1013,1.4,340,0
1977,9,7,18,14,1,14,24.6,20.7,79,1013,0.7,320,0
1977,9,7,19,0,0,0,23.9,20.6,82,1014,0,0,0
1977,9,7,20,0,0,0,23.7,20.5,82,1014,0.9,260,0
1977,9,7,21,0,0,0,23.5,20.3,82,1014,1.7,240,0
1977,9,7,22,0,0,0,23.3,20,82,1015,2.6,210,0
1977,9,7,23,0,0,0,22.6,19.6,83,1014,1.7,220,0
1977,9,8,0,0,0,0,21.8,18.8,83,1014,0.9,220,0
1977,9,8,1,0,0,0,21.1,18.3,84,1013,0,0,0
1977,9,8,2,0,0,0,21.5,18.5,83,1013,1.2,230,0
1977,9,8,3,0,0,0,21.8,18.8,83,1013,2.4,240,0
1977,9,8,4,0,0,0,22.2,18.9,82,1013,3.6,240,0
1977,9,8,5,0,0,0,23.5,19.7,79,1013,3.4,240,0
1977,9,8,6,49,39,44,24.8,20.1,75,1014,3.3,250,0
1977,9,8,7,151,134,108,26.1,20.6,72,1014,3.1,250,0
1977,9,8,8,365,247,230,27.2,20.8,68,1014,3.8,200,0
1977,9,8,9,622,600,183,28.3,21.1,65,1014,4.5,140,0
1977,9,8,10,724,621,184,29.4,21.1,61,1014,5.2,90,0
1977,9,8,11,734,514,245,29.8,21.2,60,1014,5.4,80,0
1977,9,8,12,896,716,201,30.2,21,58,1013,5.5,80,0
1977,9,8,13,822,671,200,30.6,21.1,57,1013,5.7,70,0
1977,9,8,14,669,545,222,29.5,21.2,61,1013,4.8,80,0
1977,9,8,15,481,375,232,28.3,21.1,65,1013,4,80,0
1977,9,8,16,265,141,200,27.2,21.1,69,1013,3.1,90,0
1977,9,8,17,99,56,86,26.7,21.2,72,1013,2.8,120,0
1977,9,8,18,19,8,18,26.1,21.1,74,1014,2.4,160,0
1977,9,8,19,0,0,0,25.6,21.1,77,1015,2.1,190,0
1977,9,8,20,0,0,0,25.4,21.3,78,1015,1.9,200,0
1977,9,8,21,0,0,0,25.2,21.1,78,1015,1.7,200,0
1977,9,8,22,0,0,0,25,21.1,79,1015,1.5,210,0
1977,9,8,23,0,0,0,24.4,20.7,80,1015,2,180,0
1977,9,9,0,0,0,0,23.9,20.5,81,1014,2.6,150,0
1977,9,9,1,0,0,0,23.3,20,82,1014,3.1,120,0
1977,9,9,2,0,0,0,23.1,19.9,82,1014,2.9,150,0
1977,9,9,3,0,0,0,23,19.8,82,1014,2.8,170,0
1977,9,9,4,0,0,0,22.8,19.4,82,1014,2.6,200,0
1977,9,9,5,0,0,0,24.3,20.2,78,1014,2.8,180,0
1977,9,9,6,60,334,17,25.7,20.5,73,1014,2.9,170,0
1977,9,9,7,252,662,38,27.2,21.1,69,1015,3.1,150,0
1977,9,9,8,449,666,86,27.6,22.1,72,1015,3.8,150,0
1977,9,9,9,493,240,318,27.9,22.8,74,1015,4.5,140,0
1977,9,9,10,284,123,177,28.3,23.9,77,1015,5.2,140,0
1977,9,9,11,605,236,381,28.9,23.6,73,1015,5.9,130,0
1977,9,9,12,452,173,284,29.4,23.1,69,1014,6.5,130,0
1977,9,9,13,423,89,340,30,22.8,65,1014,7.2,120,0
1977,9,9,14,495,204,328,29.1,22.6,68,1014,6,120,0
1977,9,9,15,392,278,208,28.1,22.4,71,1014,4.8,110,0
1977,9,9,16,198,132,137,27.2,22.2,74,1014,3.6,110,0
1977,9,9,17,126,160,90,26.3,22.2,78,1014,3.1,140,0
1977,9,9,18,27,75,17,25.3,21.8,81,1015,2.6,170,0
1977,9,9,19,0,0,0,24.4,21.7,85,1015,2.1,200,0
1977,9,9,20,0,0,0,24.2,21.7,86,1016,2.3,210,0
1977,9,9,21,0,0,0,24.1,21.6,86,1016,2.4,210,0
1977,9,9,22,0,0,0,23.9,21.7,87,1017,2.6,220,0
1977,9,9,23,0,0,0,23.5,21.4,88,1016,2.2,220,0
1977,9,10,0,0,0,0,23.2,21.3,89,1016,1.9,220,0
1977,9,10,1,0,0,0,22.8,21.1,90,1015,1.5,220,0
1977,9,10,2,0,0,0,22.4,20.3,88,1015,1.7,220,0
1977,9,10,3,0,0,0,22.1,19.7,86,1014,1.9,220,0
1977,9,10,4,0,0,0,21.7,18.9,84,1014,2.1,220,0
1977,9,10,5,0,0,0,22.1,19.7,86,1015,1.9,240,0
1977,9,10,6,29,1,29,22.4,20.3,88,1015,1.7,260,0
1977,9,10,7,133,34,122,22.8,21.1,90,1016,1.5,280,0
1977,9,10,8,234,1,233,24.6,21.9,85,1016,1.9,340,0
1977,9,10,9,309,9,302,26.5,22.6,79,1016,2.2,30,0
1977,9,10,10,314,1,314,28.3,23.3,74,1016,2.6,90,0
1977,9,10,11,374,3,371,27.8,23.6,78,1015,2.4,80,0
1977,9,10,12,613,287,335,27.2,23.7,81,1015,2.3,60,0
1977,9,10,13,400,199,216,26.7,23.9,85,1014,2.1,50,0
1977,9,10,14,572,284,340,26.7,23.6,83,1014,2.3,60,0
1977,9,10,15,247,93,186,26.7,23.2,81,1014,2.4,60,0
1977,9,10,16,268,217,169,26.7,22.8,79,1014,2.6,70,0
1977,9,10,17,91,43,81,26.1,22.4,80,1014,2.4,70,0
1977,9,10,18,18,1,18,25.6,22.1,81,1015,2.3,70,0
1977,9,10,19,0,0,0,25,21.7,82,1016,2.1,70,0
1977,9,10,20,0,0,0,25,21.7,82,1016,1.4,100,0
1977,9,10,21,0,0,0,25,21.7,82,1016,0.7,120,0
1977,9,10,22,0,0,0,25,21.7,82,1017,0,0,0
1977,9,10,23,0,0,0,24.4,21.3,83,1016,1,180,0
1977,9,11,0,0,0,0,23.9,20.8,83,1016,2.1,200,0
1977,9,11,1,0,0,0,23.3,20.6,84,1015,3.1,230,0
1977,9,11,2,0,0,0,23.3,20.1,82,1015,3.1,230,0
1977,9,11,3,0,0,0,23.3,19.9,81,1015,3.1,230,0
1977,9,11,4,0,0,0,23.3,19.4,79,1015,3.1,230,0
1977,9,11,5,0,0,0,24.1,20,78,1015,2.1,250,0
1977,9,11,6,26,1,26,24.8,20.7,78,1015,1,270,0
1977,9,11,7,105,5,103,25.6,21.1,77,1016,0,0,0
1977,9,11,8,226,11,221,26.5,21.3,73,1016,0.7,310,0
1977,9,11,9,300,10,292,27.4,21.2,69,1016,1.4,330,0
1977,9,11,10,373,5,368,28.3,21.1,65,1016,2.1,350,0
1977,9,11,11,400,7,393,28.3,21.6,67,1015,2.8,10,0
1977,9,11,12,471,196,281,28.3,21.8,68,1015,3.4,40,0
1977,9,11,13,600,179,435,28.3,22.2,70,1014,4.1,60,0
1977,9,11,14,315,109,226,27.8,22.1,71,1014,3.4,60,0
1977,9,11,15,263,71,217,27.2,21.9,73,1014,2.8,50,0
1977,9,11,16,303,287,173,26.7,21.7,74,1014,2.1,50,0
1977,9,11,17,73,34,65,26.1,21.5,76,1014,1.4,20,0
1977,9,11,18,12,18,10,25.6,21.3,77,1014,0.7,350,0
1977,9,11,19,0,0,0,25,21.1,79,1015,0,0,0
1977,9,11,20,0,0,0,24.1,20.8,82,1015,0.5,300,0
1977,9,11,21,0,0,0,23.1,20.3,84,1015,1,270,0
1977,9,11,22,0,0,0,22.2,20,87,1016,1.5,240,0
1977,9,11,23,0,0,0,21.7,19.3,86,1015,1.9,230,0
1977,9,12,0,0,0,0,21.1,18.5,85,1015,2.2,230,0
1977,9,12,1,0,0,0,20.6,17.8,84,1014,2.6,220,0
1977,9,12,2,0,0,0,20.8,17.6,82,1014,1.7,230,0
1977,9,12,3,0,0,0,20.9,17.5,81,1014,0.9,230,0
1977,9,12,4,0,0,0,21.1,17.2,79,1014,0,0,0
1977,9,12,5,0,0,0,22.2,18,77,1014,0.7,250,0
1977,9,12,6,31,24,28,23.3,18.9,76,1014,1.4,250,0
1977,9,12,7,135,47,120,24.4,19.4,74,1015,2.1,260,0
1977,9,12,8,319,244,186,26.1,19.7,68,1015,2.4,290,0
1977,9,12,9,560,495,200,27.7,19.5,61,1015,2.8,320,0
1977,9,12,10,808,713,191,29.4,19.4,55,1015,3.1,350,0
1977,9,12,11,923,797,169,30,20,55,1014,3.6,10,0
1977,9,12,12,918,816,132,30.5,20.5,55,1014,4.1,30,0
1977,9,12,13,897,881,88,31.1,21.1,55,1013,4.6,50,0
1977,9,12,14,665,603,176,30.2,21,58,1013,3.9,50,0
1977,9,12,15,388,454,92,29.2,20.7,60,1013,3.3,50,0
1977,9,12,16,369,666,70,28.3,20.6,63,1013,2.6,50,0
1977,9,12,17,150,474,46,26.6,20.5,69,1013,1.7,20,0
1977,9,12,18,30,107,14,25,20.5,76,1014,0.9,360,0
1977,9,12,19,0,0,0,23.3,20,82,1014,0,0,0
1977,9,12,20,0,0,0,23.7,20.3,81,1014,0.9,300,0
1977,9,12,21,0,0,0,24,20.4,80,1015,1.7,280,0
1977,9,12,22,0,0,0,24.4,20.6,79,1015,2.6,250,0
1977,9,12,23,0,0,0,24,20.7,82,1014,2.6,220,0
1977,9,13,0,0,0,0,23.7,20.8,84,1014,2.6,200,0
1977,9,13,1,0,0,0,23.3,21.1,87,1013,2.6,170,0
1977,9,13,2,0,0,0,23.1,20.8,87,1013,2.4,180,0
1977,9,13,3,0,0,0,23,20.7,87,1013,2.3,200,0
1977,9,13,4,0,0,0,22.8,20.6,87,1013,2.1,210,0
1977,9,13,5,0,0,0,22.8,20.7,88,1013,2.8,220,0
1977,9,13,6,31,18,29,22.8,20.9,89,1013,3.4,230,0
1977,9,13,7,123,34,112,22.8,21.1,90,1014,4.1,240,0
1977,9,13,8,273,132,201,24.8,21.9,84,1014,3.2,290,0
1977,9,13,9,421,109,342,26.9,22.7,78,1014,2.4,340,0
1977,9,13,10,399,111,304,28.9,23.3,72,1014,1.5,30,0
1977,9,13,11,592,100,497,28.9,22.9,70,1013,2.2,40,0
1977,9,13,12,677,270,417,28.9,22.2,67,1012,2.9,50,0
1977,9,13,13,396,48,352,28.9,21.7,65,1012,3.6,60,0
1977,9,13,14,554,405,227,28.3,21.6,67,1011,3.4,70,0
1977,9,13,15,555,581,179,27.8,21.8,70,1011,3.3,70,0
1977,9,13,16,321,375,154,27.2,21.7,72,1011,3.1,80,0
1977,9,13,17,132,205,88,26.3,21.5,75,1012,2.8,80,0
1977,9,13,18,17,5,16,25.3,21.4,79,1012,2.4,70,0
1977,9,13,19,0,0,0,24.4,21.1,82,1013,2.1,70,0
1977,9,13,20,0,0,0,24.2,21.1,83,1013,2.4,100,0
1977,9,13,21,0,0,0,24.1,21.2,84,1013,2.8,120,0
1977,9,13,22,0,0,0,23.9,21.1,85,1014,3.1,150,0
1977,9,13,23,0,0,0,23.5,21,86,1013,2.9,180,0
1977,9,14,0,0,0,0,23.2,20.7,86,1013,2.8,210,0
1977,9,14,1,0,0,0,22.8,20.6,87,1013,2.6,240,0
1977,9,14,2,0,0,0,22.8,20.3,86,1012,1.7,230,0
1977,9,14,3,0,0,0,22.8,20.2,85,1012,0.9,230,0
1977,9,14,4,0,0,0,22.8,20,84,1012,0,0,0
1977,9,14,5,0,0,0,24.3,20.4,79,1012,0.9,210,0
1977,9,14,6,37,62,30,25.7,20.7,74,1013,1.7,210,0
1977,9,14,7,137,137,93,27.2,21.1,69,1013,2.6,200,0
1977,9,14,8,345,160,259,28.1,21.2,66,1013,3.5,160,0
1977,9,14,9,515,237,343,29.1,21.6,64,1013,4.3,120,0
1977,9,14,10,662,457,268,30,21.7,61,1013,5.2,80,0
1977,9,14,11,500,223,290,30,21.4,60,1012,4.3,70,0
1977,9,14,12,827,549,301,30,21.4,60,1012,3.5,70,0
1977,9,14,13,794,552,290,30,21.1,59,1011,2.6,60,0
1977,9,14,14,667,564,213,29.4,21.1,61,1011,2.4,60,0
1977,9,14,15,446,322,238,28.9,21.2,63,1010,2.3,50,0
1977,9,14,16,284,375,118,28.3,21.1,65,1010,2.1,50,0
1977,9,14,17,111,196,70,27.2,21.3,70,1011,1.9,60,0
1977,9,14,18,17,21,14,26.1,21.1,74,1012,1.7,60,0
1977,9,14,19,0,0,0,25,21.1,79,1012,1.5,70,0
1977,9,14,20,0,0,0,24.4,21.1,82,1013,1.7,20,0
1977,9,14,21,0,0,0,23.9,21,84,1013,1.9,320,0
1977,9,14,22,0,0,0,23.3,21.1,87,1014,2.1,270,0
1977,9,14,23,0,0,0,23.1,20.8,87,1013,2.4,250,0
1977,9,15,0,0,0,0,23,20.7,87,1013,2.8,240,0
1977,9,15,1,0,0,0,22.8,20.6,87,1013,3.1,220,0
1977,9,15,2,0,0,0,22.2,20.1,88,1012,2.8,220,0
1977,9,15,3,0,0,0,21.7,19.8,89,1012,2.4,210,0
1977,9,15,4,0,0,0,21.1,19.4,90,1012,2.1,210,0
1977,9,15,5,0,0,0,23,19.8,82,1012,1.9,210,0
1977,9,15,6,56,141,38,24.8,19.6,73,1012,1.7,220,0
1977,9,15,7,203,279,114,26.7,19.4,65,1013,1.5,220,0
1977,9,15,8,376,361,182,27.4,20,64,1013,2.4,170,0
1977,9,15,9,675,736,142,28.2,20.8,64,1013,3.2,120,0
1977,9,15,10,810,684,221,28.9,21.1,63,1013,4.1,70,0
1977,9,15,11,780,454,353,28.7,21.2,64,1013,4.1,80,0
1977,9,15,12,888,681,236,28.5,21,64,1012,4.1,80,0
1977,9,15,13,848,643,263,28.3,21.1,65,1012,4.1,90,0
1977,9,15,14,611,307,365,27.8,21.1,67,1012,3.4,70,0
1977,9,15,15,321,111,250,27.2,21.3,70,1012,2.8,50,0
1977,9,15,16,355,470,149,26.7,21.1,72,1012,2.1,30,0
1977,9,15,17,111,178,74,25.9,21.1,75,1013,1.4,0,0
1977,9,15,18,17,7,16,25.2,21.3,79,1013,0.7,330,0
1977,9,15,19,0,0,0,24.4,21.1,82,1014,0,0,0
1977,9,15,20,0,0,0,24.2,21.1,83,1014,0.9,280,0
1977,9,15,21,0,0,0,24.1,21.2,84,1014,1.7,250,0
1977,9,15,22,0,0,0,23.9,21.1,85,1015,2.6,220,0
1977,9,15,23,0,0,0,23.5,21.2,87,1014,2.9,230,0
1977,9,16,0,0,0,0,23.2,21.1,88,1014,3.3,230,0
1977,9,16,1,0,0,0,22.8,21.1,90,1014,3.6,240,0
1977,9,16,2,0,0,0,22.8,20.7,88,1014,2.9,250,0
1977,9,16,3,0,0,0,22.8,20.3,86,1014,2.2,270,0
1977,9,16,4,0,0,0,22.8,20,84,1014,1.5,280,0
1977,9,16,5,0,0,0,22.8,20.3,86,1014,2.2,270,0
1977,9,16,6,22,2,22,22.8,20.7,88,1015,2.9,250,0
1977,9,16,7,68,3,67,22.8,21.1,90,1015,3.6,240,0
1977,9,16,8,188,8,183,23.7,22,90,1015,3.3,250,0
1977,9,16,9,346,1,346,24.7,23.1,91,1016,2.9,250,0
1977,9,16,10,199,10,190,25.6,23.9,91,1016,2.6,260,0
1977,9,16,11,361,3,358,25.2,23.8,92,1015,3.1,270,0
1977,9,16,12,444,5,439,24.8,23.6,93,1015,3.6,280,0
1977,9,16,13,231,0,231,24.4,23.3,94,1014,4.1,290,0
1977,9,16,14,355,3,352,24.4,23.2,93,1014,3.9,280,0
1977,9,16,15,372,79,321,24.4,22.8,91,1014,3.8,280,0
1977,9,16,16,180,90,141,24.4,22.8,90,1014,3.6,270,0
1977,9,16,17,77,35,70,24.2,22.5,90,1014,3.1,260,0
1977,9,16,18,15,13,13,24.1,22.4,90,1015,2.6,240,0
1977,9,16,19,0,0,0,23.9,22.2,90,1015,2.1,230,0
1977,9,16,20,0,0,0,23.7,21.8,89,1016,2.8,230,0
1977,9,16,21,0,0,0,23.5,21.4,88,1016,3.4,230,0
1977,9,16,22,0,0,0,23.3,21.1,87,1016,4.1,230,0
1977,9,16,23,0,0,0,22.9,20.8,88,1016,3.9,230,0
1977,9,17,0,0,0,0,22.6,20.7,89,1015,3.8,240,0
1977,9,17,1,0,0,0,22.2,20.6,90,1015,3.6,240,0
1977,9,17,2,0,0,0,22.4,20.5,89,1015,3.3,250,0
1977,9,17,3,0,0,0,22.6,20.5,88,1014,2.9,250,0
1977,9,17,4,0,0,0,22.8,20.6,87,1014,2.6,260,0
1977,9,17,5,0,0,0,22.8,20.7,88,1015,2.6,260,0
1977,9,17,6,24,0,24,22.8,20.9,89,1015,2.6,250,0
1977,9,17,7,108,7,106,22.8,21.1,90,1015,2.6,250,0
1977,9,17,8,240,12,234,23.2,21.8,92,1015,2.2,230,0
1977,9,17,9,298,1,298,23.5,22.7,95,1016,1.9,210,0
1977,9,17,10,237,5,233,23.9,23.3,97,1016,1.5,190,0
1977,9,17,11,402,0,401,24.3,23.5,95,1015,1,170,0
1977,9,17,12,463,120,349,24.6,23.4,93,1015,0.5,150,0
1977,9,17,13,534,163,387,25,23.3,91,1014,0,0,0
1977,9,17,14,380,101,299,25.2,22.9,87,1014,0.7,110,0
1977,9,17,15,282,30,262,25.4,22.3,83,1014,1.4,90,0
1977,9,17,16,133,5,131,25.6,21.7,79,1014,2.1,70,0
1977,9,17,17,76,35,69,25,21.7,82,1015,2.4,120,0
1977,9,17,18,14,3,13,24.5,21.6,84,1015,2.8,170,0
1977,9,17,19,0,0,0,23.9,21.7,87,1015,3.1,220,0
1977,9,17,20,0,0,0,23.5,21.2,87,1015,2.9,220,0
1977,9,17,21,0,0,0,23.2,20.9,87,1016,2.8,230,0
1977,9,17,22,0,0,0,22.8,20.6,87,1016,2.6,230,0
1977,9,17,23,0,0,0,22.4,20.5,89,1016,2.4,240,0
1977,9,18,0,0,0,0,22.1,20.6,91,1015,2.3,250,0
1977,9,18,1,0,0,0,21.7,20.6,93,1015,2.1,260,0
1977,9,18,2,0,0,0,21.1,19.8,92,1015,1.9,250,0
1977,9,18,3,0,0,0,20.6,19.1,91,1014,1.7,240,0
1977,9,18,4,0,0,0,20,18.3,90,1014,1.5,230,0
1977,9,18,5,0,0,0,20.2,18.3,89,1015,1.9,220,0
1977,9,18,6,44,50,38,20.4,18.4,88,1015,2.2,220,0
1977,9,18,7,97,47,82,20.6,18.3,87,1016,2.6,210,0
1977,9,18,8,401,338,219,23,19.6,81,1016,2.8,260,0
1977,9,18,9,567,459,236,25.4,20.7,75,1016,2.9,320,0
1977,9,18,10,814,833,100,27.8,21.7,69,1016,3.1,10,0
1977,9,18,11,911,842,123,28,21.3,67,1015,3.1,0,0
1977,9,18,12,914,893,65,28.1,20.9,65,1015,3.1,350,0
1977,9,18,13,935,956,71,28.3,20.6,63,1014,3.1,340,0
1977,9,18,14,638,610,153,28.1,20.7,64,1014,3.3,360,0
1977,9,18,15,557,661,140,28,21.1,66,1014,3.4,10,0
1977,9,18,16,301,457,106,27.8,21.1,67,1014,3.6,30,0
1977,9,18,17,119,186,83,26.3,21.1,73,1014,3.4,350,0
1977,9,18,18,19,24,16,24.8,20.7,78,1014,3.3,320,0
1977,9,18,19,0,0,0,23.3,20.6,84,1015,3.1,280,0
1977,9,18,20,0,0,0,23.1,20.1,83,1015,2.9,270,0
1977,9,18,21,0,0,0,23,20,83,1015,2.8,270,0
1977,9,18,22,0,0,0,22.8,19.4,82,1015,2.6,260,0
1977,9,18,23,0,0,0,22.2,19,82,1015,2.8,240,0
1977,9,19,0,0,0,0,21.7,18.3,81,1014,2.9,220,0
1977,9,19,1,0,0,0,21.1,17.8,81,1014,3.1,200,0
1977,9,19,2,0,0,0,20.7,17.3,81,1013,3.3,210,0
1977,9,19,3,0,0,0,20.4,17.1,81,1013,3.4,210,0
1977,9,19,4,0,0,0,20,16.7,81,1013,3.6,220,0
1977,9,19,5,0,0,0,20.9,17.1,79,1014,2.4,220,0
1977,9,19,6,50,10,48,21.9,17.9,78,1014,1.2,230,0
1977,9,19,7,87,4,86,22.8,18.3,76,1015,0,0,0
1977,9,19,8,246,26,232,23.7,19.4,77,1015,1,230,0
1977,9,19,9,242,10,235,24.7,20.6,78,1015,2.1,240,0
1977,9,19,10,337,9,329,25.6,21.7,79,1016,3.1,240,0
1977,9,19,11,364,1,364,26,21.5,76,1015,2.8,280,0
1977,9,19,12,397,7,390,26.3,20.9,72,1014,2.4,330,0
1977,9,19,13,449,5,445,26.7,20.6,69,1013,2.1,10,0
1977,9,19,14,367,5,363,25.9,20.7,73,1013,2.8,330,0
1977,9,19,15,299,3,298,25.2,21.1,78,1013,3.4,280,0
1977,9,19,16,195,1,195,24.4,21.1,82,1013,4.1,240,0
1977,9,19,17,91,0,91,24,20.6,81,1014,3.6,240,0
1977,9,19,18,12,0,12,23.7,20.1,80,1014,3.1,240,0
1977,9,19,19,0,0,0,23.3,19.4,79,1015,2.6,240,0
1977,9,19,20,0,0,0,23.1,19.3,79,1015,3.1,180,0
1977,9,19,21,0,0,0,23,19.2,79,1015,3.6,130,0
1977,9,19,22,0,0,0,22.8,18.9,79,1015,4.1,70,0
1977,9,19,23,0,0,0,22.6,19.2,81,1015,3.8,130,0
1977,9,20,0,0,0,0,22.4,19.2,82,1015,3.4,180,0
1977,9,20,1,0,0,0,22.2,19.4,84,1014,3.1,240,0
1977,9,20,2,0,0,0,21.7,19.1,85,1014,2.9,240,0
1977,9,20,3,0,0,0,21.1,18.7,86,1014,2.8,230,0
1977,9,20,4,0,0,0,20.6,18.3,87,1014,2.6,230,0
1977,9,20,5,0,0,0,21.9,18.9,83,1014,1.7,200,0
1977,9,20,6,45,142,27,23.1,19.5,80,1015,0.9,180,0
1977,9,20,7,222,389,99,24.4,20,76,1016,0,0,0
1977,9,20,8,415,462,168,25.7,20.3,72,1016,1,120,0
1977,9,20,9,445,238,274,27,20.4,67,1016,2.1,100,0
1977,9,20,10,808,653,250,28.3,20.6,63,1016,3.1,70,0
1977,9,20,11,650,433,246,28.5,20.5,62,1015,3.3,70,0
1977,9,20,12,940,792,190,28.7,20.7,62,1014,3.4,80,0
1977,9,20,13,884,822,146,28.9,20.6,61,1014,3.6,80,0
1977,9,20,14,586,516,179,28,20.3,63,1014,3.4,80,0
1977,9,20,15,479,538,142,27,19.9,65,1014,3.3,80,0
1977,9,20,16,253,275,137,26.1,19.4,67,1014,3.1,80,0
1977,9,20,17,98,161,67,25.2,19.6,71,1014,2.8,120,0
1977,9,20,18,10,17,8,24.2,19.5,75,1014,2.4,170,0
1977,9,20,19,0,0,0,23.3,19.4,79,1015,2.1,210,0
1977,9,20,20,0,0,0,22.6,19.2,81,1015,2.1,210,0
1977,9,20,21,0,0,0,21.8,18.6,82,1015,2.1,220,0
1977,9,20,22,0,0,0,21.1,18.3,84,1015,2.1,220,0
1977,9,20,23,0,0,0,20.7,17.7,83,1015,2.1,220,0
1977,9,21,0,0,0,0,20.4,17.2,82,1015,2.1,210,0
1977,9,21,1,0,0,0,20,16.7,81,1015,2.1,210,0
1977,9,21,2,0,0,0,20,16.3,79,1015,2.6,220,0
1977,9,21,3,0,0,0,20,16.1,78,1015,3.1,220,0
1977,9,21,4,0,0,0,20,15.6,76,1015,3.6,230,0
1977,9,21,5,0,0,0,22.2,16.7,71,1016,3.3,240,0
1977,9,21,6,45,112,30,24.5,18,67,1016,2.9,240,0
1977,9,21,7,227,552,53,26.7,18.9,62,1017,2.6,250,0
1977,9,21,8,409,516,134,27.8,19.3,60,1017,3.3,200,0
1977,9,21,9,442,443,124,28.9,19.5,57,1017,3.9,160,0
1977,9,21,10,824,805,137,30,20,55,1017,4.6,110,0
1977,9,21,11,870,764,158,30,20.3,56,1016,5.3,110,0
1977,9,21,12,918,877,89,30,20.3,56,1015,6,110,0
1977,9,21,13,837,803,117,30,20.6,57,1015,6.7,110,0
1977,9,21,14,652,576,200,29.3,20.7,60,1015,5.8,120,0
1977,9,21,15,461,439,188,28.5,21,64,1015,5,120,0
1977,9,21,16,186,104,143,27.8,21.1,67,1015,4.1,130,0
1977,9,21,17,61,54,51,26.9,21.2,71,1016,3.2,170,0
1977,9,21,18,12,14,10,25.9,21.1,75,1016,2.4,200,0
1977,9,21,19,0,0,0,25,21.1,79,1017,1.5,240,0
1977,9,21,20,0,0,0,24.4,20.9,81,1017,1,240,0
1977,9,21,21,0,0,0,23.9,20.7,82,1018,0.5,240,0
1977,9,21,22,0,0,0,23.3,20.6,84,1018,0,0,0
1977,9,21,23,0,0,0,22.8,20.3,86,1018,0.5,230,0
1977,9,22,0,0,0,0,22.2,20.1,88,1018,1,230,0
1977,9,22,1,0,0,0,21.7,20,90,1017,1.5,230,0
1977,9,22,2,0,0,0,21.7,20,90,1017,2,230,0
1977,9,22,3,0,0,0,21.7,20,90,1017,2.6,220,0
1977,9,22,4,0,0,0,21.7,20,90,1017,3.1,220,0
1977,9,22,5,0,0,0,22.6,20.5,88,1018,2.9,220,0
1977,9,22,6,47,6,46,23.5,21.2,87,1018,2.8,230,0
1977,9,22,7,152,40,139,24.4,21.7,85,1019,2.6,230,0
1977,9,22,8,328,205,219,24.8,22.1,85,1019,2.9,220,0
1977,9,22,9,459,254,277,25.2,22.5,85,1019,3.3,200,0
1977,9,22,10,471,180,318,25.6,22.8,85,1019,3.6,190,0
1977,9,22,11,448,13,436,25.4,22.5,84,1018,3.1,240,0
1977,9,22,12,377,12,365,25.2,22.1,83,1017,2.6,280,0
1977,9,22,13,230,13,218,25,21.7,82,1016,2.1,330,0
1977,9,22,14,323,4,320,25.6,21.7,79,1016,2.1,340,0
1977,9,22,15,284,78,236,26.1,21.8,77,1016,2.1,360,0
1977,9,22,16,179,64,153,26.7,21.7,74,1016,2.1,10,0
1977,9,22,17,88,113,68,25.9,21.1,75,1016,1.9,10,0
1977,9,22,18,18,41,12,25.2,20.5,75,1017,1.7,0,0
1977,9,22,19,0,0,0,24.4,20,76,1017,1.5,0,0
1977,9,22,20,0,0,0,23.7,20.1,80,1017,1.7,310,0
1977,9,22,21,0,0,0,22.9,19.9,83,1017,1.9,270,0
1977,9,22,22,0,0,0,22.2,20,87,1018,2.1,220,0
1977,9,22,23,0,0,0,22.4,20.1,87,1017,1.9,220,0
1977,9,23,0,0,0,0,22.6,20.3,87,1017,1.7,210,0
1977,9,23,1,0,0,0,22.8,20.6,87,1016,1.5,210,0
1977,9,23,2,0,0,0,22.6,20.3,87,1016,1,220,0
1977,9,23,3,0,0,0,22.4,20.1,87,1016,0.5,230,0
1977,9,23,4,0,0,0,22.2,20,87,1016,0,0,0
1977,9,23,5,0,0,0,22.4,20,86,1016,1,240,0
1977,9,23,6,39,37,35,22.6,20,85,1017,2.1,250,0
1977,9,23,7,172,64,152,22.8,20,84,1017,3.1,260,0
1977,9,23,8,284,161,198,24.5,20.2,77,1017,3.1,280,0
1977,9,23,9,519,421,218,26.1,20.2,70,1017,3.1,300,0
1977,9,23,10,688,547,223,27.8,20,63,1017,3.1,320,0
1977,9,23,11,799,653,194,28,20.3,63,1017,3.6,340,0
1977,9,23,12,843,707,178,28.1,20.4,63,1016,4.1,10,0
1977,9,23,13,945,894,149,28.3,20.6,63,1015,4.6,30,0
1977,9,23,14,560,298,327,26.6,20.7,70,1015,3.1,30,0
1977,9,23,15,326,101,263,25,20.7,77,1014,1.5,20,0
1977,9,23,16,221,20,213,23.3,20.6,84,1014,0,0,0
1977,9,23,17,66,25,61,23.9,19.4,76,1015,1.2,20,0
1977,9,23,18,8,1,8,24.4,18.1,68,1015,2.4,10,0
1977,9,23,19,0,0,0,25,16.7,60,1016,3.6,10,0
1977,9,23,20,0,0,0,24.3,17.6,66,1016,3.4,320,0
1977,9,23,21,0,0,0,23.5,18.4,73,1016,3.3,280,0
1977,9,23,22,0,0,0,22.8,18.9,79,1017,3.1,230,0
1977,9,23,23,0,0,0,22.4,19.2,82,1016,2.9,230,0
1977,9,24,0,0,0,0,22.1,19.3,84,1016,2.8,240,0
1977,9,24,1,0,0,0,21.7,19.4,87,1015,2.6,240,0
1977,9,24,2,0,0,0,21.3,19.1,87,1015,2.6,240,0
1977,9,24,3,0,0,0,21,18.8,87,1015,2.6,250,0
1977,9,24,4,0,0,0,20.6,18.3,87,1014,2.6,250,0
1977,9,24,5,0,0,0,21.5,18.7,84,1015,2.8,250,0
1977,9,24,6,34,51,28,22.4,19.2,82,1015,2.9,240,0
1977,9,24,7,229,430,94,23.3,19.4,79,1015,3.1,240,0
1977,9,24,8,456,645,113,25.2,20.3,74,1015,3.3,280,0
1977,9,24,9,468,269,276,27,20.6,68,1015,3.4,320,0
1977,9,24,10,647,504,219,28.9,21.1,63,1015,3.6,360,0
1977,9,24,11,777,580,241,27.4,21.5,70,1015,2.4,340,0
1977,9,24,12,643,218,438,25.9,21.8,78,1015,1.2,330,0
1977,9,24,13,351,183,188,24.4,21.7,85,1014,0,0,0
1977,9,24,14,435,180,295,25,21.5,81,1014,0,0,0
1977,9,24,15,434,325,236,25.5,21.4,78,1014,0,0,0
1977,9,24,16,240,125,189,26.1,21.1,74,1014,0,0,0
1977,9,24,17,67,37,61,24.8,20.7,78,1014,1.7,250,0
1977,9,24,18,9,7,7,23.5,20.5,83,1015,3.5,240,0
1977,9,24,19,0,0,0,22.2,20,87,1016,5.2,220,0
1977,9,24,20,0,0,0,22,19.8,87,1016,3.5,230,0
1977,9,24,21,0,0,0,21.9,19.7,87,1016,1.7,230,0
1977,9,24,22,0,0,0,21.7,19.4,87,1016,0,0,0
1977,9,24,23,0,0,0,21.5,19.4,88,1016,0.7,240,0
1977,9,25,0,0,0,0,21.3,19.4,89,1015,1.4,250,0
1977,9,25,1,0,0,0,21.1,19.4,90,1015,2.1,250,0
1977,9,25,2,0,0,0,20.9,19,89,1015,2.3,240,0
1977,9,25,3,0,0,0,20.8,18.8,88,1014,2.4,220,0
1977,9,25,4,0,0,0,20.6,18.3,87,1014,2.6,210,0
1977,9,25,5,0,0,0,21,18.8,87,1015,2.6,230,0
1977,9,25,6,39,20,36,21.3,19.1,87,1016,2.6,250,0
1977,9,25,7,73,60,54,21.7,19.4,87,1016,2.6,270,0
1977,9,25,8,286,38,266,23.4,20,81,1016,3.1,260,0
1977,9,25,9,238,1,238,25,20.3,75,1016,3.6,240,0
1977,9,25,10,308,11,299,26.7,20.6,69,1016,4.1,230,0
1977,9,25,11,393,6,387,26.7,20.3,68,1015,3.9,170,0
1977,9,25,12,488,212,290,26.7,20.3,68,1015,3.8,120,0
1977,9,25,13,488,205,307,26.7,20,67,1014,3.6,60,0
1977,9,25,14,458,259,258,26.5,20.4,69,1014,2.4,90,0
1977,9,25,15,267,76,221,26.3,20.4,70,1014,1.2,120,0
1977,9,25,16,217,129,165,26.1,20.6,72,1014,0,0,0
1977,9,25,17,72,25,68,25.4,20.7,75,1014,2.1,170,0
1977,9,25,18,6,0,6,24.6,20.7,79,1015,4.1,200,0
1977,9,25,19,0,0,0,23.9,20.6,82,1015,6.2,230,0
1977,9,25,20,0,0,0,23.2,20.4,84,1015,5.2,230,0
1977,9,25,21,0,0,0,22.4,19.8,85,1015,4.1,220,0
1977,9,25,22,0,0,0,21.7,19.4,87,1015,3.1,220,0
1977,9,25,23,0,0,0,21.5,19.3,87,1015,2.9,230,0
1977,9,26,0,0,0,0,21.3,19.1,87,1014,2.8,230,0
1977,9,26,1,0,0,0,21.1,18.9,87,1014,2.6,240,0
1977,9,26,2,0,0,0,20.7,18.5,87,1014,2.6,240,0
1977,9,26,3,0,0,0,20.4,18.2,87,1014,2.6,230,0
1977,9,26,4,0,0,0,20,17.8,87,1014,2.6,230,0
1977,9,26,5,0,0,0,21.5,18.1,81,1014,1.7,200,0
1977,9,26,6,52,137,35,22.9,18.3,75,1014,0.9,170,0
1977,9,26,7,238,548,67,24.4,18.3,69,1015,0,0,0
1977,9,26,8,468,705,94,25.7,19.4,68,1015,1.5,120,0
1977,9,26,9,680,805,107,27,20.1,66,1015,3.1,90,0
1977,9,26,10,837,834,132,28.3,21.1,65,1015,4.6,60,0
1977,9,26,11,684,430,288,27.9,21,66,1014,4.4,60,0
1977,9,26,12,858,673,231,27.6,21.2,68,1013,4.3,60,0
1977,9,26,13,801,630,247,27.2,21.1,69,1013,4.1,60,0
1977,9,26,14,574,373,287,26.8,20.9,70,1013,3.8,70,0
1977,9,26,15,336,126,260,26.5,20.8,71,1013,3.4,90,0
1977,9,26,16,103,6,101,26.1,20.6,72,1013,3.1,100,0
1977,9,26,17,67,33,61,25,20.5,76,1013,2.9,140,0
1977,9,26,18,9,12,7,23.9,20.3,80,1013,2.8,180,0
1977,9,26,19,0,0,0,22.8,20,84,1014,2.6,220,0
1977,9,26,20,0,0,0,22.8,19.8,83,1014,2.4,220,0
1977,9,26,21,0,0,0,22.8,19.8,83,1014,2.3,230,0
1977,9,26,22,0,0,0,22.8,19.4,82,1014,2.1,230,0
1977,9,26,23,0,0,0,22.1,19.5,85,1013,2.1,220,0
1977,9,27,0,0,0,0,21.3,19.1,87,1013,2.1,220,0
1977,9,27,1,0,0,0,20.6,18.9,90,1013,2.1,210,0
1977,9,27,2,0,0,0,20.4,18.5,89,1012,2.1,210,0
1977,9,27,3,0,0,0,20.2,18.2,88,1012,2.1,200,0
1977,9,27,4,0,0,0,20,17.8,87,1012,2.1,200,0
1977,9,27,5,0,0,0,21.5,18.3,82,1012,2.4,210,0
1977,9,27,6,41,151,23,22.9,18.5,76,1012,2.8,230,0
1977,9,27,7,231,495,77,24.4,18.9,71,1013,3.1,240,0
1977,9,27,8,465,658,117,26.1,19.7,68,1013,3.8,190,0
1977,9,27,9,606,642,150,27.7,20.3,64,1013,4.5,140,0
1977,9,27,10,802,835,99,29.4,21.1,61,1013,5.2,90,0
1977,9,27,11,934,842,161,28.5,21.3,65,1012,4.7,90,0
1977,9,27,12,835,698,185,27.6,21.2,68,1012,4.1,100,0
1977,9,27,13,802,644,237,26.7,21.1,72,1011,3.6,100,0
1977,9,27,14,269,46,234,26.1,21.8,77,1011,2.4,110,0
1977,9,27,15,403,142,318,25.6,22.5,83,1011,1.2,130,0
1977,9,27,16,170,40,155,25,22.8,88,1011,0,0,0
1977,9,27,17,67,25,63,24.6,22.7,89,1012,0,0,0
1977,9,27,18,6,1,6,24.3,22.4,89,1012,0,0,0
1977,9,27,19,0,0,0,23.9,22.2,90,1013,0,0,0
1977,9,27,20,0,0,0,23.5,21.8,90,1013,0.7,190,0
1977,9,27,21,0,0,0,23.2,21.5,90,1013,1.4,210,0
1977,9,27,22,0,0,0,22.8,21.1,90,1013,2.1,220,0
1977,9,27,23,0,0,0,22.8,20.7,88,1013,1.9,220,0
1977,9,28,0,0,0,0,22.8,20.3,86,1012,1.7,220,0
1977,9,28,1,0,0,0,22.8,20,84,1012,1.5,220,0
1977,9,28,2,0,0,0,22.4,19.6,84,1012,1.7,210,0
1977,9,28,3,0,0,0,22.1,19.3,84,1011,1.9,200,0
1977,9,28,4,0,0,0,21.7,18.9,84,1011,2.1,190,0
1977,9,28,5,0,0,0,22.2,18.6,80,1012,2.3,190,0
1977,9,28,6,51,214,25,22.8,18.2,75,1012,2.4,180,0
1977,9,28,7,241,614,50,23.3,17.8,71,1012,2.6,180,0
1977,9,28,8,465,787,50,25.5,19.2,68,1012,3.1,140,0
1977,9,28,9,649,847,49,27.8,20.4,64,1012,3.6,110,0
1977,9,28,10,775,799,102,30,21.7,61,1012,4.1,70,0
1977,9,28,11,880,820,129,29.1,21.9,65,1012,3.8,60,0
1977,9,28,12,807,662,192,28.1,22.1,70,1011,3.4,60,0
1977,9,28,13,801,650,232,27.2,22.2,74,1011,3.1,50,0
1977,9,28,14,595,517,200,26.7,22.3,77,1011,2.8,60,0
1977,9,28,15,228,72,185,26.1,22.2,79,1011,2.4,80,0
1977,9,28,16,125,1,124,25.6,22.2,82,1011,2.1,90,0
1977,9,28,17,45,8,44,25.2,21.7,81,1012,2.6,130,0
1977,9,28,18,3,1,3,24.8,21.1,80,1012,3.1,180,0
1977,9,28,19,0,0,0,24.4,20.6,79,1013,3.6,220,0
1977,9,28,20,0,0,0,24,20.4,80,1013,3.1,220,0
1977,9,28,21,0,0,0,23.7,20.3,81,1013,2.6,210,0
1977,9,28,22,0,0,0,23.3,20,82,1014,2.1,210,0
1977,9,28,23,0,0,0,22.6,19.8,84,1013,1.9,210,0
1977,9,29,0,0,0,0,21.8,19.2,85,1013,1.7,200,0
1977,9,29,1,0,0,0,21.1,18.9,87,1013,1.5,200,0
1977,9,29,2,0,0,0,21.1,18.7,86,1013,1.5,200,0
1977,9,29,3,0,0,0,21.1,18.5,85,1013,1.5,190,0
1977,9,29,4,0,0,0,21.1,18.3,84,1013,1.5,190,0
1977,9,29,5,0,0,0,22.2,18.4,79,1013,1.9,200,0
1977,9,29,6,51,235,23,23.3,18.4,74,1014,2.2,200,0
1977,9,29,7,259,724,36,24.4,18.3,69,1014,2.6,210,0
1977,9,29,8,473,792,56,26.1,19.7,68,1014,2.9,170,0
1977,9,29,9,660,856,55,27.7,20.8,66,1014,3.3,140,0
1977,9,29,10,713,690,134,29.4,22.2,65,1014,3.6,100,0
1977,9,29,11,891,870,96,29.4,22.1,65,1014,3.9,100,0
1977,9,29,12,826,733,148,29.4,22.1,65,1013,4.3,110,0
1977,9,29,13,841,843,106,29.4,22.2,65,1013,4.6,110,0
1977,9,29,14,609,501,228,28.5,22,68,1013,4.3,100,0
1977,9,29,15,314,259,161,27.6,21.9,71,1013,3.9,80,0
1977,9,29,16,210,192,135,26.7,21.7,74,1013,3.6,70,0
1977,9,29,17,73,88,60,25.8,21.7,78,1014,3.1,120,0
1977,9,29,18,7,7,6,24.8,21.3,81,1014,2.6,170,0
1977,9,29,19,0,0,0,23.9,21.1,85,1015,2.1,220,0
1977,9,29,20,0,0,0,23.5,21,86,1015,2.3,220,0
1977,9,29,21,0,0,0,23.2,20.7,86,1015,2.4,210,0
1977,9,29,22,0,0,0,22.8,20.6,87,1015,2.6,210,0
1977,9,29,23,0,0,0,22.2,19.9,87,1015,2.4,210,0
1977,9,30,0,0,0,0,21.7,19.5,87,1014,2.3,220,0
1977,9,30,1,0,0,0,21.1,18.9,87,1014,2.1,220,0
1977,9,30,2,0,0,0,21.1,18.3,84,1014,2.4,220,0
1977,9,30,3,0,0,0,21.1,17.9,82,1014,2.8,210,0
1977,9,30,4,0,0,0,21.1,17.2,79,1014,3.1,210,0
1977,9,30,5,0,0,0,22.4,18,76,1014,3.1,220,0
1977,9,30,6,55,211,28,23.7,18.4,72,1015,3.1,220,0
1977,9,30,7,239,622,48,25,18.9,69,1015,3.1,230,0
1977,9,30,8,443,696,77,25.9,19.6,68,1015,3.6,180,0
1977,9,30,9,530,436,222,26.9,20.5,68,1014,4.1,120,0
1977,9,30,10,774,671,212,27.8,21.1,67,1014,4.6,70,0
1977,9,30,11,791,681,170,28.2,21.3,66,1014,4.1,70,0
1977,9,30,12,796,686,163,28.5,21.5,66,1013,3.6,80,0
1977,9,30,13,822,853,80,28.9,21.7,65,1013,3.1,80,0
1977,9,30,14,675,720,131,28.3,21.4,66,1013,3.1,70,0
1977,9,30,15,444,440,184,27.8,20.9,66,1013,3.1,50,0
1977,9,30,16,235,287,125,27.2,20.6,67,1013,3.1,40,0
1977,9,30,17,79,35,73,25.7,20.5,73,1013,2.6,100,0
1977,9,30,18,5,2,4,23.9,20.2,79,1014,2.1,174,0
1977,9,30,19,0,0,0,22.4,20.1,86,1014,1.8,230,0
1977,9,30,20,0,0,0,22.2,20.2,88,1014,2,235,0
1977,9,30,21,0,0,0,21.9,20.3,90,1014,2.2,244,0
1977,9,30,22,0,0,0,21.7,20.4,91,1014,2.4,248,0
1977,9,30,23,0,0,0,21.6,20.2,91,1014,2.4,254,0
1981,10,1,0,0,0,0,21.5,20.3,92,1015,2.5,256,0
1981,10,1,1,0,0,0,21.6,20.5,93,1015,3.4,248,0
1981,10,1,2,0,0,0,21.6,20.1,91,1014,3.4,249,0
1981,10,1,3,0,0,0,21.9,19.8,87,1014,3.1,252,0
1981,10,1,4,0,0,0,21.2,19.6,90,1014,2.9,223,0
1981,10,1,5,0,0,0,21.2,19.5,90,1014,1.6,208,0
1981,10,1,6,47,19,44,21.7,19.4,87,1015,0,0,0
1981,10,1,7,102,88,75,22.8,20,84,1016,3.6,100,0
1981,10,1,8,259,0,258,23.3,21.7,90,1016,3.6,210,0
1981,10,1,9,407,114,327,25.6,21.7,79,1016,3.1,240,0
1981,10,1,10,292,4,289,26.1,20.6,72,1016,2.6,150,0
1981,10,1,11,291,47,248,22.8,21.7,93,1016,2.1,90,0
1981,10,1,12,261,16,246,22.8,21.1,90,1015,5.2,290,0
1981,10,1,13,323,9,316,24.4,21.1,82,1014,4.6,260,0
1981,10,1,14,331,1,330,25.6,20,71,1014,6.2,260,0
1981,10,1,15,271,94,216,26.1,18.3,62,1013,4.1,250,0
1981,10,1,16,155,53,135,26.1,19.4,67,1014,2.1,100,0
1981,10,1,17,63,16,61,24.4,20.6,79,1014,2.1,20,0
1981,10,1,18,0,1,0,24.4,21.1,82,1015,2.1,300,0
1981,10,1,19,0,0,0,22.2,20,87,1015,2.6,20,0
1981,10,1,20,0,0,0,22.8,20.6,87,1016,3.1,230,0
1981,10,1,21,0,0,0,22.8,20,84,1016,3.6,240,0
1981,10,1,22,0,0,0,22.2,20.6,90,1015,0,0,0
1981,10,1,23,0,0,0,21.7,21.1,97,1015,3.6,310,0
1981,10,2,0,0,0,0,21.7,21.1,97,1015,2.6,270,0
1981,10,2,1,0,0,0,21.7,20.6,93,1014,0,0,0
1981,10,2,2,0,0,0,21.7,21.1,97,1014,0,0,0
1981,10,2,3,0,0,0,21.1,20.6,97,1014,3.1,240,0
1981,10,2,4,0,0,0,21.7,20.6,93,1014,2.6,210,0
1981,10,2,5,0,0,0,21.1,20.6,97,1014,2.6,110,0
1981,10,2,6,14,6,14,21.7,21.1,97,1015,2.6,40,0
1981,10,2,7,62,15,58,22.2,21.7,97,1015,4.6,70,0
1981,10,2,8,111,1,111,22.8,21.7,93,1016,2.6,70,0
1981,10,2,9,153,6,149,22.8,21.7,93,1016,2.6,20,0
1981,10,2,10,207,3,204,22.2,21.7,97,1015,3.1,240,0
1981,10,2,11,224,3,221,22.8,22.2,97,1015,4.1,270,0
1981,10,2,12,520,201,336,23.3,22.2,94,1014,3.6,290,0
1981,10,2,13,435,104,346,26.7,21.1,72,1014,2.6,40,0
1981,10,2,14,361,121,270,26.7,21.1,72,1013,4.1,60,0
1981,10,2,15,374,249,229,25.6,20,71,1013,2.6,60,0
1981,10,2,16,182,70,155,25.6,20,71,1013,2.1,60,0
1981,10,2,17,38,42,32,24.4,20,76,1014,1.5,80,0
1981,10,2,18,2,2,1,22.2,20.6,90,1014,3.1,230,0
1981,10,2,19,0,0,0,22.2,20,87,1015,2.1,230,0
1981,10,2,20,0,0,0,21.7,19.4,87,1015,1.5,270,0
1981,10,2,21,0,0,0,21.1,19.4,90,1015,2.6,260,0
1981,10,2,22,0,0,0,20.6,18.3,87,1015,3.6,230,0
1981,10,2,23,0,0,0,20.6,17.8,84,1015,4.6,230,0
1981,10,3,0,0,0,0,20,17.2,84,1014,3.6,220,0
1981,10,3,1,0,0,0,20.6,17.8,84,1014,1.5,240,0
1981,10,3,2,0,0,0,20.6,18.3,87,1013,2.6,280,0
1981,10,3,3,0,0,0,20,18.3,90,1013,3.1,240,0
1981,10,3,4,0,0,0,20.6,19.4,93,1013,4.1,230,0
1981,10,3,5,0,0,0,20.6,18.9,90,1014,4.1,230,0
1981,10,3,6,54,258,22,21.1,18.3,84,1014,2.1,210,0
1981,10,3,7,233,587,55,24.4,20,76,1014,0,0,0
1981,10,3,8,337,292,185,26.7,19.4,65,1014,1.5,160,0
1981,10,3,9,635,684,155,24.4,21.1,82,1014,0,0,0
1981,10,3,10,607,347,318,27.2,20,65,1014,2.1,100,0
1981,10,3,11,684,610,133,27.2,20.6,67,1013,4.1,30,0
1981,10,3,12,504,98,415,27.2,20,65,1012,3.6,30,0
1981,10,3,13,399,9,391,25.6,18.3,64,1012,3.6,50,0
1981,10,3,14,328,45,295,26.7,21.7,74,1012,2.6,360,0
1981,10,3,15,373,294,202,25,21.1,79,1012,3.1,70,0
1981,10,3,16,128,53,109,24.4,21.1,82,1012,2.6,50,0
1981,10,3,17,37,14,35,23.9,21.1,85,1012,2.1,40,0
1981,10,3,18,0,0,0,23.3,21.7,90,1013,3.6,190,0
1981,10,3,19,0,0,0,22.8,21.1,90,1014,2.6,240,0
1981,10,3,20,0,0,0,22.2,20.6,90,1014,2.6,220,0
1981,10,3,21,0,0,0,21.7,20,90,1014,1.5,210,0
1981,10,3,22,0,0,0,21.7,19.4,87,1014,2.6,100,0
1981,10,3,23,0,0,0,21.1,19.4,90,1014,2.1,210,0
1981,10,4,0,0,0,0,20.6,20,97,1014,2.6,260,0
1981,10,4,1,0,0,0,21.1,19.4,90,1013,3.1,240,0
1981,10,4,2,0,0,0,20.6,18.9,90,1013,2.1,190,0
1981,10,4,3,0,0,0,20.6,19.4,93,1013,1.5,180,0
1981,10,4,4,0,0,0,21.1,20.6,97,1013,2.6,280,0
1981,10,4,5,0,0,0,21.1,20.6,97,1013,3.1,210,0
1981,10,4,6,13,1,13,21.1,20.6,97,1014,4.6,230,0
1981,10,4,7,61,1,61,21.7,20.6,93,1014,5.2,240,0
1981,10,4,8,189,2,187,22.8,21.1,90,1014,4.6,240,0
1981,10,4,9,168,5,165,23.3,21.1,87,1014,2.6,350,0
1981,10,4,10,227,5,223,22.8,21.7,93,1014,3.1,300,0
1981,10,4,11,238,1,237,23.3,21.7,90,1014,3.1,280,0
1981,10,4,12,249,1,247,22.8,21.7,93,1013,4.1,270,0
1981,10,4,13,258,1,257,22.8,21.7,93,1012,3.1,260,0
1981,10,4,14,204,2,203,24.4,21.1,82,1012,2.6,310,0
1981,10,4,15,154,1,153,22.2,21.7,97,1012,3.1,310,0
1981,10,4,16,92,0,92,22.2,21.1,93,1012,3.6,250,0
1981,10,4,17,30,1,30,22.8,21.1,90,1013,3.1,250,0
1981,10,4,18,1,0,1,22.2,21.1,93,1014,1.5,310,0
1981,10,4,19,0,0,0,22.2,20,87,1014,2.6,210,0
1981,10,4,20,0,0,0,21.7,19.4,87,1014,4.1,240,0
1981,10,4,21,0,0,0,22.2,19.4,84,1014,3.6,240,0
1981,10,4,22,0,0,0,21.7,19.4,87,1015,2.6,30,0
1981,10,4,23,0,0,0,22.2,20.6,90,1014,4.1,300,0
1981,10,5,0,0,0,0,21.7,20,90,1014,2.1,230,0
1981,10,5,1,0,0,0,21.7,20,90,1013,2.1,250,0
1981,10,5,2,0,0,0,21.7,18.9,84,1013,3.6,250,0
1981,10,5,3,0,0,0,21.7,18.3,81,1013,3.6,240,0
1981,10,5,4,0,0,0,20,18.3,90,1013,3.1,230,0
1981,10,5,5,0,0,0,21.1,20,93,1014,2.1,360,0
1981,10,5,6,24,0,24,20.6,20,97,1014,6.2,230,0
1981,10,5,7,89,1,89,21.7,20,90,1015,3.6,230,0
1981,10,5,8,261,0,261,23.9,20.6,82,1015,3.6,240,0
1981,10,5,9,506,390,235,26.1,20.6,72,1015,4.1,340,0
1981,10,5,10,511,280,280,26.7,21.1,72,1014,2.1,60,0
1981,10,5,11,370,25,348,26.7,21.7,74,1014,2.1,50,0
1981,10,5,12,878,748,199,27.2,20.6,67,1013,3.1,50,0
1981,10,5,13,906,920,121,27.2,20,65,1012,3.6,30,0
1981,10,5,14,634,640,161,26.7,19.4,65,1012,2.6,350,0
1981,10,5,15,389,509,98,26.7,19.4,65,1012,2.6,360,0
1981,10,5,16,223,417,71,26.1,19.4,67,1012,3.1,350,0
1981,10,5,17,79,293,40,24.4,18.9,71,1012,1.5,50,0
1981,10,5,18,6,10,2,23.9,18.9,74,1013,2.6,360,0
1981,10,5,19,0,0,0,23.9,19.4,76,1014,2.6,230,0
1981,10,5,20,0,0,0,22.8,19.4,82,1014,3.1,240,0
1981,10,5,21,0,0,0,21.7,18.3,81,1014,3.1,230,0
1981,10,5,22,0,0,0,21.7,18.3,81,1014,3.1,240,0
1981,10,5,23,0,0,0,21.1,16.7,76,1014,2.1,220,0
1981,10,6,0,0,0,0,20.6,17.2,81,1014,4.1,120,0
1981,10,6,1,0,0,0,20,17.2,84,1014,4.1,240,0
1981,10,6,2,0,0,0,20,17.2,84,1013,2.6,220,0
1981,10,6,3,0,0,0,20,17.8,87,1013,4.1,220,0
1981,10,6,4,0,0,0,20.6,17.2,81,1013,4.1,220,0
1981,10,6,5,0,0,0,20,17.8,87,1014,3.1,220,0
1981,10,6,6,36,20,33,21.7,17.8,79,1014,3.6,220,0
1981,10,6,7,137,58,120,23.3,18.3,74,1015,2.6,240,0
1981,10,6,8,211,67,176,25,20.6,76,1016,2.1,70,0
1981,10,6,9,598,546,218,26.7,19.4,65,1015,3.1,330,0
1981,10,6,10,840,791,187,26.7,20,67,1015,3.6,360,0
1981,10,6,11,945,841,190,26.7,21.7,74,1014,4.1,80,0
1981,10,6,12,643,312,361,27.2,20.6,67,1014,5.7,50,0
1981,10,6,13,574,361,266,27.2,20.6,67,1013,4.1,50,0
1981,10,6,14,492,261,300,26.1,18.9,65,1013,4.6,60,0
1981,10,6,15,345,190,237,26.1,19.4,67,1013,3.1,60,0
1981,10,6,16,204,157,147,25.6,20.6,74,1013,3.1,70,0
1981,10,6,17,69,67,61,25,20,74,1014,2.6,70,0
1981,10,6,18,5,2,3,23.9,20,79,1014,3.6,250,0
1981,10,6,19,0,0,0,22.2,20.6,90,1015,4.1,240,0
1981,10,6,20,0,0,0,22.2,20,87,1015,5.2,230,0
1981,10,6,21,0,0,0,22.2,19.4,84,1016,3.6,250,0
1981,10,6,22,0,0,0,21.7,19.4,87,1016,3.6,250,0
1981,10,6,23,0,0,0,22.2,18.9,82,1015,3.6,220,0
1981,10,7,0,0,0,0,21.7,18.3,81,1015,3.6,240,0
1981,10,7,1,0,0,0,21.7,17.8,79,1014,3.1,250,0
1981,10,7,2,0,0,0,21.7,18.3,81,1014,1.5,170,0
1981,10,7,3,0,0,0,21.1,18.3,84,1014,3.6,220,0
1981,10,7,4,0,0,0,20.6,18.3,87,1014,3.1,220,0
1981,10,7,5,0,0,0,20,18.3,90,1014,3.6,220,0
1981,10,7,6,53,219,27,20,17.8,87,1015,4.1,220,0
1981,10,7,7,156,164,107,23.9,19.4,76,1015,2.1,260,0
1981,10,7,8,468,738,88,25.6,18.3,64,1015,2.6,350,0
1981,10,7,9,612,691,133,26.7,19.4,65,1015,3.1,350,0
1981,10,7,10,599,461,220,25.6,20,71,1015,4.1,110,0
1981,10,7,11,666,471,245,27.2,19.4,63,1015,3.6,60,0
1981,10,7,12,883,880,90,27.2,20,65,1013,4.1,60,0
1981,10,7,13,830,832,124,27.2,18.9,60,1013,3.6,10,0
1981,10,7,14,663,724,132,26.7,20,67,1012,3.1,70,0
1981,10,7,15,498,689,107,26.7,18.9,62,1013,3.6,70,0
1981,10,7,16,231,239,145,26.1,18.9,65,1013,3.1,330,0
1981,10,7,17,67,288,31,24.4,19.4,74,1013,2.1,30,0
1981,10,7,18,0,0,0,23.9,20,79,1014,2.1,290,0
1981,10,7,19,0,0,0,22.8,18.9,79,1014,3.6,230,0
1981,10,7,20,0,0,0,21.7,18.9,84,1015,3.1,250,0
1981,10,7,21,0,0,0,20.6,17.8,84,1015,4.1,220,0
1981,10,7,22,0,0,0,20,17.2,84,1015,4.1,220,0
1981,10,7,23,0,0,0,20.6,16.7,79,1014,3.1,210,0
1981,10,8,0,0,0,0,20.6,16.1,76,1014,3.6,220,0
1981,10,8,1,0,0,0,20,16.1,78,1014,2.1,180,0
1981,10,8,2,0,0,0,20,15,73,1013,2.6,220,0
1981,10,8,3,0,0,0,20.6,16.7,79,1013,2.1,190,0
1981,10,8,4,0,0,0,20.6,15,71,1013,3.1,210,0
1981,10,8,5,0,0,0,21.1,15.6,71,1013,2.1,220,0
1981,10,8,6,44,19,41,21.1,16.7,76,1014,2.1,170,0
1981,10,8,7,146,183,92,23.3,18.3,74,1014,2.1,180,0
1981,10,8,8,339,303,183,25.6,20,71,1014,2.1,40,0
1981,10,8,9,531,381,268,26.7,19.4,65,1014,0,0,0
1981,10,8,10,400,147,279,26.1,21.1,74,1014,6.7,90,0
1981,10,8,11,232,5,228,23.9,21.7,87,1014,3.6,180,0
1981,10,8,12,242,14,229,24.4,21.7,85,1013,3.6,310,0
1981,10,8,13,317,8,310,25,20.6,76,1012,2.6,300,0
1981,10,8,14,185,3,183,25,21.1,79,1012,3.1,100,0
1981,10,8,15,159,6,155,22.8,21.7,93,1012,3.6,250,0
1981,10,8,16,115,6,113,22.8,21.1,90,1013,4.1,230,0
1981,10,8,17,58,0,58,22.2,20.6,90,1013,3.6,230,0
1981,10,8,18,0,0,0,22.2,20,87,1014,3.1,260,0
1981,10,8,19,0,0,0,22.2,19.4,84,1014,4.1,240,0
1981,10,8,20,0,0,0,22.2,18.9,82,1015,3.6,250,0
1981,10,8,21,0,0,0,21.1,18.9,87,1014,3.1,200,0
1981,10,8,22,0,0,0,21.1,18.9,87,1014,2.6,220,0
1981,10,8,23,0,0,0,21.1,18.9,87,1014,2.1,220,0
1981,10,9,0,0,0,0,20.6,18.3,87,1013,3.1,210,0
1981,10,9,1,0,0,0,20.6,18.3,87,1013,3.1,230,0
1981,10,9,2,0,0,0,20.6,18.3,87,1012,3.6,230,0
1981,10,9,3,0,0,0,20.6,18.3,87,1012,2.6,220,0
1981,10,9,4,0,0,0,20,18.3,90,1012,2.1,230,0
1981,10,9,5,0,0,0,19.4,17.8,90,1013,2.6,220,0
1981,10,9,6,37,59,29,20,17.2,84,1013,3.6,230,0
1981,10,9,7,186,304,96,21.7,18.3,81,1014,1.5,170,0
1981,10,9,8,234,12,228,23.9,20,79,1015,1.5,230,0
1981,10,9,9,435,230,276,25.6,20.6,74,1015,4.1,300,0
1981,10,9,10,471,124,369,23.9,21.7,87,1015,0,0,0
1981,10,9,11,260,1,259,23.9,21.1,85,1014,3.1,240,0
1981,10,9,12,611,288,353,26.7,21.1,72,1013,3.6,330,0
1981,10,9,13,464,92,387,26.1,20.6,72,1012,2.6,340,0
1981,10,9,14,389,102,315,26.1,20.6,72,1012,2.6,20,0
1981,10,9,15,265,17,256,25.6,20.6,74,1012,2.6,330,0
1981,10,9,16,92,55,72,24.4,21.7,85,1012,3.1,260,0
1981,10,9,17,24,2,24,23.9,20.6,82,1013,3.1,240,0
1981,10,9,18,0,0,0,23.3,19.4,79,1013,3.1,250,0
1981,10,9,19,0,0,0,22.8,19.4,82,1014,3.6,250,0
1981,10,9,20,0,0,0,22.2,18.9,82,1014,3.1,220,0
1981,10,9,21,0,0,0,21.7,18.3,81,1014,2.6,220,0
1981,10,9,22,0,0,0,21.7,18.3,81,1014,3.6,220,0
1981,10,9,23,0,0,0,21.1,17.2,79,1014,3.1,210,0
1981,10,10,0,0,0,0,21.1,17.2,79,1013,2.6,210,0
1981,10,10,1,0,0,0,21.7,18.3,81,1013,3.6,80,0
1981,10,10,2,0,0,0,20.6,20,97,1013,3.6,240,0
1981,10,10,3,0,0,0,20.6,19.4,93,1013,4.1,240,0
1981,10,10,4,0,0,0,21.1,19.4,90,1013,4.6,260,0
1981,10,10,5,0,0,0,21.7,19.4,87,1013,2.1,200,0
1981,10,10,6,20,5,20,21.7,20,90,1014,1.5,130,0
1981,10,10,7,167,166,118,22.8,21.1,90,1014,3.6,260,0
1981,10,10,8,181,110,125,23.9,21.1,85,1014,2.6,330,0
1981,10,10,9,264,65,219,24.4,20.6,79,1014,2.6,300,0
1981,10,10,10,478,183,329,26.1,21.1,74,1014,2.6,240,0
1981,10,10,11,508,127,396,26.1,21.1,74,1013,2.1,20,0
1981,10,10,12,639,326,348,26.1,21.1,74,1012,4.1,110,0
1981,10,10,13,510,281,275,26.7,21.7,74,1012,4.6,80,0
1981,10,10,14,313,81,255,26.1,21.7,77,1011,3.1,90,0
1981,10,10,15,359,187,255,25.6,21.1,77,1012,3.1,80,0
1981,10,10,16,188,173,128,25.6,21.7,79,1012,1.5,90,0
1981,10,10,17,48,72,39,25.6,21.1,77,1012,3.1,120,0
1981,10,10,18,0,0,0,23.9,21.1,85,1013,3.6,210,0
1981,10,10,19,0,0,0,23.3,20.6,84,1014,3.6,240,0
1981,10,10,20,0,0,0,23.3,20.6,84,1014,2.1,210,0
1981,10,10,21,0,0,0,23.3,20.6,84,1015,3.1,230,0
1981,10,10,22,0,0,0,23.3,20.6,84,1014,3.6,230,0
1981,10,10,23,0,0,0,22.8,20,84,1014,3.1,220,0
1981,10,11,0,0,0,0,22.2,19.4,84,1014,2.1,210,0
1981,10,11,1,0,0,0,21.7,19.4,87,1013,0,0,0
1981,10,11,2,0,0,0,21.1,19.4,90,1013,1.5,180,0
1981,10,11,3,0,0,0,21.7,19.4,87,1013,2.1,200,0
1981,10,11,4,0,0,0,21.1,18.3,84,1013,3.1,220,0
1981,10,11,5,0,0,0,20,17.8,87,1013,4.1,230,0
1981,10,11,6,55,274,21,20.6,17.2,81,1014,3.1,210,0
1981,10,11,7,249,745,31,23.9,18.3,71,1014,3.1,210,0
1981,10,11,8,481,852,48,26.7,20,67,1014,4.1,110,0
1981,10,11,9,598,746,87,27.8,21.1,67,1014,5.2,120,0
1981,10,11,10,778,872,69,28.3,22.2,70,1013,6.7,90,0
1981,10,11,11,827,865,63,28.3,22.8,72,1013,7.2,110,0
1981,10,11,12,865,898,65,28.3,22.2,70,1012,6.2,100,0
1981,10,11,13,611,452,234,27.8,22.8,74,1011,5.2,70,0
1981,10,11,14,403,140,303,26.7,22.8,79,1011,5.2,80,0
1981,10,11,15,432,497,158,26.7,22.8,79,1011,4.1,100,0
1981,10,11,16,209,95,177,26.1,22.8,82,1012,4.1,70,0
1981,10,11,17,57,150,38,25.6,22.8,85,1012,2.6,60,0
1981,10,11,18,0,0,0,24.4,22.8,90,1013,2.1,140,0
1981,10,11,19,0,0,0,23.9,22.8,94,1014,1.5,350,0
1981,10,11,20,0,0,0,24.4,23.3,94,1014,2.6,210,0
1981,10,11,21,0,0,0,24.4,23.3,94,1014,1.5,250,0
1981,10,11,22,0,0,0,23.9,22.8,94,1014,3.1,110,0
1981,10,11,23,0,0,0,23.9,22.8,94,1014,2.1,220,0
1981,10,12,0,0,0,0,23.3,22.8,97,1013,0,0,0
1981,10,12,1,0,0,0,23.3,22.8,97,1013,2.6,150,0
1981,10,12,2,0,0,0,22.8,21.7,93,1013,2.1,220,0
1981,10,12,3,0,0,0,22.8,21.7,93,1012,2.6,170,0
1981,10,12,4,0,0,0,22.2,21.7,97,1013,2.6,220,0
1981,10,12,5,0,0,0,21.1,20.6,97,1013,3.1,210,0
1981,10,12,6,13,5,12,21.1,20.6,97,1014,3.1,220,0
1981,10,12,7,96,37,86,21.7,21.1,97,1014,2.1,260,0
1981,10,12,8,111,7,107,22.8,22.2,97,1015,1.5,270,0
1981,10,12,9,186,1,185,23.9,22.8,94,1015,3.1,220,0
1981,10,12,10,320,4,316,25.6,23.3,88,1014,2.6,180,0
1981,10,12,11,534,174,381,27.2,22.8,77,1013,6.2,80,0
1981,10,12,12,458,101,368,26.1,23.3,85,1013,4.6,280,0
1981,10,12,13,137,4,134,25,23.3,91,1012,3.6,280,0
1981,10,12,14,181,9,175,24.4,23.3,94,1012,3.6,280,0
1981,10,12,15,150,22,138,24.4,23.3,94,1012,2.6,270,0
1981,10,12,16,78,10,74,24.4,23.3,94,1012,3.1,280,0
1981,10,12,17,21,4,21,24.4,23.3,94,1013,2.1,290,0
1981,10,12,18,0,0,0,23.9,22.8,94,1013,15.4,320,0
1981,10,12,19,0,0,0,23.9,22.8,94,1014,3.6,230,0
1981,10,12,20,0,0,0,23.3,22.2,94,1015,2.1,220,0
1981,10,12,21,0,0,0,23.3,22.8,97,1015,2.1,240,0
1981,10,12,22,0,0,0,23.3,22.2,94,1015,2.1,250,0
1981,10,12,23,0,0,0,23.3,22.2,94,1014,2.1,240,0
1981,10,13,0,0,0,0,22.8,22.2,97,1014,3.6,240,0
1981,10,13,1,0,0,0,22.8,21.7,93,1013,3.1,240,0
1981,10,13,2,0,0,0,22.8,21.1,90,1013,3.6,230,0
1981,10,13,3,0,0,0,22.2,21.1,93,1013,2.6,250,0
1981,10,13,4,0,0,0,22.2,21.1,93,1013,2.1,220,0
1981,10,13,5,0,0,0,22.2,21.1,93,1013,1.5,170,0
1981,10,13,6,34,21,31,22.8,21.1,90,1013,1.5,200,0
1981,10,13,7,130,52,115,24.4,21.7,85,1014,0,0,0
1981,10,13,8,305,222,193,26.1,21.7,77,1014,1.5,40,0
1981,10,13,9,601,700,124,26.7,21.1,72,1014,3.6,70,0
1981,10,13,10,746,772,122,27.2,22.2,74,1014,3.1,90,0
1981,10,13,11,857,878,85,27.8,21.1,67,1013,4.6,50,0
1981,10,13,12,874,922,59,27.8,22.2,72,1013,3.6,50,0
1981,10,13,13,827,923,63,27.2,21.1,69,1012,4.1,50,0
1981,10,13,14,732,930,70,27.2,22.8,77,1012,3.6,30,0
1981,10,13,15,445,626,104,27.2,21.7,72,1012,4.1,10,0
1981,10,13,16,218,438,70,26.1,21.7,77,1012,2.1,330,0
1981,10,13,17,60,189,37,25.6,21.1,77,1013,2.1,360,0
1981,10,13,18,0,0,0,24.4,21.7,85,1013,1.5,50,0
1981,10,13,19,0,0,0,23.9,21.7,87,1014,2.1,270,0
1981,10,13,20,0,0,0,23.3,20.6,84,1015,3.1,230,0
1981,10,13,21,0,0,0,22.8,19.4,82,1015,2.6,240,0
1981,10,13,22,0,0,0,21.7,18.9,84,1015,3.6,220,0
1981,10,13,23,0,0,0,21.7,18.3,81,1015,3.6,220,0
1981,10,14,0,0,0,0,21.1,18.3,84,1014,3.1,220,0
1981,10,14,1,0,0,0,20.6,17.2,81,1013,2.6,210,0
1981,10,14,2,0,0,0,20.6,17.2,81,1013,2.6,220,0
1981,10,14,3,0,0,0,20,17.8,87,1013,3.1,230,0
1981,10,14,4,0,0,0,20,17.2,84,1013,3.1,220,0
1981,10,14,5,0,0,0,20,17.2,84,1014,3.1,210,0
1981,10,14,6,49,125,34,20.6,17.2,81,1014,2.6,210,0
1981,10,14,7,229,584,60,23.9,18.9,74,1014,2.1,250,0
1981,10,14,8,424,674,86,26.1,21.7,77,1015,2.1,360,0
1981,10,14,9,628,759,113,26.1,21.7,77,1015,3.6,40,0
1981,10,14,10,774,825,110,27.2,21.7,72,1014,4.1,10,0
1981,10,14,11,837,845,97,27.8,21.7,69,1014,4.1,30,0
1981,10,14,12,843,801,137,27.8,22.2,72,1013,2.6,30,0
1981,10,14,13,807,927,42,27.8,22.2,72,1012,4.6,20,0
1981,10,14,14,677,904,36,27.2,21.7,72,1012,5.2,20,0
1981,10,14,15,497,841,42,27.2,22.2,74,1012,4.1,10,0
1981,10,14,16,145,84,117,24.4,22.8,90,1012,4.6,60,0
1981,10,14,17,28,18,26,24.4,21.7,85,1012,2.6,10,0
1981,10,14,18,0,0,0,24.4,21.7,85,1013,3.6,40,0
1981,10,14,19,0,0,0,23.9,22.2,90,1013,2.6,20,0
1981,10,14,20,0,0,0,23.3,22.2,94,1014,5.2,340,0
1981,10,14,21,0,0,0,22.8,21.7,93,1014,2.6,260,0
1981,10,14,22,0,0,0,22.8,21.7,93,1014,2.1,270,0
1981,10,14,23,0,0,0,23.3,21.7,90,1014,2.6,240,0
1981,10,15,0,0,0,0,23.3,22.2,94,1013,2.1,260,0
1981,10,15,1,0,0,0,22.8,20.6,87,1013,3.6,320,0
1981,10,15,2,0,0,0,22.2,21.1,93,1012,4.1,230,0
1981,10,15,3,0,0,0,22.2,21.1,93,1012,3.6,190,0
1981,10,15,4,0,0,0,21.7,21.1,97,1012,3.6,240,0
1981,10,15,5,0,0,0,22.2,21.7,97,1013,3.6,240,0
1981,10,15,6,23,4,22,21.7,21.1,97,1013,2.6,240,0
1981,10,15,7,136,9,134,22.8,21.7,93,1014,3.1,220,0
1981,10,15,8,434,585,141,25.6,21.7,79,1014,1.5,250,0
1981,10,15,9,700,854,122,26.7,22.2,77,1014,2.6,10,0
1981,10,15,10,568,435,218,26.7,22.2,77,1013,5.7,30,0
1981,10,15,11,774,682,179,27.2,21.7,72,1013,3.6,360,0
1981,10,15,12,402,17,387,26.7,21.7,74,1012,2.6,360,0
1981,10,15,13,386,43,351,25.6,22.2,82,1012,2.6,350,0
1981,10,15,14,508,308,291,24.4,22.2,87,1011,3.6,60,0
1981,10,15,15,176,5,173,25,21.1,79,1012,3.6,50,0
1981,10,15,16,116,5,115,23.9,21.7,87,1012,3.1,290,0
1981,10,15,17,23,5,22,23.3,21.1,87,1013,3.6,290,0
1981,10,15,18,0,0,0,23.3,20.6,84,1013,4.1,260,0
1981,10,15,19,0,0,0,23.3,20.6,84,1013,2.6,220,0
1981,10,15,20,0,0,0,23.3,20,82,1014,3.1,230,0
1981,10,15,21,0,0,0,23.3,20.6,84,1014,2.1,250,0
1981,10,15,22,0,0,0,22.8,20,84,1014,2.6,220,0
1981,10,15,23,0,0,0,22.8,20,84,1014,2.6,160,0
1981,10,16,0,0,0,0,22.8,20.6,87,1014,2.6,360,0
1981,10,16,1,0,0,0,21.7,20.6,93,1013,2.6,280,0
1981,10,16,2,0,0,0,21.7,20.6,93,1013,2.6,250,0
1981,10,16,3,0,0,0,21.7,20.6,93,1013,2.6,150,0
1981,10,16,4,0,0,0,21.7,20,90,1013,3.1,210,0
1981,10,16,5,0,0,0,22.2,20,87,1013,2.1,230,0
1981,10,16,6,30,3,30,22.2,21.1,93,1014,1.5,150,0
1981,10,16,7,191,463,58,24.4,21.7,85,1014,3.1,250,0
1981,10,16,8,234,43,212,25.6,21.1,77,1014,3.6,330,0
1981,10,16,9,161,11,153,23.3,20.6,84,1015,1.5,280,0
1981,10,16,10,385,92,311,25.6,20.6,74,1014,3.1,300,0
1981,10,16,11,463,46,423,26.1,20.6,72,1014,3.6,30,0
1981,10,16,12,295,7,289,26.1,20.6,72,1013,3.1,10,0
1981,10,16,13,395,99,314,26.7,21.1,72,1013,2.1,70,0
1981,10,16,14,405,176,282,26.1,21.1,74,1013,3.6,340,0
1981,10,16,15,302,210,190,25.6,20.6,74,1013,2.1,10,0
1981,10,16,16,139,56,121,25,20.6,76,1013,2.1,60,0
1981,10,16,17,41,19,39,24.4,19.4,74,1014,2.1,60,0
1981,10,16,18,0,0,0,24.4,18.9,71,1014,2.1,40,0
1981,10,16,19,0,0,0,24.4,19.4,74,1015,2.1,50,0
1981,10,16,20,0,0,0,24.4,18.9,71,1015,1.5,10,0
1981,10,16,21,0,0,0,23.9,19.4,76,1016,0,0,0
1981,10,16,22,0,0,0,23.9,20,79,1015,2.1,300,0
1981,10,16,23,0,0,0,22.8,19.4,82,1015,2.1,200,0
1981,10,17,0,0,0,0,22.8,19.4,82,1015,2.6,220,0
1981,10,17,1,0,0,0,22.8,19.4,82,1014,2.1,250,0
1981,10,17,2,0,0,0,22.8,19.4,82,1014,3.1,290,0
1981,10,17,3,0,0,0,22.2,18.9,82,1014,2.1,250,0
1981,10,17,4,0,0,0,20.6,16.7,79,1014,2.6,220,0
1981,10,17,5,0,0,0,20,16.7,81,1014,2.6,240,0
1981,10,17,6,51,268,18,20.6,16.7,79,1015,3.1,230,0
1981,10,17,7,219,636,39,24.4,18.9,71,1015,3.6,270,0
1981,10,17,8,435,660,107,26.1,19.4,67,1016,3.1,300,0
1981,10,17,9,549,590,152,26.1,19.4,67,1016,2.6,350,0
1981,10,17,10,705,679,163,26.7,19.4,65,1016,3.6,340,0
1981,10,17,11,857,868,105,26.7,20,67,1015,3.1,340,0
1981,10,17,12,855,845,118,27.2,21.1,69,1014,3.6,30,0
1981,10,17,13,818,861,117,27.2,20.6,67,1013,5.7,360,0
1981,10,17,14,470,465,145,27.2,20.6,67,1013,4.1,360,0
1981,10,17,15,491,794,69,26.7,19.4,65,1013,3.1,20,0
1981,10,17,16,262,592,70,26.1,20,69,1013,3.1,40,0
1981,10,17,17,55,194,31,25,20,74,1014,3.6,360,0
1981,10,17,18,0,0,0,24.4,20.6,79,1014,3.1,310,0
1981,10,17,19,0,0,0,23.3,20,82,1015,2.6,310,0
1981,10,17,20,0,0,0,22.8,18.3,76,1015,3.1,240,0
1981,10,17,21,0,0,0,21.7,17.2,76,1015,2.6,210,0
1981,10,17,22,0,0,0,21.1,16.7,76,1015,2.1,260,0
1981,10,17,23,0,0,0,20.6,16.7,79,1015,4.1,220,0
1981,10,18,0,0,0,0,20,15.6,76,1015,2.6,220,0
1981,10,18,1,0,0,0,18.9,15,78,1014,3.6,230,0
1981,10,18,2,0,0,0,18.9,12.8,68,1013,4.1,230,0
1981,10,18,3,0,0,0,17.8,12.8,73,1013,3.1,220,0
1981,10,18,4,0,0,0,18.3,12.2,68,1013,3.1,220,0
1981,10,18,5,0,0,0,17.8,12.8,73,1014,2.6,210,0
1981,10,18,6,53,315,14,18.9,13.3,70,1014,2.6,230,0
1981,10,18,7,226,519,80,23.3,14.4,58,1015,2.1,230,0
1981,10,18,8,473,871,43,26.1,19.4,67,1015,2.6,360,0
1981,10,18,9,641,859,66,26.7,20.6,69,1015,4.1,30,0
1981,10,18,10,750,781,129,27.2,21.7,72,1014,5.7,360,0
1981,10,18,11,847,826,133,26.1,21.7,77,1014,4.6,10,0
1981,10,18,12,485,194,317,25.6,21.1,77,1013,6.2,350,0
1981,10,18,13,678,396,356,25,20,74,1013,3.6,350,0
1981,10,18,14,300,7,295,25,20.6,76,1012,6.2,340,0
1981,10,18,15,209,15,201,23.9,18.9,74,1013,5.7,330,0
1981,10,18,16,136,11,132,24.4,18.3,69,1013,4.1,330,0
1981,10,18,17,37,2,36,24.4,17.2,64,1013,5.2,330,0
1981,10,18,18,0,0,0,24.4,17.8,66,1014,3.6,330,0
1981,10,18,19,0,0,0,23.9,17.2,66,1014,3.6,340,0
1981,10,18,20,0,0,0,23.3,17.8,71,1015,3.1,310,0
1981,10,18,21,0,0,0,22.8,17.8,74,1015,2.6,310,0
1981,10,18,22,0,0,0,23.3,18.9,76,1015,4.1,310,0
1981,10,18,23,0,0,0,22.8,18.3,76,1015,2.6,270,0
1981,10,19,0,0,0,0,22.8,17.8,74,1014,2.1,250,0
1981,10,19,1,0,0,0,21.7,17.2,76,1013,2.1,200,0
1981,10,19,2,0,0,0,22.2,17.2,73,1013,2.6,220,0
1981,10,19,3,0,0,0,21.1,16.7,76,1013,2.1,220,0
1981,10,19,4,0,0,0,20,16.1,78,1014,3.6,220,0
1981,10,19,5,0,0,0,19.4,15,76,1014,3.6,220,0
1981,10,19,6,16,13,15,21.7,19.4,87,1015,5.2,330,0
1981,10,19,7,79,59,62,22.2,19.4,84,1015,5.2,330,0
1981,10,19,8,438,750,69,25,19.4,71,1015,2.1,340,0
1981,10,19,9,609,757,105,26.1,20,69,1015,2.1,40,0
1981,10,19,10,778,773,165,26.1,20.6,72,1015,5.2,10,0
1981,10,19,11,450,126,341,25.6,20.6,74,1014,4.6,340,0
1981,10,19,12,852,799,160,26.7,20.6,69,1014,4.6,10,0
1981,10,19,13,478,227,294,26.7,20,67,1013,3.1,10,0
1981,10,19,14,437,110,361,25.6,19.4,69,1013,4.1,10,0
1981,10,19,15,125,4,122,25,20,74,1013,3.1,10,0
1981,10,19,16,123,2,123,23.3,19.4,79,1014,2.6,50,0
1981,10,19,17,28,4,28,23.9,18.9,74,1014,2.1,340,0
1981,10,19,18,0,0,0,24.4,18.9,71,1015,2.1,320,0
1981,10,19,19,0,0,0,23.9,18.3,71,1016,2.1,300,0
1981,10,19,20,0,0,0,23.3,18.9,76,1016,2.6,280,0
1981,10,19,21,0,0,0,21.7,20.6,93,1017,3.6,290,0
1981,10,19,22,0,0,0,22.8,20,84,1017,4.1,340,0
1981,10,19,23,0,0,0,21.7,20,90,1016,4.1,310,0
1981,10,20,0,0,0,0,21.7,19.4,87,1016,3.1,220,0
1981,10,20,1,0,0,0,22.2,19.4,84,1016,2.1,240,0
1981,10,20,2,0,0,0,22.2,19.4,84,1015,3.6,220,0
1981,10,20,3,0,0,0,21.1,18.3,84,1015,2.6,230,0
1981,10,20,4,0,0,0,20.6,18.3,87,1015,3.6,230,0
1981,10,20,5,0,0,0,20,16.1,78,1016,4.1,230,0
1981,10,20,6,46,112,31,20.6,15.6,73,1016,4.1,220,0
1981,10,20,7,221,668,35,22.8,17.2,71,1017,2.6,240,0
1981,10,20,8,411,724,56,25.6,18.9,67,1017,3.1,360,0
1981,10,20,9,623,872,43,26.1,19.4,67,1017,3.6,360,0
1981,10,20,10,730,854,55,26.7,19.4,65,1017,2.6,10,0
1981,10,20,11,897,973,63,26.7,18.3,60,1016,5.2,10,0
1981,10,20,12,857,918,66,27.2,18.9,60,1016,4.6,20,0
1981,10,20,13,693,687,139,26.7,18.3,60,1015,4.1,20,0
1981,10,20,14,657,878,52,26.7,18.3,60,1015,2.6,50,0
1981,10,20,15,432,556,143,26.7,18.3,60,1015,3.1,80,0
1981,10,20,16,218,485,66,25,18.3,67,1015,3.1,30,0
1981,10,20,17,50,167,29,24.4,17.8,66,1016,2.6,360,0
1981,10,20,18,0,0,0,23.9,18.3,71,1016,2.1,10,0
1981,10,20,19,0,0,0,23.3,18.9,76,1017,3.6,310,0
1981,10,20,20,0,0,0,22.8,18.3,76,1018,3.6,250,0
1981,10,20,21,0,0,0,22.2,19.4,84,1017,4.6,290,0
1981,10,20,22,0,0,0,22.2,19.4,84,1017,4.6,290,0
1981,10,20,23,0,0,0,21.7,18.9,84,1017,2.6,210,0
1981,10,21,0,0,0,0,20.6,17.8,84,1016,3.6,220,0
1981,10,21,1,0,0,0,20.6,17.2,81,1016,1.5,210,0
1981,10,21,2,0,0,0,20,16.7,81,1015,3.1,210,0
1981,10,21,3,0,0,0,19.4,16.1,81,1015,3.6,220,0
1981,10,21,4,0,0,0,19.4,15,76,1016,4.6,220,0
1981,10,21,5,0,0,0,19.4,15.6,78,1016,3.6,210,0
1981,10,21,6,31,45,25,19.4,17.2,87,1017,3.6,200,0
1981,10,21,7,208,564,52,22.8,18.9,79,1017,2.6,260,0
1981,10,21,8,423,712,75,25.6,19.4,69,1018,2.6,300,0
1981,10,21,9,604,764,98,26.1,19.4,67,1018,2.6,40,0
1981,10,21,10,724,827,73,26.7,20,67,1017,3.6,360,0
1981,10,21,11,850,891,89,26.7,20,67,1017,3.6,20,0
1981,10,21,12,854,917,66,27.2,18.9,60,1016,4.1,40,0
1981,10,21,13,731,748,131,27.2,19.4,63,1015,3.6,350,0
1981,10,21,14,657,827,90,27.2,18.9,60,1015,6.2,30,0
1981,10,21,15,483,801,68,26.7,18.9,62,1015,3.6,20,0
1981,10,21,16,224,465,80,25.6,18.3,64,1015,2.6,30,0
1981,10,21,17,40,70,31,24.4,16.7,62,1016,2.6,20,0
1981,10,21,18,0,0,0,24.4,19.4,74,1016,2.1,10,0
1981,10,21,19,0,0,0,23.3,19.4,79,1017,4.1,280,0
1981,10,21,20,0,0,0,22.8,19.4,82,1017,3.6,270,0
1981,10,21,21,0,0,0,22.2,18.9,82,1017,2.1,230,0
1981,10,21,22,0,0,0,22.2,18.9,82,1017,2.6,220,0
1981,10,21,23,0,0,0,21.7,18.3,81,1017,3.1,220,0
1981,10,22,0,0,0,0,21.1,20,93,1016,4.1,320,0
1981,10,22,1,0,0,0,21.1,20,93,1016,1.5,310,0
1981,10,22,2,0,0,0,20,18.9,93,1015,3.6,290,0
1981,10,22,3,0,0,0,20.6,19.4,93,1015,4.1,290,0
1981,10,22,4,0,0,0,20.6,19.4,93,1015,3.6,230,0
1981,10,22,5,0,0,0,20.6,18.9,90,1015,2.6,230,0
1981,10,22,6,44,86,33,21.1,19.4,90,1016,2.6,210,0
1981,10,22,7,148,138,110,23.3,19.4,79,1017,3.1,300,0
1981,10,22,8,319,258,193,25.6,20.6,74,1017,2.6,330,0
1981,10,22,9,554,686,102,26.1,20,69,1017,2.6,330,0
1981,10,22,10,761,883,68,26.7,18.3,60,1016,3.1,70,0
1981,10,22,11,800,759,154,27.2,18.9,60,1016,2.6,50,0
1981,10,22,12,734,732,107,27.2,18.3,58,1015,4.1,350,0
1981,10,22,13,788,876,89,27.2,18.3,58,1014,3.6,50,0
1981,10,22,14,594,697,119,26.7,18.9,62,1014,3.6,40,0
1981,10,22,15,314,319,150,25.6,20,71,1014,6.2,90,0
1981,10,22,16,175,241,101,25.6,18.9,67,1014,3.1,120,0
1981,10,22,17,48,61,40,24.4,19.4,74,1014,1.5,40,0
1981,10,22,18,0,0,0,24.4,20,76,1015,1.5,40,0
1981,10,22,19,0,0,0,23.3,20,82,1016,1.5,280,0
1981,10,22,20,0,0,0,23.3,20,82,1016,2.6,220,0
1981,10,22,21,0,0,0,22.8,19.4,82,1016,2.6,220,0
1981,10,22,22,0,0,0,22.2,18.9,82,1016,2.1,220,0
1981,10,22,23,0,0,0,21.7,18.9,84,1015,1.5,190,0
1981,10,23,0,0,0,0,21.7,18.3,81,1015,3.6,240,0
1981,10,23,1,0,0,0,21.7,17.8,79,1014,3.1,220,0
1981,10,23,2,0,0,0,20.6,16.7,79,1014,3.6,210,0
1981,10,23,3,0,0,0,19.4,14.4,73,1014,4.1,210,0
1981,10,23,4,0,0,0,18.9,13.3,70,1014,3.1,210,0
1981,10,23,5,0,0,0,18.3,13.3,73,1014,3.6,210,0
1981,10,23,6,43,174,21,19.4,13.3,68,1014,3.1,210,0
1981,10,23,7,187,439,68,22.8,15,62,1015,3.1,230,0
1981,10,23,8,431,751,68,25.6,18.3,64,1015,1.5,110,0
1981,10,23,9,580,695,124,25.6,18.9,67,1015,1.5,340,0
1981,10,23,10,789,873,107,26.7,18.9,62,1014,5.7,80,0
1981,10,23,11,719,646,171,27.2,20.6,67,1014,3.6,40,0
1981,10,23,12,786,654,229,26.1,20.6,72,1013,4.1,80,0
1981,10,23,13,454,245,259,26.1,20.6,72,1012,5.7,90,0
1981,10,23,14,174,17,162,25.6,20,71,1012,3.1,70,0
1981,10,23,15,174,73,137,25,21.7,82,1013,2.6,120,0
1981,10,23,16,91,53,75,23.9,21.7,87,1013,2.1,240,0
1981,10,23,17,35,7,34,22.8,21.1,90,1014,3.6,330,0
1981,10,23,18,0,0,0,22.8,21.1,90,1014,4.1,290,0
1981,10,23,19,0,0,0,22.8,21.1,90,1015,3.1,230,0
1981,10,23,20,0,0,0,22.8,21.1,90,1015,2.6,160,0
1981,10,23,21,0,0,0,21.7,21.1,97,1016,2.1,210,0
1981,10,23,22,0,0,0,21.7,21.1,97,1016,2.1,290,0
1981,10,23,23,0,0,0,21.7,20.6,93,1015,3.1,250,0
1981,10,24,0,0,0,0,22.2,21.1,93,1015,1.5,240,0
1981,10,24,1,0,0,0,22.8,20.6,87,1015,1.5,260,0
1981,10,24,2,0,0,0,21.7,20,90,1014,1.5,230,0
1981,10,24,3,0,0,0,20.6,19.4,93,1014,1.5,180,0
1981,10,24,4,0,0,0,20,18.3,90,1014,2.6,190,0
1981,10,24,5,0,0,0,20,17.2,84,1014,4.1,210,0
1981,10,24,6,35,43,29,20.6,17.8,84,1015,3.6,230,0
1981,10,24,7,137,184,87,23.3,19.4,79,1016,1.5,210,0
1981,10,24,8,170,28,156,25.6,22.8,85,1016,3.1,90,0
1981,10,24,9,478,461,176,26.1,22.8,82,1017,7.2,110,0
1981,10,24,10,499,199,345,26.1,21.7,77,1016,4.6,100,0
1981,10,24,11,586,256,369,27.8,22.2,72,1016,3.1,150,0
1981,10,24,12,650,268,422,27.8,22.2,72,1015,6.2,90,0
1981,10,24,13,504,286,278,27.2,22.8,77,1014,4.6,80,0
1981,10,24,14,243,53,207,26.7,22.8,79,1014,3.6,50,0
1981,10,24,15,349,283,205,26.7,22.2,77,1014,3.6,100,0
1981,10,24,16,136,81,112,25.6,21.7,79,1015,3.1,80,0
1981,10,24,17,20,10,19,25,21.7,82,1015,2.1,50,0
1981,10,24,18,0,0,0,22.8,21.7,93,1016,3.6,280,0
1981,10,24,19,0,0,0,22.8,21.7,93,1017,2.6,70,0
1981,10,24,20,0,0,0,22.8,21.7,93,1017,2.1,310,0
1981,10,24,21,0,0,0,22.2,21.7,97,1017,2.6,270,0
1981,10,24,22,0,0,0,22.2,21.7,97,1017,1.5,130,0
1981,10,24,23,0,0,0,22.2,21.1,93,1017,3.6,240,0
1981,10,25,0,0,0,0,22.2,20.6,90,1016,1.5,190,0
1981,10,25,1,0,0,0,22.8,20.6,87,1015,2.1,350,0
1981,10,25,2,0,0,0,22.2,20.6,90,1015,2.1,180,0
1981,10,25,3,0,0,0,21.7,20.6,93,1015,2.6,220,0
1981,10,25,4,0,0,0,21.7,21.1,97,1015,2.1,80,0
1981,10,25,5,0,0,0,21.7,21.1,97,1015,3.6,250,0
1981,10,25,6,23,4,23,21.7,20.6,93,1016,3.1,250,0
1981,10,25,7,110,4,109,23.3,21.1,87,1016,2.6,210,0
1981,10,25,8,283,103,233,25.6,21.7,79,1016,1.5,170,0
1981,10,25,9,243,116,168,25,20.6,76,1016,5.2,10,0
1981,10,25,10,215,17,202,22.8,21.1,90,1016,4.6,270,0
1981,10,25,11,397,7,391,23.9,21.7,87,1015,4.6,280,0
1981,10,25,12,470,134,356,25.6,20.6,74,1014,2.6,360,0
1981,10,25,13,490,173,354,25,21.7,82,1013,3.6,330,0
1981,10,25,14,454,273,270,25.6,21.1,77,1013,3.1,340,0
1981,10,25,15,220,16,212,24.4,21.1,82,1013,3.1,10,0
1981,10,25,16,109,79,85,21.7,19.4,87,1013,2.6,350,0
1981,10,25,17,13,2,12,23.3,20.6,84,1014,3.6,340,0
1981,10,25,18,0,0,0,22.2,21.1,93,1014,2.6,310,0
1981,10,25,19,0,0,0,21.1,20.6,97,1015,4.6,290,0
1981,10,25,20,0,0,0,21.1,20.6,97,1015,3.6,240,0
1981,10,25,21,0,0,0,21.7,20.6,93,1015,3.1,220,0
1981,10,25,22,0,0,0,21.7,20,90,1014,2.1,180,0
1981,10,25,23,0,0,0,21.7,20,90,1014,2.6,10,0
1981,10,26,0,0,0,0,21.1,20,93,1013,2.1,320,0
1981,10,26,1,0,0,0,20,18.9,93,1013,2.6,220,0
1981,10,26,2,0,0,0,20,17.8,87,1013,3.6,190,0
1981,10,26,3,0,0,0,18.9,17.2,90,1013,1.5,230,0
1981,10,26,4,0,0,0,19.4,17.2,87,1013,3.1,210,0
1981,10,26,5,0,0,0,20,18.3,90,1013,2.1,240,0
1981,10,26,6,37,113,23,21.7,18.9,84,1013,3.6,230,0
1981,10,26,7,117,47,105,22.8,19.4,82,1014,1.5,270,0
1981,10,26,8,292,359,121,25,20,74,1014,2.6,330,0
1981,10,26,9,541,577,167,26.1,19.4,67,1014,4.1,360,0
1981,10,26,10,656,559,224,26.7,18.9,62,1014,7.2,350,0
1981,10,26,11,748,618,229,26.7,21.1,72,1013,4.1,350,0
1981,10,26,12,674,577,188,26.7,20.6,69,1012,5.2,350,0
1981,10,26,13,657,614,174,27.2,20.6,67,1011,4.6,360,0
1981,10,26,14,602,666,156,26.7,19.4,65,1011,4.6,360,0
1981,10,26,15,450,790,53,26.1,20,69,1011,5.2,330,0
1981,10,26,16,199,353,95,25.6,19.4,69,1012,5.2,350,0
1981,10,26,17,49,76,40,24.4,17.8,66,1012,4.6,350,0
1981,10,26,18,0,0,0,22.2,19.4,84,1013,3.1,290,0
1981,10,26,19,0,0,0,22.8,20,84,1014,3.1,310,0
1981,10,26,20,0,0,0,22.2,20,87,1014,3.1,250,0
1981,10,26,21,0,0,0,22.2,20,87,1014,2.6,230,0
1981,10,26,22,0,0,0,21.1,19.4,90,1014,2.1,150,0
1981,10,26,23,0,0,0,20,18.9,93,1014,1.5,190,0
1981,10,27,0,0,0,0,20.6,18.9,90,1014,2.6,220,0
1981,10,27,1,0,0,0,20,18.3,90,1013,2.1,220,0
1981,10,27,2,0,0,0,19.4,17.8,90,1013,2.6,220,0
1981,10,27,3,0,0,0,18.9,17.8,93,1013,1.5,170,0
1981,10,27,4,0,0,0,18.9,17.8,93,1013,3.1,230,0
1981,10,27,5,0,0,0,18.9,17.2,90,1013,2.1,50,0
1981,10,27,6,43,188,20,19.4,18.3,93,1014,4.6,230,0
1981,10,27,7,187,503,54,22.8,18.9,79,1014,2.6,240,0
1981,10,27,8,322,440,114,26.1,20.6,72,1015,2.6,250,0
1981,10,27,9,485,323,276,26.7,20,67,1015,2.6,350,0
1981,10,27,10,562,380,270,26.7,20,67,1016,2.1,360,0
1981,10,27,11,669,423,316,27.2,20.6,67,1015,3.1,50,0
1981,10,27,12,372,2,370,23.9,18.9,74,1015,3.1,360,0
1981,10,27,13,271,11,263,25,19.4,71,1014,2.1,360,0
1981,10,27,14,310,95,247,25.6,19.4,69,1013,3.1,300,0
1981,10,27,15,125,1,124,23.9,21.1,85,1014,4.1,210,0
1981,10,27,16,85,11,82,22.8,19.4,82,1014,2.6,300,0
1981,10,27,17,18,4,18,21.7,20.6,93,1014,2.6,260,0
1981,10,27,18,0,0,0,21.1,18.9,87,1015,5.7,230,0
1981,10,27,19,0,0,0,21.1,17.8,81,1016,5.2,230,0
1981,10,27,20,0,0,0,21.1,18.9,87,1016,2.6,220,0
1981,10,27,21,0,0,0,21.1,18.3,84,1016,3.1,220,0
1981,10,27,22,0,0,0,20.6,19.4,93,1016,3.1,200,0
1981,10,27,23,0,0,0,21.1,20,93,1016,4.1,110,0
1981,10,28,0,0,0,0,21.7,20.6,93,1015,3.6,240,0
1981,10,28,1,0,0,0,21.7,20,90,1015,2.6,230,0
1981,10,28,2,0,0,0,21.7,20.6,93,1015,1.5,170,0
1981,10,28,3,0,0,0,22.2,21.1,93,1015,2.6,200,0
1981,10,28,4,0,0,0,22.2,20.6,90,1015,3.1,200,0
1981,10,28,5,0,0,0,22.2,20.6,90,1015,3.1,210,0
1981,10,28,6,21,0,21,22.2,20.6,90,1016,2.1,190,0
1981,10,28,7,55,4,54,22.8,20.6,87,1016,2.1,200,0
1981,10,28,8,122,4,120,22.8,21.7,93,1017,3.6,210,0
1981,10,28,9,172,3,170,22.8,21.1,90,1017,2.6,90,0
1981,10,28,10,247,3,245,21.7,21.1,97,1017,3.1,260,0
1981,10,28,11,245,0,245,23.3,22.8,97,1016,3.1,260,0
1981,10,28,12,239,0,238,23.3,22.2,94,1016,4.1,240,0
1981,10,28,13,222,1,221,24.4,23.3,94,1015,3.1,210,0
1981,10,28,14,198,0,198,24.4,22.8,90,1014,2.1,170,0
1981,10,28,15,143,0,143,23.9,22.8,94,1014,3.6,240,0
1981,10,28,16,81,1,81,23.3,22.8,97,1015,3.6,260,0
1981,10,28,17,22,0,22,23.3,22.8,97,1015,4.6,300,0
1981,10,28,18,0,0,0,23.3,22.8,97,1015,3.1,50,0
1981,10,28,19,0,0,0,23.9,23.3,97,1016,4.1,180,0
1981,10,28,20,0,0,0,23.9,23.3,97,1017,3.6,110,0
1981,10,28,21,0,0,0,23.3,23.3,100,1017,1.5,20,0
1981,10,28,22,0,0,0,21.7,20.6,93,1017,8.2,30,0
1981,10,28,23,0,0,0,21.7,20,90,1017,4.1,290,0
1981,10,29,0,0,0,0,21.7,20.6,93,1017,3.1,310,0
1981,10,29,1,0,0,0,22.8,21.7,93,1016,4.1,320,0
1981,10,29,2,0,0,0,22.8,21.7,93,1016,2.6,280,0
1981,10,29,3,0,0,0,22.2,21.7,97,1016,1.5,230,0
1981,10,29,4,0,0,0,22.8,22.2,97,1016,3.6,280,0
1981,10,29,5,0,0,0,22.8,22.2,97,1016,3.1,180,0
1981,10,29,6,19,0,19,22.8,21.7,93,1017,4.6,100,0
1981,10,29,7,122,71,103,23.3,22.8,97,1018,3.1,250,0
1981,10,29,8,136,75,100,24.4,23.9,97,1018,3.1,210,0
1981,10,29,9,329,243,174,25.6,24.4,94,1018,2.6,160,0
1981,10,29,10,221,5,217,26.1,23.9,88,1018,3.1,170,0
1981,10,29,11,235,48,195,25.6,23.9,91,1017,3.1,170,0
1981,10,29,12,477,129,369,26.1,23.9,88,1016,3.6,160,0
1981,10,29,13,417,154,298,27.2,22.8,77,1015,4.1,150,0
1981,10,29,14,509,447,215,27.2,22.8,77,1015,4.1,70,0
1981,10,29,15,388,521,130,26.1,23.3,85,1015,3.1,40,0
1981,10,29,16,134,167,86,25.6,23.3,88,1016,2.6,20,0
1981,10,29,17,46,45,41,24.4,23.3,94,1016,1.5,310,0
1981,10,29,18,0,0,0,24.4,23.3,94,1017,2.1,340,0
1981,10,29,19,0,0,0,23.3,23.3,100,1017,1.5,30,0
1981,10,29,20,0,0,0,23.9,23.3,97,1018,2.1,210,0
1981,10,29,21,0,0,0,23.9,23.3,97,1018,2.1,230,0
1981,10,29,22,0,0,0,23.3,22.8,97,1017,2.6,150,0
1981,10,29,23,0,0,0,23.3,22.8,97,1016,3.6,230,0
1981,10,30,0,0,0,0,22.8,22.2,97,1016,1.5,220,0
1981,10,30,1,0,0,0,22.2,21.7,97,1015,2.1,130,0
1981,10,30,2,0,0,0,21.7,21.1,97,1015,2.1,230,0
1981,10,30,3,0,0,0,21.1,20,93,1014,2.6,230,0
1981,10,30,4,0,0,0,20.6,19.4,93,1014,2.6,160,0
1981,10,30,5,0,0,0,20,19.4,97,1015,2.1,220,0
1981,10,30,6,44,217,16,20,18.9,93,1015,3.1,220,0
1981,10,30,7,211,693,33,23.3,20.6,84,1015,2.1,220,0
1981,10,30,8,439,837,49,26.1,21.1,74,1015,2.6,120,0
1981,10,30,9,638,905,62,27.2,22.8,77,1015,3.6,100,0
1981,10,30,10,762,942,45,27.8,23.3,77,1015,4.1,40,0
1981,10,30,11,743,694,170,28.3,23.3,74,1014,4.1,80,0
1981,10,30,12,611,308,354,27.8,23.9,79,1013,5.2,40,0
1981,10,30,13,736,832,93,27.2,22.8,77,1012,4.6,10,0
1981,10,30,14,356,156,253,26.1,23.3,85,1013,3.1,340,0
1981,10,30,15,283,199,185,26.1,23.3,85,1013,3.1,60,0
1981,10,30,16,92,47,78,25,23.9,94,1013,2.6,60,0
1981,10,30,17,33,15,31,25,23.9,94,1014,3.1,120,0
1981,10,30,18,0,0,0,25,23.3,91,1014,2.6,180,0
1981,10,30,19,0,0,0,24.4,23.9,97,1015,1.5,170,0
1981,10,30,20,0,0,0,24.4,23.9,97,1015,2.1,260,0
1981,10,30,21,0,0,0,23.9,23.9,100,1015,0,0,0
1981,10,30,22,0,0,0,23.9,23.3,97,1015,0,0,0
1981,10,30,23,0,0,0,23.9,23.3,97,1015,1.5,150,0
1981,10,31,0,0,0,0,23.3,22.8,97,1015,3.6,100,0
1981,10,31,1,0,0,0,23.3,23.3,100,1014,2.6,130,0
1981,10,31,2,0,0,0,21.7,21.1,97,1014,3.1,190,0
1981,10,31,3,0,0,0,21.1,19.4,90,1014,3.1,140,0
1981,10,31,4,0,0,0,20.6,17.8,84,1014,3.6,220,0
1981,10,31,5,0,0,0,20,18.3,90,1014,2.1,160,0
1981,10,31,6,36,32,32,20.6,17.8,84,1014,3.6,230,0
1981,10,31,7,108,7,106,22.2,19.4,84,1014,3.6,230,0
1981,10,31,8,192,86,152,24.4,21.7,85,1014,2.1,240,0
1981,10,31,9,360,45,332,25,22.8,88,1014,2.6,300,0
1981,10,31,10,442,230,268,25,23.3,91,1014,2.1,100,0
1981,10,31,11,556,294,314,25.6,22.8,85,1014,3.6,30,0
1981,10,31,12,776,693,202,25.6,23.3,88,1013,3.1,100,0
1981,10,31,13,646,626,164,26.1,23.3,85,1012,6.2,80,0
1981,10,31,14,421,245,261,26.7,22.8,79,1012,2.1,80,0
1981,10,31,15,313,180,225,26.1,22.8,82,1012,3.1,60,0
1981,10,31,16,129,58,113,25.6,22.8,85,1012,2.6,60,0
1981,10,31,17,33,3,33,25,22.8,88,1013,1.5,60,0
1981,10,31,18,0,0,0,23.7,22.5,93,1014,3.8,207,0
1981,10,31,19,0,0,0,23,22.2,95,1015,0.6,54,0
1981,10,31,20,0,0,0,22.5,21.6,94,1015,2.3,207,0
1981,10,31,21,0,0,0,22.5,21.4,93,1015,2.2,224,0
1981,10,31,22,0,0,0,22.4,21.2,93,1016,1.8,153,0
1981,10,31,23,0,0,0,22.4,21,92,1016,2,189,0
1975,11,1,0,0,0,0,22,20.6,91,1017,1.9,191,0
1975,11,1,1,0,0,0,21.9,20.4,91,1017,1.8,199,0
1975,11,1,2,0,0,0,21.6,20.1,91,1017,1.8,207,0
1975,11,1,3,0,0,0,21.4,19.8,90,1017,1.7,219,0
1975,11,1,4,0,0,0,21.1,19.4,90,1017,1.6,233,0
1975,11,1,5,0,0,0,21.3,19.4,89,1017,1.9,233,0
1975,11,1,6,26,24,23,21.7,19.6,88,1018,2.2,230,0
1975,11,1,7,93,1,92,22.2,20,87,1018,2.6,220,0
1975,11,1,8,293,283,162,23.9,20.3,80,1018,3.3,190,0
1975,11,1,9,464,487,157,25.5,20.5,74,1018,3.9,150,0
1975,11,1,10,762,825,139,27.2,20.6,67,1018,4.6,120,0
1975,11,1,11,800,792,150,27.4,20,64,1017,5,120,0
1975,11,1,12,697,642,168,27.6,19.4,61,1017,5.3,120,0
1975,11,1,13,528,459,176,27.8,18.9,58,1016,5.7,120,0
1975,11,1,14,536,491,216,26.9,18.8,61,1016,4.8,120,0
1975,11,1,15,379,421,174,25.9,18.6,64,1016,4,120,0
1975,11,1,16,148,135,110,25,18.3,67,1016,3.1,120,0
1975,11,1,17,36,35,31,24.8,18.5,68,1017,2.9,140,0
1975,11,1,18,0,0,0,24.6,18.8,70,1018,2.8,170,0
1975,11,1,19,0,0,0,24.4,18.9,71,1019,2.6,190,0
1975,11,1,20,0,0,0,23.5,18.8,75,1019,2.8,210,0
1975,11,1,21,0,0,0,22.6,19,80,1019,2.9,220,0
1975,11,1,22,0,0,0,21.7,18.9,84,1019,3.1,240,0
1975,11,1,23,0,0,0,21.9,18.3,80,1018,2.8,220,0
1975,11,2,0,0,0,0,22,17.8,77,1018,2.4,190,0
1975,11,2,1,0,0,0,22.2,17.2,73,1018,2.1,170,0
1975,11,2,2,0,0,0,22,16.5,71,1017,1.9,180,0
1975,11,2,3,0,0,0,21.9,15.8,68,1017,1.7,190,0
1975,11,2,4,0,0,0,21.7,15,66,1017,1.5,200,0
1975,11,2,5,0,0,0,21.9,15.3,66,1017,1.5,200,0
1975,11,2,6,28,19,25,22,15.4,66,1018,1.5,210,0
1975,11,2,7,138,152,99,22.2,15.6,66,1018,1.5,210,0
1975,11,2,8,314,389,136,23.9,16.9,65,1018,2.4,160,0
1975,11,2,9,487,490,179,25.5,18.2,64,1018,3.2,110,0
1975,11,2,10,676,669,173,27.2,19.4,63,1018,4.1,60,0
1975,11,2,11,705,633,188,27.2,19.6,63,1017,4.1,60,0
1975,11,2,12,617,405,285,27.2,19.6,63,1016,4.1,50,0
1975,11,2,13,679,676,163,27.2,19.4,63,1015,4.1,50,0
1975,11,2,14,568,575,195,26.1,19.3,66,1015,3.6,60,0
1975,11,2,15,304,315,152,25,18.7,68,1015,3.1,60,0
1975,11,2,16,133,98,105,23.9,18.3,71,1015,2.6,70,0
1975,11,2,17,28,23,25,23.7,18.4,72,1016,2.2,60,0
1975,11,2,18,0,0,0,23.5,18.4,73,1017,1.9,40,0
1975,11,2,19,0,0,0,23.3,18.3,74,1017,1.5,30,0
1975,11,2,20,0,0,0,23.1,18,73,1018,1.9,20,0
1975,11,2,21,0,0,0,23,17.7,72,1018,2.2,0,0
1975,11,2,22,0,0,0,22.8,17.2,71,1018,2.6,350,0
1975,11,2,23,0,0,0,22.4,17.6,74,1018,1.7,330,0
1975,11,3,0,0,0,0,22.1,17.7,76,1017,0.9,300,0
1975,11,3,1,0,0,0,21.7,17.8,79,1017,0,0,0
1975,11,3,2,0,0,0,20.9,17.1,79,1016,0.7,260,0
1975,11,3,3,0,0,0,20.2,16.3,78,1016,1.4,230,0
1975,11,3,4,0,0,0,19.4,15.6,78,1016,2.1,210,0
1975,11,3,5,0,0,0,20.7,15.9,74,1016,1.9,230,0
1975,11,3,6,38,85,27,22,16.3,70,1017,1.7,250,0
1975,11,3,7,178,426,72,23.3,16.7,66,1017,1.5,270,0
1975,11,3,8,401,656,102,24.4,16.9,63,1017,2.2,300,0
1975,11,3,9,585,814,75,25.6,17,59,1017,2.9,330,0
1975,11,3,10,648,774,69,26.7,17.2,56,1017,3.6,0,0
1975,11,3,11,849,944,81,26.7,17.5,57,1016,3.8,0,0
1975,11,3,12,790,883,68,26.7,18,59,1015,3.9,10,0
1975,11,3,13,738,882,67,26.7,18.3,60,1014,4.1,10,0
1975,11,3,14,560,625,157,25.9,18.6,64,1014,4.5,10,0
1975,11,3,15,312,304,165,25.2,18.7,67,1015,4.8,10,0
1975,11,3,16,139,51,124,24.4,18.9,71,1015,5.2,10,0
1975,11,3,17,36,53,29,24.4,18.8,71,1015,4.5,10,0
1975,11,3,18,0,0,0,24.4,18.8,71,1016,3.8,20,0
1975,11,3,19,0,0,0,24.4,18.9,71,1016,3.1,20,0
1975,11,3,20,0,0,0,23.9,18.8,73,1016,3.1,0,0
1975,11,3,21,0,0,0,23.3,18.4,74,1017,3.1,350,0
1975,11,3,22,0,0,0,22.8,18.3,76,1017,3.1,330,0
1975,11,3,23,0,0,0,22.6,18.4,77,1017,3.1,320,0
1975,11,4,0,0,0,0,22.4,18.4,78,1016,3.1,310,0
1975,11,4,1,0,0,0,22.2,18.3,79,1016,3.1,300,0
1975,11,4,2,0,0,0,21.1,17.5,80,1016,3.3,280,0
1975,11,4,3,0,0,0,20,16.5,80,1015,3.4,260,0
1975,11,4,4,0,0,0,18.9,15.6,81,1015,3.6,240,0
1975,11,4,5,0,0,0,20.6,16,75,1016,3.1,240,0
1975,11,4,6,35,108,21,22.2,16.5,70,1016,2.6,250,0
1975,11,4,7,164,431,58,23.9,16.7,64,1016,2.1,250,0
1975,11,4,8,400,662,100,24.8,17.6,64,1016,2.6,290,0
1975,11,4,9,546,698,111,25.8,18.7,65,1016,3.1,320,0
1975,11,4,10,678,734,132,26.7,19.4,65,1016,3.6,0,0
1975,11,4,11,731,695,168,26.9,19.5,64,1015,3.6,20,0
1975,11,4,12,774,787,133,27,19.6,64,1015,3.6,30,0
1975,11,4,13,728,854,82,27.2,19.4,63,1014,3.6,50,0
1975,11,4,14,591,791,83,26.3,19.7,67,1014,3.8,40,0
1975,11,4,15,377,551,114,25.3,19.5,70,1014,3.9,20,0
1975,11,4,16,193,341,99,24.4,19.4,74,1014,4.1,10,0
1975,11,4,17,41,76,32,24,19.1,74,1015,3.4,20,0
1975,11,4,18,0,0,0,23.7,18.8,74,1016,2.8,30,0
1975,11,4,19,0,0,0,23.3,18.3,74,1017,2.1,40,0
1975,11,4,20,0,0,0,22.4,18,76,1017,2.1,350,0
1975,11,4,21,0,0,0,21.5,17.7,79,1017,2.1,300,0
1975,11,4,22,0,0,0,20.6,17.2,81,1017,2.1,250,0
1975,11,4,23,0,0,0,20.2,17.1,82,1017,3.1,300,0
1975,11,5,0,0,0,0,19.8,16.9,83,1017,4.2,340,0
1975,11,5,1,0,0,0,19.4,16.7,84,1017,5.2,30,0
1975,11,5,2,0,0,0,19.2,16.6,85,1017,4.3,340,0
1975,11,5,3,0,0,0,19.1,16.7,86,1016,3.5,280,0
1975,11,5,4,0,0,0,18.9,16.7,87,1016,2.6,230,0
1975,11,5,5,0,0,0,19.6,16.7,83,1016,2.2,220,0
1975,11,5,6,32,99,20,20.4,16.9,80,1017,1.9,200,0
1975,11,5,7,189,590,45,21.1,16.7,76,1017,1.5,190,0
1975,11,5,8,419,788,64,23.1,17.1,69,1017,2.2,140,0
1975,11,5,9,609,851,81,25.2,17.2,61,1017,2.9,90,0
1975,11,5,10,766,912,89,27.2,17.2,54,1017,3.6,40,0
1975,11,5,11,794,871,90,27.4,17.6,55,1016,4.3,50,0
1975,11,5,12,735,662,197,27.6,17.8,55,1016,5,60,0
1975,11,5,13,751,854,106,27.8,18.3,56,1015,5.7,70,0
1975,11,5,14,572,665,146,26.7,18.3,60,1015,4.3,70,0
1975,11,5,15,379,491,146,25.5,18.5,65,1016,2.9,60,0
1975,11,5,16,163,252,94,24.4,18.3,69,1016,1.5,60,0
1975,11,5,17,40,86,29,23.5,18,71,1016,1,90,0
1975,11,5,18,0,0,0,22.6,17.8,74,1017,0.5,110,0
1975,11,5,19,0,0,0,21.7,17.2,76,1017,0,0,0
1975,11,5,20,0,0,0,21.3,17.1,77,1017,0.9,170,0
1975,11,5,21,0,0,0,21,17,78,1018,1.7,190,0
1975,11,5,22,0,0,0,20.6,16.7,79,1018,2.6,220,0
1975,11,5,23,0,0,0,19.8,15.9,78,1017,2.6,220,0
1975,11,6,0,0,0,0,19.1,14.8,76,1017,2.6,220,0
1975,11,6,1,0,0,0,18.3,13.9,75,1017,2.6,220,0
1975,11,6,2,0,0,0,18.7,13.8,73,1017,3.3,230,0
1975,11,6,3,0,0,0,19,13.9,72,1016,3.9,230,0
1975,11,6,4,0,0,0,19.4,13.9,70,1016,4.6,240,0
1975,11,6,5,0,0,0,19.8,14,69,1017,3.6,220,0
1975,11,6,6,19,4,19,20.2,14.4,69,1017,2.5,200,0
1975,11,6,7,128,79,109,20.6,14.4,68,1018,1.5,180,0
1975,11,6,8,264,106,216,22.4,15.5,65,1018,1.9,240,0
1975,11,6,9,404,262,242,24.3,16.8,63,1018,2.2,290,0
1975,11,6,10,539,248,356,26.1,17.8,60,1018,2.6,350,0
1975,11,6,11,518,282,291,26.5,18.1,60,1017,2.9,10,0
1975,11,6,12,524,226,341,26.8,18.4,60,1016,3.3,20,0
1975,11,6,13,524,194,378,27.2,18.9,60,1016,3.6,40,0
1975,11,6,14,381,185,263,26.5,18.6,62,1016,2.4,10,0
1975,11,6,15,241,71,207,25.7,18.6,65,1016,1.2,340,0
1975,11,6,16,76,45,63,25,18.3,67,1016,0,0,0
1975,11,6,17,22,7,21,23.7,18.8,74,1017,0.7,290,0
1975,11,6,18,0,0,0,22.4,18.8,80,1017,1.4,260,0
1975,11,6,19,0,0,0,21.1,18.9,87,1018,2.1,230,0
1975,11,6,20,0,0,0,21.1,18.9,87,1018,1.4,230,0
1975,11,6,21,0,0,0,21.1,18.9,87,1018,0.7,220,0
1975,11,6,22,0,0,0,21.1,18.9,87,1018,0,0,0
1975,11,6,23,0,0,0,20.9,18.9,88,1017,0.5,210,0
1975,11,7,0,0,0,0,20.8,18.9,89,1017,1,210,0
1975,11,7,1,0,0,0,20.6,18.9,90,1017,1.5,200,0
1975,11,7,2,0,0,0,20.2,18.7,91,1017,2,220,0
1975,11,7,3,0,0,0,19.8,18.5,92,1017,2.6,250,0
1975,11,7,4,0,0,0,19.4,18.3,93,1017,3.1,270,0
1975,11,7,5,0,0,0,20.2,18.5,90,1017,3.3,260,0
1975,11,7,6,17,1,17,20.9,18.7,87,1018,3.4,250,0
1975,11,7,7,47,2,46,21.7,18.9,84,1018,3.6,240,0
1975,11,7,8,181,4,179,22.4,19.6,84,1018,2.9,280,0
1975,11,7,9,264,12,256,23.2,20.6,85,1019,2.2,320,0
1975,11,7,10,302,1,301,23.9,21.1,85,1019,1.5,0,0
1975,11,7,11,456,180,311,24.3,21,82,1018,1.5,20,0
1975,11,7,12,422,128,320,24.6,20.7,79,1017,1.5,40,0
1975,11,7,13,460,187,320,25,20.6,76,1016,1.5,60,0
1975,11,7,14,407,235,258,24.8,20.5,77,1016,1.7,60,0
1975,11,7,15,255,141,189,24.6,20.5,78,1017,1.9,70,0
1975,11,7,16,134,134,98,24.4,20.6,79,1017,2.1,70,0
1975,11,7,17,39,16,37,23.5,20.3,82,1018,2.6,120,0
1975,11,7,18,0,0,0,22.6,19.8,84,1018,3.1,180,0
1975,11,7,19,0,0,0,21.7,19.4,87,1019,3.6,230,0
1975,11,7,20,0,0,0,21.5,19.3,87,1019,3.8,230,0
1975,11,7,21,0,0,0,21.3,19.1,87,1019,3.9,220,0
1975,11,7,22,0,0,0,21.1,18.9,87,1019,4.1,220,0
1975,11,7,23,0,0,0,20.9,18.9,88,1018,3.4,220,0
1975,11,8,0,0,0,0,20.8,18.9,89,1018,2.8,230,0
1975,11,8,1,0,0,0,20.6,18.9,90,1018,2.1,230,0
1975,11,8,2,0,0,0,20.6,18.9,90,1018,2.1,210,0
1975,11,8,3,0,0,0,20.6,18.9,90,1018,2.1,180,0
1975,11,8,4,0,0,0,20.6,18.9,90,1018,2.1,160,0
1975,11,8,5,0,0,0,21,19,88,1018,2.1,170,0
1975,11,8,6,21,19,19,21.3,18.9,86,1019,2.1,190,0
1975,11,8,7,135,214,85,21.7,18.9,84,1019,2.1,200,0
1975,11,8,8,296,377,130,22.1,19.1,83,1019,1.9,200,0
1975,11,8,9,332,107,266,22.4,19.4,83,1019,1.7,200,0
1975,11,8,10,243,107,165,22.8,19.4,82,1019,1.5,200,0
1975,11,8,11,431,118,337,23.3,20.1,82,1019,2.4,220,0
1975,11,8,12,314,14,302,23.9,20.7,82,1018,3.2,250,0
1975,11,8,13,428,211,271,24.4,21.1,82,1017,4.1,270,0
1975,11,8,14,348,116,275,24.6,20.5,78,1017,3.4,310,0
1975,11,8,15,318,293,181,24.8,20.1,75,1017,2.8,350,0
1975,11,8,16,143,85,121,25,19.4,71,1017,2.1,30,0
1975,11,8,17,34,38,30,24.1,19.6,76,1018,2.1,40,0
1975,11,8,18,0,0,0,23.1,19.9,82,1018,2.1,40,0
1975,11,8,19,0,0,0,22.2,20,87,1019,2.1,50,0
1975,11,8,20,0,0,0,22,19.9,88,1019,1.4,80,0
1975,11,8,21,0,0,0,21.9,20,89,1019,0.7,110,0
1975,11,8,22,0,0,0,21.7,20,90,1019,0,0,0
1975,11,8,23,0,0,0,21.3,19.8,91,1019,0.5,160,0
1975,11,9,0,0,0,0,21,19.7,92,1018,1,190,0
1975,11,9,1,0,0,0,20.6,19.4,93,1018,1.5,220,0
1975,11,9,2,0,0,0,20.8,19.6,93,1018,1.5,220,0
1975,11,9,3,0,0,0,20.9,19.7,93,1018,1.5,220,0
1975,11,9,4,0,0,0,21.1,20,93,1018,1.5,220,0
1975,11,9,5,0,0,0,21.5,20.2,92,1018,1,200,0
1975,11,9,6,7,9,6,21.8,20.3,91,1018,0.5,170,0
1975,11,9,7,84,2,83,22.2,20.6,90,1019,0,0,0
1975,11,9,8,197,9,193,23.1,20.5,85,1018,1.7,120,0
1975,11,9,9,315,111,247,24.1,20.6,81,1018,3.5,100,0
1975,11,9,10,387,97,316,25,20.6,76,1018,5.2,70,0
1975,11,9,11,417,124,318,25.2,20.3,74,1017,5.4,70,0
1975,11,9,12,387,148,269,25.4,19.8,71,1016,5.5,60,0
1975,11,9,13,346,124,254,25.6,19.4,69,1016,5.7,60,0
1975,11,9,14,309,72,264,25,19.4,71,1016,5.2,60,0
1975,11,9,15,167,34,151,24.5,19.6,74,1016,4.6,70,0
1975,11,9,16,98,51,85,23.9,19.4,76,1016,4.1,70,0
1975,11,9,17,27,5,27,23.7,18.8,74,1016,3.2,60,0
1975,11,9,18,0,0,0,23.5,18.4,73,1017,2.4,60,0
1975,11,9,19,0,0,0,23.3,17.8,71,1017,1.5,50,0
1975,11,9,20,0,0,0,22.6,17.8,74,1018,1.5,110,0
1975,11,9,21,0,0,0,21.8,17.8,78,1018,1.5,160,0
1975,11,9,22,0,0,0,21.1,17.8,81,1018,1.5,220,0
1975,11,9,23,0,0,0,20.5,17.5,83,1018,2,240,0
1975,11,10,0,0,0,0,20,17.4,85,1017,2.6,260,0
1975,11,10,1,0,0,0,19.4,17.2,87,1017,3.1,280,0
1975,11,10,2,0,0,0,19.6,17.6,88,1016,2.9,260,0
1975,11,10,3,0,0,0,19.8,18,89,1016,2.8,250,0
1975,11,10,4,0,0,0,20,18.3,90,1016,2.6,230,0
1975,11,10,5,0,0,0,20.6,18.7,89,1016,2.4,240,0
1975,11,10,6,18,21,15,21.1,19.1,88,1017,2.3,240,0
1975,11,10,7,104,125,75,21.7,19.4,87,1017,2.1,250,0
1975,11,10,8,245,208,155,23,19.6,81,1017,2.3,190,0
1975,11,10,9,379,265,219,24.3,19.6,75,1017,2.4,140,0
1975,11,10,10,577,573,160,25.6,19.4,69,1017,2.6,80,0
1975,11,10,11,491,132,386,25.8,19.5,68,1016,2.6,40,0
1975,11,10,12,525,373,227,25.9,19.1,66,1016,2.6,0,0
1975,11,10,13,431,121,342,26.1,18.9,65,1015,2.6,320,0
1975,11,10,14,468,465,177,25.5,19.2,68,1015,2.6,350,0
1975,11,10,15,336,488,110,25,19.4,71,1015,2.6,20,0
1975,11,10,16,201,553,55,24.4,19.4,74,1016,2.6,50,0
1975,11,10,17,39,90,28,23.7,19.4,77,1016,2.2,60,0
1975,11,10,18,0,0,0,22.9,19.5,81,1016,1.9,60,0
1975,11,10,19,0,0,0,22.2,19.4,84,1017,1.5,70,0
1975,11,10,20,0,0,0,21.8,19.2,85,1017,1.9,120,0
1975,11,10,21,0,0,0,21.5,19.1,86,1017,2.2,160,0
1975,11,10,22,0,0,0,21.1,18.9,87,1017,2.6,210,0
1975,11,10,23,0,0,0,20.7,18.7,88,1016,2.2,170,0
1975,11,11,0,0,0,0,20.4,18.5,89,1016,1.9,130,0
1975,11,11,1,0,0,0,20,18.3,90,1015,1.5,90,0
1975,11,11,2,0,0,0,20,18.3,90,1015,1.7,150,0
1975,11,11,3,0,0,0,20,18.3,90,1015,1.9,200,0
1975,11,11,4,0,0,0,20,18.3,90,1015,2.1,260,0
1975,11,11,5,0,0,0,20.4,18.5,89,1015,2.1,240,0
1975,11,11,6,24,15,22,20.7,18.7,88,1016,2.1,220,0
1975,11,11,7,47,0,47,21.1,18.9,87,1016,2.1,200,0
1975,11,11,8,218,1,217,22.4,19.6,84,1016,2.6,230,0
1975,11,11,9,291,121,218,23.7,20.5,82,1016,3.1,260,0
1975,11,11,10,316,90,251,25,21.1,79,1016,3.6,290,0
1975,11,11,11,484,111,397,25,20.9,78,1015,3.4,340,0
1975,11,11,12,341,64,290,25,20.7,77,1014,3.3,20,0
1975,11,11,13,596,368,325,25,20.6,76,1014,3.1,70,0
1975,11,11,14,341,105,275,24.4,20.3,78,1014,4.1,70,0
1975,11,11,15,275,198,183,23.9,20.3,80,1014,5.2,80,0
1975,11,11,16,79,89,56,23.3,20,82,1014,6.2,80,0
1975,11,11,17,32,21,29,22.9,20.1,84,1014,4.8,140,0
1975,11,11,18,0,0,0,22.6,20,85,1015,3.5,190,0
1975,11,11,19,0,0,0,22.2,20,87,1015,2.1,250,0
1975,11,11,20,0,0,0,22,19.9,88,1015,2.4,250,0
1975,11,11,21,0,0,0,21.9,20,89,1016,2.8,240,0
1975,11,11,22,0,0,0,21.7,20,90,1016,3.1,240,0
1975,11,11,23,0,0,0,21.3,19.6,90,1015,2.1,240,0
1975,11,12,0,0,0,0,21,19.3,90,1015,1,240,0
1975,11,12,1,0,0,0,20.6,18.9,90,1015,0,0,0
1975,11,12,2,0,0,0,20.4,18.5,89,1014,0.9,230,0
1975,11,12,3,0,0,0,20.2,18.2,88,1014,1.7,230,0
1975,11,12,4,0,0,0,20,17.8,87,1014,2.6,230,0
1975,11,12,5,0,0,0,19.8,17.8,88,1014,2.9,220,0
1975,11,12,6,27,51,20,19.6,17.8,89,1015,3.3,220,0
1975,11,12,7,151,415,57,19.4,17.8,90,1015,3.6,210,0
1975,11,12,8,299,445,107,21.5,18.5,83,1015,3.6,160,0
1975,11,12,9,527,657,133,23.5,19,76,1015,3.6,120,0
1975,11,12,10,495,324,261,25.6,19.4,69,1015,3.6,70,0
1975,11,12,11,736,704,182,26,19.7,68,1014,3.6,40,0
1975,11,12,12,754,718,186,26.3,19.5,66,1013,3.6,10,0
1975,11,12,13,677,660,192,26.7,19.4,65,1012,3.6,340,0
1975,11,12,14,574,693,143,25.6,19.5,69,1012,3.1,0,0
1975,11,12,15,400,689,83,24.4,19,72,1013,2.6,30,0
1975,11,12,16,141,183,94,23.3,18.9,76,1013,2.1,50,0
1975,11,12,17,28,24,25,22.9,18.9,78,1014,2.3,100,0
1975,11,12,18,0,0,0,22.6,19,80,1014,2.4,160,0
1975,11,12,19,0,0,0,22.2,18.9,82,1015,2.6,210,0
1975,11,12,20,0,0,0,21.5,18.7,84,1015,2.2,230,0
1975,11,12,21,0,0,0,20.7,18.1,85,1016,1.9,240,0
1975,11,12,22,0,0,0,20,17.8,87,1016,1.5,260,0
1975,11,12,23,0,0,0,19.8,17.6,87,1015,1.9,250,0
1975,11,13,0,0,0,0,19.6,17.4,87,1015,2.2,240,0
1975,11,13,1,0,0,0,19.4,17.2,87,1014,2.6,230,0
1975,11,13,2,0,0,0,19.2,16.8,86,1014,2.6,220,0
1975,11,13,3,0,0,0,19.1,16.5,85,1014,2.6,220,0
1975,11,13,4,0,0,0,18.9,16.1,84,1014,2.6,210,0
1975,11,13,5,0,0,0,19.6,16.3,81,1014,2.4,220,0
1975,11,13,6,20,39,16,20.4,16.7,79,1015,2.3,230,0
1975,11,13,7,141,378,56,21.1,16.7,76,1015,2.1,240,0
1975,11,13,8,349,579,101,22.6,17.5,73,1015,1.4,210,0
1975,11,13,9,387,274,223,24.1,18.3,70,1015,0.7,180,0
1975,11,13,10,354,145,250,25.6,18.9,67,1015,0,0,0
1975,11,13,11,428,164,299,25.4,19.1,68,1014,0.9,120,0
1975,11,13,12,476,205,314,25.2,19.4,70,1014,1.7,90,0
1975,11,13,13,442,174,315,25,19.4,71,1013,2.6,60,0
1975,11,13,14,334,193,215,24.8,19.4,72,1013,2.2,60,0
1975,11,13,15,136,54,112,24.6,19.5,73,1013,1.9,60,0
1975,11,13,16,113,90,90,24.4,19.4,74,1014,1.5,60,0
1975,11,13,17,9,5,9,23.9,19.6,77,1014,1,80,0
1975,11,13,18,0,0,0,23.3,19.5,79,1015,0.5,90,0
1975,11,13,19,0,0,0,22.8,19.4,82,1016,0,0,0
1975,11,13,20,0,0,0,22.2,19.4,84,1016,0,0,0
1975,11,13,21,0,0,0,21.7,19.1,85,1016,0,0,0
1975,11,13,22,0,0,0,21.1,18.9,87,1017,0,0,0
1975,11,13,23,0,0,0,20.4,18.4,88,1016,0.5,180,0
1975,11,14,0,0,0,0,19.6,17.8,89,1016,1,190,0
1975,11,14,1,0,0,0,18.9,17.2,90,1015,1.5,210,0
1975,11,14,2,0,0,0,19.1,17.3,89,1015,2.2,210,0
1975,11,14,3,0,0,0,19.2,17.2,88,1015,2.9,210,0
1975,11,14,4,0,0,0,19.4,17.2,87,1015,3.6,210,0
1975,11,14,5,0,0,0,19.8,17,84,1016,3.3,210,0
1975,11,14,6,26,42,21,20.2,17.1,82,1016,2.9,220,0
1975,11,14,7,146,350,68,20.6,16.7,79,1017,2.6,220,0
1975,11,14,8,228,200,143,22.6,17.8,74,1017,3.1,270,0
1975,11,14,9,600,825,109,24.7,18.9,70,1017,3.6,330,0
1975,11,14,10,530,471,193,26.7,19.4,65,1017,4.1,20,0
1975,11,14,11,762,803,136,26.9,18.8,61,1016,3.9,30,0
1975,11,14,12,761,833,107,27,17.8,57,1015,3.8,40,0
1975,11,14,13,726,933,44,27.2,16.7,53,1014,3.6,50,0
1975,11,14,14,590,867,54,26.3,16.9,56,1015,3.1,40,0
1975,11,14,15,419,753,75,25.3,16.7,59,1015,2.6,40,0
1975,11,14,16,191,571,44,24.4,16.7,62,1015,2.1,30,0
1975,11,14,17,47,196,23,23.3,16.9,67,1016,2.3,330,0
1975,11,14,18,0,0,0,22.2,16.7,71,1016,2.4,280,0
1975,11,14,19,0,0,0,21.1,16.7,76,1017,2.6,220,0
1975,11,14,20,0,0,0,20.7,16.1,75,1017,2.4,220,0
1975,11,14,21,0,0,0,20.4,15.6,74,1017,2.3,210,0
1975,11,14,22,0,0,0,20,15,73,1018,2.1,210,0
1975,11,14,23,0,0,0,19.6,14.4,72,1017,2.6,220,0
1975,11,15,0,0,0,0,19.3,13.9,71,1017,3.1,220,0
1975,11,15,1,0,0,0,18.9,13.3,70,1017,3.6,230,0
1975,11,15,2,0,0,0,19.1,13.5,70,1017,3.6,230,0
1975,11,15,3,0,0,0,19.2,13.6,70,1016,3.6,220,0
1975,11,15,4,0,0,0,19.4,13.9,70,1016,3.6,220,0
1975,11,15,5,0,0,0,20.3,14.5,69,1017,3.8,230,0
1975,11,15,6,26,46,21,21.3,15.4,69,1017,3.9,230,0
1975,11,15,7,153,392,68,22.2,16.1,68,1018,4.1,240,0
1975,11,15,8,342,545,111,24.1,16.9,64,1018,3.6,290,0
1975,11,15,9,485,554,157,25.9,17.3,59,1018,3.1,340,0
1975,11,15,10,700,811,122,27.8,17.8,55,1018,2.6,30,0
1975,11,15,11,704,691,166,26.9,18.5,60,1017,2.8,40,0
1975,11,15,12,718,709,163,25.9,18.6,64,1016,2.9,40,0
1975,11,15,13,713,751,166,25,18.9,69,1016,3.1,50,0
1975,11,15,14,364,255,207,24.8,18.7,69,1016,2.8,50,0
1975,11,15,15,320,299,184,24.6,18.6,69,1016,2.4,40,0
1975,11,15,16,94,37,85,24.4,18.3,69,1016,2.1,40,0
1975,11,15,17,26,9,25,23.7,18.6,73,1017,2.3,350,0
1975,11,15,18,0,0,0,22.9,18.9,78,1017,2.4,310,0
1975,11,15,19,0,0,0,22.2,18.9,82,1018,2.6,260,0
1975,11,15,20,0,0,0,22,19.2,84,1018,2.2,260,0
1975,11,15,21,0,0,0,21.9,19.3,85,1018,1.9,260,0
1975,11,15,22,0,0,0,21.7,19.4,87,1019,1.5,260,0
1975,11,15,23,0,0,0,21.3,19.2,88,1018,1.9,250,0
1975,11,16,0,0,0,0,21,19.1,89,1018,2.2,230,0
1975,11,16,1,0,0,0,20.6,18.9,90,1018,2.6,220,0
1975,11,16,2,0,0,0,20.6,18.9,90,1017,2.2,220,0
1975,11,16,3,0,0,0,20.6,18.9,90,1017,1.9,230,0
1975,11,16,4,0,0,0,20.6,18.9,90,1016,1.5,230,0
1975,11,16,5,0,0,0,20.6,18.9,90,1017,2,220,0
1975,11,16,6,11,0,11,20.6,18.9,90,1017,2.6,220,0
1975,11,16,7,50,6,49,20.6,18.9,90,1018,3.1,210,0
1975,11,16,8,183,1,183,21.5,20,91,1018,2.1,200,0
1975,11,16,9,246,5,243,22.4,21.2,93,1017,1,180,0
1975,11,16,10,189,5,185,23.3,22.2,94,1017,0,0,0
1975,11,16,11,363,4,360,23.7,22.3,92,1016,1,150,0
1975,11,16,12,438,103,358,24,22.1,89,1015,2.1,140,0
1975,11,16,13,269,124,179,24.4,22.2,87,1014,3.1,120,0
1975,11,16,14,257,61,219,24,21.9,88,1014,3.3,130,0
1975,11,16,15,213,12,207,23.7,21.8,89,1015,3.4,140,0
1975,11,16,16,54,2,54,23.3,21.7,90,1015,3.6,150,0
1975,11,16,17,19,2,18,22.9,21.2,90,1015,3.1,180,0
1975,11,16,18,0,0,0,22.6,20.9,90,1016,2.6,220,0
1975,11,16,19,0,0,0,22.2,20.6,90,1016,2.1,250,0
1975,11,16,20,0,0,0,22,20.5,91,1016,2.3,240,0
1975,11,16,21,0,0,0,21.9,20.6,92,1017,2.4,240,0
1975,11,16,22,0,0,0,21.7,20.6,93,1017,2.6,230,0
1975,11,16,23,0,0,0,21.5,20.2,92,1017,2.9,230,0
1975,11,17,0,0,0,0,21.3,19.8,91,1016,3.3,230,0
1975,11,17,1,0,0,0,21.1,19.4,90,1016,3.6,230,0
1975,11,17,2,0,0,0,20.9,19.2,90,1015,3.1,230,0
1975,11,17,3,0,0,0,20.8,19.1,90,1015,2.6,220,0
1975,11,17,4,0,0,0,20.6,18.9,90,1015,2.1,220,0
1975,11,17,5,0,0,0,21,19,88,1016,2.3,220,0
1975,11,17,6,24,51,18,21.3,18.9,86,1016,2.4,230,0
1975,11,17,7,158,523,46,21.7,18.9,84,1017,2.6,230,0
1975,11,17,8,290,479,90,23.2,19.4,79,1016,2.9,270,0
1975,11,17,9,500,635,128,24.6,19.7,74,1016,3.3,300,0
1975,11,17,10,339,156,228,26.1,20,69,1016,3.6,340,0
1975,11,17,11,685,646,187,26.5,20.1,68,1015,3.6,360,0
1975,11,17,12,680,672,158,26.8,19.9,66,1014,3.6,10,0
1975,11,17,13,605,652,134,27.2,20,65,1014,3.6,30,0
1975,11,17,14,477,518,161,26.1,19.7,68,1014,2.9,40,0
1975,11,17,15,319,310,179,25,19.4,71,1014,2.2,50,0
1975,11,17,16,146,94,122,23.9,18.9,74,1014,1.5,60,0
1975,11,17,17,39,50,32,23.2,18.8,76,1015,1.5,120,0
1975,11,17,18,0,0,0,22.4,18.6,79,1015,1.5,180,0
1975,11,17,19,0,0,0,21.7,18.3,81,1016,1.5,240,0
1975,11,17,20,0,0,0,21.3,18.1,82,1016,2,230,0
1975,11,17,21,0,0,0,21,18,83,1016,2.6,230,0
1975,11,17,22,0,0,0,20.6,17.8,84,1016,3.1,220,0
1975,11,17,23,0,0,0,19.8,16.9,83,1016,3.3,220,0
1975,11,18,0,0,0,0,19.1,16,82,1015,3.4,220,0
1975,11,18,1,0,0,0,18.3,15,81,1015,3.6,220,0
1975,11,18,2,0,0,0,18.3,14.8,80,1015,3.4,220,0
1975,11,18,3,0,0,0,18.3,14.6,79,1014,3.3,220,0
1975,11,18,4,0,0,0,18.3,14.4,78,1014,3.1,220,0
1975,11,18,5,0,0,0,19.2,14.9,76,1015,3.1,220,0
1975,11,18,6,26,88,15,20.2,15.2,73,1015,3.1,220,0
1975,11,18,7,153,504,47,21.1,15.6,71,1016,3.1,220,0
1975,11,18,8,336,604,85,22.8,16.8,69,1016,2.8,260,0
1975,11,18,9,499,633,131,24.4,17.9,67,1015,2.4,310,0
1975,11,18,10,631,622,193,26.1,18.9,65,1015,2.1,350,0
1975,11,18,11,673,604,209,26.1,19,65,1015,2.6,10,0
1975,11,18,12,704,677,180,26.1,19,65,1014,3.1,20,0
1975,11,18,13,576,502,215,26.1,18.9,65,1013,3.6,40,0
1975,11,18,14,473,452,197,25.5,18.9,67,1013,2.9,50,0
1975,11,18,15,343,465,134,25,18.9,69,1014,2.2,70,0
1975,11,18,16,114,58,100,24.4,18.9,71,1014,1.5,80,0
1975,11,18,17,31,33,27,23.5,18.6,74,1015,1.5,120,0
1975,11,18,18,0,0,0,22.6,18.6,78,1015,1.5,170,0
1975,11,18,19,0,0,0,21.7,18.3,81,1016,1.5,210,0
1975,11,18,20,0,0,0,21.1,17.9,82,1016,1.7,210,0
1975,11,18,21,0,0,0,20.6,17.6,83,1016,1.9,220,0
1975,11,18,22,0,0,0,20,17.2,84,1016,2.1,220,0
1975,11,18,23,0,0,0,19.8,16.3,80,1015,2.3,210,0
1975,11,19,0,0,0,0,19.6,15.5,77,1015,2.4,210,0
1975,11,19,1,0,0,0,19.4,14.4,73,1014,2.6,200,0
1975,11,19,2,0,0,0,19.6,14.2,71,1014,2.6,210,0
1975,11,19,3,0,0,0,19.8,13.8,68,1015,2.6,210,0
1975,11,19,4,0,0,0,20,13.3,66,1015,2.6,220,0
1975,11,19,5,0,0,0,20,14.6,71,1015,1.7,220,0
1975,11,19,6,11,1,10,20,15.7,76,1016,0.9,220,0
1975,11,19,7,71,6,70,20,16.7,81,1016,0,0,0
1975,11,19,8,144,5,141,21.1,17.7,81,1016,1,230,0
1975,11,19,9,268,10,262,22.2,19,82,1016,2.1,230,0
1975,11,19,10,356,5,353,23.3,20,82,1016,3.1,230,0
1975,11,19,11,338,2,337,22.9,20.4,86,1015,2.8,260,0
1975,11,19,12,355,8,349,22.6,20.7,89,1015,2.4,300,0
1975,11,19,13,198,1,198,22.2,21.1,93,1014,2.1,330,0
1975,11,19,14,279,1,278,22.8,21.1,90,1014,1.4,310,0
1975,11,19,15,218,1,217,23.3,21.2,88,1014,0.7,300,0
1975,11,19,16,74,1,74,23.9,21.1,85,1014,0,0,0
1975,11,19,17,31,0,31,23.3,21,87,1015,1.4,260,0
1975,11,19,18,0,0,0,22.8,20.7,88,1015,2.7,250,0
1975,11,19,19,0,0,0,22.2,20.6,90,1016,4.1,230,0
1975,11,19,20,0,0,0,21.8,20.3,91,1016,2.7,230,0
1975,11,19,21,0,0,0,21.5,20.2,92,1017,1.4,230,0
1975,11,19,22,0,0,0,21.1,20,93,1017,0,0,0
1975,11,19,23,0,0,0,21.1,19.9,93,1017,0,0,0
1975,11,20,0,0,0,0,21.1,19.9,93,1016,0,0,0
1975,11,20,1,0,0,0,21.1,20,93,1016,0,0,0
1975,11,20,2,0,0,0,20.9,19.7,93,1016,0.7,230,0
1975,11,20,3,0,0,0,20.8,19.6,93,1016,1.4,230,0
1975,11,20,4,0,0,0,20.6,19.4,93,1016,2.1,230,0
1975,11,20,5,0,0,0,20.6,19.6,94,1017,2.1,240,0
1975,11,20,6,14,0,14,20.6,20,96,1017,2.1,240,0
1975,11,20,7,52,1,52,20.6,20,97,1018,2.1,250,0
1975,11,20,8,191,1,191,21.1,20.3,95,1018,2.3,250,0
1975,11,20,9,304,0,304,21.7,20.4,92,1018,2.4,250,0
1975,11,20,10,205,1,204,22.2,20.6,90,1019,2.6,250,0
1975,11,20,11,381,1,380,23.3,20.8,86,1018,2.2,270,0
1975,11,20,12,456,228,280,24.5,21.4,83,1017,1.9,280,0
1975,11,20,13,411,74,359,25.6,21.7,79,1016,1.5,300,0
1975,11,20,14,271,20,259,25,20.9,78,1016,1,290,0
1975,11,20,15,134,4,132,24.5,20.2,77,1016,0.5,270,0
1975,11,20,16,98,21,93,23.9,19.4,76,1016,0,0,0
1975,11,20,17,13,2,13,23,19.4,80,1017,0,0,0
1975,11,20,18,0,0,0,22,19,83,1017,0,0,0
1975,11,20,19,0,0,0,21.1,18.9,87,1018,0,0,0
1975,11,20,20,0,0,0,21.1,18.9,87,1018,1,210,0
1975,11,20,21,0,0,0,21.1,18.9,87,1018,2.1,190,0
1975,11,20,22,0,0,0,21.1,18.9,87,1019,3.1,180,0
1975,11,20,23,0,0,0,21.1,18.9,87,1018,2.8,200,0
1975,11,21,0,0,0,0,21.1,18.9,87,1018,2.4,210,0
1975,11,21,1,0,0,0,21.1,18.9,87,1017,2.1,230,0
1975,11,21,2,0,0,0,20.9,18.9,88,1017,2.1,230,0
1975,11,21,3,0,0,0,20.8,18.9,89,1016,2.1,220,0
1975,11,21,4,0,0,0,20.6,18.9,90,1016,2.1,220,0
1975,11,21,5,0,0,0,21.5,19.3,87,1017,2.3,280,0
1975,11,21,6,16,6,15,22.4,19.8,85,1017,2.4,330,0
1975,11,21,7,78,21,74,23.3,20,82,1018,2.6,30,0
1975,11,21,8,275,207,191,24.1,20,78,1018,3.1,20,0
1975,11,21,9,303,151,217,24.8,19.6,73,1018,3.6,20,0
1975,11,21,10,583,526,218,25.6,19.4,69,1018,4.1,10,0
1975,11,21,11,583,391,285,25.6,19.5,69,1017,3.6,20,0
1975,11,21,12,724,757,143,25.6,19.5,69,1016,3.1,40,0
1975,11,21,13,547,526,171,25.6,19.4,69,1015,2.6,50,0
1975,11,21,14,426,298,246,24.7,19.3,72,1015,2.4,30,0
1975,11,21,15,272,206,181,23.7,19.2,76,1015,2.3,20,0
1975,11,21,16,128,53,115,22.8,18.9,79,1015,2.1,0,0
1975,11,21,17,31,8,30,22.2,19,82,1016,2.1,320,0
1975,11,21,18,0,0,0,21.7,18.9,84,1016,2.1,270,0
1975,11,21,19,0,0,0,21.1,18.9,87,1017,2.1,230,0
1975,11,21,20,0,0,0,20.5,18.3,87,1017,2.3,170,0
1975,11,21,21,0,0,0,20,17.8,87,1017,2.4,120,0
1975,11,21,22,0,0,0,19.4,17.2,87,1018,2.6,60,0
1975,11,21,23,0,0,0,19,16.6,86,1017,2.6,110,0
1975,11,22,0,0,0,0,18.7,16.2,85,1017,2.6,170,0
1975,11,22,1,0,0,0,18.3,15.6,84,1016,2.6,220,0
1975,11,22,2,0,0,0,18.1,15.2,83,1016,2.6,220,0
1975,11,22,3,0,0,0,18,14.9,82,1016,2.6,210,0
1975,11,22,4,0,0,0,17.8,14.4,81,1015,2.6,210,0
1975,11,22,5,0,0,0,18.2,14.5,79,1015,2.4,210,0
1975,11,22,6,10,9,9,18.5,14.6,78,1016,2.3,210,0
1975,11,22,7,73,29,67,18.9,14.4,76,1016,2.1,210,0
1975,11,22,8,191,74,161,20.9,16.3,75,1016,3.5,180,0
1975,11,22,9,352,150,267,23,18.4,75,1016,4.8,160,0
1975,11,22,10,378,125,291,25,20,74,1016,6.2,130,0
1975,11,22,11,640,456,295,25.6,20,71,1015,5.5,140,0
1975,11,22,12,535,257,338,26.1,19.7,68,1014,4.8,140,0
1975,11,22,13,473,194,336,26.7,19.4,65,1014,4.1,150,0
1975,11,22,14,535,576,188,25.6,19.3,68,1014,3.9,140,0
1975,11,22,15,310,328,164,24.4,18.8,71,1014,3.8,120,0
1975,11,22,16,157,328,75,23.3,18.3,74,1014,3.6,110,0
1975,11,22,17,35,74,26,22.2,18.2,78,1015,2.4,130,0
1975,11,22,18,0,0,0,21.1,18.1,83,1015,1.2,150,0
1975,11,22,19,0,0,0,20,17.8,87,1016,0,0,0
1975,11,22,20,0,0,0,19.6,17.4,87,1016,1.2,190,0
1975,11,22,21,0,0,0,19.3,17.1,87,1015,2.4,210,0
1975,11,22,22,0,0,0,18.9,16.7,87,1015,3.6,230,0
1975,11,22,23,0,0,0,18.5,16.1,86,1015,3.4,230,0
1975,11,23,0,0,0,0,18.2,15.7,85,1014,3.3,220,0
1975,11,23,1,0,0,0,17.8,15,84,1014,3.1,220,0
1975,11,23,2,0,0,0,17.4,14.3,82,1013,3.1,220,0
1975,11,23,3,0,0,0,17.1,13.7,80,1013,3.1,220,0
1975,11,23,4,0,0,0,16.7,12.8,78,1012,3.1,220,0
1975,11,23,5,0,0,0,18,13.7,76,1012,2.8,210,0
1975,11,23,6,18,59,11,19.3,14.4,73,1012,2.4,200,0
1975,11,23,7,140,505,40,20.6,15,71,1013,2.1,190,0
1975,11,23,8,348,670,80,22.6,16.7,69,1012,4,160,0
1975,11,23,9,558,827,89,24.7,18.2,67,1012,5.8,140,0
1975,11,23,10,658,775,124,26.7,19.4,65,1012,7.7,110,0
1975,11,23,11,713,724,166,27.4,19.5,62,1011,8.2,120,0
1975,11,23,12,760,807,145,28.2,19.2,58,1010,8.8,130,0
1975,11,23,13,600,649,139,28.9,18.9,55,1009,9.3,140,0
1975,11,23,14,565,808,80,27.6,18.9,59,1009,8.4,130,0
1975,11,23,15,401,704,89,26.3,18.7,63,1010,7.6,130,0
1975,11,23,16,181,447,71,25,18.3,67,1010,6.7,120,0
1975,11,23,17,37,97,25,24.1,18.5,71,1010,6.5,130,0
1975,11,23,18,0,0,0,23.1,18.4,75,1011,6.4,130,0
1975,11,23,19,0,0,0,22.2,18.3,79,1012,6.2,140,0
1975,11,23,20,0,0,0,22,18,78,1011,5.3,150,0
1975,11,23,21,0,0,0,21.9,17.7,77,1011,4.5,160,0
1975,11,23,22,0,0,0,21.7,17.2,76,1011,3.6,170,0
1975,11,23,23,0,0,0,21.5,17.9,80,1011,3.8,160,0
1975,11,24,0,0,0,0,21.3,18.3,83,1010,3.9,150,0
1975,11,24,1,0,0,0,21.1,18.9,87,1010,4.1,140,0
1975,11,24,2,0,0,0,21.1,18.9,87,1010,5,130,0
1975,11,24,3,0,0,0,21.1,18.9,87,1009,5.8,130,0
1975,11,24,4,0,0,0,21.1,18.9,87,1008,6.7,120,0
1975,11,24,5,0,0,0,21.5,19.3,87,1008,7.6,130,0
1975,11,24,6,5,1,5,21.8,19.6,87,1009,8.4,130,0
1975,11,24,7,44,29,38,22.2,20,87,1009,9.3,140,0
1975,11,24,8,202,16,196,22.4,20.1,87,1009,8.6,140,0
1975,11,24,9,218,5,216,22.6,20.3,87,1009,7.9,130,0
1975,11,24,10,313,7,309,22.8,20.6,87,1009,7.2,130,0
1975,11,24,11,325,2,324,22.6,20.7,89,1009,6.7,130,0
1975,11,24,12,330,1,329,22.4,20.9,91,1008,6.2,130,0
1975,11,24,13,206,6,202,22.2,21.1,93,1008,5.7,130,0
1975,11,24,14,299,1,298,22,20.7,92,1008,3.8,130,0
1975,11,24,15,219,1,219,21.9,20.4,91,1008,1.9,140,0
1975,11,24,16,66,1,66,21.7,20,90,1009,0,0,0
1975,11,24,17,29,0,29,21.7,20,90,1009,1.2,140,0
1975,11,24,18,0,0,0,21.7,20,90,1010,2.4,150,0
1975,11,24,19,0,0,0,21.7,20,90,1011,3.6,150,0
1975,11,24,20,0,0,0,21.7,20,90,1011,4.1,150,0
1975,11,24,21,0,0,0,21.7,20,90,1011,4.7,160,0
1975,11,24,22,0,0,0,21.7,20,90,1011,5.2,160,0
1975,11,24,23,0,0,0,21.7,19.8,89,1011,4.8,160,0
1975,11,25,0,0,0,0,21.7,19.6,88,1010,4.5,150,0
1975,11,25,1,0,0,0,21.7,19.4,87,1010,4.1,150,0
1975,11,25,2,0,0,0,21.7,19.6,88,1010,4.1,140,0
1975,11,25,3,0,0,0,21.7,19.8,89,1010,4.1,140,0
1975,11,25,4,0,0,0,21.7,20,90,1010,4.1,130,0
1975,11,25,5,0,0,0,22.1,20.6,91,1011,3.4,160,0
1975,11,25,6,11,4,11,22.4,21,92,1011,2.8,180,0
1975,11,25,7,51,10,49,22.8,21.7,93,1012,2.1,210,0
1975,11,25,8,128,6,126,22.8,21.6,93,1012,2.6,190,0
1975,11,25,9,201,17,192,22.8,21.6,93,1012,3.1,180,0
1975,11,25,10,155,11,147,22.8,21.7,93,1012,3.6,160,0
1975,11,25,11,271,3,269,23.3,21.9,92,1011,3.8,150,0
1975,11,25,12,396,8,389,23.9,22.3,91,1011,3.9,150,0
1975,11,25,13,213,3,211,24.4,22.8,90,1010,4.1,140,0
1975,11,25,14,287,87,235,24.2,22.1,88,1010,5,130,0
1975,11,25,15,251,164,179,24.1,21.8,87,1010,5.8,130,0
1975,11,25,16,135,172,92,23.9,21.1,85,1010,6.7,120,0
1975,11,25,17,19,8,18,23.5,21,86,1011,5.3,140,0
1975,11,25,18,0,0,0,23.2,20.7,86,1012,4,170,0
1975,11,25,19,0,0,0,22.8,20.6,87,1013,2.6,190,0
1975,11,25,20,0,0,0,22.4,20.5,89,1013,2.6,170,0
1975,11,25,21,0,0,0,22.1,20.6,91,1012,2.6,150,0
1975,11,25,22,0,0,0,21.7,20.6,93,1012,2.6,130,0
1975,11,25,23,0,0,0,21.3,20,92,1012,2.6,150,0
1975,11,26,0,0,0,0,21,19.5,91,1012,2.6,170,0
1975,11,26,1,0,0,0,20.6,18.9,90,1012,2.6,190,0
1975,11,26,2,0,0,0,20,18.3,90,1011,2.4,190,0
1975,11,26,3,0,0,0,19.5,17.8,90,1011,2.3,200,0
1975,11,26,4,0,0,0,18.9,17.2,90,1011,2.1,200,0
1975,11,26,5,0,0,0,19.6,17.6,88,1012,1.4,190,0
1975,11,26,6,17,11,15,20.4,18,86,1012,0.7,180,0
1975,11,26,7,91,95,73,21.1,18.3,84,1013,0,0,0
1975,11,26,8,218,173,150,23,19.2,79,1013,1,160,0
1975,11,26,9,369,129,296,24.8,19.9,74,1013,2.1,150,0
1975,11,26,10,289,9,284,26.7,20.6,69,1013,3.1,140,0
1975,11,26,11,357,119,268,26.5,21.1,72,1012,4.3,140,0
1975,11,26,12,390,70,337,26.3,21.3,74,1012,5.5,140,0
1975,11,26,13,325,210,176,26.1,21.7,77,1011,6.7,140,0
1975,11,26,14,367,210,241,25.4,21.7,80,1012,6,150,0
1975,11,26,15,246,171,170,24.6,21.7,84,1012,5.3,170,0
1975,11,26,16,109,58,95,23.9,21.7,87,1013,4.6,180,0
1975,11,26,17,17,0,17,23.5,21.4,88,1013,4.3,160,0
1975,11,26,18,0,0,0,23.2,21.3,89,1014,3.9,130,0
1975,11,26,19,0,0,0,22.8,21.1,90,1014,3.6,110,0
1975,11,26,20,0,0,0,22.6,20.9,90,1015,3.6,110,0
1975,11,26,21,0,0,0,22.4,20.7,90,1015,3.6,120,0
1975,11,26,22,0,0,0,22.2,20.6,90,1015,3.6,120,0
1975,11,26,23,0,0,0,22.2,20.5,90,1015,5,130,0
1975,11,27,0,0,0,0,22.2,20.5,90,1014,6.3,130,0
1975,11,27,1,0,0,0,22.2,20.6,90,1014,7.7,140,0
1975,11,27,2,0,0,0,22,20.3,90,1014,5.8,120,0
1975,11,27,3,0,0,0,21.9,20.2,90,1014,4,100,0
1975,11,27,4,0,0,0,21.7,20,90,1015,2.1,80,0
1975,11,27,5,0,0,0,21.7,19.8,89,1015,1.4,90,0
1975,11,27,6,11,4,10,21.7,19.6,88,1016,0.7,100,0
1975,11,27,7,94,95,76,21.7,19.4,87,1017,0,0,0
1975,11,27,8,252,268,147,23.7,20.5,82,1017,1.7,120,0
1975,11,27,9,429,469,168,25.8,21.5,77,1017,3.5,130,0
1975,11,27,10,460,359,216,27.8,22.2,72,1017,5.2,140,0
1975,11,27,11,587,389,297,27.4,22.1,73,1016,5.7,130,0
1975,11,27,12,629,432,303,27.1,21.9,73,1015,6.2,120,0
1975,11,27,13,589,479,253,26.7,21.7,74,1014,6.7,110,0
1975,11,27,14,338,141,254,25.9,21.6,77,1015,5.5,110,0
1975,11,27,15,264,67,234,25.2,21.3,79,1015,4.3,120,0
1975,11,27,16,58,2,57,24.4,21.1,82,1016,3.1,120,0
1975,11,27,17,24,1,23,24.2,21.3,84,1017,2.1,130,0
1975,11,27,18,0,0,0,24.1,21.4,85,1018,1,150,0
1975,11,27,19,0,0,0,23.9,21.7,87,1018,0,0,0
1975,11,27,20,0,0,0,23.7,21.6,88,1018,0.7,170,0
1975,11,27,21,0,0,0,23.5,21.6,89,1019,1.4,190,0
1975,11,27,22,0,0,0,23.3,21.7,90,1019,2.1,200,0
1975,11,27,23,0,0,0,22.9,21.4,91,1018,1.4,210,0
1975,11,28,0,0,0,0,22.6,21.2,92,1018,0.7,220,0
1975,11,28,1,0,0,0,22.2,21.1,93,1018,0,0,0
1975,11,28,2,0,0,0,22,20.8,93,1018,0.7,240,0
1975,11,28,3,0,0,0,21.9,20.7,93,1018,1.4,250,0
1975,11,28,4,0,0,0,21.7,20.6,93,1018,2.1,260,0
1975,11,28,5,0,0,0,21.9,20.6,92,1018,2.3,250,0
1975,11,28,6,9,1,9,22,20.5,91,1019,2.4,250,0
1975,11,28,7,39,4,38,22.2,20.6,90,1019,2.6,240,0
1975,11,28,8,178,7,175,22.8,20.7,88,1019,3.3,180,0
1975,11,28,9,254,5,251,23.3,21,87,1020,3.9,130,0
1975,11,28,10,183,4,180,23.9,21.1,85,1020,4.6,70,0
1975,11,28,11,330,2,328,24.5,21,81,1019,3.9,70,0
1975,11,28,12,324,109,242,25,20.9,78,1018,3.3,70,0
1975,11,28,13,381,112,302,25.6,20.6,74,1017,2.6,70,0
1975,11,28,14,323,102,262,25.2,20.5,75,1017,2.2,60,0
1975,11,28,15,160,10,156,24.8,20.1,75,1017,1.9,50,0
1975,11,28,16,73,3,72,24.4,20,76,1017,1.5,40,0
1975,11,28,17,24,1,23,23.5,19.7,79,1018,2,340,0
1975,11,28,18,0,0,0,22.6,19.2,81,1019,2.6,290,0
1975,11,28,19,0,0,0,21.7,18.9,84,1020,3.1,230,0
1975,11,28,20,0,0,0,21.3,18.7,85,1020,2.8,220,0
1975,11,28,21,0,0,0,21,18.6,86,1020,2.4,220,0
1975,11,28,22,0,0,0,20.6,18.3,87,1020,2.1,210,0
1975,11,28,23,0,0,0,20.6,18.6,88,1019,1.4,210,0
1975,11,29,0,0,0,0,20.6,18.7,89,1019,0.7,220,0
1975,11,29,1,0,0,0,20.6,18.9,90,1019,0,0,0
1975,11,29,2,0,0,0,20.6,18.9,90,1018,0.9,220,0
1975,11,29,3,0,0,0,20.6,18.9,90,1018,1.7,230,0
1975,11,29,4,0,0,0,20.6,18.9,90,1018,2.6,230,0
1975,11,29,5,0,0,0,20.8,19.1,90,1018,2.4,230,0
1975,11,29,6,6,0,6,20.9,19.2,90,1019,2.3,220,0
1975,11,29,7,57,20,53,21.1,19.4,90,1019,2.1,220,0
1975,11,29,8,218,140,164,22,19.4,85,1019,2.8,170,0
1975,11,29,9,265,62,231,23,19.2,79,1019,3.4,130,0
1975,11,29,10,265,97,200,23.9,18.9,74,1019,4.1,80,0
1975,11,29,11,343,59,299,24.5,18.9,71,1018,3.9,80,0
1975,11,29,12,377,109,296,25,18.5,67,1017,3.8,80,0
1975,11,29,13,350,96,283,25.6,18.3,64,1016,3.6,80,0
1975,11,29,14,307,78,260,24.8,18,66,1016,3.4,80,0
1975,11,29,15,177,68,148,24.1,17.6,67,1016,3.3,80,0
1975,11,29,16,99,29,92,23.3,17.2,69,1016,3.1,80,0
1975,11,29,17,24,13,22,22.8,17.5,72,1017,2.6,130,0
1975,11,29,18,0,0,0,22.2,17.8,76,1017,2,170,0
1975,11,29,19,0,0,0,21.7,17.8,79,1018,1.5,220,0
1975,11,29,20,0,0,0,21.3,17.7,80,1018,1.7,220,0
1975,11,29,21,0,0,0,21,17.4,80,1018,1.9,220,0
1975,11,29,22,0,0,0,20.6,17.2,81,1018,2.1,220,0
1975,11,29,23,0,0,0,20.2,16.9,81,1017,2.6,230,0
1975,11,30,0,0,0,0,19.8,16.5,81,1017,3.1,230,0
1975,11,30,1,0,0,0,19.4,16.1,81,1016,3.6,240,0
1975,11,30,2,0,0,0,19.4,15.5,78,1016,3.3,210,0
1975,11,30,3,0,0,0,19.4,15.1,76,1016,2.9,190,0
1975,11,30,4,0,0,0,19.4,14.4,73,1016,2.6,160,0
1975,11,30,5,0,0,0,19.8,15.5,76,1016,1.7,190,0
1975,11,30,6,9,0,9,20.2,16.3,78,1017,0.9,210,0
1975,11,30,7,79,30,74,20.6,17.2,81,1017,0,0,0
1975,11,30,8,204,55,183,21.3,17.7,80,1017,1.5,270,0
1975,11,30,9,357,146,277,22.1,18.5,80,1017,3.1,290,0
1975,11,30,10,442,258,269,22.8,18.9,79,1017,4.6,320,0
1975,11,30,11,365,136,265,23.5,19,76,1017,4.6,350,0
1975,11,30,12,579,389,288,24.3,19.4,74,1016,4.6,20,0
1975,11,30,13,508,239,341,25,19.4,71,1015,4.6,50,0
1975,11,30,14,390,155,298,24.3,19.6,75,1015,3.1,80,0
1975,11,30,15,275,240,170,23.5,19.5,78,1015,1.5,100,0
1975,11,30,16,88,72,71,22.8,19.4,82,1015,0,0,0
1975,11,30,17,30,19,28,22.2,19.6,85,1016,1,150,0
1975,11,30,18,0,0,0,21.6,19.5,87,1016,2.2,186,0
1975,11,30,19,0,0,0,21,19.3,90,1017,3,207,0
1975,11,30,20,0,0,0,21,19.3,90,1017,2.7,216,0
1975,11,30,21,0,0,0,21,19.3,90,1016,2.5,219,0
1975,11,30,22,0,0,0,20.9,19.2,90,1016,2.5,224,0
1975,11,30,23,0,0,0,20.9,19.2,90,1016,2.6,224,0
1975,12,1,0,0,0,0,20.8,19.1,90,1016,2.6,226,0
1975,12,1,1,0,0,0,20.8,19.1,89,1016,2.7,226,0
1975,12,1,2,0,0,0,20.7,19,89,1016,2.4,223,0
1975,12,1,3,0,0,0,20.5,18.8,89,1015,1.7,211,0
1975,12,1,4,0,0,0,20.2,18.5,89,1015,0.7,64,0
1975,12,1,5,0,0,0,20.5,18.8,89,1015,0.8,178,0
1975,12,1,6,16,27,13,20.7,19,90,1015,1,160,0
1975,12,1,7,88,144,62,21.1,19.4,90,1016,1.5,140,0
1975,12,1,8,297,493,110,23,20,83,1016,2.5,130,0
1975,12,1,9,482,685,108,24.8,20.3,76,1016,3.6,110,0
1975,12,1,10,639,890,43,26.7,20.6,69,1016,4.6,100,0
1975,12,1,11,735,915,60,26.9,20.5,68,1015,4.3,100,0
1975,12,1,12,751,942,48,27,20.6,68,1015,3.9,100,0
1975,12,1,13,678,852,84,27.2,20.6,67,1014,3.6,100,0
1975,12,1,14,590,841,93,26.1,20.2,70,1014,3.3,100,0
1975,12,1,15,346,578,93,25,19.8,73,1014,2.9,90,0
1975,12,1,16,160,358,73,23.9,19.4,76,1015,2.6,90,0
1975,12,1,17,37,48,32,23.3,19.5,79,1015,2.4,130,0
1975,12,1,18,0,0,0,22.8,19.4,81,1016,2.3,160,0
1975,12,1,19,0,0,0,22.2,19.4,84,1016,2.1,200,0
1975,12,1,20,0,0,0,21.7,19.3,86,1016,1.4,210,0
1975,12,1,21,0,0,0,21.1,19.1,88,1017,0.7,210,0
1975,12,1,22,0,0,0,20.6,18.9,90,1017,0,0,0
1975,12,1,23,0,0,0,20.2,18.3,89,1016,1.2,220,0
1975,12,2,0,0,0,0,19.8,17.8,88,1016,2.4,230,0
1975,12,2,1,0,0,0,19.4,17.2,87,1016,3.6,230,0
1975,12,2,2,0,0,0,19.2,16.8,86,1016,2.9,230,0
1975,12,2,3,0,0,0,19.1,16.5,85,1015,2.2,230,0
1975,12,2,4,0,0,0,18.9,16.1,84,1015,1.5,230,0
1975,12,2,5,0,0,0,19.5,16.4,82,1016,1.5,210,0
1975,12,2,6,10,21,8,20,16.7,81,1016,1.5,200,0
1975,12,2,7,114,380,47,20.6,16.7,79,1017,1.5,180,0
1975,12,2,8,283,511,90,22.8,17.9,74,1017,2.5,170,0
1975,12,2,9,361,211,246,25,18.7,68,1017,3.6,150,0
1975,12,2,10,632,651,199,27.2,19.4,63,1017,4.6,140,0
1975,12,2,11,505,353,245,26.7,19.8,66,1016,4.8,130,0
1975,12,2,12,386,83,325,26.1,19.7,68,1015,5,130,0
1975,12,2,13,171,1,171,25.6,20,71,1014,5.2,120,0
1975,12,2,14,212,7,208,25.2,20,73,1015,4.8,120,0
1975,12,2,15,136,5,134,24.8,19.9,74,1015,4.5,110,0
1975,12,2,16,81,2,81,24.4,20,76,1015,4.1,110,0
1975,12,2,17,15,0,15,23.9,20.3,80,1016,4.8,140,0
1975,12,2,18,0,0,0,23.3,20.3,83,1016,5.5,180,0
1975,12,2,19,0,0,0,22.8,20.6,87,1017,6.2,210,0
1975,12,2,20,0,0,0,22.6,20.5,88,1017,4.8,200,0
1975,12,2,21,0,0,0,22.4,20.5,89,1017,3.5,200,0
1975,12,2,22,0,0,0,22.2,20.6,90,1017,2.1,190,0
1975,12,2,23,0,0,0,22.2,20.5,90,1017,1.4,200,0
1975,12,3,0,0,0,0,22.2,20.5,90,1016,0.7,200,0
1975,12,3,1,0,0,0,22.2,20.6,90,1015,0,0,0
1975,12,3,2,0,0,0,21.8,20.3,91,1015,1.2,210,0
1975,12,3,3,0,0,0,21.5,20.2,92,1016,2.4,220,0
1975,12,3,4,0,0,0,21.1,20,93,1016,3.6,220,0
1975,12,3,5,0,0,0,20.9,19.6,92,1016,3.1,220,0
1975,12,3,6,12,1,12,20.8,19.3,91,1016,2.6,220,0
1975,12,3,7,46,1,46,20.6,18.9,90,1017,2.1,220,0
1975,12,3,8,157,0,157,21,19.1,89,1017,1.4,230,0
1975,12,3,9,248,2,247,21.3,19.2,88,1017,0.7,240,0
1975,12,3,10,199,2,198,21.7,19.4,87,1018,0,0,0
1975,12,3,11,399,1,398,22.6,20,85,1017,0.5,260,0
1975,12,3,12,309,61,264,23.5,20.7,84,1016,1,270,0
1975,12,3,13,232,1,231,24.4,21.1,82,1015,1.5,280,0
1975,12,3,14,311,81,263,23.9,21,84,1015,1.7,280,0
1975,12,3,15,217,117,166,23.3,20.6,85,1015,1.9,280,0
1975,12,3,16,155,110,128,22.8,20.6,87,1016,2.1,280,0
1975,12,3,17,35,28,32,22.2,19.9,87,1016,1.9,260,0
1975,12,3,18,0,0,0,21.7,19.5,87,1017,1.7,240,0
1975,12,3,19,0,0,0,21.1,18.9,87,1017,1.5,220,0
1975,12,3,20,0,0,0,21.1,18.9,87,1017,1.7,220,0
1975,12,3,21,0,0,0,21.1,18.9,87,1017,1.9,220,0
1975,12,3,22,0,0,0,21.1,18.9,87,1017,2.1,220,0
1975,12,3,23,0,0,0,20.7,18.7,88,1017,2.3,220,0
1975,12,4,0,0,0,0,20.4,18.5,89,1017,2.4,210,0
1975,12,4,1,0,0,0,20,18.3,90,1016,2.6,210,0
1975,12,4,2,0,0,0,19.8,18.1,90,1016,2.6,210,0
1975,12,4,3,0,0,0,19.6,17.9,90,1016,2.6,220,0
1975,12,4,4,0,0,0,19.4,17.8,90,1015,2.6,220,0
1975,12,4,5,0,0,0,19.6,17.8,89,1016,2.9,230,0
1975,12,4,6,13,10,11,19.8,17.8,88,1017,3.3,230,0
1975,12,4,7,41,42,34,20,17.8,87,1017,3.6,240,0
1975,12,4,8,138,5,136,21.7,18.7,83,1017,2.4,250,0
1975,12,4,9,259,45,235,23.3,19.3,78,1017,1.2,250,0
1975,12,4,10,305,131,218,25,20,74,1017,0,0,0
1975,12,4,11,374,101,299,25,20.1,74,1016,0.7,270,0
1975,12,4,12,378,60,334,25,20.1,74,1015,1.4,270,0
1975,12,4,13,405,129,316,25,20,74,1015,2.1,280,0
1975,12,4,14,395,328,202,24.4,20.1,77,1015,1.4,270,0
1975,12,4,15,249,330,105,23.9,20.1,79,1015,0.7,260,0
1975,12,4,16,195,458,83,23.3,20,82,1015,0,0,0
1975,12,4,17,35,61,28,22.8,20,84,1015,0.7,230,0
1975,12,4,18,0,0,0,22.2,19.6,85,1016,1.4,220,0
1975,12,4,19,0,0,0,21.7,19.4,87,1016,2.1,210,0
1975,12,4,20,0,0,0,20.9,18.5,86,1016,2.3,210,0
1975,12,4,21,0,0,0,20.2,17.6,85,1016,2.4,220,0
1975,12,4,22,0,0,0,19.4,16.7,84,1017,2.6,220,0
1975,12,4,23,0,0,0,19.4,16.7,84,1016,2.6,220,0
1975,12,5,0,0,0,0,19.4,16.7,84,1016,2.6,210,0
1975,12,5,1,0,0,0,19.4,16.7,84,1015,2.6,210,0
1975,12,5,2,0,0,0,19,16.4,85,1015,2.9,220,0
1975,12,5,3,0,0,0,18.7,16.3,86,1015,3.3,220,0
1975,12,5,4,0,0,0,18.3,16.1,87,1015,3.6,230,0
1975,12,5,5,0,0,0,18.9,16.7,87,1015,3.1,220,0
1975,12,5,6,10,13,8,19.4,17.2,87,1016,2.6,220,0
1975,12,5,7,73,113,54,20,17.8,87,1016,2.1,210,0
1975,12,5,8,254,340,128,22,18.6,81,1016,2.3,260,0
1975,12,5,9,469,554,172,24.1,19.4,75,1015,2.4,310,0
1975,12,5,10,640,757,141,26.1,20,69,1015,2.6,360,0
1975,12,5,11,649,615,200,25.7,19.4,68,1015,2.9,360,0
1975,12,5,12,617,498,248,25.4,19.1,68,1014,3.3,360,0
1975,12,5,13,556,543,180,25,18.3,67,1013,3.6,0,0
1975,12,5,14,494,602,139,24.4,18.1,68,1013,3.4,10,0
1975,12,5,15,322,426,136,23.9,18.1,70,1013,3.3,20,0
1975,12,5,16,134,169,93,23.3,17.8,71,1013,3.1,30,0
1975,12,5,17,35,12,34,23.1,17.6,71,1014,2.8,30,0
1975,12,5,18,0,0,0,23,17.5,71,1014,2.4,30,0
1975,12,5,19,0,0,0,22.8,17.2,71,1015,2.1,30,0
1975,12,5,20,0,0,0,21.7,17.3,76,1015,1.9,350,0
1975,12,5,21,0,0,0,20.5,17.3,82,1015,1.7,300,0
1975,12,5,22,0,0,0,19.4,17.2,87,1016,1.5,260,0
1975,12,5,23,0,0,0,19.4,16.7,84,1015,1.7,240,0
1975,12,6,0,0,0,0,19.4,16.1,81,1015,1.9,230,0
1975,12,6,1,0,0,0,19.4,15.6,78,1014,2.1,210,0
1975,12,6,2,0,0,0,19,15.1,78,1014,2.1,210,0
1975,12,6,3,0,0,0,18.7,14.8,78,1014,2.1,210,0
1975,12,6,4,0,0,0,18.3,14.4,78,1014,2.1,210,0
1975,12,6,5,0,0,0,18.5,14.6,78,1015,1.9,210,0
1975,12,6,6,10,34,6,18.7,14.8,78,1015,1.7,210,0
1975,12,6,7,88,293,40,18.9,15,78,1016,1.5,210,0
1975,12,6,8,224,300,114,20.7,16.5,77,1016,2,260,0
1975,12,6,9,431,507,160,22.6,18,75,1016,2.6,320,0
1975,12,6,10,407,202,275,24.4,19.4,74,1016,3.1,10,0
1975,12,6,11,490,167,369,24.4,19.9,76,1015,2.8,30,0
1975,12,6,12,410,185,273,24.4,20.1,77,1014,2.4,40,0
1975,12,6,13,350,175,230,24.4,20.6,79,1013,2.1,60,0
1975,12,6,14,265,44,239,23.7,20.3,81,1013,1.4,80,0
1975,12,6,15,224,71,193,22.9,19.7,82,1013,0.7,90,0
1975,12,6,16,95,33,87,22.2,19.4,84,1013,0,0,0
1975,12,6,17,23,7,22,22,19.6,86,1014,0.5,130,0
1975,12,6,18,0,0,0,21.9,19.8,88,1014,1,140,0
1975,12,6,19,0,0,0,21.7,20,90,1015,1.5,160,0
1975,12,6,20,0,0,0,21.5,19.8,90,1015,1.5,180,0
1975,12,6,21,0,0,0,21.3,19.6,90,1015,1.5,210,0
1975,12,6,22,0,0,0,21.1,19.4,90,1015,1.5,230,0
1975,12,6,23,0,0,0,20.7,19,90,1015,1,230,0
1975,12,7,0,0,0,0,20.4,18.7,90,1015,0.5,230,0
1975,12,7,1,0,0,0,20,18.3,90,1014,0,0,0
1975,12,7,2,0,0,0,19.3,17.6,90,1014,0.9,220,0
1975,12,7,3,0,0,0,18.5,16.9,90,1014,1.7,220,0
1975,12,7,4,0,0,0,17.8,16.1,90,1014,2.6,220,0
1975,12,7,5,0,0,0,18.2,15.8,86,1014,2.4,220,0
1975,12,7,6,8,7,7,18.5,15.4,82,1014,2.3,220,0
1975,12,7,7,96,261,53,18.9,15,78,1015,2.1,220,0
1975,12,7,8,199,156,142,21.5,16.3,72,1014,2.9,200,0
1975,12,7,9,308,199,202,24.1,17.4,66,1014,3.8,190,0
1975,12,7,10,521,536,168,26.7,18.3,60,1014,4.6,170,0
1975,12,7,11,615,589,187,26.7,18.3,60,1013,4.4,140,0
1975,12,7,12,761,885,107,26.7,18.3,60,1012,4.3,120,0
1975,12,7,13,657,784,116,26.7,18.3,60,1012,4.1,90,0
1975,12,7,14,522,685,119,25.6,18.6,65,1011,3.9,100,0
1975,12,7,15,390,723,75,24.4,18.4,69,1011,3.8,100,0
1975,12,7,16,185,540,53,23.3,18.3,74,1011,3.6,110,0
1975,12,7,17,34,67,26,23.1,18.7,76,1012,2.9,130,0
1975,12,7,18,0,0,0,23,18.8,77,1012,2.2,160,0
1975,12,7,19,0,0,0,22.8,18.9,79,1013,1.5,180,0
1975,12,7,20,0,0,0,22.4,19,81,1013,1.9,180,0
1975,12,7,21,0,0,0,22.1,18.9,82,1013,2.2,190,0
1975,12,7,22,0,0,0,21.7,18.9,84,1014,2.6,190,0
1975,12,7,23,0,0,0,20.8,18.2,85,1013,2.2,190,0
1975,12,8,0,0,0,0,19.8,17.4,86,1013,1.9,180,0
1975,12,8,1,0,0,0,18.9,16.7,87,1012,1.5,180,0
1975,12,8,2,0,0,0,18.7,16.2,85,1012,1.5,190,0
1975,12,8,3,0,0,0,18.5,15.6,83,1011,1.5,190,0
1975,12,8,4,0,0,0,18.3,15,81,1011,1.5,200,0
1975,12,8,5,0,0,0,18.7,15.2,80,1011,1.7,190,0
1975,12,8,6,12,43,6,19,15.3,79,1011,1.9,180,0
1975,12,8,7,116,534,30,19.4,15.6,78,1011,2.1,170,0
1975,12,8,8,317,696,65,22,16.7,72,1011,3.1,140,0
1975,12,8,9,388,495,125,24.6,17.9,66,1010,4.2,120,0
1975,12,8,10,587,635,172,27.2,18.9,60,1010,5.2,90,0
1975,12,8,11,726,725,201,27,19.1,62,1009,5.2,80,0
1975,12,8,12,603,570,184,26.9,19.8,65,1008,5.2,80,0
1975,12,8,13,497,311,282,26.7,20,67,1007,5.2,70,0
1975,12,8,14,358,249,211,26.1,19.7,68,1007,4.3,90,0
1975,12,8,15,343,468,139,25.6,19.7,70,1007,3.5,100,0
1975,12,8,16,149,289,78,25,19.4,71,1007,2.6,120,0
1975,12,8,17,34,56,27,24.1,19.4,75,1008,2.2,150,0
1975,12,8,18,0,0,0,23.1,19.1,78,1008,1.9,190,0
1975,12,8,19,0,0,0,22.2,18.9,82,1009,1.5,220,0
1975,12,8,20,0,0,0,22,19,83,1009,1.5,210,0
1975,12,8,21,0,0,0,21.9,18.9,83,1009,1.5,200,0
1975,12,8,22,0,0,0,21.7,18.9,84,1009,1.5,190,0
1975,12,8,23,0,0,0,20.8,18.2,85,1009,1.5,200,0
1975,12,9,0,0,0,0,19.8,17.4,86,1008,1.5,210,0
1975,12,9,1,0,0,0,18.9,16.7,87,1008,1.5,220,0
1975,12,9,2,0,0,0,18.9,16.7,87,1008,1.5,220,0
1975,12,9,3,0,0,0,18.9,16.7,87,1008,1.5,220,0
1975,12,9,4,0,0,0,18.9,16.7,87,1007,1.5,220,0
1975,12,9,5,0,0,0,19.3,16.6,84,1008,1.9,220,0
1975,12,9,6,12,50,6,19.6,16.3,81,1009,2.2,210,0
1975,12,9,7,95,317,45,20,16.1,78,1009,2.6,210,0
1975,12,9,8,288,461,122,21.1,17.1,78,1009,2.8,270,0
1975,12,9,9,394,478,141,22.2,18.4,79,1009,2.9,320,0
1975,12,9,10,528,552,168,23.3,19.4,79,1009,3.1,20,0
1975,12,9,11,512,332,272,23.3,19.3,78,1008,3.1,10,0
1975,12,9,12,496,166,375,23.3,19.1,77,1007,3.1,0,0
1975,12,9,13,267,6,263,23.3,18.9,76,1006,3.1,350,0
1975,12,9,14,198,1,197,22.9,18.5,76,1007,3.8,350,0
1975,12,9,15,193,48,172,22.6,18.2,76,1007,4.5,340,0
1975,12,9,16,62,50,50,22.2,17.8,76,1007,5.2,340,0
1975,12,9,17,31,48,26,21.8,17.4,76,1008,3.5,330,0
1975,12,9,18,0,0,0,21.5,17.1,76,1009,1.7,320,0
1975,12,9,19,0,0,0,21.1,16.7,76,1009,0,0,0
1975,12,9,20,0,0,0,20.2,16.7,80,1009,0,0,0
1975,12,9,21,0,0,0,19.2,16.3,83,1009,0,0,0
1975,12,9,22,0,0,0,18.3,16.1,87,1009,0,0,0
1975,12,9,23,0,0,0,18.7,16.5,87,1009,0.3,250,0
1975,12,10,0,0,0,0,19,16.8,87,1008,0.7,240,0
1975,12,10,1,0,0,0,19.4,17.2,87,1008,1,230,0
1975,12,10,2,0,0,0,19.6,17.4,87,1008,1.2,220,0
1975,12,10,3,0,0,0,19.8,17.6,87,1008,1.3,220,0
1975,12,10,4,0,0,0,20,17.8,87,1007,1.5,210,0
1975,12,10,5,0,0,0,20.2,17.6,85,1008,1.5,220,0
1975,12,10,6,7,4,7,20.4,17.4,83,1008,1.5,230,0
1975,12,10,7,62,8,61,20.6,17.2,81,1009,1.5,240,0
1975,12,10,8,143,1,142,21.9,17.9,78,1009,1.7,290,0
1975,12,10,9,255,68,220,23.1,18.2,74,1009,1.9,350,0
1975,12,10,10,308,66,265,24.4,18.9,71,1009,2.1,40,0
1975,12,10,11,427,218,269,24.2,18.6,71,1008,1.9,40,0
1975,12,10,12,283,12,275,24.1,18.5,71,1008,1.7,40,0
1975,12,10,13,139,1,138,23.9,18.3,71,1007,1.5,40,0
1975,12,10,14,222,9,216,23.7,18.4,72,1007,1.5,350,0
1975,12,10,15,227,80,193,23.5,18.4,73,1008,1.5,300,0
1975,12,10,16,114,35,105,23.3,18.3,74,1008,1.5,250,0
1975,12,10,17,27,14,26,22.8,18.4,76,1008,1.7,240,0
1975,12,10,18,0,0,0,22.2,18,77,1009,1.9,230,0
1975,12,10,19,0,0,0,21.7,17.8,79,1010,2.1,220,0
1975,12,10,20,0,0,0,20.9,17.3,80,1010,1.4,220,0
1975,12,10,21,0,0,0,20.2,16.7,80,1010,0.7,220,0
1975,12,10,22,0,0,0,19.4,16.1,81,1010,0,0,0
1975,12,10,23,0,0,0,19,16.3,84,1009,0.5,210,0
1975,12,11,0,0,0,0,18.7,16.5,87,1009,1,210,0
1975,12,11,1,0,0,0,18.3,16.7,90,1009,1.5,210,0
1975,12,11,2,0,0,0,18.1,16.3,89,1009,1.9,210,0
1975,12,11,3,0,0,0,18,16,88,1009,2.2,210,0
1975,12,11,4,0,0,0,17.8,15.6,87,1009,2.6,210,0
1975,12,11,5,0,0,0,18.7,16,84,1010,2.4,210,0
1975,12,11,6,5,6,4,19.7,16.6,82,1010,2.3,200,0
1975,12,11,7,55,27,51,20.6,16.7,79,1011,2.1,200,0
1975,12,11,8,183,80,154,22.4,17.6,74,1011,2.3,180,0
1975,12,11,9,195,56,165,24.3,18.5,70,1011,2.4,160,0
1975,12,11,10,366,100,301,26.1,18.9,65,1012,2.6,140,0
1975,12,11,11,308,101,235,26.5,19.6,66,1011,3.1,140,0
1975,12,11,12,303,41,273,26.8,19.9,66,1010,3.6,140,0
1975,12,11,13,326,48,293,27.2,20.6,67,1010,4.1,140,0
1975,12,11,14,209,75,165,26.5,20.4,69,1010,3.4,160,0
1975,12,11,15,261,87,223,25.7,20.3,72,1010,2.8,170,0
1975,12,11,16,107,62,92,25,20,74,1010,2.1,190,0
1975,12,11,17,34,14,32,23.9,19.8,78,1011,2.1,180,0
1975,12,11,18,0,0,0,22.8,19.8,83,1011,2.1,170,0
1975,12,11,19,0,0,0,21.7,19.4,87,1012,2.1,160,0
1975,12,11,20,0,0,0,21.3,19.1,87,1012,2.3,160,0
1975,12,11,21,0,0,0,21,18.8,87,1012,2.4,160,0
1975,12,11,22,0,0,0,20.6,18.3,87,1013,2.6,160,0
1975,12,11,23,0,0,0,21,18.6,86,1012,2.6,160,0
1975,12,12,0,0,0,0,21.3,18.7,85,1012,2.6,170,0
1975,12,12,1,0,0,0,21.7,18.9,84,1012,2.6,170,0
1975,12,12,2,0,0,0,21.5,18.9,85,1012,2.6,180,0
1975,12,12,3,0,0,0,21.3,18.9,86,1012,2.6,190,0
1975,12,12,4,0,0,0,21.1,18.9,87,1012,2.6,200,0
1975,12,12,5,0,0,0,21.8,18.8,83,1013,2.8,200,0
1975,12,12,6,3,0,3,22.6,19,80,1013,2.9,190,0
1975,12,12,7,46,4,45,23.3,18.9,76,1014,3.1,190,0
1975,12,12,8,125,8,123,24.4,19.5,74,1014,3.6,170,0
1975,12,12,9,178,3,176,25.6,20,71,1014,4.1,140,0
1975,12,12,10,242,9,236,26.7,20.6,69,1014,4.6,120,0
1975,12,12,11,286,1,286,25.6,20.9,75,1013,4.8,160,0
1975,12,12,12,375,2,374,24.4,20.9,81,1013,5,190,0
1975,12,12,13,300,4,298,23.3,21.1,87,1012,5.2,230,0
1975,12,12,14,256,1,255,23.3,20.8,86,1013,4.7,200,0
1975,12,12,15,194,2,193,23.3,20.6,85,1013,4.1,160,0
1975,12,12,16,111,1,111,23.3,20.6,84,1014,3.6,130,0
1975,12,12,17,27,0,27,23.5,20.3,82,1014,4.3,120,0
1975,12,12,18,0,0,0,23.7,20.3,81,1015,5,120,0
1975,12,12,19,0,0,0,23.9,20,79,1015,5.7,110,0
1975,12,12,20,0,0,0,23.7,20.1,80,1015,5,110,0
1975,12,12,21,0,0,0,23.5,20.1,81,1016,4.3,120,0
1975,12,12,22,0,0,0,23.3,20,82,1016,3.6,120,0
1975,12,12,23,0,0,0,22.9,20.1,84,1015,3.3,150,0
1975,12,13,0,0,0,0,22.6,20,85,1015,2.9,190,0
1975,12,13,1,0,0,0,22.2,20,87,1015,2.6,220,0
1975,12,13,2,0,0,0,22.2,19.9,87,1015,2.4,220,0
1975,12,13,3,0,0,0,22.2,19.9,87,1014,2.3,230,0
1975,12,13,4,0,0,0,22.2,20,87,1014,2.1,230,0
1975,12,13,5,0,0,0,22.2,19.9,87,1015,2.3,230,0
1975,12,13,6,8,0,8,22.2,19.9,87,1015,2.4,230,0
1975,12,13,7,42,1,42,22.2,20,87,1016,2.6,230,0
1975,12,13,8,174,0,174,23.1,20.5,85,1016,2.9,200,0
1975,12,13,9,224,62,192,24.1,21.2,84,1016,3.3,180,0
1975,12,13,10,340,69,295,25,21.7,82,1016,3.6,150,0
1975,12,13,11,553,344,306,25.6,21.1,76,1015,4.5,140,0
1975,12,13,12,188,12,179,26.1,20.4,71,1014,5.3,130,0
1975,12,13,13,275,13,266,26.7,19.4,65,1013,6.2,120,0
1975,12,13,14,288,1,287,25.9,19.6,68,1013,5.2,120,0
1975,12,13,15,217,11,213,25.2,19.6,71,1013,4.1,120,0
1975,12,13,16,100,1,99,24.4,19.4,74,1014,3.1,120,0
1975,12,13,17,31,1,31,23.9,19.6,77,1014,2.8,140,0
1975,12,13,18,0,0,0,23.3,19.5,79,1015,2.4,160,0
1975,12,13,19,0,0,0,22.8,19.4,82,1015,2.1,180,0
1975,12,13,20,0,0,0,22.8,19.6,82,1015,2.4,170,0
1975,12,13,21,0,0,0,22.8,19.6,82,1016,2.8,160,0
1975,12,13,22,0,0,0,22.8,19.4,82,1016,3.1,150,0
1975,12,13,23,0,0,0,22.4,19.8,85,1016,3.1,160,0
1975,12,14,0,0,0,0,22.1,19.8,87,1015,3.1,170,0
1975,12,14,1,0,0,0,21.7,20,90,1015,3.1,180,0
1975,12,14,2,0,0,0,21.5,19.8,90,1015,3.1,180,0
1975,12,14,3,0,0,0,21.3,19.6,90,1014,3.1,170,0
1975,12,14,4,0,0,0,21.1,19.4,90,1014,3.1,170,0
1975,12,14,5,0,0,0,21.1,19.4,90,1015,2.8,180,0
1975,12,14,6,3,0,3,21.1,19.4,90,1015,2.4,190,0
1975,12,14,7,32,3,32,21.1,19.4,90,1016,2.1,200,0
1975,12,14,8,148,0,148,22.2,20.3,89,1016,3.3,170,0
1975,12,14,9,268,1,267,23.3,21.2,88,1016,4.5,130,0
1975,12,14,10,345,2,344,24.4,22.2,87,1016,5.7,100,0
1975,12,14,11,382,1,382,24.8,21.5,82,1015,5.5,110,0
1975,12,14,12,571,320,338,25.2,20.7,76,1014,5.4,120,0
1975,12,14,13,349,68,303,25.6,20,71,1013,5.2,130,0
1975,12,14,14,229,100,170,25.2,19.8,72,1013,4.8,130,0
1975,12,14,15,217,23,207,24.8,19.6,73,1014,4.5,140,0
1975,12,14,16,72,7,70,24.4,19.4,74,1014,4.1,140,0
1975,12,14,17,17,2,17,23.7,19.4,77,1015,3.4,160,0
1975,12,14,18,0,0,0,22.9,19.5,81,1015,2.8,180,0
1975,12,14,19,0,0,0,22.2,19.4,84,1016,2.1,200,0
1975,12,14,20,0,0,0,22,19.2,84,1016,2.4,200,0
1975,12,14,21,0,0,0,21.9,19.1,84,1016,2.8,210,0
1975,12,14,22,0,0,0,21.7,18.9,84,1016,3.1,210,0
1975,12,14,23,0,0,0,21.5,18.9,85,1016,2.9,210,0
1975,12,15,0,0,0,0,21.3,18.9,86,1016,2.8,210,0
1975,12,15,1,0,0,0,21.1,18.9,87,1015,2.6,210,0
1975,12,15,2,0,0,0,20.9,19,89,1015,2.8,230,0
1975,12,15,3,0,0,0,20.8,19.3,91,1015,2.9,240,0
1975,12,15,4,0,0,0,20.6,19.4,93,1015,3.1,260,0
1975,12,15,5,0,0,0,20.6,19.1,91,1016,3.1,240,0
1975,12,15,6,1,1,1,20.6,18.7,89,1016,3.1,220,0
1975,12,15,7,59,36,54,20.6,18.3,87,1016,3.1,200,0
1975,12,15,8,179,219,103,22.1,19.3,84,1016,2.1,180,0
1975,12,15,9,312,187,216,23.5,20.3,82,1017,1,160,0
1975,12,15,10,534,548,182,25,21.1,79,1017,0,0,0
1975,12,15,11,606,545,216,25.4,20.9,76,1016,1.2,130,0
1975,12,15,12,630,547,230,25.7,20.3,72,1015,2.4,110,0
1975,12,15,13,630,651,182,26.1,20,69,1015,3.6,90,0
1975,12,15,14,419,353,211,25.2,19.6,71,1015,3.1,80,0
1975,12,15,15,222,47,201,24.2,19.3,74,1015,2.6,80,0
1975,12,15,16,75,3,74,23.3,18.9,76,1015,2.1,70,0
1975,12,15,17,19,15,18,22.9,19.1,79,1016,1.4,90,0
1975,12,15,18,0,0,0,22.6,19.2,81,1016,0.7,110,0
1975,12,15,19,0,0,0,22.2,19.4,84,1017,0,0,0
1975,12,15,20,0,0,0,21.8,19.4,86,1017,0.5,160,0
1975,12,15,21,0,0,0,21.5,19.4,88,1017,1,180,0
1975,12,15,22,0,0,0,21.1,19.4,90,1017,1.5,200,0
1975,12,15,23,0,0,0,21.1,19.4,90,1017,1.7,210,0
1975,12,16,0,0,0,0,21.1,19.4,90,1016,1.9,220,0
1975,12,16,1,0,0,0,21.1,19.4,90,1016,2.1,230,0
1975,12,16,2,0,0,0,20.9,19.2,90,1016,2.3,220,0
1975,12,16,3,0,0,0,20.8,19.1,90,1016,2.4,210,0
1975,12,16,4,0,0,0,20.6,18.9,90,1016,2.6,200,0
1975,12,16,5,0,0,0,21.3,19.2,88,1017,2.4,220,0
1975,12,16,6,5,3,4,22.1,19.7,86,1017,2.3,250,0
1975,12,16,7,54,13,52,22.8,20,84,1018,2.1,270,0
1975,12,16,8,138,51,120,23.7,19.4,77,1018,2.6,320,0
1975,12,16,9,326,178,234,24.7,19.1,71,1018,3.1,0,0
1975,12,16,10,483,405,223,25.6,18.3,64,1018,3.6,50,0
1975,12,16,11,532,449,212,25.8,18.2,63,1018,3.1,50,0
1975,12,16,12,626,610,181,25.9,18.3,63,1017,2.6,50,0
1975,12,16,13,646,781,110,26.1,18.3,62,1016,2.1,50,0
1975,12,16,14,447,463,175,24.6,18.6,69,1016,1.9,20,0
1975,12,16,15,284,360,125,23.2,19,77,1016,1.7,340,0
1975,12,16,16,119,82,98,21.7,18.9,84,1016,1.5,310,0
1975,12,16,17,39,18,37,21.5,18.9,85,1017,1.9,310,0
1975,12,16,18,0,0,0,21.3,18.9,86,1017,2.2,300,0
1975,12,16,19,0,0,0,21.1,18.9,87,1018,2.6,300,0
1975,12,16,20,0,0,0,20.9,18.9,88,1018,2.6,290,0
1975,12,16,21,0,0,0,20.8,18.9,89,1018,2.6,290,0
1975,12,16,22,0,0,0,20.6,18.9,90,1019,2.6,280,0
1975,12,16,23,0,0,0,20.6,18.9,90,1018,2.6,270,0
1975,12,17,0,0,0,0,20.6,18.9,90,1018,2.6,260,0
1975,12,17,1,0,0,0,20.6,18.9,90,1017,2.6,250,0
1975,12,17,2,0,0,0,20.6,18.9,90,1017,2.6,250,0
1975,12,17,3,0,0,0,20.6,18.9,90,1017,2.6,240,0
1975,12,17,4,0,0,0,20.6,18.9,90,1017,2.6,240,0
1975,12,17,5,0,0,0,20.6,18.9,90,1018,2.2,260,0
1975,12,17,6,1,0,1,20.6,18.9,90,1018,1.9,270,0
1975,12,17,7,29,5,28,20.6,18.9,90,1019,1.5,290,0
1975,12,17,8,128,6,127,21.5,19.3,87,1019,1.5,270,0
1975,12,17,9,220,10,215,22.4,19.8,85,1019,1.5,250,0
1975,12,17,10,313,8,308,23.3,20,82,1019,1.5,230,0
1975,12,17,11,321,68,273,23.7,19.7,78,1018,1.7,180,0
1975,12,17,12,458,166,337,24,19.3,75,1017,1.9,140,0
1975,12,17,13,454,245,286,24.4,18.9,71,1016,2.1,90,0
1975,12,17,14,476,469,200,23.9,18.6,72,1016,1.4,120,0
1975,12,17,15,371,610,103,23.3,18.2,73,1016,0.7,140,0
1975,12,17,16,156,305,79,22.8,17.8,74,1016,0,0,0
1975,12,17,17,42,60,35,21.7,17.7,78,1017,0.9,190,0
1975,12,17,18,0,0,0,20.5,17.5,83,1017,1.7,220,0
1975,12,17,19,0,0,0,19.4,17.2,87,1017,2.6,240,0
1975,12,17,20,0,0,0,18.9,16.7,87,1018,2.6,230,0
1975,12,17,21,0,0,0,18.3,16.1,87,1018,2.6,220,0
1975,12,17,22,0,0,0,17.8,15.6,87,1018,2.6,210,0
1975,12,17,23,0,0,0,17.2,14.5,84,1017,2.9,210,0
1975,12,18,0,0,0,0,16.7,13.5,81,1017,3.3,220,0
1975,12,18,1,0,0,0,16.1,12.2,78,1016,3.6,220,0
1975,12,18,2,0,0,0,15.5,10.9,74,1016,3.3,220,0
1975,12,18,3,0,0,0,15,9.8,71,1016,2.9,210,0
1975,12,18,4,0,0,0,14.4,8.3,67,1016,2.6,210,0
1975,12,18,5,0,0,0,15.3,9,66,1017,2.8,210,0
1975,12,18,6,4,14,1,16.3,9.5,64,1017,2.9,220,0
1975,12,18,7,94,462,29,17.2,10,63,1018,3.1,220,0
1975,12,18,8,288,652,66,19.6,12.4,63,1018,3.3,280,0
1975,12,18,9,394,359,210,22,14.9,64,1018,3.4,330,0
1975,12,18,10,422,299,231,24.4,17.2,64,1018,3.6,30,0
1975,12,18,11,547,275,351,24.4,17.4,65,1017,2.4,30,0
1975,12,18,12,557,397,267,24.4,17.4,65,1016,1.2,40,0
1975,12,18,13,423,409,142,24.4,17.8,66,1015,0,0,0
1975,12,18,14,301,170,201,24,18,69,1015,1,40,0
1975,12,18,15,183,4,181,23.7,18.6,73,1016,2.1,50,0
1975,12,18,16,120,36,111,23.3,18.9,76,1016,3.1,50,0
1975,12,18,17,26,7,25,22.8,18.8,78,1016,2.8,110,0
1975,12,18,18,0,0,0,22.2,18.4,79,1017,2.4,160,0
1975,12,18,19,0,0,0,21.7,18.3,81,1017,2.1,220,0
1975,12,18,20,0,0,0,21.1,18.3,84,1017,2.8,220,0
1975,12,18,21,0,0,0,20.6,18.4,87,1017,3.4,220,0
1975,12,18,22,0,0,0,20,18.3,90,1018,4.1,220,0
1975,12,18,23,0,0,0,19.8,17.6,87,1017,4.1,230,0
1975,12,19,0,0,0,0,19.6,16.8,84,1017,4.1,230,0
1975,12,19,1,0,0,0,19.4,16.1,81,1017,4.1,240,0
1975,12,19,2,0,0,0,18.5,15.4,82,1017,3.4,230,0
1975,12,19,3,0,0,0,17.6,14.7,83,1017,2.8,220,0
1975,12,19,4,0,0,0,16.7,13.9,84,1017,2.1,210,0
1975,12,19,5,0,0,0,17.4,14.1,81,1017,2.3,210,0
1975,12,19,6,7,31,2,18.2,14.5,79,1018,2.4,220,0
1975,12,19,7,96,514,25,18.9,14.4,76,1018,2.6,220,0
1975,12,19,8,306,777,42,20.9,15.7,72,1018,2.6,260,0
1975,12,19,9,473,829,50,23,16.8,68,1019,2.6,310,0
1975,12,19,10,615,873,58,25,17.8,64,1019,2.6,350,0
1975,12,19,11,710,903,67,25.4,17.6,62,1018,2.2,10,0
1975,12,19,12,688,820,91,25.7,17.4,60,1017,1.9,20,0
1975,12,19,13,672,783,133,26.1,17.2,58,1017,1.5,40,0
1975,12,19,14,551,811,73,25.4,17.1,60,1017,1.9,50,0
1975,12,19,15,369,701,59,24.6,16.9,62,1017,2.2,70,0
1975,12,19,16,201,630,39,23.9,16.7,64,1017,2.6,80,0
1975,12,19,17,40,157,22,22.4,16.7,70,1018,2.4,130,0
1975,12,19,18,0,0,0,20.9,16.3,75,1018,2.3,180,0
1975,12,19,19,0,0,0,19.4,16.1,81,1019,2.1,230,0
1975,12,19,20,0,0,0,19,15.7,81,1019,2.1,230,0
1975,12,19,21,0,0,0,18.7,15.4,81,1020,2.1,220,0
1975,12,19,22,0,0,0,18.3,15,81,1020,2.1,220,0
1975,12,19,23,0,0,0,17.8,14.1,79,1020,2.4,220,0
1975,12,20,0,0,0,0,17.2,13.2,77,1020,2.8,220,0
1975,12,20,1,0,0,0,16.7,12.2,75,1019,3.1,220,0
1975,12,20,2,0,0,0,17.1,12.5,74,1019,3.1,220,0
1975,12,20,3,0,0,0,17.4,12.8,74,1019,3.1,220,0
1975,12,20,4,0,0,0,17.8,12.8,73,1019,3.1,220,0
1975,12,20,5,0,0,0,18.5,13.6,73,1020,3.1,220,0
1975,12,20,6,1,5,0,19.3,14.4,73,1020,3.1,230,0
1975,12,20,7,77,288,37,20,15,73,1021,3.1,230,0
1975,12,20,8,285,595,84,21.9,16,69,1021,2.6,260,0
1975,12,20,9,440,700,83,23.7,17,66,1021,2,290,0
1975,12,20,10,607,821,84,25.6,17.8,62,1021,1.5,320,0
1975,12,20,11,696,862,82,25.8,17.7,61,1020,1.7,350,0
1975,12,20,12,674,787,101,25.9,17.3,59,1019,1.9,30,0
1975,12,20,13,709,899,91,26.1,17.2,58,1018,2.1,60,0
1975,12,20,14,566,827,78,25.4,17.1,60,1018,2.4,70,0
1975,12,20,15,395,743,65,24.6,16.9,62,1018,2.8,90,0
1975,12,20,16,198,537,60,23.9,16.7,64,1018,3.1,100,0
1975,12,20,17,38,124,24,22.2,16.5,70,1018,2.9,150,0
1975,12,20,18,0,0,0,20.6,16,75,1019,2.8,190,0
1975,12,20,19,0,0,0,18.9,15.6,81,1019,2.6,240,0
1975,12,20,20,0,0,0,18.3,14.6,79,1019,2.8,230,0
1975,12,20,21,0,0,0,17.8,13.7,77,1020,2.9,230,0
1975,12,20,22,0,0,0,17.2,12.8,75,1020,3.1,220,0
1975,12,20,23,0,0,0,17.2,12.6,74,1020,3.1,220,0
1975,12,21,0,0,0,0,17.2,12.6,74,1020,3.1,220,0
1975,12,21,1,0,0,0,17.2,12.2,73,1020,3.1,220,0
1975,12,21,2,0,0,0,17,12.8,76,1019,3.1,220,0
1975,12,21,3,0,0,0,16.9,13.1,78,1019,3.1,220,0
1975,12,21,4,0,0,0,16.7,13.3,81,1019,3.1,220,0
1975,12,21,5,0,0,0,17.6,14.1,80,1019,2.6,220,0
1975,12,21,6,3,8,1,18.5,14.8,79,1020,2,220,0
1975,12,21,7,78,337,32,19.4,15.6,78,1021,1.5,220,0
1975,12,21,8,274,625,63,21.8,16.3,71,1021,2.4,190,0
1975,12,21,9,449,711,89,24.3,17.3,65,1021,3.2,170,0
1975,12,21,10,603,803,92,26.7,17.8,58,1020,4.1,140,0
1975,12,21,11,690,857,80,26.9,17.7,57,1019,5,130,0
1975,12,21,12,762,914,97,27,17.8,57,1018,5.8,130,0
1975,12,21,13,709,896,93,27.2,17.8,56,1017,6.7,120,0
1975,12,21,14,588,855,83,26.5,17.6,58,1017,6.5,120,0
1975,12,21,15,415,779,68,25.7,17.4,60,1017,6.4,110,0
1975,12,21,16,206,613,47,25,17.2,62,1017,6.2,110,0
1975,12,21,17,44,177,23,23.1,16.9,68,1018,5.2,130,0
1975,12,21,18,0,0,0,21.3,16.7,75,1018,4.1,150,0
1975,12,21,19,0,0,0,19.4,16.1,81,1019,3.1,170,0
1975,12,21,20,0,0,0,19,15.5,80,1019,3.1,180,0
1975,12,21,21,0,0,0,18.7,15,79,1019,3.1,200,0
1975,12,21,22,0,0,0,18.3,14.4,78,1019,3.1,210,0
1975,12,21,23,0,0,0,17.9,14.4,80,1019,2.6,210,0
1975,12,22,0,0,0,0,17.6,14.5,82,1019,2,200,0
1975,12,22,1,0,0,0,17.2,14.4,84,1018,1.5,200,0
1975,12,22,2,0,0,0,16.8,13.4,80,1018,2,210,0
1975,12,22,3,0,0,0,16.5,12.3,76,1019,2.6,210,0
1975,12,22,4,0,0,0,16.1,11.1,72,1019,3.1,220,0
1975,12,22,5,0,0,0,17,11.7,71,1019,2.8,230,0
1975,12,22,6,7,30,2,18,12.3,69,1019,2.4,240,0
1975,12,22,7,86,476,22,18.9,12.8,68,1020,2.1,250,0
1975,12,22,8,284,745,34,21.7,14.4,63,1020,2.9,200,0
1975,12,22,9,498,896,44,24.4,15.9,59,1020,3.8,140,0
1975,12,22,10,612,863,65,27.2,17.2,54,1020,4.6,90,0
1975,12,22,11,698,842,100,27.2,17.4,55,1019,5.6,100,0
1975,12,22,12,724,888,76,27.2,17.4,55,1018,6.7,110,0
1975,12,22,13,670,857,81,27.2,17.8,56,1018,7.7,120,0
1975,12,22,14,556,823,69,26.3,17.7,59,1018,7.4,120,0
1975,12,22,15,407,828,38,25.3,17.8,63,1018,7,120,0
1975,12,22,16,221,727,31,24.4,17.8,66,1018,6.7,120,0
1975,12,22,17,47,210,22,23.5,17.5,69,1019,5.3,150,0
1975,12,22,18,0,0,0,22.6,17.5,73,1019,4,170,0
1975,12,22,19,0,0,0,21.7,17.2,76,1019,2.6,200,0
1975,12,22,20,0,0,0,21.1,17.3,79,1019,3.1,200,0
1975,12,22,21,0,0,0,20.6,17.2,81,1019,3.6,200,0
1975,12,22,22,0,0,0,20,17.2,84,1019,4.1,200,0
1975,12,22,23,0,0,0,19.6,16.5,82,1019,3.8,210,0
1975,12,23,0,0,0,0,19.3,15.8,80,1019,3.4,210,0
1975,12,23,1,0,0,0,18.9,15,78,1018,3.1,220,0
1975,12,23,2,0,0,0,18.9,15,78,1018,2.9,210,0
1975,12,23,3,0,0,0,18.9,15,78,1018,2.8,210,0
1975,12,23,4,0,0,0,18.9,15,78,1018,2.6,200,0
1975,12,23,5,0,0,0,19.3,15.2,77,1019,2.6,200,0
1975,12,23,6,7,27,2,19.6,15.5,77,1020,2.6,210,0
1975,12,23,7,95,461,34,20,15.6,76,1020,2.6,210,0
1975,12,23,8,261,531,84,22.2,16.7,71,1020,2.8,190,0
1975,12,23,9,471,738,98,24.5,17.5,65,1020,2.9,170,0
1975,12,23,10,474,425,204,26.7,18.3,60,1020,3.1,150,0
1975,12,23,11,647,755,111,26.9,18.2,59,1020,4.1,140,0
1975,12,23,12,566,518,189,27,17.8,57,1019,5.2,120,0
1975,12,23,13,641,845,59,27.2,17.8,56,1018,6.2,110,0
1975,12,23,14,474,514,170,26.5,17.6,58,1018,6.7,110,0
1975,12,23,15,302,330,154,25.7,17.4,60,1017,7.2,110,0
1975,12,23,16,133,221,75,25,17.2,62,1017,7.7,110,0
1975,12,23,17,39,84,29,23.5,17.3,68,1018,6.3,140,0
1975,12,23,18,0,0,0,22.1,17.5,75,1019,5,180,0
1975,12,23,19,0,0,0,20.6,17.2,81,1019,3.6,210,0
1975,12,23,20,0,0,0,20,16.7,81,1020,3.4,210,0
1975,12,23,21,0,0,0,19.5,16.2,81,1020,3.3,200,0
1975,12,23,22,0,0,0,18.9,15.6,81,1020,3.1,200,0
1975,12,23,23,0,0,0,19.5,16,80,1020,3.4,210,0
1975,12,24,0,0,0,0,20,16.5,80,1020,3.8,230,0
1975,12,24,1,0,0,0,20.6,16.7,79,1019,4.1,240,0
1975,12,24,2,0,0,0,20.6,16.7,78,1019,3.8,240,0
1975,12,24,3,0,0,0,20.6,16.5,77,1019,3.4,230,0
1975,12,24,4,0,0,0,20.6,16.1,76,1019,3.1,230,0
1975,12,24,5,0,0,0,21,16.2,74,1019,3.3,230,0
1975,12,24,6,4,12,2,21.3,16.3,73,1020,3.4,230,0
1975,12,24,7,61,49,55,21.7,16.1,71,1021,3.6,230,0
1975,12,24,8,216,266,128,23.4,16.5,65,1021,4.5,200,0
1975,12,24,9,367,338,196,25,16.7,60,1021,5.3,160,0
1975,12,24,10,423,350,201,26.7,16.7,54,1020,6.2,130,0
1975,12,24,11,536,474,200,26.9,16.8,54,1019,6.9,120,0
1975,12,24,12,687,751,140,27,16.6,53,1018,7.5,100,0
1975,12,24,13,602,758,79,27.2,16.7,53,1017,8.2,90,0
1975,12,24,14,541,742,100,26.3,16.6,55,1017,7.2,100,0
1975,12,24,15,335,407,153,25.3,16.5,58,1018,6.2,110,0
1975,12,24,16,194,427,81,24.4,16.1,60,1018,5.2,120,0
1975,12,24,17,42,52,36,23.3,16.4,65,1019,4.3,150,0
1975,12,24,18,0,0,0,22.2,16.7,71,1020,3.5,170,0
1975,12,24,19,0,0,0,21.1,16.7,76,1020,2.6,200,0
1975,12,24,20,0,0,0,20.5,16.4,77,1020,2.9,210,0
1975,12,24,21,0,0,0,20,15.9,77,1020,3.3,220,0
1975,12,24,22,0,0,0,19.4,15.6,78,1020,3.6,230,0
1975,12,24,23,0,0,0,19,14.7,76,1020,3.3,220,0
1975,12,25,0,0,0,0,18.7,14.2,75,1020,2.9,220,0
1975,12,25,1,0,0,0,18.3,13.3,73,1020,2.6,210,0
1975,12,25,2,0,0,0,18.1,13,72,1020,2.6,210,0
1975,12,25,3,0,0,0,18,12.7,71,1020,2.6,220,0
1975,12,25,4,0,0,0,17.8,12.2,70,1020,2.6,220,0
1975,12,25,5,0,0,0,18.3,13.2,72,1020,2.6,220,0
1975,12,25,6,6,8,3,18.9,14.2,74,1021,2.6,230,0
1975,12,25,7,41,3,41,19.4,15,76,1021,2.6,230,0
1975,12,25,8,253,379,127,21.8,15.7,68,1021,3.3,190,0
1975,12,25,9,436,565,151,24.3,16.1,60,1021,3.9,150,0
1975,12,25,10,537,567,178,26.7,16.1,52,1021,4.6,110,0
1975,12,25,11,625,490,277,26.5,16.5,54,1020,5,110,0
1975,12,25,12,645,579,223,26.3,16.9,56,1019,5.3,100,0
1975,12,25,13,418,243,250,26.1,17.2,58,1018,5.7,100,0
1975,12,25,14,386,411,142,25.2,16.9,60,1018,5.2,120,0
1975,12,25,15,289,148,223,24.2,16.5,62,1018,4.6,130,0
1975,12,25,16,121,110,92,23.3,16.1,64,1018,4.1,150,0
1975,12,25,17,38,73,29,22.4,16.2,68,1018,3.4,170,0
1975,12,25,18,0,0,0,21.5,16.3,72,1018,2.8,190,0
1975,12,25,19,0,0,0,20.6,16.1,76,1019,2.1,210,0
1975,12,25,20,0,0,0,20.4,16.5,78,1019,2.1,210,0
1975,12,25,21,0,0,0,20.2,16.5,79,1019,2.1,210,0
1975,12,25,22,0,0,0,20,16.7,81,1019,2.1,210,0
1975,12,25,23,0,0,0,19.6,16.3,81,1019,2.8,220,0
1975,12,26,0,0,0,0,19.3,16,81,1019,3.4,230,0
1975,12,26,1,0,0,0,18.9,15.6,81,1018,4.1,240,0
1975,12,26,2,0,0,0,18.9,15.6,81,1018,3.6,230,0
1975,12,26,3,0,0,0,18.9,15.6,81,1019,3.1,230,0
1975,12,26,4,0,0,0,18.9,15.6,81,1019,2.6,220,0
1975,12,26,5,0,0,0,19.1,16,82,1019,2.9,230,0
1975,12,26,6,1,2,0,19.2,16.3,83,1020,3.3,240,0
1975,12,26,7,69,82,58,19.4,16.7,84,1020,3.6,250,0
1975,12,26,8,174,169,119,21.6,17,75,1020,3.6,210,0
1975,12,26,9,421,652,93,23.9,16.9,65,1019,3.6,170,0
1975,12,26,10,465,432,192,26.1,16.7,56,1019,3.6,130,0
1975,12,26,11,744,881,118,26.3,16.6,55,1018,4.5,120,0
1975,12,26,12,742,921,70,26.5,16.8,55,1017,5.3,100,0
1975,12,26,13,655,804,100,26.7,16.7,54,1016,6.2,90,0
1975,12,26,14,583,787,113,25.8,16.9,58,1016,6.2,100,0
1975,12,26,15,418,735,86,24.8,17.1,62,1016,6.2,110,0
1975,12,26,16,191,436,75,23.9,17.2,66,1016,6.2,120,0
1975,12,26,17,46,164,27,23,17.3,70,1017,4.8,150,0
1975,12,26,18,0,0,0,22,17.4,75,1017,3.5,190,0
1975,12,26,19,0,0,0,21.1,17.2,79,1018,2.1,220,0
1975,12,26,20,0,0,0,20.7,17.2,80,1018,1.4,220,0
1975,12,26,21,0,0,0,20.4,16.9,80,1018,0.7,220,0
1975,12,26,22,0,0,0,20,16.7,81,1018,0,0,0
1975,12,26,23,0,0,0,20,16.7,81,1018,0.9,210,0
1975,12,27,0,0,0,0,20,16.7,81,1017,1.7,210,0
1975,12,27,1,0,0,0,20,16.7,81,1017,2.6,210,0
1975,12,27,2,0,0,0,19.8,16.7,82,1017,2.6,220,0
1975,12,27,3,0,0,0,19.6,16.7,83,1016,2.6,220,0
1975,12,27,4,0,0,0,19.4,16.7,84,1016,2.6,230,0
1975,12,27,5,0,0,0,19.4,15.9,80,1017,2.8,220,0
1975,12,27,6,3,9,1,19.4,15.3,77,1017,2.9,220,0
1975,12,27,7,82,445,26,19.4,14.4,73,1017,3.1,210,0
1975,12,27,8,264,641,53,21.8,15.4,67,1017,3.8,180,0
1975,12,27,9,391,474,154,24.3,16.6,62,1017,4.5,140,0
1975,12,27,10,587,670,164,26.7,17.2,56,1017,5.2,110,0
1975,12,27,11,578,494,227,26.7,17.5,57,1016,5.5,100,0
1975,12,27,12,598,506,228,26.7,17.5,57,1015,5.9,100,0
1975,12,27,13,451,351,208,26.7,17.8,58,1014,6.2,90,0
1975,12,27,14,447,412,201,25.4,18.1,64,1015,5.2,100,0
1975,12,27,15,320,281,193,24.1,18.3,70,1015,4.1,100,0
1975,12,27,16,138,138,100,22.8,18.3,76,1016,3.1,110,0
1975,12,27,17,37,34,33,22.6,18.4,77,1016,2.8,140,0
1975,12,27,18,0,0,0,22.4,18.4,78,1017,2.4,170,0
1975,12,27,19,0,0,0,22.2,18.3,79,1017,2.1,200,0
1975,12,27,20,0,0,0,21.5,18.5,83,1017,2.3,230,0
1975,12,27,21,0,0,0,20.7,18.3,86,1017,2.4,250,0
1975,12,27,22,0,0,0,20,18.3,90,1017,2.6,280,0
1975,12,27,23,0,0,0,20,18.3,90,1018,2.6,270,0
1975,12,28,0,0,0,0,20,18.3,90,1018,2.6,270,0
1975,12,28,1,0,0,0,20,18.3,90,1018,2.6,260,0
1975,12,28,2,0,0,0,19.8,18.3,91,1018,2.8,270,0
1975,12,28,3,0,0,0,19.6,18.3,92,1017,2.9,280,0
1975,12,28,4,0,0,0,19.4,18.3,93,1017,3.1,290,0
1975,12,28,5,0,0,0,19.8,18.1,90,1018,2.8,270,0
1975,12,28,6,0,1,0,20.2,18,87,1018,2.4,260,0
1975,12,28,7,47,17,44,20.6,17.8,84,1019,2.1,240,0
1975,12,28,8,257,416,121,21.7,18.3,81,1019,1.9,290,0
1975,12,28,9,357,294,210,22.8,18.6,77,1018,1.7,340,0
1975,12,28,10,577,780,84,23.9,18.9,74,1018,1.5,30,0
1975,12,28,11,678,713,172,24.5,18.7,70,1017,2,30,0
1975,12,28,12,661,657,181,25,18.2,66,1017,2.6,40,0
1975,12,28,13,581,588,174,25.6,17.8,62,1016,3.1,40,0
1975,12,28,14,618,811,132,25,17.5,63,1016,2.9,50,0
1975,12,28,15,407,724,77,24.5,17.5,65,1016,2.8,70,0
1975,12,28,16,163,464,37,23.9,17.2,66,1016,2.6,80,0
1975,12,28,17,50,263,21,22.4,17.1,72,1017,2.4,130,0
1975,12,28,18,0,0,0,20.9,16.9,78,1018,2.3,190,0
1975,12,28,19,0,0,0,19.4,16.7,84,1019,2.1,240,0
1975,12,28,20,0,0,0,19,15.9,82,1019,2.3,230,0
1975,12,28,21,0,0,0,18.7,15.2,80,1019,2.4,230,0
1975,12,28,22,0,0,0,18.3,14.4,78,1019,2.6,220,0
1975,12,28,23,0,0,0,17.9,14.4,80,1018,3.1,220,0
1975,12,29,0,0,0,0,17.6,14.5,82,1018,3.6,220,0
1975,12,29,1,0,0,0,17.2,14.4,84,1017,4.1,220,0
1975,12,29,2,0,0,0,17.4,14.7,84,1017,3.2,220,0
1975,12,29,3,0,0,0,17.6,14.9,84,1017,2.4,220,0
1975,12,29,4,0,0,0,17.8,15,84,1017,1.5,220,0
1975,12,29,5,0,0,0,18,14.5,80,1017,1.9,220,0
1975,12,29,6,4,6,2,18.1,14,77,1017,2.2,220,0
1975,12,29,7,82,504,20,18.3,13.3,73,1018,2.6,220,0
1975,12,29,8,222,512,55,19.6,15.3,76,1018,1.7,250,0
1975,12,29,9,319,285,177,20.9,17.1,79,1018,0.9,270,0
1975,12,29,10,210,81,159,22.2,18.9,82,1018,0,0,0
1975,12,29,11,336,93,271,23.3,19.1,77,1017,0.5,330,0
1975,12,29,12,570,285,362,24.5,19.1,72,1015,1,350,0
1975,12,29,13,608,654,154,25.6,18.9,67,1014,1.5,20,0
1975,12,29,14,379,337,177,24.8,18.7,69,1014,1.9,40,0
1975,12,29,15,292,284,163,24.1,18.8,72,1014,2.2,50,0
1975,12,29,16,163,74,143,23.3,18.3,74,1014,2.6,70,0
1975,12,29,17,41,39,37,21.8,17.8,78,1015,1.7,100,0
1975,12,29,18,0,0,0,20.4,17.4,83,1016,0.9,120,0
1975,12,29,19,0,0,0,18.9,16.7,87,1016,0,0,0
1975,12,29,20,0,0,0,18.9,16.7,87,1016,0.9,170,0
1975,12,29,21,0,0,0,18.9,16.7,87,1017,1.7,200,0
1975,12,29,22,0,0,0,18.9,16.7,87,1017,2.6,220,0
1975,12,29,23,0,0,0,18.7,16.2,85,1016,3.1,220,0
1975,12,30,0,0,0,0,18.5,15.6,83,1016,3.6,230,0
1975,12,30,1,0,0,0,18.3,15,81,1015,4.1,230,0
1975,12,30,2,0,0,0,18.1,14.8,81,1015,3.8,230,0
1975,12,30,3,0,0,0,18,14.7,81,1015,3.4,230,0
1975,12,30,4,0,0,0,17.8,14.4,81,1015,3.1,230,0
1975,12,30,5,0,0,0,18,14.3,79,1015,3.3,230,0
1975,12,30,6,1,0,1,18.1,14,77,1016,3.4,220,0
1975,12,30,7,35,5,34,18.3,13.9,75,1016,3.6,220,0
1975,12,30,8,190,196,126,20.9,15.7,72,1016,3.6,190,0
1975,12,30,9,240,71,205,23.5,17.7,70,1016,3.6,170,0
1975,12,30,10,456,386,212,26.1,19.4,67,1016,3.6,140,0
1975,12,30,11,538,443,223,26.1,19.3,66,1015,4.6,130,0
1975,12,30,12,480,239,305,26.1,19.3,66,1014,5.7,120,0
1975,12,30,13,468,228,309,26.1,18.9,65,1013,6.7,110,0
1975,12,30,14,302,90,248,25.2,18.9,68,1013,6,110,0
1975,12,30,15,253,232,146,24.2,18.6,71,1013,5.3,110,0
1975,12,30,16,148,93,122,23.3,18.3,74,1013,4.6,110,0
1975,12,30,17,43,47,38,22.4,18.2,77,1014,3.6,150,0
1975,12,30,18,0,0,0,21.5,18.1,81,1014,2.5,190,0
1975,12,30,19,0,0,0,20.6,17.8,84,1015,1.5,230,0
1975,12,30,20,0,0,0,20.4,17.8,85,1015,1.5,220,0
1975,12,30,21,0,0,0,20.2,17.8,86,1015,1.5,220,0
1975,12,30,22,0,0,0,20,17.8,87,1015,1.5,210,0
1975,12,30,23,0,0,0,19.3,17.3,88,1014,1.9,210,0
1975,12,31,0,0,0,0,18.5,16.7,89,1014,2.2,200,0
1975,12,31,1,0,0,0,17.8,16.1,90,1013,2.6,200,0
1975,12,31,2,0,0,0,17.6,15.6,88,1013,2.6,210,0
1975,12,31,3,0,0,0,17.4,15.1,86,1013,2.6,210,0
1975,12,31,4,0,0,0,17.2,14.4,84,1013,2.6,220,0
1975,12,31,5,0,0,0,17.4,14.3,82,1013,2.4,220,0
1975,12,31,6,3,1,3,17.6,14.1,80,1013,2.3,210,0
1975,12,31,7,52,36,48,17.8,13.9,78,1014,2.1,210,0
1975,12,31,8,187,161,135,19.8,15.3,75,1014,2.3,180,0
1975,12,31,9,249,128,185,21.9,16.7,72,1014,2.4,160,0
1975,12,31,10,232,56,197,23.9,17.8,69,1014,2.6,130,0
1975,12,31,11,489,274,294,24.6,18.1,67,1013,3.5,110,0
1975,12,31,12,654,581,228,25.4,18.1,64,1012,4.3,100,0
1975,12,31,13,509,328,281,26.1,18.3,62,1011,5.2,80,0
1975,12,31,14,290,80,242,25.2,18.4,66,1011,3.5,50,0
1975,12,31,15,300,263,179,24.2,18.4,70,1012,1.7,20,0
1975,12,31,16,129,28,122,23.3,18.3,74,1012,0,0,0
1975,12,31,17,26,13,24,22.4,18.4,78,1012,1,330,0
1975,12,31,18,0,0,0,21.5,18.5,83,1013,2.1,300,0
1975,12,31,19,0,0,0,20.6,18.3,87,1013,3.1,270,0
1975,12,31,20,0,0,0,20.4,18.2,87,1013,2.8,250,0
1975,12,31,21,0,0,0,20.2,18,87,1013,2.4,240,0
1975,12,31,22,0,0,0,20,17.8,87,1014,2.1,220,0
1975,12,31,23,0,0,0,20,17.8,87,1013,1.8,200,0
>>>>>>> 2c85b0ce6a18646fb532eb72a604d646517b67ae
