<<<<<<< HEAD
Source,Location ID,City,State,Country,Latitude,Longitude,Time Zone,Elevation
TMY3,724030,Washington Dc Dulles Int'l Ar [sterling - Isis],VA,USA,38.980000,-77.470000,-5,82
Year,Month,Day,Hour,GHI,DNI,DHI,Tdry,Tdew,RH,Pres,Wspd,Wdir,Albedo
1997,1,1,0,0,0,0,0,-5,66,1017,5.2,20,0
1997,1,1,1,0,0,0,0,-5.6,62,1017,3.6,60,0
1997,1,1,2,0,0,0,-0.6,-5.6,66,1017,3.1,30,0
1997,1,1,3,0,0,0,-0.6,-5.6,66,1017,3.1,40,0
1997,1,1,4,0,0,0,-0.6,-6.1,63,1017,3.1,80,0
1997,1,1,5,0,0,0,-0.6,-6.7,60,1017,2.6,100,0
1997,1,1,6,0,0,0,-1.1,-7.8,57,1018,3.1,120,0
1997,1,1,7,3,0,3,-1.1,-7.2,60,1017,3.1,100,0
1997,1,1,8,32,0,32,-1.1,-7.2,60,1017,3.1,130,0
1997,1,1,9,73,0,73,-0.6,-7.2,57,1017,4.1,160,0
1997,1,1,10,108,0,108,0,-6.1,60,1016,4.1,140,0
1997,1,1,11,129,0,129,0,-5.6,62,1015,4.6,150,0
1997,1,1,12,133,0,133,0,-5.6,62,1013,3.1,170,0
1997,1,1,13,120,0,120,0,-5,66,1012,4.1,180,0
1997,1,1,14,91,0,91,0,-3.9,72,1011,3.6,170,0
1997,1,1,15,51,0,51,0,-3.9,72,1011,4.1,170,0
1997,1,1,16,16,0,16,-0.6,-2.8,83,1010,4.6,170,0
1997,1,1,17,0,0,0,-0.6,-2.8,83,1010,4.1,170,0
1997,1,1,18,0,0,0,0,-2.2,83,1009,4.1,170,0
1997,1,1,19,0,0,0,0,-1.7,87,1008,4.6,180,0
1997,1,1,20,0,0,0,0.6,-1.1,87,1007,3.6,190,0
1997,1,1,21,0,0,0,0.6,-1.1,87,1006,1.5,190,0
1997,1,1,22,0,0,0,0.6,-0.6,91,1006,4.1,190,0
1997,1,1,23,0,0,0,1.1,-0.6,88,1004,3.6,200,0
1997,1,2,0,0,0,0,1.1,-0.6,88,1004,3.1,190,0
1997,1,2,1,0,0,0,1.1,0,92,1003,3.6,190,0
1997,1,2,2,0,0,0,1.7,0,88,1002,2.6,220,0
1997,1,2,3,0,0,0,1.7,0.6,92,1002,1.5,240,0
1997,1,2,4,0,0,0,1.7,1.1,96,1001,2.1,220,0
1997,1,2,5,0,0,0,1.7,1.1,96,1001,3.1,210,0
1997,1,2,6,0,0,0,1.7,1.7,100,1001,3.6,210,0
1997,1,2,7,2,0,2,2.2,1.7,96,1001,2.6,210,0
1997,1,2,8,31,0,31,2.8,2.8,100,1001,3.1,200,0
1997,1,2,9,64,0,64,3.3,3.3,100,1001,3.1,210,0
1997,1,2,10,88,0,88,4.4,3.9,97,1001,4.1,200,0
1997,1,2,11,183,0,183,7,5,87,1000,4.6,200,0
1997,1,2,12,188,0,188,8.3,5.6,83,999,4.1,200,0
1997,1,2,13,172,0,172,8.9,5.6,80,998,1.5,190,0
1997,1,2,14,137,0,137,9.4,6.1,80,998,3.1,240,0
1997,1,2,15,85,0,85,10,6.1,77,998,2.6,190,0
1997,1,2,16,23,0,23,9.4,6.7,83,998,2.1,210,0
1997,1,2,17,0,0,0,10,7.2,83,997,0,0,0
1997,1,2,18,0,0,0,8.9,7.2,89,998,0,0,0
1997,1,2,19,0,0,0,8.9,7.8,93,997,2.1,140,0
1997,1,2,20,0,0,0,7.8,7.8,100,997,0,0,0
1997,1,2,21,0,0,0,7.8,7.8,100,996,0,0,0
1997,1,2,22,0,0,0,9.4,8.3,93,996,2.1,200,0
1997,1,2,23,0,0,0,9.4,8.3,93,995,3.1,210,0
1997,1,3,0,0,0,0,10,8.3,89,994,3.6,200,0
1997,1,3,1,0,0,0,10,8.9,93,994,3.6,210,0
1997,1,3,2,0,0,0,10,8.9,93,994,4.1,210,0
1997,1,3,3,0,0,0,9.4,8.9,97,994,3.1,200,0
1997,1,3,4,0,0,0,9.4,8.3,93,993,4.6,200,0
1997,1,3,5,0,0,0,9.4,8.9,97,993,4.1,210,0
1997,1,3,6,0,0,0,9.4,8.3,93,994,2.6,200,0
1997,1,3,7,3,0,3,9.4,8.9,97,995,2.6,200,0
1997,1,3,8,35,0,35,10.6,8.9,89,995,3.6,200,0
1997,1,3,9,78,0,78,11.1,9.4,89,995,4.1,200,0
1997,1,3,10,113,0,113,11.7,9.4,86,995,3.6,210,0
1997,1,3,11,134,0,134,12.8,10,83,995,4.1,210,0
1997,1,3,12,139,0,139,13.9,10.6,80,994,4.1,200,0
1997,1,3,13,126,0,126,13.9,10.6,80,994,3.6,210,0
1997,1,3,14,97,0,97,14.4,11.1,81,994,0,0,0
1997,1,3,15,56,0,56,15.6,11.1,75,995,0,0,0
1997,1,3,16,15,0,15,16.7,10.6,67,995,2.1,290,0
1997,1,3,17,0,0,0,16.1,11.1,72,997,2.6,270,0
1997,1,3,18,0,0,0,15,11.1,77,997,2.1,230,0
1997,1,3,19,0,0,0,13.9,11.1,83,997,0,0,0
1997,1,3,20,0,0,0,13.9,11.1,83,998,2.1,210,0
1997,1,3,21,0,0,0,14.4,11.1,81,998,0,0,0
1997,1,3,22,0,0,0,13.9,11.1,83,999,2.1,200,0
1997,1,3,23,0,0,0,14.4,11.1,81,999,1.5,200,0
1997,1,4,0,0,0,0,13.3,11.1,87,998,0,0,0
1997,1,4,1,0,0,0,10.6,10,96,999,0,0,0
1997,1,4,2,0,0,0,11.1,10,93,1000,0,0,0
1997,1,4,3,0,0,0,11.1,10.6,97,1000,0,0,0
1997,1,4,4,0,0,0,12.2,10.6,90,1000,0,0,0
1997,1,4,5,0,0,0,11.1,10.6,97,1001,0,0,0
1997,1,4,6,0,0,0,11.7,10.6,93,1001,0,0,0
1997,1,4,7,3,0,3,11.7,10.6,93,1001,0,0,0
1997,1,4,8,46,3,45,12.8,11.1,89,1001,0,0,0
1997,1,4,9,132,56,115,16.1,11.1,72,1002,1.5,200,0
1997,1,4,10,176,189,100,19.4,11.1,59,1001,4.1,200,0
1997,1,4,11,352,122,295,20.6,11.1,54,1000,3.6,210,0
1997,1,4,12,344,260,221,21.1,11.7,55,999,3.6,200,0
1997,1,4,13,347,582,93,22.2,11.7,51,998,4.1,180,0
1997,1,4,14,318,733,59,22.8,11.7,50,998,4.6,150,0
1997,1,4,15,166,511,48,21.7,11.1,51,998,4.1,150,0
1997,1,4,16,43,152,30,19.4,10.6,57,998,3.1,150,0
1997,1,4,17,0,0,0,17.8,10.6,63,998,3.6,150,0
1997,1,4,18,0,0,0,16.7,10.6,67,998,3.6,150,0
1997,1,4,19,0,0,0,16.1,11.1,72,998,2.6,150,0
1997,1,4,20,0,0,0,13.9,10.6,80,998,0,0,0
1997,1,4,21,0,0,0,14.4,10.6,78,997,2.6,130,0
1997,1,4,22,0,0,0,13.9,11.1,83,996,3.1,130,0
1997,1,4,23,0,0,0,12.2,10.6,90,995,2.6,110,0
1997,1,5,0,0,0,0,11.7,10.6,93,995,0,0,0
1997,1,5,1,0,0,0,10,10,100,994,2.1,90,0
1997,1,5,2,0,0,0,9.4,9.4,100,994,1.5,110,0
1997,1,5,3,0,0,0,12.2,11.7,97,993,3.1,150,0
1997,1,5,4,0,0,0,13.3,11.7,90,992,2.6,170,0
1997,1,5,5,0,0,0,13.9,12.2,89,991,2.6,180,0
1997,1,5,6,0,0,0,14.4,13.3,93,990,4.6,200,0
1997,1,5,7,3,0,3,15.6,13.9,90,990,5.2,200,0
1997,1,5,8,35,0,35,15.6,15,96,990,4.1,230,0
1997,1,5,9,79,0,79,16.1,15,93,990,4.1,210,0
1997,1,5,10,157,64,131,16.1,15,93,988,5.7,170,0
1997,1,5,11,123,63,94,17.8,13.9,78,988,7.2,220,0
1997,1,5,12,273,195,181,18.9,13.9,73,987,6.7,220,0
1997,1,5,13,320,404,143,20,12.2,61,986,7.2,220,0
1997,1,5,14,182,52,163,19.4,10.6,57,986,6.2,230,0
1997,1,5,15,114,305,42,19.4,8.9,51,987,5.2,250,0
1997,1,5,16,42,122,32,18.3,7.8,50,987,5.2,220,0
1997,1,5,17,0,0,0,14.4,7.8,65,988,3.1,210,0
1997,1,5,18,0,0,0,13.9,8.3,69,988,2.6,220,0
1997,1,5,19,0,0,0,12.8,6.7,66,989,1.5,200,0
1997,1,5,20,0,0,0,13.9,3.3,49,990,2.1,290,0
1997,1,5,21,0,0,0,13.9,0.6,40,991,4.6,290,0
1997,1,5,22,0,0,0,12.8,0.6,43,991,5.2,290,0
1997,1,5,23,0,0,0,11.1,0.6,48,992,2.1,310,0
1997,1,6,0,0,0,0,11.1,0,46,992,5.7,290,0
1997,1,6,1,0,0,0,8.9,-0.6,51,993,2.6,260,0
1997,1,6,2,0,0,0,9.4,-1.1,47,994,5.2,280,0
1997,1,6,3,0,0,0,8.9,-1.7,47,994,4.6,270,0
1997,1,6,4,0,0,0,7.2,-2.2,50,994,3.1,290,0
1997,1,6,5,0,0,0,7.2,-2.2,50,995,3.1,270,0
1997,1,6,6,0,0,0,3.3,-2.2,66,996,1.5,280,0
1997,1,6,7,9,86,6,7.8,-5,38,997,5.2,270,0
1997,1,6,8,100,230,63,8.9,-5.6,33,998,5.7,260,0
1997,1,6,9,212,277,129,9.4,-6.1,31,998,3.6,260,0
1997,1,6,10,250,302,128,11.1,-7.2,25,999,8.2,250,0
1997,1,6,11,334,460,121,11.7,-6.1,27,998,8.2,280,0
1997,1,6,12,494,889,71,12.8,-5,27,997,6.7,270,0
1997,1,6,13,337,550,94,13.3,-5,26,997,7.7,290,0
1997,1,6,14,331,702,79,13.3,-6.1,24,997,7.7,290,0
1997,1,6,15,206,689,43,12.8,-6.7,23,998,8.2,290,0
1997,1,6,16,55,225,37,11.1,-6.7,26,999,3.6,300,0
1997,1,6,17,0,7,0,8.3,-4.4,39,1000,4.1,320,0
1997,1,6,18,0,0,0,7.2,-4.4,42,1000,3.6,330,0
1997,1,6,19,0,0,0,6.7,-5.6,39,1001,0,0,0
1997,1,6,20,0,0,0,4.4,-5,48,1002,0,0,0
1997,1,6,21,0,0,0,5,-5.6,44,1002,2.6,320,0
1997,1,6,22,0,0,0,2.8,-5.6,51,1003,0,0,0
1997,1,6,23,0,0,0,3.3,-5,52,1002,2.6,340,0
1997,1,7,0,0,0,0,2.2,-4.4,59,1002,2.6,330,0
1997,1,7,1,0,0,0,2.8,-4.4,57,1003,3.6,320,0
1997,1,7,2,0,0,0,3.3,-4.4,55,1003,4.1,340,0
1997,1,7,3,0,0,0,2.8,-5.6,51,1003,5.2,320,0
1997,1,7,4,0,0,0,2.2,-6.1,51,1003,2.1,330,0
1997,1,7,5,0,0,0,1.7,-6.1,53,1004,5.2,330,0
1997,1,7,6,0,0,0,1.7,-7.8,46,1005,2.1,330,0
1997,1,7,7,4,11,4,0.6,-8.3,47,1006,4.6,320,0
1997,1,7,8,51,34,46,0.6,-9.4,43,1007,6.7,320,0
1997,1,7,9,261,611,78,1.1,-10,39,1007,6.2,320,0
1997,1,7,10,312,400,151,2.2,-11.7,31,1007,7.7,290,0
1997,1,7,11,326,461,111,3.3,-11.1,30,1006,7.2,300,0
1997,1,7,12,342,457,124,4.4,-10.6,29,1006,7.2,310,0
1997,1,7,13,413,739,86,4.4,-11.7,27,1005,9.3,290,0
1997,1,7,14,315,671,73,4.4,-13.3,23,1005,7.7,310,0
1997,1,7,15,193,603,49,3.3,-14.4,23,1006,5.2,310,0
1997,1,7,16,49,294,24,2.2,-15.6,22,1006,4.6,300,0
1997,1,7,17,0,11,0,1.7,-15,24,1007,4.1,290,0
1997,1,7,18,0,0,0,0.6,-14.4,27,1008,5.2,300,0
1997,1,7,19,0,0,0,0.6,-13.9,29,1008,6.2,300,0
1997,1,7,20,0,0,0,-0.6,-13.9,31,1009,5.7,320,0
1997,1,7,21,0,0,0,-0.6,-13.9,31,1010,5.2,310,0
1997,1,7,22,0,0,0,-1.1,-13.9,33,1010,6.2,330,0
1997,1,7,23,0,0,0,-2.2,-12.2,42,1010,4.6,340,0
1997,1,8,0,0,0,0,-2.2,-12.8,40,1010,3.6,330,0
1997,1,8,1,0,0,0,-3.3,-13.3,42,1011,8.8,320,0
1997,1,8,2,0,0,0,-3.9,-13.9,41,1011,6.7,330,0
1997,1,8,3,0,0,0,-4.4,-13.9,43,1011,5.2,320,0
1997,1,8,4,0,0,0,-5,-13.9,46,1012,3.6,300,0
1997,1,8,5,0,0,0,-5,-13.3,48,1012,6.2,300,0
1997,1,8,6,0,0,0,-5,-12.8,50,1013,2.1,300,0
1997,1,8,7,11,183,3,-5,-12.8,50,1013,5.7,300,0
1997,1,8,8,84,282,39,-3.9,-12.8,46,1013,5.2,310,0
1997,1,8,9,253,537,92,-2.2,-12.2,42,1013,6.2,310,0
1997,1,8,10,378,790,58,-1.7,-12.2,40,1013,4.6,300,0
1997,1,8,11,430,794,60,0,-11.7,37,1013,4.6,310,0
1997,1,8,12,475,724,127,1.1,-11.7,34,1012,5.2,300,0
1997,1,8,13,446,799,90,2.2,-11.7,31,1011,5.2,310,0
1997,1,8,14,142,0,142,2.8,-11.1,32,1011,3.1,320,0
1997,1,8,15,90,0,90,2.8,-11.7,30,1011,3.6,300,0
1997,1,8,16,28,0,28,1.1,-11.7,34,1011,3.1,320,0
1997,1,8,17,0,0,0,-0.6,-11.1,41,1011,0,0,0
1997,1,8,18,0,0,0,0,-11.1,39,1012,2.6,310,0
1997,1,8,19,0,0,0,0,-11.1,39,1011,2.6,330,0
1997,1,8,20,0,0,0,0.6,-11.1,37,1011,1.5,340,0
1997,1,8,21,0,0,0,-0.6,-10,45,1011,2.6,360,0
1997,1,8,22,0,0,0,0,-11.1,39,1011,2.6,360,0
1997,1,8,23,0,0,0,-0.6,-9.4,47,1010,2.1,330,0
1997,1,9,0,0,0,0,-1.1,-9.4,49,1010,1.5,80,0
1997,1,9,1,0,0,0,-0.6,-8.3,52,1009,2.1,40,0
1997,1,9,2,0,0,0,-0.6,-9.4,47,1008,2.1,40,0
1997,1,9,3,0,0,0,0,-9.4,45,1007,0,0,0
1997,1,9,4,0,0,0,-0.6,-7.2,57,1007,1.5,220,0
1997,1,9,5,0,0,0,-0.6,-7.8,54,1007,0,0,0
1997,1,9,6,0,0,0,-2.8,-3.9,91,1006,2.1,90,0
1997,1,9,7,2,0,2,-2.8,-3.9,91,1005,2.6,110,0
1997,1,9,8,34,0,34,-2.2,-3.3,91,1004,0,0,0
1997,1,9,9,87,0,87,-2.2,-3.9,87,1003,0,0,0
1997,1,9,10,103,0,103,-2,-3,92,1001,1.5,80,0
1997,1,9,11,121,0,121,-1.7,-2.8,91,999,2.1,40,0
1997,1,9,12,105,0,105,-1.7,-2.8,91,998,0,0,0
1997,1,9,13,115,0,115,-1.1,-2.2,91,996,0,0,0
1997,1,9,14,92,0,92,-0.6,-2.2,88,995,1.5,90,0
1997,1,9,15,57,0,57,-0.6,-1.7,91,994,3.1,140,0
1997,1,9,16,17,0,17,-1.1,-1.7,95,988,5.7,110,0
1997,1,9,17,0,0,0,-1.1,-1.7,95,988,2.6,150,0
1997,1,9,18,0,0,0,-0.6,-1.7,91,990,4.6,300,0
1997,1,9,19,0,0,0,-0.6,-1.1,96,988,1.5,340,0
1997,1,9,20,0,0,0,-0.6,-1.1,96,986,0,0,0
1997,1,9,21,0,0,0,-0.6,-1.1,96,985,1.5,130,0
1997,1,9,22,0,0,0,-1,-1,100,985,1.5,140,0
1997,1,9,23,0,0,0,-1,-1,100,984,2.6,180,0
1997,1,10,0,0,0,0,-0.6,-0.6,100,983,2.6,190,0
1997,1,10,1,0,0,0,-0.6,-0.6,100,984,2.1,250,0
1997,1,10,2,0,0,0,0,0,100,984,3.6,210,0
1997,1,10,3,0,0,0,0,0,100,984,3.6,210,0
1997,1,10,4,0,0,0,0,0,100,984,3.1,210,0
1997,1,10,5,0,0,0,0,0,100,984,5.2,210,0
1997,1,10,6,0,0,0,0,-0.6,95,984,3.6,210,0
1997,1,10,7,3,0,3,0,-0.6,95,985,2.1,230,0
1997,1,10,8,86,23,82,0,-1,92,987,3.1,230,0
1997,1,10,9,163,222,96,1.1,-2.2,77,987,3.6,250,0
1997,1,10,10,346,572,113,2.8,-6.1,49,988,5.7,230,0
1997,1,10,11,366,532,116,2.8,-7.2,44,987,6.2,240,0
1997,1,10,12,457,629,152,3.3,-8.3,39,987,5.7,230,0
1997,1,10,13,124,0,124,2.8,-6.1,49,987,5.2,230,0
1997,1,10,14,276,437,114,3.9,-10,32,987,7.7,260,0
1997,1,10,15,181,442,71,4.4,-9.4,33,988,5.2,250,0
1997,1,10,16,50,185,33,2.8,-5.6,51,989,4.1,210,0
1997,1,10,17,0,1,0,1.1,-5.6,58,989,2.1,200,0
1997,1,10,18,0,0,0,0.6,-4.4,66,990,2.6,220,0
1997,1,10,19,0,0,0,-1.1,-4.4,76,990,0,0,0
1997,1,10,20,0,0,0,-1.7,-4.4,80,989,1.5,160,0
1997,1,10,21,0,0,0,-1.1,-3.9,79,989,0,0,0
1997,1,10,22,0,0,0,0,-2.2,83,989,2.1,270,0
1997,1,10,23,0,0,0,-2.2,-2.8,95,989,5.2,360,0
1997,1,11,0,0,0,0,-2.8,-3.9,91,990,6.7,350,0
1997,1,11,1,0,0,0,-3.3,-5.6,82,990,5.7,340,0
1997,1,11,2,0,0,0,-3.3,-6.1,79,990,2.1,350,0
1997,1,11,3,0,0,0,-3.3,-7.2,72,991,4.6,330,0
1997,1,11,4,0,0,0,-5,-11.7,56,993,5.7,290,0
1997,1,11,5,0,0,0,-5.6,-14.4,46,995,5.2,310,0
1997,1,11,6,0,0,0,-6.1,-15,45,996,9.3,290,0
1997,1,11,7,9,107,4,-7.2,-15.6,47,997,1.5,240,0
1997,1,11,8,120,547,31,-6.1,-15,45,999,5.7,270,0
1997,1,11,9,276,760,46,-5,-14.4,43,1000,4.6,270,0
1997,1,11,10,406,852,57,-3.9,-14.4,40,1001,6.2,270,0
1997,1,11,11,485,892,63,-2.8,-13.9,38,1001,4.6,280,0
1997,1,11,12,374,500,130,-2.2,-13.9,36,1001,5.2,290,0
1997,1,11,13,422,697,106,-1.7,-13.3,36,1001,7.2,300,0
1997,1,11,14,336,668,87,-1.7,-13.3,36,1001,5.2,310,0
1997,1,11,15,193,496,69,-1.7,-13.3,36,1003,5.7,310,0
1997,1,11,16,49,248,25,-3.3,-13.3,42,1003,3.6,310,0
1997,1,11,17,0,12,0,-4.4,-13.9,43,1004,1.5,230,0
1997,1,11,18,0,0,0,-4.4,-13.9,43,1005,3.6,290,0
1997,1,11,19,0,0,0,-5.6,-14.4,46,1005,2.1,250,0
1997,1,11,20,0,0,0,-7.2,-13.3,58,1006,1.5,250,0
1997,1,11,21,0,0,0,-9.4,-13.9,67,1007,2.6,320,0
1997,1,11,22,0,0,0,-11.1,-14.4,74,1007,0,0,0
1997,1,11,23,0,0,0,-12.2,-14.4,82,1008,0,0,0
1997,1,12,0,0,0,0,-10,-14.4,67,1008,0,0,0
1997,1,12,1,0,0,0,-13.3,-15,86,1009,0,0,0
1997,1,12,2,0,0,0,-13.9,-15.6,86,1010,0,0,0
1997,1,12,3,0,0,0,-14.4,-16.1,85,1010,0,0,0
1997,1,12,4,0,0,0,-15.6,-17.2,86,1011,2.1,310,0
1997,1,12,5,0,0,0,-15,-16.7,85,1011,1.5,290,0
1997,1,12,6,0,0,0,-11.1,-14.4,74,1012,0,0,0
1997,1,12,7,5,0,5,-10.6,-14.4,71,1012,0,0,0
1997,1,12,8,62,29,57,-8.9,-13.3,67,1013,0,0,0
1997,1,12,9,147,172,95,-7.2,-15,50,1013,0,0,0
1997,1,12,10,402,807,70,-5.6,-15,43,1013,3.6,320,0
1997,1,12,11,482,851,78,-4.4,-15,39,1013,3.6,290,0
1997,1,12,12,501,861,80,-3.9,-15,37,1012,3.6,300,0
1997,1,12,13,458,838,76,-2.8,-15,34,1012,3.1,340,0
1997,1,12,14,356,775,66,-2.8,-15,34,1012,4.6,330,0
1997,1,12,15,212,637,50,-3.3,-15,36,1013,4.1,360,0
1997,1,12,16,60,314,28,-3.9,-15.6,35,1013,4.1,320,0
1997,1,12,17,0,9,0,-5,-16.1,37,1014,3.1,310,0
1997,1,12,18,0,0,0,-6.1,-16.7,39,1015,1.5,300,0
1997,1,12,19,0,0,0,-6.7,-16.7,41,1016,4.6,320,0
1997,1,12,20,0,0,0,-6.7,-16.1,43,1017,6.2,310,0
1997,1,12,21,0,0,0,-7.2,-16.7,42,1017,6.2,320,0
1997,1,12,22,0,0,0,-7.2,-16.1,45,1017,7.7,330,0
1997,1,12,23,0,0,0,-7.2,-16.1,45,1017,8.2,320,0
1997,1,13,0,0,0,0,-7.8,-16.7,45,1017,3.6,320,0
1997,1,13,1,0,0,0,-7.2,-17.2,41,1017,2.6,330,0
1997,1,13,2,0,0,0,-7.8,-16.7,45,1018,3.1,360,0
1997,1,13,3,0,0,0,-7.8,-17.2,43,1018,3.6,320,0
1997,1,13,4,0,0,0,-7.8,-17.2,43,1018,3.1,340,0
1997,1,13,5,0,0,0,-8.3,-17.2,45,1018,3.6,350,0
1997,1,13,6,0,0,0,-8.9,-16.7,49,1018,2.1,340,0
1997,1,13,7,6,13,5,-8.9,-16.7,49,1019,3.1,330,0
1997,1,13,8,99,262,56,-7.2,-16.1,45,1019,2.6,320,0
1997,1,13,9,259,616,70,-6.7,-16.1,43,1019,5.7,310,0
1997,1,13,10,389,729,88,-5.6,-15.6,41,1020,5.7,320,0
1997,1,13,11,469,779,98,-5,-15,41,1019,5.7,330,0
1997,1,13,12,489,790,100,-3.9,-15,37,1018,6.7,320,0
1997,1,13,13,446,766,95,-3.3,-14.4,38,1018,6.7,340,0
1997,1,13,14,346,696,82,-3.3,-13.9,39,1018,6.7,330,0
1997,1,13,15,203,547,62,-3.3,-15,36,1018,5.2,310,0
1997,1,13,16,56,225,33,-3.9,-14.4,40,1018,3.6,300,0
1997,1,13,17,0,3,0,-4.4,-14.4,41,1018,3.1,300,0
1997,1,13,18,0,0,0,-5,-14.4,43,1019,2.1,290,0
1997,1,13,19,0,0,0,-5.6,-14.4,46,1019,2.6,340,0
1997,1,13,20,0,0,0,-6.7,-13.9,53,1019,2.6,360,0
1997,1,13,21,0,0,0,-7.8,-14.4,55,1020,2.1,30,0
1997,1,13,22,0,0,0,-8.9,-14.4,61,1019,1.5,70,0
1997,1,13,23,0,0,0,-8.3,-14.4,58,1019,3.1,360,0
1997,1,14,0,0,0,0,-8.9,-14.4,61,1019,2.1,10,0
1997,1,14,1,0,0,0,-10,-14.4,67,1019,0,0,0
1997,1,14,2,0,0,0,-9.4,-14.4,64,1019,2.1,10,0
1997,1,14,3,0,0,0,-9.4,-14.4,64,1018,2.1,50,0
1997,1,14,4,0,0,0,-11.7,-14.4,78,1018,1.5,20,0
1997,1,14,5,0,0,0,-6.7,-12.2,61,1018,3.1,10,0
1997,1,14,6,0,0,0,-9.4,-13.3,70,1018,0,0,0
1997,1,14,7,8,40,6,-8.3,-12.8,67,1019,0,0,0
1997,1,14,8,97,263,54,-6.1,-11.7,61,1019,0,0,0
1997,1,14,9,241,397,118,-3.9,-11.1,53,1020,2.6,350,0
1997,1,14,10,236,199,153,-2.8,-10,54,1020,6.7,340,0
1997,1,14,11,484,842,81,-1.7,-10,49,1019,5.2,330,0
1997,1,14,12,504,852,83,-1.1,-10,47,1018,4.1,320,0
1997,1,14,13,462,830,78,0,-10,43,1017,5.2,350,0
1997,1,14,14,361,768,68,0.6,-10.6,39,1017,3.6,350,0
1997,1,14,15,217,633,52,1.1,-10,39,1017,5.7,310,0
1997,1,14,16,64,320,30,0.6,-10.6,39,1018,2.1,310,0
1997,1,14,17,0,11,0,-0.6,-11.1,41,1018,2.1,310,0
1997,1,14,18,0,0,0,-2.8,-11.1,49,1018,2.6,310,0
1997,1,14,19,0,0,0,-3.9,-10.6,56,1019,1.5,260,0
1997,1,14,20,0,0,0,-3.3,-11.7,48,1019,2.1,150,0
1997,1,14,21,0,0,0,-6.1,-11.1,64,1019,0,0,0
1997,1,14,22,0,0,0,-8.3,-11.7,74,1019,1.5,80,0
1997,1,14,23,0,0,0,-8.9,-11.7,78,1018,0,0,0
1997,1,15,0,0,0,0,-10,-12.8,78,1018,0,0,0
1997,1,15,1,0,0,0,-10.6,-12.2,87,1018,0,0,0
1997,1,15,2,0,0,0,-11.7,-13.3,87,1018,0,0,0
1997,1,15,3,0,0,0,-12.2,-13.9,86,1017,0,0,0
1997,1,15,4,0,0,0,-13.3,-14.4,90,1017,1.5,210,0
1997,1,15,5,0,0,0,-13.3,-15,86,1017,0,0,0
1997,1,15,6,0,0,0,-13.3,-15,86,1017,0,0,0
1997,1,15,7,9,28,8,-13.3,-15,86,1017,0,0,0
1997,1,15,8,100,251,58,-8.9,-11.7,78,1017,0,0,0
1997,1,15,9,192,94,163,-4.4,-10,61,1017,2.6,190,0
1997,1,15,10,304,54,281,-1.1,-10,47,1016,5.2,200,0
1997,1,15,11,290,186,200,1.1,-10.6,37,1014,3.6,190,0
1997,1,15,12,455,646,133,2.8,-9.4,37,1012,5.2,190,0
1997,1,15,13,430,628,138,3.9,-8.3,37,1011,6.2,190,0
1997,1,15,14,137,48,119,4.4,-7.8,38,1010,6.2,200,0
1997,1,15,15,169,106,141,5.6,-7.2,37,1008,4.6,180,0
1997,1,15,16,41,32,37,4.4,-7.8,38,1007,2.6,170,0
1997,1,15,17,0,0,0,3.3,-7.2,43,1007,4.1,170,0
1997,1,15,18,0,0,0,3.3,-7.2,43,1006,4.6,170,0
1997,1,15,19,0,0,0,2.8,-7.2,44,1005,4.1,150,0
1997,1,15,20,0,0,0,3.3,-7.8,41,1004,5.7,170,0
1997,1,15,21,0,0,0,2.8,-7.8,42,1003,4.6,170,0
1997,1,15,22,0,0,0,3.3,-7.8,41,1002,4.1,170,0
1997,1,15,23,0,0,0,3.3,-7.2,43,999,5.7,180,0
1997,1,16,0,0,0,0,2.8,-6.7,46,998,4.1,170,0
1997,1,16,1,0,0,0,2.8,-6.1,49,997,3.6,180,0
1997,1,16,2,0,0,0,1.1,-2.8,73,997,3.1,290,0
1997,1,16,3,0,0,0,0,-0.6,95,994,2.6,140,0
1997,1,16,4,0,0,0,0.6,-1.1,87,990,5.2,150,0
1997,1,16,5,0,0,0,0.6,-0.6,91,990,4.6,290,0
1997,1,16,6,0,0,0,0.6,-0.6,91,989,2.6,160,0
1997,1,16,7,3,0,3,1,-1,86,988,4.1,190,0
1997,1,16,8,26,0,26,2,1,93,989,3.6,240,0
1997,1,16,9,179,356,68,2.2,1.7,96,989,1.5,270,0
1997,1,16,10,385,671,103,6.7,1.1,67,989,5.7,300,0
1997,1,16,11,403,604,111,5.6,-6.7,38,989,9.8,290,0
1997,1,16,12,359,517,100,6.1,-6.1,39,988,6.2,290,0
1997,1,16,13,305,224,200,5.6,-5,44,988,7.2,300,0
1997,1,16,14,261,148,203,5,-5,46,990,7.2,300,0
1997,1,16,15,169,379,68,5,-6.1,42,990,5.7,290,0
1997,1,16,16,56,99,45,1.1,-3.9,67,992,10.3,310,0
1997,1,16,17,0,12,0,0,-8.9,47,994,11.8,310,0
1997,1,16,18,0,0,0,-1.7,-11.7,42,996,9.8,310,0
1997,1,16,19,0,0,0,-2.8,-13.3,40,997,7.7,310,0
1997,1,16,20,0,0,0,-3.9,-16.1,34,998,10.3,290,0
1997,1,16,21,0,0,0,-5,-16.7,35,998,6.7,300,0
1997,1,16,22,0,0,0,-6.1,-17.2,37,999,8.2,320,0
1997,1,16,23,0,0,0,-7.2,-21.1,28,1001,11.3,310,0
1997,1,17,0,0,0,0,-8.3,-21.1,31,1002,7.2,310,0
1997,1,17,1,0,0,0,-9.4,-22.2,30,1003,6.7,300,0
1997,1,17,2,0,0,0,-10.6,-22.2,34,1004,8.2,320,0
1997,1,17,3,0,0,0,-11.1,-21.7,37,1005,7.2,310,0
1997,1,17,4,0,0,0,-11.7,-22.2,37,1005,6.7,320,0
1997,1,17,5,0,0,0,-12.2,-22.2,39,1007,10.3,310,0
1997,1,17,6,0,0,0,-12.2,-23.9,33,1007,9.8,310,0
1997,1,17,7,12,143,6,-12.8,-23.9,35,1008,6.7,320,0
1997,1,17,8,105,389,40,-12.2,-26.7,25,1008,7.7,310,0
1997,1,17,9,252,621,57,-11.7,-23.3,34,1010,7.2,300,0
1997,1,17,10,365,659,87,-10.6,-23.3,30,1010,7.2,310,0
1997,1,17,11,309,259,182,-10.6,-23.3,30,1008,4.6,290,0
1997,1,17,12,399,467,163,-9.4,-22.8,29,1008,4.1,300,0
1997,1,17,13,422,731,77,-8.9,-22.8,27,1007,5.2,280,0
1997,1,17,14,384,693,113,-7.8,-22.2,26,1006,5.7,300,0
1997,1,17,15,212,596,51,-7.8,-22.8,25,1006,3.1,300,0
1997,1,17,16,85,554,21,-7.8,-22.2,26,1006,3.1,270,0
1997,1,17,17,1,69,0,-9.4,-20.6,36,1006,0,0,0
1997,1,17,18,0,0,0,-11.1,-18.9,49,1006,3.6,50,0
1997,1,17,19,0,0,0,-11.1,-19.4,46,1006,2.1,60,0
1997,1,17,20,0,0,0,-11.1,-20,44,1006,1.5,350,0
1997,1,17,21,0,0,0,-13.3,-17.8,66,1005,1.5,300,0
1997,1,17,22,0,0,0,-14.4,-18.3,70,1005,2.1,200,0
1997,1,17,23,0,0,0,-11.1,-20,44,1004,2.6,230,0
1997,1,18,0,0,0,0,-10.6,-21.1,38,1004,3.1,270,0
1997,1,18,1,0,0,0,-12.8,-19.4,54,1003,0,0,0
1997,1,18,2,0,0,0,-12.2,-20,48,1003,1.5,330,0
1997,1,18,3,0,0,0,-11.1,-22.2,35,1003,2.1,300,0
1997,1,18,4,0,0,0,-11.7,-21.1,42,1003,2.1,290,0
1997,1,18,5,0,0,0,-11.1,-22.8,33,1004,2.1,280,0
1997,1,18,6,0,0,0,-11.7,-22.8,35,1004,2.6,290,0
1997,1,18,7,11,94,7,-14.4,-18.9,66,1004,0,0,0
1997,1,18,8,71,72,58,-10,-25.6,23,1004,1.5,320,0
1997,1,18,9,266,395,141,-8.9,-22.2,29,1005,5.2,330,0
1997,1,18,10,271,355,120,-8.3,-23.3,25,1005,5.7,320,0
1997,1,18,11,272,67,239,-8.9,-23.3,26,1005,6.7,310,0
1997,1,18,12,114,14,107,-7.8,-22.8,25,1005,9.8,310,0
1997,1,18,13,143,0,143,-8.9,-22.2,29,1005,7.7,310,0
1997,1,18,14,255,91,219,-8.9,-21.1,32,1006,7.2,300,0
1997,1,18,15,130,68,111,-8.9,-22.2,29,1007,7.2,300,0
1997,1,18,16,65,260,34,-10,-22.2,32,1008,7.7,320,0
1997,1,18,17,1,28,0,-10.6,-22.8,32,1009,6.2,320,0
1997,1,18,18,0,0,0,-11.1,-22.2,35,1011,4.1,310,0
1997,1,18,19,0,0,0,-11.7,-21.7,39,1011,2.1,310,0
1997,1,18,20,0,0,0,-11.1,-21.1,39,1012,5.2,300,0
1997,1,18,21,0,0,0,-11.7,-20.6,44,1012,3.6,310,0
1997,1,18,22,0,0,0,-11.7,-20.6,44,1013,3.1,300,0
1997,1,18,23,0,0,0,-12.2,-20.6,46,1013,2.6,320,0
1997,1,19,0,0,0,0,-13.3,-19.4,57,1013,2.1,300,0
1997,1,19,1,0,0,0,-13.3,-18.9,59,1012,0,0,0
1997,1,19,2,0,0,0,-15,-18.9,69,1012,0,0,0
1997,1,19,3,0,0,0,-13.9,-18.9,63,1012,0,0,0
1997,1,19,4,0,0,0,-13.9,-20,56,1012,2.1,290,0
1997,1,19,5,0,0,0,-16.1,-18.9,77,1012,1.5,170,0
1997,1,19,6,0,0,0,-16.1,-18.9,77,1013,2.1,230,0
1997,1,19,7,13,186,5,-15.6,-18.3,78,1013,0,0,0
1997,1,19,8,140,658,27,-12.2,-21.1,44,1013,2.1,190,0
1997,1,19,9,307,845,39,-10,-19.4,42,1013,3.1,180,0
1997,1,19,10,443,924,48,-8.3,-18.9,38,1012,4.1,220,0
1997,1,19,11,526,959,54,-7.2,-18.9,35,1011,4.1,210,0
1997,1,19,12,548,966,55,-6.1,-18.9,31,1011,4.1,200,0
1997,1,19,13,506,949,52,-5.6,-18.3,32,1009,4.6,210,0
1997,1,19,14,405,901,46,-4.4,-17.8,30,1009,3.6,190,0
1997,1,19,15,257,798,35,-3.9,-17.8,29,1008,3.6,200,0
1997,1,19,16,90,546,22,-4.4,-17.2,32,1008,3.6,220,0
1997,1,19,17,2,71,0,-5.6,-17.8,33,1008,2.1,190,0
1997,1,19,18,0,0,0,-7.2,-17.2,41,1008,2.6,160,0
1997,1,19,19,0,0,0,-7.8,-16.7,45,1008,2.6,160,0
1997,1,19,20,0,0,0,-7.8,-16.7,45,1007,1.5,160,0
1997,1,19,21,0,0,0,-9.4,-15,60,1007,0,0,0
1997,1,19,22,0,0,0,-8.9,-15,58,1006,2.6,190,0
1997,1,19,23,0,0,0,-8.3,-16.1,49,1006,0,0,0
1997,1,20,0,0,0,0,-10,-14.4,67,1005,0,0,0
1997,1,20,1,0,0,0,-9.4,-12.8,74,1005,0,0,0
1997,1,20,2,0,0,0,-10.6,-12.8,82,1005,0,0,0
1997,1,20,3,0,0,0,-10,-12.8,78,1005,0,0,0
1997,1,20,4,0,0,0,-11.1,-13.3,82,1004,0,0,0
1997,1,20,5,0,0,0,-12.2,-13.9,86,1004,0,0,0
1997,1,20,6,0,0,0,-11.7,-13.9,82,1005,0,0,0
1997,1,20,7,7,10,7,-10,-12.8,78,1004,2.1,190,0
1997,1,20,8,62,0,62,-6.1,-12.2,58,1004,3.1,210,0
1997,1,20,9,239,228,166,-5,-10,65,1004,3.6,200,0
1997,1,20,10,169,0,169,-1.7,-8.3,57,1003,4.1,190,0
1997,1,20,11,330,26,317,0.6,-7.2,52,1003,5.7,190,0
1997,1,20,12,345,360,160,2.2,-6.1,51,1001,4.6,210,0
1997,1,20,13,218,231,106,5.6,-5.6,42,1001,6.7,210,0
1997,1,20,14,292,258,188,6.7,-5,41,1000,5.2,240,0
1997,1,20,15,224,334,130,6.7,-5,41,1001,3.1,260,0
1997,1,20,16,81,242,50,5,-5,46,1002,2.1,300,0
1997,1,20,17,2,61,1,0.6,-5.6,60,1003,2.1,40,0
1997,1,20,18,0,0,0,3.3,-4.4,55,1005,3.6,340,0
1997,1,20,19,0,0,0,2.2,-4.4,59,1005,2.6,330,0
1997,1,20,20,0,0,0,-1.1,-4.4,76,1005,0,0,0
1997,1,20,21,0,0,0,-0.6,-3.9,76,1006,0,0,0
1997,1,20,22,0,0,0,1.7,-3.9,64,1007,4.6,340,0
1997,1,20,23,0,0,0,2.2,-4.4,59,1008,4.6,350,0
1997,1,21,0,0,0,0,2.2,-6.7,48,1009,6.2,350,0
1997,1,21,1,0,0,0,1.1,-7.8,48,1011,3.1,360,0
1997,1,21,2,0,0,0,0,-7.8,52,1011,3.6,330,0
1997,1,21,3,0,0,0,-0.6,-7.2,57,1012,2.6,10,0
1997,1,21,4,0,0,0,-1.1,-7.2,60,1014,3.1,10,0
1997,1,21,5,0,0,0,-2.2,-8.3,59,1016,2.6,340,0
1997,1,21,6,0,0,0,-5,-8.3,75,1018,0,0,0
1997,1,21,7,15,208,5,-7.2,-9.4,82,1019,0,0,0
1997,1,21,8,143,664,26,-0.6,-8.3,52,1020,2.1,340,0
1997,1,21,9,308,838,37,1.7,-8.3,44,1021,3.6,360,0
1997,1,21,10,441,913,46,2.8,-8.3,40,1021,2.6,360,0
1997,1,21,11,523,946,52,4.4,-8.3,36,1021,2.1,10,0
1997,1,21,12,302,465,62,5.6,-9.4,30,1020,2.6,10,0
1997,1,21,13,476,751,112,6.1,-10.6,26,1019,2.6,10,0
1997,1,21,14,353,661,85,6.7,-11.1,24,1018,0,0,0
1997,1,21,15,261,798,34,7.2,-11.1,23,1019,2.1,90,0
1997,1,21,16,96,569,22,6.1,-11.7,24,1019,2.6,170,0
1997,1,21,17,3,97,1,2.8,-11.1,32,1019,2.6,150,0
1997,1,21,18,0,0,0,2.2,-10,36,1019,3.1,150,0
1997,1,21,19,0,0,0,1.7,-10,38,1019,2.6,150,0
1997,1,21,20,0,0,0,1.1,-8.9,43,1019,3.1,170,0
1997,1,21,21,0,0,0,1.1,-8.3,46,1018,4.1,160,0
1997,1,21,22,0,0,0,1.1,-7.8,48,1018,3.6,170,0
1997,1,21,23,0,0,0,0,-7.2,54,1018,1.5,170,0
1997,1,22,0,0,0,0,-0.6,-7.8,54,1017,2.6,190,0
1997,1,22,1,0,0,0,0,-6.7,57,1017,4.6,180,0
1997,1,22,2,0,0,0,0,-6.1,60,1016,4.1,180,0
1997,1,22,3,0,0,0,0.6,-5,63,1016,5.7,200,0
1997,1,22,4,0,0,0,1.1,-5,61,1014,4.6,190,0
1997,1,22,5,0,0,0,1.7,-4.4,61,1013,5.2,180,0
1997,1,22,6,0,0,0,2.2,-3.9,62,1013,5.2,190,0
1997,1,22,7,6,0,6,3.3,-3.9,57,1012,6.2,190,0
1997,1,22,8,43,0,43,3.9,-2.8,60,1012,6.7,200,0
1997,1,22,9,90,0,90,4.4,-1.7,63,1012,4.6,190,0
1997,1,22,10,129,0,129,6,-1,60,1010,4.6,180,0
1997,1,22,11,152,0,152,7.8,0.6,60,1008,6.7,200,0
1997,1,22,12,158,0,158,9.4,2.8,63,1006,6.7,190,0
1997,1,22,13,147,0,147,10,3.3,63,1005,7.7,200,0
1997,1,22,14,119,0,119,10.6,4.4,65,1004,6.2,200,0
1997,1,22,15,78,0,78,10.6,5,68,1004,4.6,210,0
1997,1,22,16,30,0,30,10,5.6,74,1004,4.6,220,0
1997,1,22,17,1,0,1,8.3,7.2,93,1003,5.7,200,0
1997,1,22,18,0,0,0,8.3,7.2,93,1003,4.1,210,0
1997,1,22,19,0,0,0,8.9,7.8,93,1001,6.2,190,0
1997,1,22,20,0,0,0,8.3,7.2,93,1001,5.2,200,0
1997,1,22,21,0,0,0,8.9,7.8,93,1001,4.6,220,0
1997,1,22,22,0,0,0,8.3,7.2,93,1001,2.1,220,0
1997,1,22,23,0,0,0,7.8,7.2,96,1000,3.6,190,0
1997,1,23,0,0,0,0,7.8,7.2,96,1000,4.1,200,0
1997,1,23,1,0,0,0,7.2,6.7,97,1000,3.6,200,0
1997,1,23,2,0,0,0,7.2,6.1,93,1000,2.6,210,0
1997,1,23,3,0,0,0,6.7,6.1,96,1000,3.1,190,0
1997,1,23,4,0,0,0,7.2,6.1,93,1000,3.1,200,0
1997,1,23,5,0,0,0,6.7,6.1,96,1001,0,0,0
1997,1,23,6,0,0,0,5,5,100,1002,1.5,190,0
1997,1,23,7,10,69,7,3.3,2.8,97,1002,2.1,200,0
1997,1,23,8,140,348,77,5.6,5.6,100,1003,2.6,200,0
1997,1,23,9,202,418,65,8.9,6.7,86,1004,2.1,240,0
1997,1,23,10,119,41,101,11.7,6.7,71,1005,2.1,220,0
1997,1,23,11,365,347,189,13.3,3.9,53,1004,2.6,300,0
1997,1,23,12,362,303,203,13.9,1.1,42,1005,4.6,310,0
1997,1,23,13,328,251,204,12.2,-0.6,41,1005,6.2,350,0
1997,1,23,14,364,421,190,11.7,-0.6,42,1006,6.2,340,0
1997,1,23,15,173,154,128,9.4,-1.7,45,1008,8.2,340,0
1997,1,23,16,56,32,52,6.1,-3.9,47,1009,6.7,350,0
1997,1,23,17,1,3,1,3.9,-5,50,1011,5.7,360,0
1997,1,23,18,0,0,0,3.3,-6.7,45,1013,4.6,350,0
1997,1,23,19,0,0,0,3.3,-6.7,45,1013,4.6,340,0
1997,1,23,20,0,0,0,2.8,-6.1,49,1015,4.1,350,0
1997,1,23,21,0,0,0,2.2,-5.6,53,1015,2.1,340,0
1997,1,23,22,0,0,0,1.7,-5.6,55,1016,2.6,350,0
1997,1,23,23,0,0,0,0,-5.6,62,1017,2.1,360,0
1997,1,24,0,0,0,0,-0.6,-5,69,1017,2.1,20,0
1997,1,24,1,0,0,0,-1.1,-4.4,76,1017,2.1,30,0
1997,1,24,2,0,0,0,-2.2,-5,79,1018,2.1,50,0
1997,1,24,3,0,0,0,-2.8,-5.6,79,1017,3.1,40,0
1997,1,24,4,0,0,0,-2.2,-5.6,75,1018,3.1,30,0
1997,1,24,5,0,0,0,-2.8,-5.6,79,1017,2.6,50,0
1997,1,24,6,0,0,0,-1.7,-5.6,72,1018,3.1,70,0
1997,1,24,7,6,0,6,-0.6,-5.6,66,1019,1.5,80,0
1997,1,24,8,53,0,53,-0.6,-6.1,63,1019,2.6,80,0
1997,1,24,9,102,0,102,0,-5.6,62,1019,3.6,70,0
1997,1,24,10,140,0,140,0.6,-5,63,1018,3.1,90,0
1997,1,24,11,163,0,163,0.6,-4.4,66,1016,4.1,90,0
1997,1,24,12,169,0,169,1.1,-3.9,67,1014,3.1,80,0
1997,1,24,13,158,0,158,1.7,-2.8,70,1011,3.6,100,0
1997,1,24,14,131,0,131,1.7,-0.6,84,1010,0,0,0
1997,1,24,15,75,0,75,1,1,100,1009,0,0,0
1997,1,24,16,27,0,27,1.1,0.6,96,1007,0,0,0
1997,1,24,17,1,0,1,1.1,0.6,96,1006,2.6,320,0
1997,1,24,18,0,0,0,0.6,0.6,100,1006,4.1,310,0
1997,1,24,19,0,0,0,0.6,0,96,1005,2.6,320,0
1997,1,24,20,0,0,0,1.1,1.1,100,1004,0,0,0
1997,1,24,21,0,0,0,1.7,1.1,96,1003,0,0,0
1997,1,24,22,0,0,0,2.2,1.7,96,1002,0,0,0
1997,1,24,23,0,0,0,2.2,1.7,96,1001,0,0,0
1997,1,25,0,0,0,0,1.7,1.7,100,999,0,0,0
1997,1,25,1,0,0,0,1.7,1.1,96,998,0,0,0
1997,1,25,2,0,0,0,1.7,1.1,96,997,1.5,290,0
1997,1,25,3,0,0,0,1.7,1.1,96,996,0,0,0
1997,1,25,4,0,0,0,2.8,2.8,100,996,3.1,220,0
1997,1,25,5,0,0,0,4.4,4.4,100,996,7.2,220,0
1997,1,25,6,0,0,0,4.4,3.9,97,995,5.2,200,0
1997,1,25,7,3,0,3,5,4.4,96,996,4.1,220,0
1997,1,25,8,34,0,34,5.6,5,96,996,5.2,210,0
1997,1,25,9,68,0,68,6.1,5,93,996,5.7,220,0
1997,1,25,10,173,40,155,6.7,5.6,93,996,5.7,230,0
1997,1,25,11,250,0,250,8,6,87,996,3.6,210,0
1997,1,25,12,280,114,219,8.9,5,77,997,4.6,320,0
1997,1,25,13,209,51,184,9.4,-1.7,45,997,6.2,310,0
1997,1,25,14,319,484,115,10,-5,33,999,7.2,280,0
1997,1,25,15,205,361,97,8.9,-5,35,1000,7.2,320,0
1997,1,25,16,89,214,58,7.2,-6.1,36,1001,6.2,300,0
1997,1,25,17,2,10,2,5.6,-6.1,40,1003,7.2,300,0
1997,1,25,18,0,0,0,3.9,-6.7,43,1004,4.6,300,0
1997,1,25,19,0,0,0,2.2,-6.7,48,1005,2.1,260,0
1997,1,25,20,0,0,0,2.2,-6.7,48,1005,4.1,310,0
1997,1,25,21,0,0,0,2.2,-6.7,48,1005,5.7,310,0
1997,1,25,22,0,0,0,2.2,-7.8,44,1006,6.7,300,0
1997,1,25,23,0,0,0,1.1,-7.8,48,1007,5.7,320,0
1997,1,26,0,0,0,0,0.6,-8.3,47,1009,7.7,320,0
1997,1,26,1,0,0,0,-0.6,-10,45,1010,6.7,310,0
1997,1,26,2,0,0,0,-1.1,-11.7,40,1011,9.3,320,0
1997,1,26,3,0,0,0,-2.2,-12.8,40,1012,6.7,310,0
1997,1,26,4,0,0,0,-2.8,-11.7,46,1013,7.2,310,0
1997,1,26,5,0,0,0,-3.3,-12.2,46,1015,7.2,310,0
1997,1,26,6,0,0,0,-4.4,-12.2,50,1017,2.1,290,0
1997,1,26,7,15,60,12,-4.4,-11.7,53,1018,2.1,260,0
1997,1,26,8,135,347,69,-3.3,-11.7,48,1019,4.1,300,0
1997,1,26,9,196,186,134,-1.7,-11.7,42,1020,4.1,290,0
1997,1,26,10,274,219,176,-1.1,-11.7,40,1021,3.6,290,0
1997,1,26,11,438,513,173,0,-11.1,39,1021,4.1,310,0
1997,1,26,12,200,0,200,0,-11.1,39,1020,5.7,320,0
1997,1,26,13,186,0,186,-0.6,-10.6,42,1019,4.1,340,0
1997,1,26,14,151,0,151,-0.6,-10.6,42,1019,4.1,340,0
1997,1,26,15,99,0,99,-0.6,-10,45,1020,4.6,350,0
1997,1,26,16,51,13,49,-0.6,-11.1,41,1020,2.6,360,0
1997,1,26,17,2,9,2,-1.7,-10.6,46,1021,2.6,30,0
1997,1,26,18,0,0,0,-1.1,-10,47,1022,2.6,40,0
1997,1,26,19,0,0,0,-1.1,-10,47,1022,2.1,60,0
1997,1,26,20,0,0,0,-1.7,-9.4,52,1022,0,0,0
1997,1,26,21,0,0,0,-1.7,-8.9,54,1023,2.1,170,0
1997,1,26,22,0,0,0,-2.2,-8.3,59,1023,1.5,60,0
1997,1,26,23,0,0,0,-2.2,-6.7,68,1023,0,0,0
1997,1,27,0,0,0,0,-2.2,-7.8,62,1023,0,0,0
1997,1,27,1,0,0,0,-1.7,-8.9,54,1024,0,0,0
1997,1,27,2,0,0,0,-1.7,-8.3,57,1024,0,0,0
1997,1,27,3,0,0,0,-1.7,-9.4,52,1024,2.1,140,0
1997,1,27,4,0,0,0,-1.7,-9.4,52,1024,2.1,180,0
1997,1,27,5,0,0,0,-2.2,-8.3,59,1024,2.6,140,0
1997,1,27,6,0,0,0,-1.7,-8.3,57,1024,2.1,150,0
1997,1,27,7,9,0,9,-1.7,-8.3,57,1024,3.1,150,0
1997,1,27,8,57,0,57,-1.1,-8.9,51,1024,3.6,160,0
1997,1,27,9,106,0,106,-1,-8,55,1024,3.6,150,0
1997,1,27,10,145,0,145,0,-7.8,52,1024,3.6,150,0
1997,1,27,11,168,0,168,0.6,-6.7,54,1023,3.6,160,0
1997,1,27,12,174,0,174,1.1,-6.1,55,1021,4.1,170,0
1997,1,27,13,164,0,164,2.2,-5.6,53,1020,4.1,150,0
1997,1,27,14,137,0,137,2.8,-5,54,1019,4.1,150,0
1997,1,27,15,96,0,96,2.8,-3.9,59,1019,3.6,170,0
1997,1,27,16,44,0,44,2.8,-3.9,59,1018,4.1,180,0
1997,1,27,17,2,0,2,3.3,-3.3,60,1017,4.6,160,0
1997,1,27,18,0,0,0,3.3,-1.7,69,1017,4.1,180,0
1997,1,27,19,0,0,0,3.3,-1.1,72,1015,3.6,180,0
1997,1,27,20,0,0,0,3.3,-1.1,72,1014,3.6,170,0
1997,1,27,21,0,0,0,3.3,-1.1,72,1013,4.1,170,0
1997,1,27,22,0,0,0,2.8,0.6,85,1012,3.6,190,0
1997,1,27,23,0,0,0,2.8,1.1,89,1010,4.6,190,0
1997,1,28,0,0,0,0,2.8,0.6,85,1009,4.1,210,0
1997,1,28,1,0,0,0,2.8,1.1,89,1008,4.6,190,0
1997,1,28,2,0,0,0,2.8,1.7,92,1006,6.2,200,0
1997,1,28,3,0,0,0,3.3,2.8,97,1005,6.2,200,0
1997,1,28,4,0,0,0,4.4,3.9,97,1004,7.2,190,0
1997,1,28,5,0,0,0,5.6,4.4,92,1003,8.8,200,0
1997,1,28,6,0,0,0,6.7,5.6,93,1004,5.7,210,0
1997,1,28,7,6,0,6,7.2,6.1,93,1004,4.6,220,0
1997,1,28,8,55,0,55,7.8,6.7,93,1006,3.1,280,0
1997,1,28,9,105,0,105,7.2,2.2,70,1009,4.6,320,0
1997,1,28,10,143,0,143,6.1,-0.6,62,1008,8.2,320,0
1997,1,28,11,208,0,208,5.6,-1.7,58,1009,7.2,330,0
1997,1,28,12,217,0,217,5.6,-3.3,51,1009,6.7,320,0
1997,1,28,13,204,0,204,4.4,-4.4,51,1010,9.8,320,0
1997,1,28,14,170,0,170,4.4,-4.4,51,1010,6.2,340,0
1997,1,28,15,118,0,118,3.9,-6.7,43,1011,5.2,330,0
1997,1,28,16,54,0,54,2.8,-6.7,46,1012,3.6,310,0
1997,1,28,17,3,0,3,1.7,-7.2,48,1013,2.6,310,0
1997,1,28,18,0,0,0,1.1,-7.2,50,1014,4.6,320,0
1997,1,28,19,0,0,0,1.1,-7.2,50,1015,5.7,320,0
1997,1,28,20,0,0,0,0.6,-7.2,52,1016,3.6,310,0
1997,1,28,21,0,0,0,0,-7.8,52,1017,2.6,310,0
1997,1,28,22,0,0,0,-2.2,-7.8,62,1017,2.1,230,0
1997,1,28,23,0,0,0,-0.6,-8.9,49,1018,4.1,290,0
1997,1,29,0,0,0,0,-1.1,-9.4,49,1018,4.1,300,0
1997,1,29,1,0,0,0,-1.7,-10.6,46,1019,3.1,280,0
1997,1,29,2,0,0,0,-2.2,-11.1,46,1019,3.1,300,0
1997,1,29,3,0,0,0,-2.8,-11.7,46,1019,4.6,300,0
1997,1,29,4,0,0,0,-3.9,-11.7,51,1020,3.6,320,0
1997,1,29,5,0,0,0,-4.4,-11.1,56,1021,0,0,0
1997,1,29,6,0,0,0,-4.4,-11.7,53,1023,3.1,350,0
1997,1,29,7,20,236,7,-4.4,-11.7,53,1024,3.1,10,0
1997,1,29,8,167,722,25,-2.8,-12.8,42,1025,3.6,350,0
1997,1,29,9,340,879,36,-2.2,-13.3,38,1025,4.1,10,0
1997,1,29,10,479,947,45,-1.7,-13.3,36,1025,4.6,10,0
1997,1,29,11,493,775,85,-0.6,-12.8,35,1024,3.1,330,0
1997,1,29,12,566,852,101,0,-12.8,33,1024,2.1,350,0
1997,1,29,13,460,708,95,0.6,-12.8,32,1022,2.6,20,0
1997,1,29,14,325,582,71,0.6,-12.8,32,1022,1.5,50,0
1997,1,29,15,229,370,112,1.1,-12.2,32,1022,2.1,40,0
1997,1,29,16,75,100,59,0,-11.7,37,1022,3.6,30,0
1997,1,29,17,8,106,4,-1.7,-11.7,42,1022,3.1,50,0
1997,1,29,18,0,0,0,-2.8,-11.7,46,1022,3.1,40,0
1997,1,29,19,0,0,0,-3.3,-11.7,48,1022,2.1,50,0
1997,1,29,20,0,0,0,-3.9,-9.4,62,1022,1.5,30,0
1997,1,29,21,0,0,0,-5.6,-10,68,1022,0,0,0
1997,1,29,22,0,0,0,-6.7,-9.4,79,1022,0,0,0
1997,1,29,23,0,0,0,-6.1,-9.4,75,1022,0,0,0
1997,1,30,0,0,0,0,-7.2,-9.4,82,1022,0,0,0
1997,1,30,1,0,0,0,-7.2,-9.4,82,1021,0,0,0
1997,1,30,2,0,0,0,-7.8,-9.4,87,1021,0,0,0
1997,1,30,3,0,0,0,-7.8,-8.9,91,1020,0,0,0
1997,1,30,4,0,0,0,-7.2,-8.9,86,1021,1.5,10,0
1997,1,30,5,0,0,0,-6.7,-9.4,79,1020,1.5,100,0
1997,1,30,6,0,0,0,-6.7,-9.4,79,1020,0,0,0
1997,1,30,7,11,0,11,-6.7,-8.3,87,1019,0,0,0
1997,1,30,8,74,0,74,-3.9,-8.9,65,1019,1.5,60,0
1997,1,30,9,284,449,127,-2.2,-9.4,54,1018,2.1,110,0
1997,1,30,10,353,545,102,-0.6,-9.4,47,1018,0,0,0
1997,1,30,11,457,500,191,1.1,-9.4,41,1017,3.1,150,0
1997,1,30,12,363,513,80,1.7,-10,38,1015,2.6,160,0
1997,1,30,13,432,646,97,2.2,-10,36,1013,3.6,160,0
1997,1,30,14,268,55,243,2.8,-10.6,33,1012,2.6,160,0
1997,1,30,15,162,211,94,3.3,-10,34,1012,2.6,160,0
1997,1,30,16,70,108,52,2.8,-10,35,1011,2.1,150,0
1997,1,30,17,3,0,3,1.1,-9.4,41,1011,0,0,0
1997,1,30,18,0,0,0,-0.6,-8.9,49,1011,0,0,0
1997,1,30,19,0,0,0,-1.1,-8.3,54,1010,0,0,0
1997,1,30,20,0,0,0,-1.7,-6.7,65,1010,0,0,0
1997,1,30,21,0,0,0,-1.1,-6.1,66,1009,0,0,0
1997,1,30,22,0,0,0,-1.1,-5,72,1009,1.5,50,0
1997,1,30,23,0,0,0,-1.1,-4.4,76,1008,0,0,0
1997,1,31,0,0,0,0,0,-3.3,76,1008,1.5,180,0
1997,1,31,1,0,0,0,0,-2.8,79,1008,0,0,0
1997,1,31,2,0,0,0,0,-3.3,76,1007,0,0,0
1997,1,31,3,0,0,0,0,-3.3,76,1006,0,0,0
1997,1,31,4,0,0,0,0,-3.3,76,1006,0,0,0
1997,1,31,5,0,0,0,-0.6,-3.3,80,1006,0,0,0
1997,1,31,6,0,0,0,-0.6,-2.8,83,1005,0,0,0
1997,1,31,7,8,0,8,0,-3.3,76,1005,0,0,0
1997,1,31,8,58,0,58,0.6,-2.2,80,1005,1.5,280,0
1997,1,31,9,108,0,108,2.2,-2.8,68,1004,3.1,200,0
1997,1,31,10,183,0,183,2.8,-1.7,71,1003,5.7,200,0
1997,1,31,11,213,0,213,4.4,-1.1,67,1001,4.6,190,0
1997,1,31,12,221,0,221,5.6,-0.6,64,1000,4.1,180,0
1997,1,31,13,208,0,208,6.7,0,62,999,4.6,200,0
1997,1,31,14,174,0,174,7.2,-0.6,57,998,4.6,210,0
1997,1,31,15,122,0,122,7.8,-1.1,53,999,5.2,200,0
1997,1,31,16,46,0,46,6.1,0,65,997,2.6,150,0
1997,1,31,17,3,0,3,6.7,0,62,997,3.1,190,0
1997,1,31,18,0,0,0,6.1,0.6,68,997,3.6,190,0
1997,1,31,19,0,0,0,5.6,0.6,70,996,5.2,200,0
1997,1,31,20,0,0,0,5,1.1,76,996,5.2,200,0
1997,1,31,21,0,0,0,6,2.2,82,994,5.2,180,0
1997,1,31,22,0,0,0,7.1,3.3,86,993,5.2,200,0
1997,1,31,23,0,0,0,8.1,4.4,79,992,5.2,200,0
1988,2,1,0,0,0,0,9.1,5.6,83,1014,5.2,180,0
1988,2,1,1,0,0,0,10.1,6.7,83,1014,5.2,190,0
1988,2,1,2,0,0,0,11.2,7.8,80,1013,5.2,200,0
1988,2,1,3,0,0,0,12.2,8.9,80,1013,5.2,210,0
1988,2,1,4,0,0,0,12.2,9.4,83,1013,6.2,220,0
1988,2,1,5,0,0,0,12.2,10,86,1013,4.6,200,0
1988,2,1,6,0,0,0,11.7,11.1,96,1013,4.1,200,0
1988,2,1,7,11,6,10,12.2,12.2,100,1013,4.1,190,0
1988,2,1,8,41,1,41,12.8,12.8,100,1014,5.2,200,0
1988,2,1,9,130,19,124,13.3,13.3,100,1013,5.7,190,0
1988,2,1,10,257,70,225,15.6,13.3,87,1013,5.7,200,0
1988,2,1,11,378,278,229,17.2,13.9,81,1013,5.7,220,0
1988,2,1,12,445,425,209,19.4,13.9,70,1011,6.2,210,0
1988,2,1,13,504,784,93,20.6,13.3,63,1010,5.2,220,0
1988,2,1,14,382,501,159,21.1,12.8,59,1010,6.7,220,0
1988,2,1,15,241,382,118,21.1,12.8,59,1009,7.2,190,0
1988,2,1,16,104,284,57,20,12.8,63,1010,5.7,210,0
1988,2,1,17,13,11,12,17.8,12.8,73,1009,5.2,200,0
1988,2,1,18,0,0,0,17.2,12.8,75,1009,4.6,200,0
1988,2,1,19,0,0,0,16.7,12.2,75,1009,5.7,190,0
1988,2,1,20,0,0,0,16.1,12.2,78,1010,6.2,200,0
1988,2,1,21,0,0,0,15.6,12.2,81,1010,5.2,190,0
1988,2,1,22,0,0,0,15.6,12.8,84,1009,5.7,210,0
1988,2,1,23,0,0,0,16.1,12.8,81,1009,6.7,210,0
1988,2,2,0,0,0,0,16.1,12.8,81,1008,6.2,210,0
1988,2,2,1,0,0,0,15.6,12.8,84,1008,5.2,210,0
1988,2,2,2,0,0,0,16.1,12.8,81,1007,6.2,220,0
1988,2,2,3,0,0,0,16.1,12.8,81,1007,6.2,200,0
1988,2,2,4,0,0,0,15.6,12.8,84,1007,6.7,200,0
1988,2,2,5,0,0,0,15.6,12.8,84,1006,7.2,200,0
1988,2,2,6,0,0,0,15.6,13.3,87,1006,4.6,190,0
1988,2,2,7,13,2,13,15.6,13.3,87,1006,6.2,200,0
1988,2,2,8,40,10,38,16.1,13.9,87,1006,6.2,210,0
1988,2,2,9,91,4,89,15.6,14.4,93,1006,5.2,210,0
1988,2,2,10,116,8,112,15.6,15,97,1005,4.1,210,0
1988,2,2,11,252,4,250,16.1,15.6,97,1005,4.6,210,0
1988,2,2,12,247,5,244,17.8,15,84,1004,5.7,220,0
1988,2,2,13,142,3,140,17.2,15,87,1004,5.7,250,0
1988,2,2,14,124,2,124,15.6,15.6,100,1004,3.1,320,0
1988,2,2,15,82,1,82,13.9,13.9,100,1006,3.1,360,0
1988,2,2,16,42,1,42,11.1,10.6,96,1007,5.2,360,0
1988,2,2,17,7,0,7,10,9.4,96,1008,5.2,350,0
1988,2,2,18,0,0,0,8.9,8.9,100,1010,4.6,30,0
1988,2,2,19,0,0,0,7.2,7.2,100,1011,4.1,30,0
1988,2,2,20,0,0,0,6.1,6.1,100,1012,5.2,30,0
1988,2,2,21,0,0,0,5,4.4,96,1013,6.2,40,0
1988,2,2,22,0,0,0,3.3,2.8,96,1014,3.6,30,0
1988,2,2,23,0,0,0,2.8,2.2,96,1014,5.7,30,0
1988,2,3,0,0,0,0,2.2,1.7,96,1015,3.6,30,0
1988,2,3,1,0,0,0,1.7,1.1,96,1015,3.1,20,0
1988,2,3,2,0,0,0,1.1,1.1,100,1016,3.1,360,0
1988,2,3,3,0,0,0,1.1,0.6,96,1016,3.1,30,0
1988,2,3,4,0,0,0,1.1,0,92,1016,3.1,10,0
1988,2,3,5,0,0,0,1.1,-0.6,89,1017,3.6,20,0
1988,2,3,6,0,0,0,0.6,-0.6,92,1018,2.6,10,0
1988,2,3,7,22,0,22,0.6,-0.6,92,1018,2.1,360,0
1988,2,3,8,96,1,96,1.1,-0.6,89,1018,3.1,20,0
1988,2,3,9,184,0,183,1.7,-0.6,85,1018,2.6,40,0
1988,2,3,10,221,1,220,2.2,0,85,1018,2.1,10,0
1988,2,3,11,261,0,261,3.3,0,79,1018,2.1,90,0
1988,2,3,12,276,0,276,3.3,0,79,1017,2.1,150,0
1988,2,3,13,286,1,285,3.3,0.6,82,1016,3.1,150,0
1988,2,3,14,215,0,215,3.3,1.1,86,1016,3.6,140,0
1988,2,3,15,161,0,161,2.8,1.7,93,1016,3.1,140,0
1988,2,3,16,70,0,70,2.8,1.7,93,1016,3.6,160,0
1988,2,3,17,8,0,8,2.2,2.2,100,1016,2.6,160,0
1988,2,3,18,0,0,0,2.2,2.2,100,1015,3.1,150,0
1988,2,3,19,0,0,0,2.2,2.2,100,1014,3.6,140,0
1988,2,3,20,0,0,0,2.2,2.2,100,1013,3.6,170,0
1988,2,3,21,0,0,0,2.2,2.2,100,1013,3.6,160,0
1988,2,3,22,0,0,0,2.2,2.2,100,1012,3.6,160,0
1988,2,3,23,0,0,0,2.8,2.8,100,1010,3.6,180,0
1988,2,4,0,0,0,0,2.8,2.8,100,1008,4.1,180,0
1988,2,4,1,0,0,0,2.8,2.8,100,1007,4.1,180,0
1988,2,4,2,0,0,0,2.8,2.8,100,1005,4.1,180,0
1988,2,4,3,0,0,0,2.8,2.8,100,1004,5.2,190,0
1988,2,4,4,0,0,0,3.3,3.3,100,1002,5.2,190,0
1988,2,4,5,0,0,0,3.3,3.3,100,1000,6.2,170,0
1988,2,4,6,0,0,0,3.9,3.9,100,1002,3.1,200,0
1988,2,4,7,13,0,13,3.9,3.9,100,1000,4.1,180,0
1988,2,4,8,57,1,57,3.9,3.9,100,1000,3.6,210,0
1988,2,4,9,100,1,99,4.4,4.4,100,999,2.1,250,0
1988,2,4,10,132,1,132,5,5,100,1000,3.1,260,0
1988,2,4,11,153,1,153,5.6,5.6,100,1000,3.6,340,0
1988,2,4,12,288,61,253,6.1,2.2,76,1000,7.2,320,0
1988,2,4,13,422,330,246,5,-0.6,68,1001,7.2,320,0
1988,2,4,14,254,66,224,4.4,-1.1,68,1003,6.7,330,0
1988,2,4,15,140,113,102,2.8,-3.3,65,1004,6.2,340,0
1988,2,4,16,96,139,72,2.2,-3.9,64,1005,5.2,350,0
1988,2,4,17,13,12,12,1.1,-4.4,67,1007,6.2,340,0
1988,2,4,18,0,0,0,0.6,-7.2,56,1008,5.7,320,0
1988,2,4,19,0,0,0,0,-6.7,61,1008,4.6,320,0
1988,2,4,20,0,0,0,0,-7.8,56,1010,6.2,320,0
1988,2,4,21,0,0,0,-1.1,-8.3,58,1011,6.2,310,0
1988,2,4,22,0,0,0,-1.7,-7.8,64,1011,5.2,320,0
1988,2,4,23,0,0,0,-2.2,-7.8,66,1011,4.6,320,0
1988,2,5,0,0,0,0,-2.2,-9.4,58,1011,5.2,330,0
1988,2,5,1,0,0,0,-3.3,-9.4,63,1011,2.6,60,0
1988,2,5,2,0,0,0,-3.3,-9.4,63,1012,4.1,310,0
1988,2,5,3,0,0,0,-3.3,-9.4,63,1011,2.6,310,0
1988,2,5,4,0,0,0,-4.4,-8.9,72,1011,3.1,320,0
1988,2,5,5,0,0,0,-4.4,-8.9,72,1011,3.1,330,0
1988,2,5,6,0,0,0,-3.9,-9.4,66,1012,4.1,330,0
1988,2,5,7,30,36,26,-3.9,-8.9,69,1012,2.6,310,0
1988,2,5,8,124,145,93,-2.2,-8.3,63,1013,0,0,0
1988,2,5,9,143,17,137,-0.6,-8.9,54,1013,4.1,290,0
1988,2,5,10,241,3,240,-0.6,-8.9,54,1013,2.6,250,0
1988,2,5,11,394,230,267,-0.6,-8.3,56,1012,2.6,250,0
1988,2,5,12,479,467,212,0.6,-8.9,50,1011,5.2,260,0
1988,2,5,13,405,467,153,1.7,-8.3,48,1010,2.6,360,0
1988,2,5,14,452,709,124,2.8,-8.9,42,1010,4.1,300,0
1988,2,5,15,280,543,96,1.1,-9.4,46,1010,6.2,340,0
1988,2,5,16,151,583,45,0,-11.1,43,1011,6.2,340,0
1988,2,5,17,26,72,18,-1.1,-11.7,45,1012,6.2,320,0
1988,2,5,18,0,0,0,-2.8,-12.8,47,1013,5.2,320,0
1988,2,5,19,0,0,0,-3.9,-13.3,48,1013,3.1,330,0
1988,2,5,20,0,0,0,-4.4,-12.8,53,1014,8.8,320,0
1988,2,5,21,0,0,0,-5,-11.7,60,1015,4.1,340,0
1988,2,5,22,0,0,0,-5.6,-12.8,57,1015,5.2,330,0
1988,2,5,23,0,0,0,-6.7,-13.3,60,1015,7.2,330,0
1988,2,6,0,0,0,0,-7.8,-17.2,47,1016,8.2,330,0
1988,2,6,1,0,0,0,-8.9,-21.1,37,1017,7.2,310,0
1988,2,6,2,0,0,0,-10,-18.9,49,1017,7.7,320,0
1988,2,6,3,0,0,0,-10.6,-20,46,1018,7.2,310,0
1988,2,6,4,0,0,0,-10.6,-20,46,1018,5.7,310,0
1988,2,6,5,0,0,0,-11.1,-20,48,1018,5.2,300,0
1988,2,6,6,0,0,0,-11.7,-18.9,55,1019,3.6,320,0
1988,2,6,7,34,141,20,-12.2,-19.4,55,1019,3.1,310,0
1988,2,6,8,167,541,47,-11.1,-19.4,51,1020,5.2,300,0
1988,2,6,9,345,746,67,-10,-18.9,49,1020,5.2,300,0
1988,2,6,10,495,850,82,-9.4,-20,42,1019,5.2,300,0
1988,2,6,11,586,892,90,-8.3,-19.4,41,1019,4.6,290,0
1988,2,6,12,613,904,92,-7.2,-19.4,37,1018,2.6,300,0
1988,2,6,13,573,888,89,-5.6,-18.9,35,1017,4.6,310,0
1988,2,6,14,471,841,79,-4.4,-19.4,30,1016,5.2,270,0
1988,2,6,15,316,739,63,-3.9,-20,28,1015,5.2,300,0
1988,2,6,16,133,444,51,-4.4,-20.6,28,1016,4.6,300,0
1988,2,6,17,21,77,13,-5.6,-19.4,33,1017,4.1,340,0
1988,2,6,18,0,0,0,-6.7,-20,34,1019,5.2,330,0
1988,2,6,19,0,0,0,-7.8,-18.9,41,1020,6.2,320,0
1988,2,6,20,0,0,0,-8.3,-19.4,41,1021,7.7,310,0
1988,2,6,21,0,0,0,-8.9,-18.3,47,1022,4.6,320,0
1988,2,6,22,0,0,0,-9.4,-17.8,51,1022,4.1,320,0
1988,2,6,23,0,0,0,-9.4,-17.2,54,1022,5.2,330,0
1988,2,7,0,0,0,0,-10,-16.7,59,1023,4.6,330,0
1988,2,7,1,0,0,0,-11.1,-17.2,61,1023,4.1,350,0
1988,2,7,2,0,0,0,-11.7,-18.3,58,1024,3.6,350,0
1988,2,7,3,0,0,0,-12.2,-17.8,64,1025,3.1,350,0
1988,2,7,4,0,0,0,-13.3,-16.7,76,1025,2.6,60,0
1988,2,7,5,0,0,0,-12.2,-18.3,61,1025,3.1,60,0
1988,2,7,6,0,0,0,-12.8,-17.2,70,1025,2.1,40,0
1988,2,7,7,37,84,29,-11.7,-15,77,1025,2.1,220,0
1988,2,7,8,180,631,39,-10,-18.3,51,1025,1.5,140,0
1988,2,7,9,370,839,54,-8.9,-17.8,49,1025,4.1,140,0
1988,2,7,10,511,907,66,-7.2,-16.7,47,1025,4.6,190,0
1988,2,7,11,602,946,72,-5.6,-15.6,46,1023,5.2,220,0
1988,2,7,12,631,960,74,-4.4,-15,44,1022,4.1,220,0
1988,2,7,13,558,882,73,-2.8,-14.4,41,1020,6.7,210,0
1988,2,7,14,444,629,148,-1.1,-14.4,36,1019,6.2,210,0
1988,2,7,15,232,312,124,-1.7,-15.6,34,1018,6.2,190,0
1988,2,7,16,119,191,83,-1.1,-15.6,33,1017,3.6,210,0
1988,2,7,17,19,28,16,-2.2,-15.6,36,1017,4.6,190,0
1988,2,7,18,0,0,0,-2.2,-16.1,34,1017,4.6,180,0
1988,2,7,19,0,0,0,-2.8,-15.6,37,1016,3.6,180,0
1988,2,7,20,0,0,0,-2.8,-15.6,37,1016,6.2,180,0
1988,2,7,21,0,0,0,-2.2,-15,37,1015,6.7,180,0
1988,2,7,22,0,0,0,-2.2,-14.4,39,1014,6.2,200,0
1988,2,7,23,0,0,0,-2.2,-13.9,41,1014,6.7,190,0
1988,2,8,0,0,0,0,-1.1,-13.3,39,1014,5.7,220,0
1988,2,8,1,0,0,0,-1.1,-13.3,39,1014,5.2,210,0
1988,2,8,2,0,0,0,-2.8,-13.3,45,1014,3.1,210,0
1988,2,8,3,0,0,0,-3.9,-12.8,51,1014,2.6,180,0
1988,2,8,4,0,0,0,-4.4,-11.1,60,1014,4.1,200,0
1988,2,8,5,0,0,0,-4.4,-12.2,55,1014,1.5,180,0
1988,2,8,6,0,0,0,-6.1,-11.7,65,1015,1.5,220,0
1988,2,8,7,33,112,22,-6.1,-10,74,1015,1.5,320,0
1988,2,8,8,165,403,73,-1.7,-11.1,49,1017,2.6,310,0
1988,2,8,9,341,651,93,1.7,-8.9,46,1016,3.6,340,0
1988,2,8,10,453,593,159,4.4,-6.1,47,1017,4.1,360,0
1988,2,8,11,581,684,195,4.4,-5.6,49,1017,2.1,360,0
1988,2,8,12,380,255,231,4.4,-5.6,49,1016,4.1,350,0
1988,2,8,13,367,210,251,5.6,-5,47,1015,3.6,340,0
1988,2,8,14,247,144,178,5,-5.6,47,1015,4.6,340,0
1988,2,8,15,158,93,125,4.4,-5.6,49,1015,2.1,10,0
1988,2,8,16,84,20,80,2.8,-6.7,50,1016,2.6,20,0
1988,2,8,17,24,14,22,1.1,-7.2,54,1016,3.1,40,0
1988,2,8,18,0,0,0,-0.6,-6.7,64,1016,3.1,40,0
1988,2,8,19,0,0,0,-0.6,-7.2,61,1017,2.6,50,0
1988,2,8,20,0,0,0,-1.1,-6.7,66,1017,2.6,70,0
1988,2,8,21,0,0,0,-2.2,-7.2,69,1017,0,0,0
1988,2,8,22,0,0,0,-3.9,-6.7,81,1017,0,0,0
1988,2,8,23,0,0,0,-5,-6.7,88,1017,0,0,0
1988,2,9,0,0,0,0,-6.1,-6.7,96,1017,0,0,0
1988,2,9,1,0,0,0,-7.2,-7.2,100,1017,0,0,0
1988,2,9,2,0,0,0,-7.8,-7.8,100,1016,0,0,0
1988,2,9,3,0,0,0,-8.3,-8.3,100,1016,0,0,0
1988,2,9,4,0,0,0,-8.3,-8.3,100,1016,0,0,0
1988,2,9,5,0,0,0,-8.3,-8.3,100,1016,0,0,0
1988,2,9,6,0,0,0,-8.3,-8.3,100,1016,0,0,0
1988,2,9,7,43,224,20,-7.2,-7.2,100,1015,0,0,0
1988,2,9,8,181,542,55,-4.4,-4.4,100,1015,0,0,0
1988,2,9,9,336,538,129,-1.1,-4.4,78,1015,0,0,0
1988,2,9,10,402,404,200,0.6,-4.4,70,1015,2.1,230,0
1988,2,9,11,373,224,246,2.2,-3.3,67,1014,3.1,210,0
1988,2,9,12,361,91,307,3.3,-2.8,65,1013,2.6,210,0
1988,2,9,13,419,175,321,4.4,-1.1,68,1012,3.1,210,0
1988,2,9,14,338,278,205,4.4,-1.1,68,1011,2.1,210,0
1988,2,9,15,187,76,160,4.4,-2.2,62,1011,2.6,230,0
1988,2,9,16,100,104,79,4.4,-1.1,68,1011,0,0,0
1988,2,9,17,13,2,12,2.8,-1.1,76,1011,0,0,0
1988,2,9,18,0,0,0,1.1,-1.1,85,1011,2.1,120,0
1988,2,9,19,0,0,0,0,-1.7,89,1011,1.5,130,0
1988,2,9,20,0,0,0,-1.7,-2.2,96,1011,1.5,320,0
1988,2,9,21,0,0,0,-2.8,-2.8,100,1012,1.5,10,0
1988,2,9,22,0,0,0,-3.3,-3.3,100,1012,0,0,0
1988,2,9,23,0,0,0,-4.4,-4.4,100,1012,0,0,0
1988,2,10,0,0,0,0,-5,-5,100,1012,0,0,0
1988,2,10,1,0,0,0,-5.6,-5.6,100,1012,0,0,0
1988,2,10,2,0,0,0,-5.6,-5.6,100,1012,0,0,0
1988,2,10,3,0,0,0,-5.6,-5.6,100,1012,0,0,0
1988,2,10,4,0,0,0,-5.6,-5.6,100,1013,2.1,260,0
1988,2,10,5,0,0,0,-6.7,-7.2,96,1013,2.1,160,0
1988,2,10,6,0,0,0,-5.6,-5.6,100,1014,2.6,150,0
1988,2,10,7,41,128,29,0.6,-1.1,89,1015,0,0,0
1988,2,10,8,185,548,56,0.6,-1.1,89,1016,0,0,0
1988,2,10,9,339,511,141,3.9,-2.8,62,1017,2.6,350,0
1988,2,10,10,466,626,151,5.6,-3.9,51,1018,4.6,340,0
1988,2,10,11,534,658,157,6.7,-3.9,47,1017,4.1,360,0
1988,2,10,12,602,796,130,7.2,-4.4,44,1017,3.1,360,0
1988,2,10,13,579,871,89,7.2,-5,42,1016,2.6,10,0
1988,2,10,14,439,620,140,8.3,-5,39,1016,2.6,350,0
1988,2,10,15,310,661,72,7.2,-5.6,40,1016,2.6,360,0
1988,2,10,16,142,411,59,6.7,-4.4,45,1016,2.6,340,0
1988,2,10,17,29,98,19,3.3,-4.4,57,1016,1.5,360,0
1988,2,10,18,0,0,0,0.6,-4.4,70,1017,0,0,0
1988,2,10,19,0,0,0,-0.6,-5,72,1017,2.6,110,0
1988,2,10,20,0,0,0,-0.6,-4.4,75,1017,0,0,0
1988,2,10,21,0,0,0,-2.8,-4.4,89,1017,0,0,0
1988,2,10,22,0,0,0,-3.3,-4.4,92,1018,2.1,50,0
1988,2,10,23,0,0,0,-2.2,-5,82,1018,0,0,0
1988,2,11,0,0,0,0,-4.4,-5.6,92,1018,0,0,0
1988,2,11,1,0,0,0,-5,-5.6,96,1018,0,0,0
1988,2,11,2,0,0,0,-3.9,-4.4,96,1018,2.6,350,0
1988,2,11,3,0,0,0,-6.7,-6.7,100,1018,2.1,320,0
1988,2,11,4,0,0,0,-6.1,-6.7,96,1018,0,0,0
1988,2,11,5,0,0,0,-5.6,-6.1,96,1018,0,0,0
1988,2,11,6,0,0,0,-6.1,-6.7,96,1019,0,0,0
1988,2,11,7,37,36,34,-3.3,-3.3,100,1019,2.1,30,0
1988,2,11,8,145,183,101,0.6,-2.8,79,1019,3.6,110,0
1988,2,11,9,328,404,169,2.8,-2.8,67,1019,3.1,80,0
1988,2,11,10,420,289,273,4.4,-1.7,65,1019,4.1,120,0
1988,2,11,11,539,556,217,5,-2.8,58,1018,3.6,130,0
1988,2,11,12,484,430,226,5.6,-3.9,51,1017,3.1,130,0
1988,2,11,13,401,289,237,6.7,-3.9,47,1016,4.6,100,0
1988,2,11,14,435,440,221,7.2,-3.3,47,1014,5.2,120,0
1988,2,11,15,140,85,109,5,-3.9,53,1014,4.1,120,0
1988,2,11,16,44,19,40,3.9,-2.2,65,1013,3.6,120,0
1988,2,11,17,17,1,17,1.1,0.6,96,1013,2.6,110,0
1988,2,11,18,0,0,0,0.6,0.6,100,1012,3.1,50,0
1988,2,11,19,0,0,0,0.6,0.6,100,1011,3.1,80,0
1988,2,11,20,0,0,0,1.1,1.1,100,1009,4.1,70,0
1988,2,11,21,0,0,0,1.1,1.1,100,1007,4.1,70,0
1988,2,11,22,0,0,0,1.7,1.1,96,1005,4.1,90,0
1988,2,11,23,0,0,0,1.7,1.1,96,1004,3.1,90,0
1988,2,12,0,0,0,0,1.7,1.1,96,1002,3.1,30,0
1988,2,12,1,0,0,0,1.1,1.1,100,1001,3.6,340,0
1988,2,12,2,0,0,0,1.1,1.1,100,1000,3.6,340,0
1988,2,12,3,0,0,0,1.1,1.1,100,998,3.6,340,0
1988,2,12,4,0,0,0,1.1,1.1,100,997,3.1,350,0
1988,2,12,5,0,0,0,1.7,1.7,100,996,3.1,350,0
1988,2,12,6,0,0,0,1.7,1.7,100,996,3.1,340,0
1988,2,12,7,19,4,19,1.7,1.7,100,995,3.1,350,0
1988,2,12,8,86,6,85,1.7,1.7,100,995,3.1,340,0
1988,2,12,9,182,4,181,2.2,2.2,100,994,3.1,330,0
1988,2,12,10,155,8,150,2.2,2.2,100,994,3.6,310,0
1988,2,12,11,284,2,283,2.2,2.2,100,994,3.1,310,0
1988,2,12,12,273,5,270,2.8,2.2,96,993,3.6,310,0
1988,2,12,13,313,3,311,2.8,-0.6,79,992,5.2,330,0
1988,2,12,14,267,1,266,1.1,-4.4,67,992,7.7,320,0
1988,2,12,15,171,1,170,-0.6,-4.4,75,992,7.7,320,0
1988,2,12,16,94,1,94,-1.1,-6.1,69,992,8.8,320,0
1988,2,12,17,22,0,22,-1.7,-8.9,58,993,9.3,310,0
1988,2,12,18,0,0,0,-2.2,-10,56,994,7.7,300,0
1988,2,12,19,0,0,0,-2.8,-10.6,56,994,9.3,300,0
1988,2,12,20,0,0,0,-3.3,-11.1,55,995,8.2,320,0
1988,2,12,21,0,0,0,-4.4,-12.2,55,996,8.8,300,0
1988,2,12,22,0,0,0,-5,-13.3,53,996,9.8,320,0
1988,2,12,23,0,0,0,-5.6,-13.9,52,996,8.8,290,0
1988,2,13,0,0,0,0,-6.1,-13.9,55,997,7.7,300,0
1988,2,13,1,0,0,0,-6.7,-14.4,54,997,7.7,300,0
1988,2,13,2,0,0,0,-6.7,-15,52,997,6.7,290,0
1988,2,13,3,0,0,0,-6.7,-14.4,54,997,6.2,290,0
1988,2,13,4,0,0,0,-6.7,-16.1,47,997,8.2,290,0
1988,2,13,5,0,0,0,-7.2,-16.7,47,998,8.8,300,0
1988,2,13,6,0,0,0,-7.2,-16.7,47,998,7.7,300,0
1988,2,13,7,44,240,21,-7.2,-16.7,47,999,6.2,320,0
1988,2,13,8,205,663,41,-6.1,-16.1,46,999,10.8,300,0
1988,2,13,9,379,751,78,-5,-16.7,40,1000,10.3,300,0
1988,2,13,10,393,459,156,-5,-16.1,42,1000,7.7,290,0
1988,2,13,11,567,779,109,-4.4,-16.1,40,1000,7.7,300,0
1988,2,13,12,604,721,166,-3.9,-15.6,40,1000,7.7,270,0
1988,2,13,13,465,516,167,-3.3,-15.6,39,999,10.3,310,0
1988,2,13,14,418,560,140,-2.2,-15,37,999,9.8,310,0
1988,2,13,15,315,533,116,-2.8,-15.6,37,999,8.8,310,0
1988,2,13,16,162,467,62,-3.3,-15,41,1001,10.3,280,0
1988,2,13,17,28,89,19,-4.4,-15,44,1002,7.7,320,0
1988,2,13,18,0,0,0,-5,-15,46,1003,6.2,300,0
1988,2,13,19,0,0,0,-5,-14.4,48,1003,6.7,300,0
1988,2,13,20,0,0,0,-5,-15,46,1005,5.7,310,0
1988,2,13,21,0,0,0,-5,-15,46,1005,7.2,330,0
1988,2,13,22,0,0,0,-5,-15.6,44,1006,7.7,310,0
1988,2,13,23,0,0,0,-5.6,-16.1,44,1007,5.2,330,0
1988,2,14,0,0,0,0,-6.1,-16.1,46,1008,5.7,320,0
1988,2,14,1,0,0,0,-6.1,-16.7,43,1008,4.6,320,0
1988,2,14,2,0,0,0,-6.7,-16.7,45,1009,4.1,310,0
1988,2,14,3,0,0,0,-7.8,-17.8,45,1010,1.5,190,0
1988,2,14,4,0,0,0,-7.2,-17.8,43,1011,2.1,310,0
1988,2,14,5,0,0,0,-10,-15.6,64,1011,2.6,150,0
1988,2,14,6,0,0,0,-10.6,-14.4,73,1012,0,0,0
1988,2,14,7,47,238,24,-8.9,-13.3,71,1012,2.1,140,0
1988,2,14,8,206,633,47,-4.4,-10,66,1013,2.6,20,0
1988,2,14,9,387,777,73,-2.2,-16.7,33,1013,2.6,340,0
1988,2,14,10,506,783,98,0.6,-16.7,27,1013,2.6,150,0
1988,2,14,11,617,877,98,2.2,-15.6,26,1011,3.1,100,0
1988,2,14,12,643,907,88,2.8,-14.4,27,1011,2.6,110,0
1988,2,14,13,614,910,85,3.9,-16.1,22,1010,4.6,170,0
1988,2,14,14,465,712,108,6.1,-15.6,20,1009,2.6,170,0
1988,2,14,15,341,556,131,6.1,-14.4,22,1009,3.6,150,0
1988,2,14,16,149,282,88,5,-16.7,19,1009,3.6,160,0
1988,2,14,17,29,15,28,2.8,-13.3,30,1008,3.1,150,0
1988,2,14,18,0,0,0,2.2,-12.8,32,1008,3.6,160,0
1988,2,14,19,0,0,0,1.7,-11.7,37,1008,3.1,180,0
1988,2,14,20,0,0,0,1.7,-11.1,39,1007,3.1,170,0
1988,2,14,21,0,0,0,1.1,-8.9,48,1007,3.6,170,0
1988,2,14,22,0,0,0,1.1,-7.8,52,1005,3.6,180,0
1988,2,14,23,0,0,0,2.2,-7.8,48,1004,5.2,180,0
1988,2,15,0,0,0,0,2.2,-7.8,48,1003,3.1,180,0
1988,2,15,1,0,0,0,0.6,-7.8,54,1002,3.1,180,0
1988,2,15,2,0,0,0,1.7,-6.7,54,1001,4.1,180,0
1988,2,15,3,0,0,0,1.7,-5.6,59,1001,4.1,190,0
1988,2,15,4,0,0,0,1.7,-4.4,64,1001,4.6,180,0
1988,2,15,5,0,0,0,1.7,-2.8,73,1000,3.1,180,0
1988,2,15,6,0,0,0,3.3,-0.6,76,999,6.2,180,0
1988,2,15,7,32,25,30,4.4,0.6,76,999,6.7,180,0
1988,2,15,8,131,35,122,5,1.1,76,999,6.2,180,0
1988,2,15,9,100,9,96,5.6,2.2,79,998,5.2,190,0
1988,2,15,10,276,11,270,6.7,2.8,77,997,3.6,180,0
1988,2,15,11,225,7,222,9.4,5.6,77,996,5.2,210,0
1988,2,15,12,239,3,237,10,5.6,74,995,5.7,190,0
1988,2,15,13,231,5,228,10.6,3.9,64,994,7.2,210,0
1988,2,15,14,225,2,224,11.1,7.2,77,993,6.7,190,0
1988,2,15,15,142,2,142,10.6,7.2,80,993,4.6,190,0
1988,2,15,16,89,3,88,9.4,7.2,86,992,1.5,90,0
1988,2,15,17,16,1,16,8.9,7.8,93,992,2.1,70,0
1988,2,15,18,0,0,0,7.2,7.2,100,992,1.5,270,0
1988,2,15,19,0,0,0,6.7,6.7,100,991,2.6,310,0
1988,2,15,20,0,0,0,6.7,6.7,100,991,2.1,10,0
1988,2,15,21,0,0,0,6.7,6.7,100,991,2.6,340,0
1988,2,15,22,0,0,0,6.7,6.7,100,991,3.1,330,0
1988,2,15,23,0,0,0,6.1,6.1,100,990,3.1,350,0
1988,2,16,0,0,0,0,6.1,6.1,100,990,3.1,350,0
1988,2,16,1,0,0,0,5.6,4.4,93,990,4.6,350,0
1988,2,16,2,0,0,0,5,2.8,86,991,5.2,350,0
1988,2,16,3,0,0,0,4.4,2.2,86,992,6.2,330,0
1988,2,16,4,0,0,0,3.3,-0.6,76,994,6.7,320,0
1988,2,16,5,0,0,0,2.8,-1.1,76,995,7.7,330,0
1988,2,16,6,0,0,0,2.8,-2.2,70,997,5.7,320,0
1988,2,16,7,40,113,28,2.2,-2.8,70,998,6.2,320,0
1988,2,16,8,177,346,87,2.8,-3.9,62,1000,7.2,320,0
1988,2,16,9,361,585,119,4.4,-2.8,60,1000,6.7,320,0
1988,2,16,10,517,743,123,4.4,-2.8,60,1001,9.3,320,0
1988,2,16,11,307,131,228,3.9,-3.9,57,1001,7.7,320,0
1988,2,16,12,680,819,171,4.4,-3.9,55,1001,7.2,320,0
1988,2,16,13,501,565,168,6.1,-3.9,49,1001,7.2,320,0
1988,2,16,14,513,898,54,6.7,-3.3,49,1002,6.7,320,0
1988,2,16,15,356,808,44,6.1,-3.9,49,1003,6.7,320,0
1988,2,16,16,184,677,31,5.6,-4.4,49,1003,5.2,310,0
1988,2,16,17,42,254,16,3.9,-5,53,1004,2.6,340,0
1988,2,16,18,0,0,0,2.8,-5,57,1005,3.6,330,0
1988,2,16,19,0,0,0,1.1,-5.6,62,1006,2.1,110,0
1988,2,16,20,0,0,0,1.7,-5,62,1007,2.6,320,0
1988,2,16,21,0,0,0,-0.6,-4.4,75,1007,2.1,10,0
1988,2,16,22,0,0,0,-1.7,-3.9,85,1008,0,0,0
1988,2,16,23,0,0,0,-3.9,-5,92,1008,2.1,190,0
1988,2,17,0,0,0,0,-3.9,-4.4,96,1009,0,0,0
1988,2,17,1,0,0,0,-4.4,-4.4,100,1009,1.5,100,0
1988,2,17,2,0,0,0,-5,-5,100,1009,2.1,110,0
1988,2,17,3,0,0,0,-5.6,-5.6,100,1009,1.5,190,0
1988,2,17,4,0,0,0,-5.6,-5.6,100,1010,0,0,0
1988,2,17,5,0,0,0,-6.1,-6.1,100,1010,2.1,170,0
1988,2,17,6,0,0,0,-5.6,-5.6,100,1011,2.1,40,0
1988,2,17,7,58,405,18,-3.9,-3.9,100,1012,0,0,0
1988,2,17,8,228,737,33,-0.6,-1.7,92,1012,2.1,320,0
1988,2,17,9,408,866,45,4.4,-2.2,62,1012,0,0,0
1988,2,17,10,551,928,55,7.8,-2.2,50,1012,3.1,120,0
1988,2,17,11,639,956,60,9.4,-2.2,44,1011,0,0,0
1988,2,17,12,669,969,62,11.7,-1.7,40,1010,3.1,220,0
1988,2,17,13,624,923,74,12.8,-2.2,36,1009,2.1,340,0
1988,2,17,14,479,669,135,12.8,-2.2,36,1009,2.1,220,0
1988,2,17,15,215,233,124,12.8,-2.2,36,1008,2.1,190,0
1988,2,17,16,152,254,94,12.2,-2.8,35,1008,3.6,170,0
1988,2,17,17,34,35,31,8.9,-3.9,41,1008,2.6,140,0
1988,2,17,18,0,0,0,6.7,-3.9,47,1008,0,0,0
1988,2,17,19,0,0,0,4.4,-2.8,60,1008,0,0,0
1988,2,17,20,0,0,0,2.8,-2.2,70,1008,2.1,200,0
1988,2,17,21,0,0,0,0.6,-1.7,85,1008,1.5,260,0
1988,2,17,22,0,0,0,0,-1.7,89,1008,1.5,60,0
1988,2,17,23,0,0,0,-0.6,-2.2,89,1007,2.6,150,0
1988,2,18,0,0,0,0,-1.7,-2.2,96,1007,0,0,0
1988,2,18,1,0,0,0,-1.7,-1.7,100,1007,0,0,0
1988,2,18,2,0,0,0,-1.7,-2.2,96,1007,0,0,0
1988,2,18,3,0,0,0,-2.2,-2.2,100,1007,0,0,0
1988,2,18,4,0,0,0,-1.1,-1.7,96,1007,0,0,0
1988,2,18,5,0,0,0,-1.7,-2.2,96,1007,1.5,30,0
1988,2,18,6,0,0,0,-2.2,-2.8,96,1008,1.5,80,0
1988,2,18,7,36,77,28,1.1,-0.6,89,1008,0,0,0
1988,2,18,8,146,99,119,3.3,0,79,1009,2.6,340,0
1988,2,18,9,207,84,172,5.6,-0.6,65,1010,0,0,0
1988,2,18,10,494,475,238,7.2,0.6,63,1011,3.1,340,0
1988,2,18,11,406,69,364,8.3,1.1,61,1011,3.1,360,0
1988,2,18,12,585,602,205,10,1.7,57,1010,3.1,360,0
1988,2,18,13,620,770,158,11.1,1.7,53,1009,3.1,350,0
1988,2,18,14,346,335,172,11.7,0.6,47,1009,2.1,40,0
1988,2,18,15,295,338,162,11.1,-0.6,45,1009,2.6,360,0
1988,2,18,16,144,185,101,9.4,0,52,1010,2.6,40,0
1988,2,18,17,23,20,21,8.9,0,54,1010,3.1,50,0
1988,2,18,18,0,0,0,5.6,-0.6,65,1010,2.6,70,0
1988,2,18,19,0,0,0,4.4,-1.1,68,1010,3.6,50,0
1988,2,18,20,0,0,0,5,-0.6,68,1011,2.6,90,0
1988,2,18,21,0,0,0,5.6,0.6,71,1011,1.5,270,0
1988,2,18,22,0,0,0,6.1,-0.6,63,1011,2.6,90,0
1988,2,18,23,0,0,0,5,-0.6,68,1010,2.6,50,0
1988,2,19,0,0,0,0,5.6,-2.8,55,1010,2.1,50,0
1988,2,19,1,0,0,0,3.3,0,79,1009,0,0,0
1988,2,19,2,0,0,0,2.2,0,85,1009,1.5,310,0
1988,2,19,3,0,0,0,2.2,0,85,1009,0,0,0
1988,2,19,4,0,0,0,2.2,0.6,89,1009,0,0,0
1988,2,19,5,0,0,0,2.2,0.6,89,1009,0,0,0
1988,2,19,6,0,0,0,2.2,0.6,89,1009,0,0,0
1988,2,19,7,25,8,24,3.9,-1.1,70,1007,3.1,40,0
1988,2,19,8,107,29,99,5,-2.2,60,1007,2.1,120,0
1988,2,19,9,204,7,200,6.1,-2.2,56,1006,2.6,120,0
1988,2,19,10,256,6,253,6.7,-0.6,60,1005,3.1,130,0
1988,2,19,11,245,0,245,7.8,1.1,63,1004,3.1,120,0
1988,2,19,12,168,3,166,6.7,2.2,74,1002,2.6,130,0
1988,2,19,13,160,6,156,5,3.9,93,1000,2.6,130,0
1988,2,19,14,135,1,134,4.4,4.4,100,999,2.1,60,0
1988,2,19,15,116,2,115,4.4,4.4,100,997,2.6,70,0
1988,2,19,16,62,0,62,4.4,4.4,100,996,2.1,20,0
1988,2,19,17,17,0,17,4.4,4.4,100,994,2.1,50,0
1988,2,19,18,0,0,0,4.4,4.4,100,993,2.1,330,0
1988,2,19,19,0,0,0,3.9,3.9,100,992,2.1,330,0
1988,2,19,20,0,0,0,3.9,3.9,100,992,4.1,300,0
1988,2,19,21,0,0,0,3.9,3.9,100,990,2.1,340,0
1988,2,19,22,0,0,0,3.9,3.9,100,990,1.5,310,0
1988,2,19,23,0,0,0,3.3,3.3,100,989,2.1,190,0
1988,2,20,0,0,0,0,3.3,3.3,100,988,3.6,210,0
1988,2,20,1,0,0,0,3.9,3.9,100,988,3.1,230,0
1988,2,20,2,0,0,0,4.4,4.4,100,988,2.1,240,0
1988,2,20,3,0,0,0,5,5,100,988,2.1,260,0
1988,2,20,4,0,0,0,5,5,100,988,2.6,220,0
1988,2,20,5,0,0,0,5,5,100,989,2.6,210,0
1988,2,20,6,0,0,0,5.6,5.6,100,989,3.6,210,0
1988,2,20,7,38,1,38,5.6,5.6,100,989,1.5,230,0
1988,2,20,8,128,1,127,6.1,6.1,100,990,3.6,210,0
1988,2,20,9,209,2,208,7.2,7.2,100,989,3.1,210,0
1988,2,20,10,271,1,271,9.4,7.8,90,989,3.6,230,0
1988,2,20,11,326,1,325,11.7,8.3,80,988,4.6,220,0
1988,2,20,12,324,2,323,11.7,8.3,80,988,4.1,220,0
1988,2,20,13,335,1,334,11.7,6.7,72,987,4.1,230,0
1988,2,20,14,262,1,262,11.7,7.8,77,987,4.6,220,0
1988,2,20,15,194,0,194,10.6,1.7,55,987,2.6,340,0
1988,2,20,16,117,45,106,10.6,1.7,55,988,2.6,310,0
1988,2,20,17,30,46,25,9.4,0.6,54,988,2.1,300,0
1988,2,20,18,0,0,0,8.3,-0.6,54,989,3.6,300,0
1988,2,20,19,0,0,0,7.8,-0.6,56,990,5.7,310,0
1988,2,20,20,0,0,0,6.7,-1.1,58,991,4.1,300,0
1988,2,20,21,0,0,0,5.6,-3.3,53,992,3.6,270,0
1988,2,20,22,0,0,0,5,-4.4,51,992,3.6,300,0
1988,2,20,23,0,0,0,4.4,-3.3,57,992,4.1,290,0
1988,2,21,0,0,0,0,3.9,-2.2,65,993,4.6,310,0
1988,2,21,1,0,0,0,3.3,-2.8,65,993,4.1,310,0
1988,2,21,2,0,0,0,2.2,-3.3,67,994,6.2,320,0
1988,2,21,3,0,0,0,1.1,-6.1,59,995,6.7,320,0
1988,2,21,4,0,0,0,0.6,-6.1,61,996,6.2,310,0
1988,2,21,5,0,0,0,0,-7.2,59,998,7.7,320,0
1988,2,21,6,0,0,0,-1.1,-12.2,43,1000,8.2,310,0
1988,2,21,7,52,189,32,-1.7,-8.3,61,1001,7.2,320,0
1988,2,21,8,210,547,55,-2.2,-10.6,53,1003,8.2,320,0
1988,2,21,9,398,759,66,-3.3,-15,41,1004,9.3,310,0
1988,2,21,10,532,823,76,-3.3,-15,41,1004,8.8,330,0
1988,2,21,11,626,858,89,-2.8,-13.9,43,1004,6.2,330,0
1988,2,21,12,673,914,83,-2.2,-14.4,39,1004,6.7,320,0
1988,2,21,13,638,908,80,-1.1,-14.4,36,1004,6.2,320,0
1988,2,21,14,531,862,72,-0.6,-13.9,36,1005,6.7,280,0
1988,2,21,15,387,804,59,-0.6,-15,33,1005,5.2,290,0
1988,2,21,16,202,648,42,-0.6,-15.6,32,1005,5.2,300,0
1988,2,21,17,45,236,21,-1.7,-15,36,1006,5.2,310,0
1988,2,21,18,0,0,0,-2.8,-13.9,43,1007,3.1,330,0
1988,2,21,19,0,0,0,-3.3,-13.9,44,1007,2.6,320,0
1988,2,21,20,0,0,0,-4.4,-13.9,48,1008,2.1,320,0
1988,2,21,21,0,0,0,-5,-13.3,53,1008,2.6,310,0
1988,2,21,22,0,0,0,-8.3,-12.2,74,1009,2.6,140,0
1988,2,21,23,0,0,0,-9.4,-11.7,84,1009,3.1,170,0
1988,2,22,0,0,0,0,-9.4,-11.7,84,1009,2.1,180,0
1988,2,22,1,0,0,0,-8.3,-12.2,74,1009,1.5,180,0
1988,2,22,2,0,0,0,-10,-11.7,88,1009,1.5,150,0
1988,2,22,3,0,0,0,-8.9,-11.7,81,1009,1.5,170,0
1988,2,22,4,0,0,0,-10,-12.2,84,1010,2.1,180,0
1988,2,22,5,0,0,0,-9.4,-11.1,88,1010,0,0,0
1988,2,22,6,5,11,1,-10.6,-11.1,96,1011,1.5,130,0
1988,2,22,7,74,506,20,-5.6,-9.4,74,1011,3.6,190,0
1988,2,22,8,268,812,35,-1.7,-8.9,58,1011,5.2,200,0
1988,2,22,9,459,931,48,2.2,-10,40,1010,7.2,200,0
1988,2,22,10,607,974,63,5,-10,33,1009,6.7,190,0
1988,2,22,11,504,567,147,6.7,-10,30,1007,9.3,190,0
1988,2,22,12,583,442,296,8.3,-8.9,29,1006,9.3,220,0
1988,2,22,13,567,532,238,10,-7.2,29,1004,6.2,220,0
1988,2,22,14,541,697,167,11.1,-6.7,28,1003,9.3,180,0
1988,2,22,15,307,436,127,11.7,-6.1,29,1002,9.8,220,0
1988,2,22,16,165,259,100,11.1,-5.6,31,1001,8.2,210,0
1988,2,22,17,45,115,33,10,-5.6,33,1002,5.7,190,0
1988,2,22,18,0,0,0,8.9,-5,37,1002,6.7,200,0
1988,2,22,19,0,0,0,8.9,-4.4,39,1001,6.2,200,0
1988,2,22,20,0,0,0,8.9,-3.3,42,1001,8.2,210,0
1988,2,22,21,0,0,0,8.9,-2.8,44,1001,9.3,200,0
1988,2,22,22,0,0,0,8.9,-2.8,44,1000,9.3,190,0
1988,2,22,23,0,0,0,8.3,-2.2,48,1000,7.2,210,0
1988,2,23,0,0,0,0,8.3,-2.2,48,1000,7.7,210,0
1988,2,23,1,0,0,0,8.9,-1.1,50,1000,9.3,220,0
1988,2,23,2,0,0,0,8.9,-1.1,50,999,8.2,220,0
1988,2,23,3,0,0,0,8.3,-1.1,52,999,7.2,210,0
1988,2,23,4,0,0,0,8.3,-0.6,54,999,9.3,210,0
1988,2,23,5,0,0,0,7.8,-0.6,56,999,6.7,210,0
1988,2,23,6,5,15,1,7.2,0,61,999,7.2,210,0
1988,2,23,7,75,445,26,8.3,0.6,58,999,7.2,210,0
1988,2,23,8,241,490,98,10,1.1,54,999,8.8,220,0
1988,2,23,9,423,805,63,11.7,2.2,53,998,9.3,210,0
1988,2,23,10,486,686,100,13.9,2.8,47,997,8.2,210,0
1988,2,23,11,627,793,123,15.6,3.9,46,997,7.7,220,0
1988,2,23,12,553,463,250,10.6,3.3,61,999,8.8,320,0
1988,2,23,13,408,163,307,8.9,2.8,66,999,7.7,320,0
1988,2,23,14,131,11,125,5.6,4.4,93,1000,5.2,350,0
1988,2,23,15,91,2,90,4.4,4.4,100,1000,3.1,360,0
1988,2,23,16,97,4,96,4.4,4.4,100,1000,1.5,150,0
1988,2,23,17,21,3,20,4.4,4.4,100,1001,0,0,0
1988,2,23,18,0,0,0,3.9,3.9,100,1001,1.5,10,0
1988,2,23,19,0,0,0,3.3,3.3,100,1001,2.1,270,0
1988,2,23,20,0,0,0,5,1.7,79,1002,4.1,330,0
1988,2,23,21,0,0,0,4.4,0.6,76,1002,2.1,10,0
1988,2,23,22,0,0,0,3.3,0.6,82,1003,0,0,0
1988,2,23,23,0,0,0,2.2,1.1,93,1002,0,0,0
1988,2,24,0,0,0,0,1.7,1.7,100,1003,0,0,0
1988,2,24,1,0,0,0,1.7,1.7,100,1003,0,0,0
1988,2,24,2,0,0,0,3.3,-0.6,76,1004,4.1,320,0
1988,2,24,3,0,0,0,2.8,-1.7,73,1004,4.1,320,0
1988,2,24,4,0,0,0,1.7,-4.4,64,1005,5.2,320,0
1988,2,24,5,0,0,0,0.6,-6.7,59,1005,5.7,320,0
1988,2,24,6,2,2,2,-0.6,-8.3,56,1006,9.3,320,0
1988,2,24,7,73,412,26,-0.6,-7.8,59,1007,4.6,320,0
1988,2,24,8,251,698,44,0.6,-8.9,50,1007,3.6,240,0
1988,2,24,9,413,772,64,1.1,-7.8,52,1007,5.7,330,0
1988,2,24,10,540,680,154,1.7,-7.8,50,1007,5.2,330,0
1988,2,24,11,550,500,230,3.3,-6.7,48,1007,6.2,340,0
1988,2,24,12,686,822,144,3.9,-8.3,41,1007,6.2,300,0
1988,2,24,13,517,580,152,3.9,-8.3,41,1006,6.7,310,0
1988,2,24,14,522,783,94,3.3,-11.1,34,1005,6.2,310,0
1988,2,24,15,326,507,113,3.3,-10,37,1005,6.7,310,0
1988,2,24,16,206,550,63,2.8,-10,39,1006,5.2,310,0
1988,2,24,17,50,178,32,1.7,-10.6,40,1006,5.7,310,0
1988,2,24,18,0,0,0,0.6,-10,46,1007,5.2,320,0
1988,2,24,19,0,0,0,-0.6,-10,49,1007,4.1,310,0
1988,2,24,20,0,0,0,0,-10.6,45,1008,4.1,300,0
1988,2,24,21,0,0,0,-1.7,-10.6,51,1008,2.1,240,0
1988,2,24,22,0,0,0,-2.2,-10,56,1008,3.1,280,0
1988,2,24,23,0,0,0,-3.3,-10,60,1008,1.5,290,0
1988,2,25,0,0,0,0,-1.7,-7.8,64,1008,4.1,310,0
1988,2,25,1,0,0,0,-1.7,-7.8,64,1008,4.1,290,0
1988,2,25,2,0,0,0,-3.3,-8.3,69,1008,3.1,260,0
1988,2,25,3,0,0,0,-3.9,-8.3,72,1008,2.1,240,0
1988,2,25,4,0,0,0,-4.4,-8.3,75,1008,3.1,220,0
1988,2,25,5,0,0,0,-3.9,-8.3,72,1008,2.1,280,0
1988,2,25,6,3,11,1,-5.6,-8.3,81,1008,2.1,250,0
1988,2,25,7,74,326,35,-2.8,-7.2,72,1008,2.1,260,0
1988,2,25,8,235,562,66,-2.2,-7.2,69,1009,2.6,270,0
1988,2,25,9,299,197,209,-0.6,-10.6,47,1009,5.2,290,0
1988,2,25,10,294,114,229,0,-10,47,1009,4.6,250,0
1988,2,25,11,247,10,241,0,-9.4,50,1008,4.6,310,0
1988,2,25,12,354,12,345,1.1,-10,44,1007,5.2,290,0
1988,2,25,13,482,320,279,1.7,-8.3,48,1006,4.1,340,0
1988,2,25,14,400,212,284,2.2,-8.3,46,1006,5.7,310,0
1988,2,25,15,381,530,156,1.7,-9.4,44,1006,6.2,290,0
1988,2,25,16,155,220,98,1.1,-8.3,50,1007,4.6,310,0
1988,2,25,17,39,23,37,0,-8.9,52,1007,4.1,320,0
1988,2,25,18,0,0,0,0,-10,47,1008,3.6,320,0
1988,2,25,19,0,0,0,-1.1,-9.4,54,1009,3.1,320,0
1988,2,25,20,0,0,0,-1.7,-8.3,61,1009,3.6,300,0
1988,2,25,21,0,0,0,-2.2,-8.3,63,1010,3.6,310,0
1988,2,25,22,0,0,0,-2.2,-8.9,61,1010,3.1,310,0
1988,2,25,23,0,0,0,-3.3,-8.3,69,1011,3.1,310,0
1988,2,26,0,0,0,0,-5,-8.3,78,1011,1.5,290,0
1988,2,26,1,0,0,0,-6.7,-8.3,88,1011,1.5,280,0
1988,2,26,2,0,0,0,-4.4,-7.2,81,1011,3.1,290,0
1988,2,26,3,0,0,0,-4.4,-7.8,78,1011,2.1,340,0
1988,2,26,4,0,0,0,-5.6,-7.8,85,1011,1.5,310,0
1988,2,26,5,0,0,0,-4.4,-8.3,75,1012,3.1,330,0
1988,2,26,6,8,33,3,-5,-10,68,1012,2.6,360,0
1988,2,26,7,74,261,41,-4.4,-8.3,75,1012,3.1,320,0
1988,2,26,8,276,690,64,-1.7,-9.4,56,1013,2.6,360,0
1988,2,26,9,419,728,83,-1.1,-10,51,1012,3.1,300,0
1988,2,26,10,571,802,107,0,-10,47,1012,1.5,300,0
1988,2,26,11,672,891,93,1.1,-9.4,46,1010,2.1,270,0
1988,2,26,12,682,930,60,3.3,-8.9,41,1009,4.1,220,0
1988,2,26,13,463,381,221,3.3,-9.4,39,1007,5.2,270,0
1988,2,26,14,467,381,255,4.4,-8.9,38,1006,5.2,240,0
1988,2,26,15,225,81,190,4.4,-9.4,36,1005,4.1,220,0
1988,2,26,16,136,32,127,5,-10,33,1004,4.6,200,0
1988,2,26,17,37,53,31,4.4,-10.6,33,1003,4.6,190,0
1988,2,26,18,0,0,0,2.8,-11.7,34,1003,3.6,180,0
1988,2,26,19,0,0,0,0.6,-10.6,44,1002,3.1,160,0
1988,2,26,20,0,0,0,0.6,-9.4,48,1002,3.6,170,0
1988,2,26,21,0,0,0,0,-10,47,1002,3.6,150,0
1988,2,26,22,0,0,0,-1.7,-8.3,61,1001,2.6,140,0
1988,2,26,23,0,0,0,-1.7,-7.2,66,1001,1.5,130,0
1988,2,27,0,0,0,0,-2.2,-6.1,75,1001,2.1,120,0
1988,2,27,1,0,0,0,-2.8,-6.1,78,1000,0,0,0
1988,2,27,2,0,0,0,-1.7,-4.4,82,1000,2.1,360,0
1988,2,27,3,0,0,0,-1.7,-3.3,89,999,1.5,190,0
1988,2,27,4,0,0,0,-1.7,-4.4,82,998,2.1,300,0
1988,2,27,5,0,0,0,-0.6,-4.4,75,998,2.1,320,0
1988,2,27,6,0,0,0,-0.6,-4.4,75,997,0,0,0
1988,2,27,7,36,4,36,-0.6,-3.3,82,997,2.1,340,0
1988,2,27,8,119,6,117,0.6,-2.8,79,996,2.6,340,0
1988,2,27,9,237,8,233,0.6,-2.8,79,995,3.6,30,0
1988,2,27,10,217,3,215,2.2,-3.3,67,995,3.1,330,0
1988,2,27,11,287,8,282,3.9,-4.4,55,995,3.6,40,0
1988,2,27,12,316,6,312,5,-5.6,47,994,2.6,20,0
1988,2,27,13,284,4,282,4.4,-3.3,57,995,4.6,350,0
1988,2,27,14,237,0,237,3.3,0.6,82,995,3.1,20,0
1988,2,27,15,194,0,194,5,-0.6,68,996,4.6,340,0
1988,2,27,16,112,1,112,4.4,0,73,998,3.1,350,0
1988,2,27,17,17,0,17,3.3,0.6,82,999,5.2,330,0
1988,2,27,18,0,0,0,2.8,1.1,89,1000,3.6,10,0
1988,2,27,19,0,0,0,2.2,0.6,89,1001,5.2,330,0
1988,2,27,20,0,0,0,2.2,0,85,1002,5.2,330,0
1988,2,27,21,0,0,0,1.7,-0.6,85,1002,6.2,340,0
1988,2,27,22,0,0,0,1.7,-0.6,85,1003,5.2,340,0
1988,2,27,23,0,0,0,1.1,0,92,1003,4.1,340,0
1988,2,28,0,0,0,0,1.1,0,92,1004,3.6,340,0
1988,2,28,1,0,0,0,1.1,0,92,1005,4.1,350,0
1988,2,28,2,0,0,0,1.1,0,92,1005,3.1,350,0
1988,2,28,3,0,0,0,0.6,-1.1,89,1006,4.1,350,0
1988,2,28,4,0,0,0,0.6,-1.1,89,1007,4.6,350,0
1988,2,28,5,0,0,0,0.6,-1.1,89,1007,2.6,350,0
1988,2,28,6,3,0,3,0,-2.8,82,1008,3.1,350,0
1988,2,28,7,49,0,49,0,-3.3,79,1009,3.1,350,0
1988,2,28,8,101,40,89,0,-2.2,85,1009,3.6,340,0
1988,2,28,9,164,8,161,0.6,-2.2,82,1009,3.1,310,0
1988,2,28,10,256,9,251,1.7,-3.3,70,1009,2.6,350,0
1988,2,28,11,215,1,214,2.8,-3.3,65,1008,3.6,330,0
1988,2,28,12,449,90,387,3.3,-3.9,60,1007,3.6,320,0
1988,2,28,13,490,363,256,4.4,-4.4,53,1006,3.1,40,0
1988,2,28,14,545,682,161,5.6,-4.4,49,1006,2.6,20,0
1988,2,28,15,397,687,97,6.1,-5.6,43,1005,1.5,250,0
1988,2,28,16,209,512,69,5.6,-5.6,45,1005,2.1,150,0
1988,2,28,17,45,142,31,3.3,-5,55,1005,2.6,140,0
1988,2,28,18,0,0,0,1.1,-4.4,67,1005,2.6,160,0
1988,2,28,19,0,0,0,-0.6,-3.9,79,1005,2.6,160,0
1988,2,28,20,0,0,0,-1.1,-3.9,82,1005,2.6,170,0
1988,2,28,21,0,0,0,-1,-4,82,1005,2.7,170,0
1988,2,28,22,0,0,0,-1,-4.3,89,1005,2.9,220,0
1988,2,28,23,0,0,0,-1,-4.5,92,1005,3,180,0
1985,3,1,0,0,0,0,-1,-4.8,67,1012,3.2,170,0
1985,3,1,1,0,0,0,-1,-5,69,1012,3.3,170,0
1985,3,1,2,0,0,0,-1,-5.3,75,1011,3.5,180,0
1985,3,1,3,0,0,0,-1.1,-5.6,72,1010,3.6,170,0
1985,3,1,4,0,0,0,-1.7,-5.6,75,1011,3.6,180,0
1985,3,1,5,0,0,0,-1.7,-5,78,1011,3.1,180,0
1985,3,1,6,10,43,5,-1.7,-5,78,1011,3.6,180,0
1985,3,1,7,86,283,46,-0.6,-4.4,75,1011,2.6,240,0
1985,3,1,8,265,618,67,2.8,-3.3,65,1011,5.7,190,0
1985,3,1,9,431,672,111,6.1,-2.2,56,1010,7.7,190,0
1985,3,1,10,584,711,162,10,-2.2,43,1009,7.7,190,0
1985,3,1,11,601,571,222,12.8,-1.1,39,1009,7.2,210,0
1985,3,1,12,692,726,195,13.9,-1.7,34,1007,8.2,200,0
1985,3,1,13,605,544,250,15.6,-2.8,29,1005,7.2,270,0
1985,3,1,14,321,188,214,15,-3.9,27,1005,7.2,180,0
1985,3,1,15,248,99,205,14.4,-4.4,27,1004,6.2,180,0
1985,3,1,16,131,52,116,13.3,-4.4,29,1003,4.1,180,0
1985,3,1,17,30,1,30,11.7,-4.4,32,1003,3.6,210,0
1985,3,1,18,0,0,0,11.1,-4.4,34,1003,1.5,190,0
1985,3,1,19,0,0,0,10.6,-4.4,35,1002,3.1,150,0
1985,3,1,20,0,0,0,8.9,-3.9,41,1002,3.1,200,0
1985,3,1,21,0,0,0,9.4,-2.8,43,1001,1.5,190,0
1985,3,1,22,0,0,0,8.9,-2.8,44,1001,2.1,200,0
1985,3,1,23,0,0,0,7.2,-2.2,52,1000,2.1,140,0
1985,3,2,0,0,0,0,3.9,-1.7,67,999,0,0,0
1985,3,2,1,0,0,0,2.2,-1.7,76,999,0,0,0
1985,3,2,2,0,0,0,1.1,-1.7,82,999,1.5,310,0
1985,3,2,3,0,0,0,-0.6,-2.2,89,999,1,80,0
1985,3,2,4,0,0,0,0,-2.2,85,1000,1.5,80,0
1985,3,2,5,0,0,0,-1.1,-2.2,92,1001,2.1,70,0
1985,3,2,6,11,50,5,0,-2.2,85,1001,1.5,220,0
1985,3,2,7,98,503,26,3.3,0,79,1001,1.5,170,0
1985,3,2,8,313,694,87,12.2,3.3,55,1003,4.1,310,0
1985,3,2,9,169,61,139,12.8,3.9,55,1003,6.7,310,0
1985,3,2,10,522,549,193,12.8,3.9,55,1004,6.2,310,0
1985,3,2,11,584,493,254,15,3.3,46,1004,6.7,300,0
1985,3,2,12,747,933,104,16.1,2.2,40,1003,6.2,300,0
1985,3,2,13,650,852,91,17.8,-1.1,28,1003,7.7,320,0
1985,3,2,14,583,891,72,17.8,-1.7,27,1003,7.2,320,0
1985,3,2,15,431,851,52,16.7,-1.7,29,1003,6.7,330,0
1985,3,2,16,243,726,38,14.4,-1.7,33,1005,6.2,10,0
1985,3,2,17,62,398,21,11.1,-1.7,41,1006,4.1,360,0
1985,3,2,18,0,0,0,9.4,-2.2,44,1007,3.6,360,0
1985,3,2,19,0,0,0,7.2,-2.2,52,1009,3.6,340,0
1985,3,2,20,0,0,0,7.2,-2.2,52,1009,2.1,330,0
1985,3,2,21,0,0,0,6.7,-2.2,54,1010,6.7,320,0
1985,3,2,22,0,0,0,5.6,-2.8,55,1011,2.6,350,0
1985,3,2,23,0,0,0,6.1,-4.4,47,1012,4.1,340,0
1985,3,3,0,0,0,0,4.4,-3.9,55,1013,3.1,350,0
1985,3,3,1,0,0,0,4.4,-6.1,47,1013,3.1,350,0
1985,3,3,2,0,0,0,2.2,-5.6,57,1013,2.6,350,0
1985,3,3,3,0,0,0,1.1,-5.6,62,1014,2.6,360,0
1985,3,3,4,0,0,0,0.6,-5,67,1014,2.6,20,0
1985,3,3,5,0,0,0,-1.1,-5.6,72,1015,2.6,350,0
1985,3,3,6,7,8,6,-1.7,-5.6,75,1015,4.1,30,0
1985,3,3,7,88,268,48,1.1,-5,64,1016,3.1,20,0
1985,3,3,8,281,653,65,3.3,-5,55,1017,5.7,20,0
1985,3,3,9,472,720,122,5,-5,49,1017,5.2,30,0
1985,3,3,10,588,704,163,6.7,-5,44,1017,2.6,40,0
1985,3,3,11,679,728,188,8.3,-5,39,1017,3.6,260,0
1985,3,3,12,711,683,238,9.4,-5,36,1016,2.1,30,0
1985,3,3,13,653,736,167,11.1,-7.2,27,1016,2.6,350,0
1985,3,3,14,554,658,174,11.1,-7.2,27,1015,2.1,80,0
1985,3,3,15,383,636,98,12.2,-7.2,25,1015,1.5,20,0
1985,3,3,16,234,613,59,11.7,-7.8,25,1015,1.5,240,0
1985,3,3,17,56,249,30,8.9,-7.2,32,1015,3.1,120,0
1985,3,3,18,0,0,0,6.1,-7.2,38,1015,2.6,100,0
1985,3,3,19,0,0,0,5.6,-5,47,1015,4.1,110,0
1985,3,3,20,0,0,0,4.4,-4.4,53,1016,3.6,100,0
1985,3,3,21,0,0,0,3.9,-5,53,1016,2.6,130,0
1985,3,3,22,0,0,0,1.1,-4.4,67,1015,2.6,180,0
1985,3,3,23,0,0,0,1.7,-5.6,59,1015,2.1,130,0
1985,3,4,0,0,0,0,1.7,-3.9,67,1015,2.6,150,0
1985,3,4,1,0,0,0,0.6,-2.8,79,1015,1,120,0
1985,3,4,2,0,0,0,1.7,-0.6,85,1015,2.1,80,0
1985,3,4,3,0,0,0,2.2,0,85,1015,0,0,0
1985,3,4,4,0,0,0,2.8,0.6,86,1015,2.1,110,0
1985,3,4,5,0,0,0,3.3,-0.6,76,1015,2.6,110,0
1985,3,4,6,8,3,7,3.3,0.6,82,1015,2.6,100,0
1985,3,4,7,42,16,40,3.3,1.7,89,1015,4.1,110,0
1985,3,4,8,149,7,147,3.9,1.1,82,1015,5.7,120,0
1985,3,4,9,145,11,139,3.9,1.1,82,1015,4.1,120,0
1985,3,4,10,180,9,175,3.3,2.8,96,1014,3.1,90,0
1985,3,4,11,190,5,186,3.3,2.8,96,1013,3.1,70,0
1985,3,4,12,184,8,178,3.3,3.3,100,1012,3.1,130,0
1985,3,4,13,194,5,191,3.9,3.3,96,1010,1.5,110,0
1985,3,4,14,157,1,156,3.9,3.3,96,1009,1.5,150,0
1985,3,4,15,210,1,210,4.4,3.9,96,1007,2.6,140,0
1985,3,4,16,142,1,141,4.4,3.9,96,1005,4.1,170,0
1985,3,4,17,44,0,44,5,4.4,96,1004,4.1,190,0
1985,3,4,18,0,0,0,5,4.4,96,1003,4.1,180,0
1985,3,4,19,0,0,0,5,4.4,96,1002,5.2,170,0
1985,3,4,20,0,0,0,5,4.4,96,1000,6.7,190,0
1985,3,4,21,0,0,0,5.6,5.6,100,1000,5.2,220,0
1985,3,4,22,0,0,0,6.1,6.1,100,999,5.2,180,0
1985,3,4,23,0,0,0,6.1,6.1,100,998,3.6,210,0
1985,3,5,0,0,0,0,7.2,7.2,100,998,5.2,180,0
1985,3,5,1,0,0,0,9.4,8.9,96,998,5.7,210,0
1985,3,5,2,0,0,0,10,9.4,96,998,0,0,0
1985,3,5,3,0,0,0,10,9.4,96,997,2.1,130,0
1985,3,5,4,0,0,0,11.1,10.6,96,997,3.6,190,0
1985,3,5,5,0,0,0,11.1,10.6,96,998,3.1,320,0
1985,3,5,6,6,9,4,10.6,10,96,999,3.6,260,0
1985,3,5,7,95,311,46,13.9,5,55,999,5.7,270,0
1985,3,5,8,278,590,77,16.1,4.4,46,999,3.6,260,0
1985,3,5,9,458,718,102,18.9,0.6,29,1000,8.8,290,0
1985,3,5,10,606,793,119,17.8,2.2,36,999,7.2,280,0
1985,3,5,11,692,823,129,18.9,0.6,29,999,8.8,290,0
1985,3,5,12,715,830,131,20,-2.2,22,999,7.7,310,0
1985,3,5,13,675,818,127,20,-1.7,23,999,7.7,310,0
1985,3,5,14,573,780,115,19.4,-2.8,22,999,9.3,320,0
1985,3,5,15,417,700,96,14.4,-4.4,27,1001,10.8,330,0
1985,3,5,16,228,539,69,14.4,-4.4,27,1002,10.8,330,0
1985,3,5,17,54,191,34,11.1,-3.9,35,1004,6.7,340,0
1985,3,5,18,1,0,1,8.9,-3.9,41,1006,8.2,320,0
1985,3,5,19,0,0,0,6.1,-4.4,47,1008,9.3,320,0
1985,3,5,20,0,0,0,4.4,-5.6,49,1010,9.3,330,0
1985,3,5,21,0,0,0,3.9,-6.7,47,1012,9.3,340,0
1985,3,5,22,0,0,0,2.8,-6.7,50,1013,9.3,330,0
1985,3,5,23,0,0,0,1.7,-7.8,50,1013,6.2,330,0
1985,3,6,0,0,0,0,1.1,-7.8,52,1014,6.2,310,0
1985,3,6,1,0,0,0,1.1,-7.8,52,1015,5.2,300,0
1985,3,6,2,0,0,0,1.1,-7.2,54,1015,5.7,310,0
1985,3,6,3,0,0,0,0.6,-7.2,56,1016,7.2,310,0
1985,3,6,4,0,0,0,0.6,-7.2,56,1017,7.2,300,0
1985,3,6,5,0,0,0,-0.6,-8.9,54,1018,5.2,310,0
1985,3,6,6,7,17,5,-1.7,-8.9,58,1019,6.7,340,0
1985,3,6,7,107,403,42,-0.6,-8.3,56,1020,7.7,340,0
1985,3,6,8,292,648,67,0,-10,47,1021,8.8,320,0
1985,3,6,9,490,801,88,1.1,-10,44,1022,8.2,330,0
1985,3,6,10,637,864,103,2.2,-9.4,42,1022,7.2,330,0
1985,3,6,11,723,888,111,2.8,-9.4,41,1023,6.2,10,0
1985,3,6,12,754,904,113,3.9,-10,36,1023,5.7,360,0
1985,3,6,13,710,890,109,5,-9.4,35,1022,5.7,330,0
1985,3,6,14,604,854,100,5.6,-10,32,1023,4.1,340,0
1985,3,6,15,445,782,83,5.6,-10,32,1023,4.1,360,0
1985,3,6,16,248,630,60,5,-9.4,35,1024,5.2,330,0
1985,3,6,17,62,275,32,2.8,-10,39,1024,4.1,330,0
1985,3,6,18,2,1,1,0.6,-10,46,1025,2.6,40,0
1985,3,6,19,0,0,0,-1.7,-9.4,56,1025,3.6,50,0
1985,3,6,20,0,0,0,-2.2,-8.9,61,1025,2.6,50,0
1985,3,6,21,0,0,0,-3.3,-9.4,63,1026,0,0,0
1985,3,6,22,0,0,0,-6.1,-8.9,81,1026,2.1,240,0
1985,3,6,23,0,0,0,-6.1,-8.9,81,1027,0,0,0
1985,3,7,0,0,0,0,-7.2,-9.4,84,1027,0,0,0
1985,3,7,1,0,0,0,-6.7,-9.4,81,1027,2.1,60,0
1985,3,7,2,0,0,0,-8.9,-10,92,1027,1.5,280,0
1985,3,7,3,0,0,0,-8.3,-9.4,92,1027,1.5,350,0
1985,3,7,4,0,0,0,-7.8,-9.4,88,1027,2.1,90,0
1985,3,7,5,0,0,0,-8.3,-9.4,92,1028,0,0,0
1985,3,7,6,17,61,10,-8.9,-10,92,1028,0,0,0
1985,3,7,7,124,439,50,-4.4,-7.2,81,1028,0,0,0
1985,3,7,8,273,361,146,-2.2,-5.6,78,1028,1.5,220,0
1985,3,7,9,337,274,198,2.2,-5.6,57,1028,5.2,190,0
1985,3,7,10,500,346,284,3.3,-6.7,48,1027,5.7,200,0
1985,3,7,11,478,123,393,6.1,-6.7,40,1026,6.7,190,0
1985,3,7,12,319,5,316,6.1,-7.2,38,1024,5.7,170,0
1985,3,7,13,363,191,233,7.2,-7.2,35,1022,7.2,210,0
1985,3,7,14,450,214,322,8.3,-7.2,33,1020,5.2,190,0
1985,3,7,15,297,173,217,8.9,-7.2,32,1019,6.7,200,0
1985,3,7,16,145,44,132,8.9,-7.2,32,1018,6.2,170,0
1985,3,7,17,53,26,50,8.3,-7.2,33,1018,4.1,160,0
1985,3,7,18,0,0,0,7.8,-7.2,34,1018,3.6,160,0
1985,3,7,19,0,0,0,8.3,-7.2,33,1017,4.6,160,0
1985,3,7,20,0,0,0,7.8,-5,40,1017,4.1,170,0
1985,3,7,21,0,0,0,7.8,-4.4,42,1016,4.1,150,0
1985,3,7,22,0,0,0,7.2,-2.8,49,1014,6.2,180,0
1985,3,7,23,0,0,0,7.2,-1.1,56,1014,4.1,180,0
1985,3,8,0,0,0,0,8.3,-0.6,54,1013,4.1,160,0
1985,3,8,1,0,0,0,8.3,0,56,1012,5.7,180,0
1985,3,8,2,0,0,0,7.8,1.1,63,1011,5.7,190,0
1985,3,8,3,0,0,0,7.2,2.8,74,1010,3.1,160,0
1985,3,8,4,0,0,0,6.7,3.3,80,1009,3.6,170,0
1985,3,8,5,0,0,0,6.1,3.9,86,1010,3.1,160,0
1985,3,8,6,10,0,10,6.7,2.8,77,1009,3.1,170,0
1985,3,8,7,49,2,48,7.2,1.1,66,1009,5.7,180,0
1985,3,8,8,111,5,109,7.2,1.1,66,1009,4.6,190,0
1985,3,8,9,201,4,200,8.3,1.1,61,1008,5.7,190,0
1985,3,8,10,338,83,286,8.9,1.7,61,1007,5.7,190,0
1985,3,8,11,233,8,228,10,3.3,64,1007,5.2,190,0
1985,3,8,12,232,2,231,10.6,3.9,64,1006,5.7,180,0
1985,3,8,13,334,5,331,12.2,3.9,57,1005,5.7,200,0
1985,3,8,14,299,10,293,13.3,4.4,55,1005,5.2,210,0
1985,3,8,15,156,1,155,13.9,5,55,1005,3.1,200,0
1985,3,8,16,124,2,123,13.3,5.6,60,1005,3.6,200,0
1985,3,8,17,35,0,35,12.8,6.7,67,1005,4.1,200,0
1985,3,8,18,1,0,1,12.8,7.2,69,1005,3.1,180,0
1985,3,8,19,0,0,0,12.8,7.8,72,1006,3.6,270,0
1985,3,8,20,0,0,0,15,3.9,48,1007,3.6,250,0
1985,3,8,21,0,0,0,13.9,3.3,49,1007,4.6,280,0
1985,3,8,22,0,0,0,12.8,3.3,53,1007,4.1,290,0
1985,3,8,23,0,0,0,12.8,2.8,51,1007,4.6,290,0
1985,3,9,0,0,0,0,11.7,2.8,55,1007,2.6,300,0
1985,3,9,1,0,0,0,11.7,2.8,55,1008,4.1,300,0
1985,3,9,2,0,0,0,11.1,1.1,51,1008,5.2,310,0
1985,3,9,3,0,0,0,10,0.6,52,1008,4.1,290,0
1985,3,9,4,0,0,0,8.9,-1.1,50,1009,6.2,320,0
1985,3,9,5,0,0,0,6.7,-1.7,56,1010,3.6,310,0
1985,3,9,6,11,8,10,5,-2.2,60,1011,4.1,300,0
1985,3,9,7,98,212,60,6.7,-1.1,58,1012,4.1,300,0
1985,3,9,8,276,446,114,9.4,-2.2,44,1012,5.2,320,0
1985,3,9,9,507,849,69,11.7,-2.8,37,1012,6.2,320,0
1985,3,9,10,620,797,115,12.2,-3.3,34,1012,5.7,310,0
1985,3,9,11,736,924,86,13.9,-4.4,28,1011,6.2,340,0
1985,3,9,12,748,915,87,15.6,-3.9,26,1010,6.7,310,0
1985,3,9,13,723,928,85,16.1,-3.9,25,1009,5.2,310,0
1985,3,9,14,619,898,77,17.2,-4.4,23,1008,6.2,280,0
1985,3,9,15,422,681,99,17.8,-5.6,20,1007,5.2,310,0
1985,3,9,16,269,716,48,16.7,-6.1,21,1007,6.7,320,0
1985,3,9,17,78,416,27,13.9,-5,27,1008,6.2,320,0
1985,3,9,18,5,12,2,12.2,-5,30,1009,6.7,330,0
1985,3,9,19,0,0,0,10.6,-5.6,32,1010,5.2,320,0
1985,3,9,20,0,0,0,8.3,-5.6,37,1010,3.1,300,0
1985,3,9,21,0,0,0,7.2,-5.6,40,1011,2.6,260,0
1985,3,9,22,0,0,0,3.3,-4.4,57,1011,1.5,260,0
1985,3,9,23,0,0,0,1.7,-4.4,64,1011,1.5,230,0
1985,3,10,0,0,0,0,1.1,-3.9,70,1011,1.5,240,0
1985,3,10,1,0,0,0,5,-3.9,53,1011,4.1,310,0
1985,3,10,2,0,0,0,7.2,-2.8,49,1011,4.6,320,0
1985,3,10,3,0,0,0,6.1,-2.2,56,1011,4.1,330,0
1985,3,10,4,0,0,0,3.3,-2.2,67,1012,4.1,330,0
1985,3,10,5,0,0,0,6.1,-2.2,56,1012,2.1,320,0
1985,3,10,6,22,112,10,3.9,-2.8,62,1012,3.1,300,0
1985,3,10,7,144,620,29,7.2,-1.7,54,1013,2.6,220,0
1985,3,10,8,348,826,45,10.6,-2.2,41,1013,4.1,280,0
1985,3,10,9,538,918,59,12.2,-2.8,35,1013,4.6,310,0
1985,3,10,10,686,967,68,14.4,-3.3,29,1012,7.7,290,0
1985,3,10,11,774,989,73,14.4,-2.8,31,1012,6.7,290,0
1985,3,10,12,794,990,75,16.1,-3.3,26,1011,7.2,300,0
1985,3,10,13,752,982,72,16.7,-3.9,24,1010,6.2,320,0
1985,3,10,14,645,954,65,17.2,-3.9,24,1009,7.7,310,0
1985,3,10,15,483,896,55,17.8,-6.1,19,1009,6.2,310,0
1985,3,10,16,285,782,40,16.7,-7.2,19,1009,5.2,290,0
1985,3,10,17,85,494,24,14.4,-7.2,22,1009,3.1,300,0
1985,3,10,18,7,25,2,10.6,-5.6,32,1010,2.6,280,0
1985,3,10,19,0,0,0,6.7,-5,44,1010,2.1,80,0
1985,3,10,20,0,0,0,2.8,-4.4,59,1010,0,0,0
1985,3,10,21,0,0,0,2.2,-3.9,64,1011,2.6,110,0
1985,3,10,22,0,0,0,2.2,-3.9,64,1011,0,0,0
1985,3,10,23,0,0,0,0.6,-3.9,73,1011,0,0,0
1985,3,11,0,0,0,0,-0.6,-3.9,79,1011,1.5,220,0
1985,3,11,1,0,0,0,-1.7,-3.9,85,1011,1.5,160,0
1985,3,11,2,0,0,0,0.6,-4.4,70,1010,2.6,160,0
1985,3,11,3,0,0,0,0.6,-4.4,70,1010,1,150,0
1985,3,11,4,0,0,0,-1.7,-3.3,89,1010,1.5,260,0
1985,3,11,5,0,0,0,-1.1,-3.3,85,1010,0,0,0
1985,3,11,6,24,15,22,-1.1,-2.8,89,1010,1.5,100,0
1985,3,11,7,108,182,74,3.9,0,76,1010,0,0,0
1985,3,11,8,305,501,119,7.2,0.6,63,1010,3.6,200,0
1985,3,11,9,471,412,254,11.7,-0.6,43,1010,4.6,190,0
1985,3,11,10,465,212,329,15.6,-1.1,32,1009,5.7,170,0
1985,3,11,11,325,17,313,14.4,-1.7,33,1009,7.2,210,0
1985,3,11,12,328,7,323,12.8,-0.6,40,1009,7.7,240,0
1985,3,11,13,165,1,164,12.2,2.2,51,1007,8.2,190,0
1985,3,11,14,200,12,192,10.6,4.4,66,1006,6.2,210,0
1985,3,11,15,119,1,118,10.6,5.6,72,1004,6.7,180,0
1985,3,11,16,78,2,77,10.6,4.4,66,1003,6.7,170,0
1985,3,11,17,30,3,29,9.4,5.6,77,1002,5.2,170,0
1985,3,11,18,1,0,1,9.4,5,74,1002,6.2,170,0
1985,3,11,19,0,0,0,10,5,71,1000,6.7,170,0
1985,3,11,20,0,0,0,9.4,6.1,80,1000,5.7,170,0
1985,3,11,21,0,0,0,8.9,7.2,89,1000,7.2,180,0
1985,3,11,22,0,0,0,8.9,7.8,93,998,5.7,190,0
1985,3,11,23,0,0,0,8.9,7.8,93,996,5.2,180,0
1985,3,12,0,0,0,0,9.4,7.8,90,994,6.2,180,0
1985,3,12,1,0,0,0,9.4,7.2,86,992,6.7,160,0
1985,3,12,2,0,0,0,9.4,7.2,86,990,6.7,170,0
1985,3,12,3,0,0,0,9.4,7.2,86,988,4.6,180,0
1985,3,12,4,0,0,0,10.6,6.1,74,987,6.7,200,0
1985,3,12,5,0,0,0,12.2,6.1,67,986,7.7,200,0
1985,3,12,6,13,0,13,12.8,6.1,64,985,8.2,210,0
1985,3,12,7,78,1,78,13.3,7.2,67,986,7.7,230,0
1985,3,12,8,186,0,186,13.3,7.2,67,987,4.6,270,0
1985,3,12,9,376,257,239,13.9,0.6,40,989,11.3,300,0
1985,3,12,10,621,653,198,13.9,-0.6,37,990,10.3,300,0
1985,3,12,11,600,579,185,13.9,-2.8,32,991,13.4,280,0
1985,3,12,12,565,343,313,12.8,-2.8,34,991,14.4,290,0
1985,3,12,13,616,596,198,12.8,-2.2,36,991,15.4,310,0
1985,3,12,14,487,433,220,12.2,-2.2,37,993,10.3,290,0
1985,3,12,15,233,184,144,12.2,-2.2,37,993,11.3,300,0
1985,3,12,16,212,253,131,11.7,-1.7,40,993,11.3,290,0
1985,3,12,17,65,162,44,10,-1.7,45,994,8.2,310,0
1985,3,12,18,4,6,3,9.4,-1.1,48,995,11.3,300,0
1985,3,12,19,0,0,0,9.4,-0.6,50,995,10.3,300,0
1985,3,12,20,0,0,0,9.4,-0.6,50,996,8.8,290,0
1985,3,12,21,0,0,0,10,0,50,998,5.7,280,0
1985,3,12,22,0,0,0,9.4,0,52,998,6.7,300,0
1985,3,12,23,0,0,0,9.4,0,52,998,7.2,310,0
1985,3,13,0,0,0,0,9.4,0,52,998,10.3,310,0
1985,3,13,1,0,0,0,8.3,0,56,999,4.6,300,0
1985,3,13,2,0,0,0,8.3,-0.6,54,1000,6.2,300,0
1985,3,13,3,0,0,0,6.1,0,65,1000,6.2,290,0
1985,3,13,4,0,0,0,5.6,-0.6,65,1001,4.6,270,0
1985,3,13,5,0,0,0,6.1,0,65,1002,6.2,300,0
1985,3,13,6,19,19,17,3.9,-0.6,73,1003,4.6,270,0
1985,3,13,7,125,289,67,7.8,0,58,1004,7.7,310,0
1985,3,13,8,282,318,161,9.4,-0.6,50,1004,7.2,320,0
1985,3,13,9,480,479,222,10.6,-0.6,47,1005,6.7,320,0
1985,3,13,10,610,580,231,12.2,0,43,1005,7.2,310,0
1985,3,13,11,729,713,214,13.3,-0.6,39,1004,8.8,280,0
1985,3,13,12,452,92,384,13.3,-1.1,37,1004,5.7,300,0
1985,3,13,13,441,144,340,13.9,-1.7,34,1003,6.2,300,0
1985,3,13,14,452,302,265,15,-1.7,32,1002,3.1,260,0
1985,3,13,15,212,72,176,15.6,-1.7,31,1001,2.6,310,0
1985,3,13,16,206,174,150,15,-2.8,30,1001,2.1,260,0
1985,3,13,17,50,28,46,13.3,-1.7,36,1001,2.1,210,0
1985,3,13,18,2,2,2,11.7,-2.2,38,1000,2.1,170,0
1985,3,13,19,0,0,0,11.1,0,47,1001,0,0,0
1985,3,13,20,0,0,0,10.6,1.1,52,1001,0,0,0
1985,3,13,21,0,0,0,10.6,1.7,55,1000,2.1,140,0
1985,3,13,22,0,0,0,10,1.7,57,1000,2.1,340,0
1985,3,13,23,0,0,0,11.1,-1.1,43,1000,5.7,340,0
1985,3,14,0,0,0,0,10.6,-0.6,47,1000,4.1,330,0
1985,3,14,1,0,0,0,10.6,0.6,50,1000,6.2,320,0
1985,3,14,2,0,0,0,10,1.1,54,1000,7.7,320,0
1985,3,14,3,0,0,0,9.4,1.7,59,1000,8.2,330,0
1985,3,14,4,0,0,0,8.9,1.7,61,1000,6.2,330,0
1985,3,14,5,0,0,0,8.9,1.7,61,1001,7.2,330,0
1985,3,14,6,10,3,10,8.3,1.7,63,1001,8.2,330,0
1985,3,14,7,94,34,87,8.9,1.7,61,1001,7.2,330,0
1985,3,14,8,177,149,119,10.6,2.2,57,1001,8.8,330,0
1985,3,14,9,430,278,280,11.1,2.2,55,1003,9.3,330,0
1985,3,14,10,498,398,236,12.8,2.2,49,1003,8.8,320,0
1985,3,14,11,624,487,269,13.9,1.7,44,1002,8.2,320,0
1985,3,14,12,339,3,337,13.3,0,40,1002,8.2,310,0
1985,3,14,13,313,10,307,12.8,-0.6,40,1001,8.8,310,0
1985,3,14,14,210,6,207,12.8,-0.6,40,1001,6.7,310,0
1985,3,14,15,187,9,182,12.2,-1.7,38,1001,5.7,310,0
1985,3,14,16,108,3,107,10.6,-2.2,41,1001,4.1,300,0
1985,3,14,17,38,2,38,10,-1.7,45,1002,2.6,280,0
1985,3,14,18,2,0,2,8.9,-1.7,48,1002,1.5,230,0
1985,3,14,19,0,0,0,7.2,-1.1,56,1003,0,0,0
1985,3,14,20,0,0,0,6.7,-1.1,58,1004,2.6,260,0
1985,3,14,21,0,0,0,6.1,-1.7,58,1004,2.6,330,0
1985,3,14,22,0,0,0,5.6,-2.8,55,1004,2.6,290,0
1985,3,14,23,0,0,0,3.9,-3.3,60,1004,2.6,280,0
1985,3,15,0,0,0,0,4.4,-3.3,57,1004,3.6,280,0
1985,3,15,1,0,0,0,6.1,-2.8,53,1004,5.2,310,0
1985,3,15,2,0,0,0,6.1,-2.2,56,1004,5.7,300,0
1985,3,15,3,0,0,0,2.8,-2.8,67,1004,4.1,300,0
1985,3,15,4,0,0,0,5,-2.8,58,1004,5.7,310,0
1985,3,15,5,0,0,0,4.4,-3.9,55,1005,6.7,360,0
1985,3,15,6,25,90,16,4.4,-3.9,55,1006,7.2,300,0
1985,3,15,7,156,538,43,5.6,-5,47,1007,9.3,310,0
1985,3,15,8,360,753,65,6.1,-5,45,1007,10.8,310,0
1985,3,15,9,531,807,89,7.2,-5.6,40,1008,10.3,300,0
1985,3,15,10,652,769,142,8.3,-6.1,36,1008,11.3,300,0
1985,3,15,11,802,930,121,8.9,-6.7,33,1009,10.8,310,0
1985,3,15,12,810,943,103,10,-7.2,29,1009,8.8,320,0
1985,3,15,13,761,926,100,10,-7.2,29,1008,7.7,310,0
1985,3,15,14,651,892,91,10.6,-8.9,25,1008,10.3,320,0
1985,3,15,15,494,840,77,10.6,-8.9,25,1008,10.8,320,0
1985,3,15,16,293,712,57,9.4,-9.4,26,1008,7.7,300,0
1985,3,15,17,93,413,34,8.3,-9.4,28,1009,6.2,310,0
1985,3,15,18,6,18,4,5,-9.4,35,1010,3.6,340,0
1985,3,15,19,0,0,0,4.4,-8.9,38,1011,4.1,310,0
1985,3,15,20,0,0,0,3.3,-8.3,43,1011,3.1,310,0
1985,3,15,21,0,0,0,1.1,-8.9,48,1012,3.1,290,0
1985,3,15,22,0,0,0,0,-7.8,56,1013,2.6,150,0
1985,3,15,23,0,0,0,-1.1,-7.8,61,1013,3.6,150,0
1985,3,16,0,0,0,0,0.6,-8.3,52,1013,3.1,300,0
1985,3,16,1,0,0,0,-1.7,-7.8,64,1013,2.1,360,0
1985,3,16,2,0,0,0,-1.7,-7.8,64,1013,3.1,340,0
1985,3,16,3,0,0,0,-2.2,-7.8,66,1013,0,0,0
1985,3,16,4,0,0,0,-4.4,-7.8,78,1014,2.6,310,0
1985,3,16,5,0,0,0,-4.4,-7.8,78,1014,1.5,160,0
1985,3,16,6,22,18,20,-5,-7.2,85,1014,0,0,0
1985,3,16,7,135,314,68,1.1,-5,64,1015,0,0,0
1985,3,16,8,336,558,114,4.4,-6.7,45,1015,1.5,150,0
1985,3,16,9,519,603,186,7.2,-6.7,37,1014,1.5,350,0
1985,3,16,10,651,659,210,9.4,-5.6,35,1014,2.6,240,0
1985,3,16,11,726,590,291,10.6,-6.1,31,1012,6.7,200,0
1985,3,16,12,743,598,291,10.6,-6.1,31,1011,5.2,200,0
1985,3,16,13,675,566,269,12.8,-5.6,28,1009,5.7,200,0
1985,3,16,14,618,532,282,13.3,-6.7,25,1008,8.8,200,0
1985,3,16,15,397,286,254,13.3,-6.1,26,1007,6.2,180,0
1985,3,16,16,245,302,144,13.3,-6.7,25,1006,5.2,190,0
1985,3,16,17,68,85,56,11.7,-6.7,27,1005,4.1,190,0
1985,3,16,18,3,0,3,10,-7.2,29,1004,4.1,120,0
1985,3,16,19,0,0,0,7.2,-2.8,49,1004,4.1,140,0
1985,3,16,20,0,0,0,7.2,-2.8,49,1003,4.6,150,0
1985,3,16,21,0,0,0,7.8,-1.7,52,1002,5.2,170,0
1985,3,16,22,0,0,0,7.2,-1.7,54,1002,6.2,180,0
1985,3,16,23,0,0,0,7.2,-1.7,54,1001,5.7,170,0
1985,3,17,0,0,0,0,6.7,-1.1,58,1000,5.2,180,0
1985,3,17,1,0,0,0,6.7,-0.6,60,999,4.1,180,0
1985,3,17,2,0,0,0,5.6,-0.6,65,999,2.6,200,0
1985,3,17,3,0,0,0,4.4,-0.6,70,998,3.1,190,0
1985,3,17,4,0,0,0,4.4,-1.1,68,997,1.5,180,0
1985,3,17,5,0,0,0,2.2,-1.1,79,997,0,0,0
1985,3,17,6,24,13,22,2.8,-1.1,76,998,0,0,0
1985,3,17,7,95,68,80,7.2,-2.2,52,998,6.2,330,0
1985,3,17,8,219,165,152,9.4,-0.6,50,998,5.7,320,0
1985,3,17,9,274,125,204,10.6,-1.7,43,998,9.3,310,0
1985,3,17,10,531,553,158,10.6,-2.8,40,998,7.2,310,0
1985,3,17,11,747,773,174,10.6,-4.4,35,997,8.8,310,0
1985,3,17,12,790,906,103,11.7,-4.4,32,996,8.8,310,0
1985,3,17,13,726,820,133,11.7,-5.6,30,995,9.3,320,0
1985,3,17,14,650,791,147,11.7,-6.7,27,995,8.2,330,0
1985,3,17,15,466,706,110,10.6,-7.8,27,995,8.8,310,0
1985,3,17,16,202,111,165,9.4,-7.8,29,996,10.8,330,0
1985,3,17,17,103,481,32,7.8,-8.9,30,997,4.6,320,0
1985,3,17,18,11,50,5,5.6,-8.3,36,997,6.2,330,0
1985,3,17,19,0,0,0,3.3,-6.7,48,998,5.2,330,0
1985,3,17,20,0,0,0,2.2,-6.1,55,999,5.2,330,0
1985,3,17,21,0,0,0,0.6,-6.1,61,999,3.6,320,0
1985,3,17,22,0,0,0,0.6,-6.1,61,999,6.2,320,0
1985,3,17,23,0,0,0,0,-6.7,61,999,7.7,340,0
1985,3,18,0,0,0,0,0,-7.8,56,1000,8.2,340,0
1985,3,18,1,0,0,0,-1.1,-8.3,58,1000,9.3,340,0
1985,3,18,2,0,0,0,-2.2,-8.9,61,1000,7.2,330,0
1985,3,18,3,0,0,0,-2.8,-8.9,63,1001,6.2,330,0
1985,3,18,4,0,0,0,-3.3,-9.4,63,1001,5.7,320,0
1985,3,18,5,0,0,0,-3.9,-9.4,66,1002,4.1,330,0
1985,3,18,6,33,123,19,-3.9,-10,63,1003,5.2,310,0
1985,3,18,7,169,561,42,-2.8,-9.4,61,1004,8.8,310,0
1985,3,18,8,324,553,98,-1.1,-10,51,1004,8.8,330,0
1985,3,18,9,554,851,75,0.6,-10.6,44,1004,9.3,350,0
1985,3,18,10,695,906,81,1.7,-11.1,39,1004,7.2,320,0
1985,3,18,11,821,984,87,2.8,-12.2,33,1003,10.3,320,0
1985,3,18,12,839,984,88,3.3,-12.2,31,1003,7.2,330,0
1985,3,18,13,796,978,85,4.4,-13.3,27,1003,10.8,330,0
1985,3,18,14,680,941,78,5,-13.9,24,1002,11.3,340,0
1985,3,18,15,516,886,66,4.4,-13.9,25,1003,10.8,340,0
1985,3,18,16,315,778,49,4.4,-13.3,27,1004,8.8,330,0
1985,3,18,17,108,509,30,2.8,-14.4,27,1005,8.8,340,0
1985,3,18,18,11,43,6,1.7,-15,28,1006,7.2,330,0
1985,3,18,19,0,0,0,1.1,-15,29,1007,6.7,330,0
1985,3,18,20,0,0,0,0.6,-15,30,1008,5.7,330,0
1985,3,18,21,0,0,0,-0.6,-15,33,1009,6.2,320,0
1985,3,18,22,0,0,0,-1.1,-15,34,1010,5.2,340,0
1985,3,18,23,0,0,0,-1.7,-15,36,1011,4.6,330,0
1985,3,19,0,0,0,0,-2.2,-15,37,1011,4.6,340,0
1985,3,19,1,0,0,0,-3.3,-15,41,1011,3.1,330,0
1985,3,19,2,0,0,0,-5,-15,46,1011,2.6,340,0
1985,3,19,3,0,0,0,-4.4,-15,44,1011,2.6,340,0
1985,3,19,4,0,0,0,-5.6,-14.4,50,1012,2.1,360,0
1985,3,19,5,0,0,0,-6.1,-13.9,55,1013,1.5,350,0
1985,3,19,6,32,125,19,-8.9,-11.7,81,1013,1.5,230,0
1985,3,19,7,182,582,47,-2.2,-12.2,47,1014,0,0,0
1985,3,19,8,395,785,70,1.7,-12.8,34,1014,2.1,340,0
1985,3,19,9,588,880,88,3.9,-12.2,30,1014,2.6,300,0
1985,3,19,10,736,930,100,5,-11.1,30,1013,2.1,20,0
1985,3,19,11,824,954,107,7.8,-10.6,26,1012,3.6,250,0
1985,3,19,12,854,920,148,8.3,-10,26,1011,4.1,170,0
1985,3,19,13,717,758,163,10,-10,24,1009,5.7,220,0
1985,3,19,14,544,498,223,12.8,-10,20,1008,5.2,160,0
1985,3,19,15,323,245,197,12.8,-9.4,21,1007,5.7,200,0
1985,3,19,16,233,285,135,12.8,-10,20,1007,5.7,210,0
1985,3,19,17,103,248,65,11.7,-9.4,22,1006,5.2,180,0
1985,3,19,18,9,20,6,10,-9.4,25,1006,3.6,160,0
1985,3,19,19,0,0,0,9.4,-9.4,26,1006,5.2,180,0
1985,3,19,20,0,0,0,8.9,-8.9,28,1006,5.2,190,0
1985,3,19,21,0,0,0,8.3,-8.3,30,1006,6.7,200,0
1985,3,19,22,0,0,0,7.8,-7.8,33,1005,6.2,190,0
1985,3,19,23,0,0,0,7.2,-7.2,35,1005,5.7,190,0
1985,3,20,0,0,0,0,7.2,-6.7,37,1005,5.7,180,0
1985,3,20,1,0,0,0,8.3,-6.7,34,1005,6.2,200,0
1985,3,20,2,0,0,0,7.2,-6.7,37,1005,5.7,200,0
1985,3,20,3,0,0,0,6.1,-6.7,40,1004,6.2,180,0
1985,3,20,4,0,0,0,5,-6.1,45,1004,5.2,200,0
1985,3,20,5,0,0,0,5,-5.6,47,1005,5.7,190,0
1985,3,20,6,32,55,26,5.6,-5.6,45,1005,5.2,210,0
1985,3,20,7,135,141,102,8.3,-5,39,1005,5.2,210,0
1985,3,20,8,266,299,141,10,-3.9,38,1005,6.7,210,0
1985,3,20,9,381,198,267,12.8,-2.2,36,1005,5.2,220,0
1985,3,20,10,651,464,332,16.1,0,34,1004,6.2,220,0
1985,3,20,11,484,142,377,18.3,0.6,30,1004,6.2,220,0
1985,3,20,12,391,13,381,18.9,1.1,31,1003,5.2,260,0
1985,3,20,13,183,28,162,16.1,5.6,50,1003,9.3,330,0
1985,3,20,14,252,10,245,15.6,6.1,54,1003,3.6,320,0
1985,3,20,15,449,600,139,18.3,6.7,47,1003,4.6,290,0
1985,3,20,16,274,508,96,19.4,1.7,31,1002,7.2,270,0
1985,3,20,17,88,172,61,17.8,1.7,34,1003,5.2,270,0
1985,3,20,18,6,3,5,15.6,3.3,44,1004,6.7,340,0
1985,3,20,19,0,0,0,12.2,3.3,55,1006,2.1,350,0
1985,3,20,20,0,0,0,10.6,2.8,59,1006,3.1,340,0
1985,3,20,21,0,0,0,11.1,-2.2,40,1007,7.7,360,0
1985,3,20,22,0,0,0,8.9,-6.1,34,1009,4.6,340,0
1985,3,20,23,0,0,0,6.7,-6.7,38,1010,4.1,350,0
1985,3,21,0,0,0,0,5.6,-8.3,36,1011,6.2,340,0
1985,3,21,1,0,0,0,3.9,-9.4,38,1012,5.2,330,0
1985,3,21,2,0,0,0,2.8,-8.9,42,1012,2.6,360,0
1985,3,21,3,0,0,0,1.7,-7.8,50,1013,2.1,350,0
1985,3,21,4,0,0,0,-0.6,-7.2,61,1014,2.6,310,0
1985,3,21,5,0,0,0,-1.7,-7.2,66,1015,0,0,0
1985,3,21,6,18,2,18,0.6,-7.2,56,1015,4.1,350,0
1985,3,21,7,117,41,107,2.8,-7.2,48,1016,5.2,10,0
1985,3,21,8,214,123,161,3.9,-7.2,45,1016,6.7,20,0
1985,3,21,9,474,382,253,5,-8.3,38,1017,6.2,30,0
1985,3,21,10,586,359,337,6.1,-9.4,32,1017,4.6,10,0
1985,3,21,11,705,489,333,6.7,-11.1,27,1017,2.6,360,0
1985,3,21,12,679,396,372,8.9,-11.7,22,1017,4.1,30,0
1985,3,21,13,528,301,306,9.4,-12.8,20,1015,4.1,30,0
1985,3,21,14,396,179,279,8.3,-13.9,19,1015,3.1,360,0
1985,3,21,15,269,153,190,8.3,-13.9,19,1015,2.1,360,0
1985,3,21,16,177,9,174,8.3,-12.8,21,1015,1.5,40,0
1985,3,21,17,48,13,45,6.1,-11.7,27,1014,3.1,30,0
1985,3,21,18,4,1,4,4.4,-10.6,33,1014,3.6,40,0
1985,3,21,19,0,0,0,3.9,-10.6,34,1014,3.6,50,0
1985,3,21,20,0,0,0,2.8,-10.6,37,1014,3.6,70,0
1985,3,21,21,0,0,0,1.7,-8.9,46,1015,1.5,120,0
1985,3,21,22,0,0,0,2.2,-7.8,48,1015,0,0,0
1985,3,21,23,0,0,0,0.6,-6.1,61,1015,0,0,0
1985,3,22,0,0,0,0,0.6,-5.6,64,1015,1.5,200,0
1985,3,22,1,0,0,0,0.6,-4.4,70,1014,1.5,130,0
1985,3,22,2,0,0,0,0.6,-5,67,1014,0,0,0
1985,3,22,3,0,0,0,0.6,-2.2,82,1013,0,0,0
1985,3,22,4,0,0,0,1.1,-3.3,73,1014,1.5,340,0
1985,3,22,5,0,0,0,1.7,-3.9,67,1014,2.1,350,0
1985,3,22,6,14,2,14,2.2,-3.3,67,1014,0,0,0
1985,3,22,7,63,2,63,3.3,-4.4,57,1014,2.6,20,0
1985,3,22,8,186,1,186,3.9,-2.8,62,1014,3.6,40,0
1985,3,22,9,216,3,214,3.9,-4.4,55,1014,3.1,50,0
1985,3,22,10,195,3,193,3.9,-2.8,62,1013,4.1,30,0
1985,3,22,11,366,9,359,1.7,0,89,1013,2.6,40,0
1985,3,22,12,364,5,360,2.2,1.1,93,1012,2.6,360,0
1985,3,22,13,196,5,192,3.3,1.7,89,1011,3.6,50,0
1985,3,22,14,204,1,203,3.9,2.2,89,1010,4.6,60,0
1985,3,22,15,145,1,145,3.9,2.8,93,1009,4.1,50,0
1985,3,22,16,95,1,95,3.3,2.2,93,1008,4.6,50,0
1985,3,22,17,36,0,35,3.3,2.2,93,1008,4.1,50,0
1985,3,22,18,5,0,5,2.8,2.2,96,1008,4.1,60,0
1985,3,22,19,0,0,0,2.8,2.2,96,1007,4.1,50,0
1985,3,22,20,0,0,0,2.8,2.2,96,1007,3.6,40,0
1985,3,22,21,0,0,0,2.8,2.2,96,1006,3.1,10,0
1985,3,22,22,0,0,0,2.8,2.8,100,1006,2.6,10,0
1985,3,22,23,0,0,0,2.8,2.8,100,1005,3.6,10,0
1985,3,23,0,0,0,0,2.2,2.2,100,1004,4.1,20,0
1985,3,23,1,0,0,0,2.2,2.2,100,1004,3.6,10,0
1985,3,23,2,0,0,0,2.2,2.2,100,1003,3.6,360,0
1985,3,23,3,0,0,0,2.2,2.2,100,1002,4.1,20,0
1985,3,23,4,0,0,0,2.2,2.2,100,1001,4.1,20,0
1985,3,23,5,0,0,0,2.2,2.2,100,1001,4.6,350,0
1985,3,23,6,19,0,19,1.7,1.7,100,1001,6.2,350,0
1985,3,23,7,64,1,64,1.7,1.7,100,1001,5.7,350,0
1985,3,23,8,123,0,123,2.2,2.2,100,1002,5.7,360,0
1985,3,23,9,171,0,171,2.8,2.8,100,1001,5.2,360,0
1985,3,23,10,214,2,213,3.3,3.3,100,1001,4.1,350,0
1985,3,23,11,369,2,367,3.9,3.9,100,1001,5.7,350,0
1985,3,23,12,234,2,233,3.9,3.9,100,1001,4.6,350,0
1985,3,23,13,231,2,230,4.4,3.9,96,1000,4.6,360,0
1985,3,23,14,187,0,186,4.4,3.9,96,1001,4.1,340,0
1985,3,23,15,167,1,166,4.4,3.9,96,1001,3.6,10,0
1985,3,23,16,99,0,99,5,4.4,96,1001,4.1,360,0
1985,3,23,17,41,0,41,5,4.4,96,1001,3.6,360,0
1985,3,23,18,6,0,6,4.4,3.9,96,1001,3.1,350,0
1985,3,23,19,0,0,0,4.4,3.9,96,1001,3.1,350,0
1985,3,23,20,0,0,0,4.4,3.9,96,1001,3.1,350,0
1985,3,23,21,0,0,0,5,5,100,1001,2.6,350,0
1985,3,23,22,0,0,0,5,5,100,1001,3.6,350,0
1985,3,23,23,0,0,0,5,5,100,1001,2.1,360,0
1985,3,24,0,0,0,0,5,5,100,1001,2.6,340,0
1985,3,24,1,0,0,0,5,5,100,1000,3.1,40,0
1985,3,24,2,0,0,0,5,5,100,1000,2.6,50,0
1985,3,24,3,0,0,0,5,4.4,96,1000,1.5,10,0
1985,3,24,4,0,0,0,5,4.4,96,1000,1.5,350,0
1985,3,24,5,0,0,0,4.4,3.9,96,999,1.5,360,0
1985,3,24,6,26,0,26,5,3.9,93,1000,2.1,320,0
1985,3,24,7,110,1,110,5,3.9,93,1000,1.5,20,0
1985,3,24,8,116,2,116,5,3.9,93,999,0,0,0
1985,3,24,9,174,0,173,5,4.4,96,1000,2.6,100,0
1985,3,24,10,222,1,221,5,3.9,93,999,1.5,360,0
1985,3,24,11,222,0,222,5,4.4,96,999,2.1,360,0
1985,3,24,12,234,2,233,5,4.4,96,999,2.6,360,0
1985,3,24,13,231,1,230,5,3.9,93,998,3.6,10,0
1985,3,24,14,213,1,212,4.4,3.9,96,998,3.1,30,0
1985,3,24,15,149,2,148,4.4,3.3,93,998,5.2,50,0
1985,3,24,16,155,1,154,4.4,3.3,93,998,3.6,10,0
1985,3,24,17,73,1,72,4.4,3.3,93,999,2.6,350,0
1985,3,24,18,11,0,11,3.9,3.3,96,999,3.6,20,0
1985,3,24,19,0,0,0,3.3,2.8,96,1000,2.6,10,0
1985,3,24,20,0,0,0,3.9,3.3,96,1001,2.1,360,0
1985,3,24,21,0,0,0,3.9,3.3,96,1001,2.1,340,0
1985,3,24,22,0,0,0,3.9,3.3,96,1001,2.1,360,0
1985,3,24,23,0,0,0,3.9,3.3,96,1000,2.1,20,0
1985,3,25,0,0,0,0,3.9,3.3,96,1002,2.1,320,0
1985,3,25,1,0,0,0,3.9,3.3,96,1003,2.1,350,0
1985,3,25,2,0,0,0,3.3,2.8,96,1003,2.6,350,0
1985,3,25,3,0,0,0,3.3,2.2,93,1003,2.6,340,0
1985,3,25,4,0,0,0,3.3,2.2,93,1003,2.1,330,0
1985,3,25,5,0,0,0,3.3,2.2,93,1004,2.6,350,0
1985,3,25,6,17,0,17,3.3,2.8,96,1005,3.1,20,0
1985,3,25,7,66,0,66,3.9,2.8,93,1006,3.1,360,0
1985,3,25,8,252,75,218,5,2.8,86,1007,5.7,20,0
1985,3,25,9,516,569,176,7.2,1.7,68,1009,6.2,30,0
1985,3,25,10,334,32,312,6.7,2.2,74,1009,5.7,350,0
1985,3,25,11,328,6,323,6.1,1.7,74,1010,5.7,360,0
1985,3,25,12,668,484,284,8.3,1.7,63,1010,5.7,360,0
1985,3,25,13,710,637,229,9.4,0.6,54,1010,6.2,340,0
1985,3,25,14,639,768,128,10.6,-1.1,45,1010,5.2,340,0
1985,3,25,15,532,877,64,10.6,-2.8,40,1010,6.7,340,0
1985,3,25,16,330,772,48,10,-4.4,36,1010,6.2,350,0
1985,3,25,17,127,549,31,8.9,-5,37,1011,5.2,360,0
1985,3,25,18,19,76,10,5.6,-3.9,51,1011,3.1,350,0
1985,3,25,19,0,0,0,3.3,-2.8,65,1012,2.1,330,0
1985,3,25,20,0,0,0,1.1,-3.3,73,1013,0,0,0
1985,3,25,21,0,0,0,0,-3.3,79,1013,1.5,250,0
1985,3,25,22,0,0,0,-0.6,-3.9,79,1014,0,0,0
1985,3,25,23,0,0,0,-2.8,-3.9,92,1014,2.1,260,0
1985,3,26,0,0,0,0,-2.2,-3.9,89,1015,0,0,0
1985,3,26,1,0,0,0,-4.4,-5,96,1015,0,0,0
1985,3,26,2,0,0,0,-5.6,-6.1,96,1015,0,0,0
1985,3,26,3,0,0,0,-6.1,-6.1,100,1016,0,0,0
1985,3,26,4,0,0,0,-5,-6.1,92,1017,0,0,0
1985,3,26,5,0,0,0,-6.7,-7.2,96,1017,0,0,0
1985,3,26,6,47,196,27,-2.8,-6.1,78,1018,3.1,350,0
1985,3,26,7,220,606,58,2.8,-4.4,59,1019,3.1,10,0
1985,3,26,8,436,791,80,6.1,-7.8,37,1019,4.6,350,0
1985,3,26,9,625,891,88,8.9,-8.3,29,1019,3.6,320,0
1985,3,26,10,771,937,99,10.6,-7.8,27,1019,4.1,350,0
1985,3,26,11,856,959,106,12.2,-7.2,25,1018,3.1,330,0
1985,3,26,12,876,965,107,13.3,-7.8,23,1017,2.6,120,0
1985,3,26,13,822,947,103,15,-7.2,21,1015,3.6,340,0
1985,3,26,14,708,917,95,15,-6.1,23,1014,4.6,260,0
1985,3,26,15,541,858,81,16.1,-4.4,24,1014,3.1,240,0
1985,3,26,16,335,745,61,15.6,-5,24,1013,4.6,180,0
1985,3,26,17,126,490,39,13.3,-0.6,39,1013,4.1,200,0
1985,3,26,18,16,48,11,10.6,-1.7,43,1012,3.1,150,0
1985,3,26,19,0,0,0,8.9,-1.7,48,1012,2.6,170,0
1985,3,26,20,0,0,0,6.1,-1.7,58,1012,3.1,170,0
1985,3,26,21,0,0,0,3.9,-1.1,70,1011,3.1,210,0
1985,3,26,22,0,0,0,6.1,-2.8,53,1011,3.1,180,0
1985,3,26,23,0,0,0,3.9,-1.1,70,1011,0,0,0
1985,3,27,0,0,0,0,1.7,-1.7,79,1010,2.6,140,0
1985,3,27,1,0,0,0,0.6,-2.2,82,1010,0,0,0
1985,3,27,2,0,0,0,0.6,-1.7,85,1009,1.5,180,0
1985,3,27,3,0,0,0,1.1,-2.2,79,1009,0,0,0
1985,3,27,4,0,0,0,-1.7,-3.3,89,1009,0,0,0
1985,3,27,5,0,0,0,1.7,-2.2,76,1009,0,0,0
1985,3,27,6,54,323,20,0,-2.2,85,1009,0,0,0
1985,3,27,7,233,678,48,5,1.1,76,1009,0,0,0
1985,3,27,8,448,827,71,10,1.7,57,1009,2.6,170,0
1985,3,27,9,596,774,126,16.1,3.3,43,1007,2.6,180,0
1985,3,27,10,765,947,82,19.4,3.9,36,1006,4.1,200,0
1985,3,27,11,853,958,99,21.7,2.2,28,1005,3.6,190,0
1985,3,27,12,699,644,183,22.8,2.2,26,1003,5.2,230,0
1985,3,27,13,707,620,234,23.9,2.2,24,1002,4.6,220,0
1985,3,27,14,640,614,227,23.9,2.2,24,1001,6.2,170,0
1985,3,27,15,463,494,196,23.9,3.3,26,1000,7.2,180,0
1985,3,27,16,286,399,138,22.8,2.8,27,999,7.7,190,0
1985,3,27,17,105,196,70,22.2,4.4,32,998,6.2,180,0
1985,3,27,18,12,5,11,20,4.4,36,998,5.2,180,0
1985,3,27,19,0,0,0,18.3,4.4,40,998,4.6,200,0
1985,3,27,20,0,0,0,19.4,4.4,37,998,5.7,200,0
1985,3,27,21,0,0,0,18.9,4.4,39,998,5.2,210,0
1985,3,27,22,0,0,0,18.3,4.4,40,999,4.1,230,0
1985,3,27,23,0,0,0,16.1,4.4,46,1000,4.1,240,0
1985,3,28,0,0,0,0,15.6,4.4,48,1000,3.6,230,0
1985,3,28,1,0,0,0,13.3,3.9,53,1000,0,0,0
1985,3,28,2,0,0,0,10.6,4.4,66,1000,2.6,210,0
1985,3,28,3,0,0,0,11.1,5.6,69,1000,3.1,210,0
1985,3,28,4,0,0,0,11.7,5,64,1000,3.6,180,0
1985,3,28,5,0,0,0,11.1,5,66,1001,2.6,180,0
1985,3,28,6,37,31,33,11.1,6.1,72,1001,0,0,0
1985,3,28,7,156,145,116,15,7.8,62,1000,4.6,200,0
1985,3,28,8,362,379,188,19.4,10,55,1000,5.2,220,0
1985,3,28,9,463,293,283,21.1,11.1,53,1000,8.2,210,0
1985,3,28,10,660,507,292,22.8,12.2,52,999,7.2,220,0
1985,3,28,11,750,700,196,24.4,13.3,50,998,7.7,180,0
1985,3,28,12,754,702,189,26.1,7.8,31,996,8.2,220,0
1985,3,28,13,724,702,186,26.1,13.3,45,995,8.2,200,0
1985,3,28,14,569,538,205,27.8,13.3,41,994,6.7,220,0
1985,3,28,15,461,458,213,27.8,12.8,40,993,8.8,220,0
1985,3,28,16,318,559,108,27.8,13.3,41,993,6.7,220,0
1985,3,28,17,78,85,63,26.1,12.8,44,993,5.7,220,0
1985,3,28,18,15,5,15,25,12.8,47,993,6.7,220,0
1985,3,28,19,0,0,0,23.9,12.8,50,993,5.2,210,0
1985,3,28,20,0,0,0,21.1,12.8,59,994,3.6,230,0
1985,3,28,21,0,0,0,18.9,12.2,65,994,1.5,140,0
1985,3,28,22,0,0,0,17.2,11.7,70,994,3.1,180,0
1985,3,28,23,0,0,0,18.9,12.2,65,994,4.1,200,0
1985,3,29,0,0,0,0,18.9,12.2,65,994,4.6,210,0
1985,3,29,1,0,0,0,20,12.8,63,993,5.2,210,0
1985,3,29,2,0,0,0,19.4,13.3,68,993,5.2,210,0
1985,3,29,3,0,0,0,18.3,14.4,78,994,4.1,200,0
1985,3,29,4,0,0,0,17.8,14.4,81,994,4.1,210,0
1985,3,29,5,0,0,0,16.7,14.4,87,995,2.6,200,0
1985,3,29,6,22,5,22,16.1,13.9,87,997,2.6,360,0
1985,3,29,7,84,2,83,16.7,13.9,84,999,3.6,40,0
1985,3,29,8,228,91,186,18.9,14.4,76,999,4.1,180,0
1985,3,29,9,154,6,150,18.3,15,81,999,3.6,250,0
1985,3,29,10,261,6,257,19.4,16.7,84,999,3.1,220,0
1985,3,29,11,356,8,349,21.1,16.1,73,998,4.1,220,0
1985,3,29,12,348,2,346,21.7,16.1,71,998,5.7,220,0
1985,3,29,13,351,1,350,23.9,17.2,66,998,4.1,200,0
1985,3,29,14,297,7,292,24.4,16.7,62,998,4.6,230,0
1985,3,29,15,135,4,133,22.8,17.2,71,998,3.6,180,0
1985,3,29,16,133,2,132,23.9,17.8,69,998,2.6,190,0
1985,3,29,17,107,159,78,22.8,17.2,71,998,3.6,320,0
1985,3,29,18,11,0,11,21.1,17.2,79,998,3.1,230,0
1985,3,29,19,0,0,0,20,15.6,76,998,3.1,180,0
1985,3,29,20,0,0,0,19.4,16.1,81,999,2.6,180,0
1985,3,29,21,0,0,0,18.9,16.1,84,999,2.6,180,0
1985,3,29,22,0,0,0,18.3,16.7,90,999,2.6,170,0
1985,3,29,23,0,0,0,17.8,16.7,93,999,4.6,210,0
1985,3,30,0,0,0,0,17.2,16.7,97,999,0,0,0
1985,3,30,1,0,0,0,17.2,17.2,100,998,3.1,170,0
1985,3,30,2,0,0,0,16.7,16.7,100,997,2.6,190,0
1985,3,30,3,0,0,0,16.7,16.7,100,997,3.6,180,0
1985,3,30,4,0,0,0,16.7,16.1,97,996,2.6,200,0
1985,3,30,5,0,0,0,16.7,16.1,97,999,3.6,330,0
1985,3,30,6,33,0,33,12.8,11.7,93,1000,5.7,10,0
1985,3,30,7,103,6,101,11.1,10,93,1001,6.2,360,0
1985,3,30,8,198,7,195,11.1,9.4,90,1003,6.2,20,0
1985,3,30,9,272,8,268,11.7,8.9,83,1003,5.7,10,0
1985,3,30,10,317,7,313,11.7,8.3,80,1004,6.2,20,0
1985,3,30,11,375,6,370,11.1,7.8,80,1005,4.1,360,0
1985,3,30,12,386,5,382,11.7,7.2,74,1005,6.2,360,0
1985,3,30,13,347,1,346,11.7,7.8,77,1004,3.6,20,0
1985,3,30,14,199,1,199,10,8.9,93,1004,3.6,20,0
1985,3,30,15,281,1,280,11.1,9.4,90,1004,3.1,20,0
1985,3,30,16,161,1,160,11.1,7.8,80,1005,3.6,20,0
1985,3,30,17,72,0,72,10,6.7,80,1006,4.1,20,0
1985,3,30,18,9,0,9,8.3,7.2,93,1006,4.1,50,0
1985,3,30,19,0,0,0,8.9,7.2,89,1007,3.1,30,0
1985,3,30,20,0,0,0,8.9,7.2,89,1008,3.1,360,0
1985,3,30,21,0,0,0,8.3,6.7,89,1008,3.1,30,0
1985,3,30,22,0,0,0,7.8,6.7,93,1008,3.1,40,0
1985,3,30,23,0,0,0,7.2,6.7,96,1009,2.6,40,0
1985,3,31,0,0,0,0,7.2,6.7,96,1008,2.6,70,0
1985,3,31,1,0,0,0,7.2,7.2,100,1008,2.1,20,0
1985,3,31,2,0,0,0,7.2,7.2,100,1007,2.6,40,0
1985,3,31,3,0,0,0,7.2,7.2,100,1007,3.1,50,0
1985,3,31,4,0,0,0,7.2,6.7,96,1007,2.6,50,0
1985,3,31,5,0,0,0,7.2,6.7,96,1007,1.5,20,0
1985,3,31,6,33,0,33,7.8,7.2,96,1007,3.1,40,0
1985,3,31,7,133,1,132,8.3,7.8,96,1007,2.1,110,0
1985,3,31,8,228,1,228,8.9,6.1,83,1007,4.1,70,0
1985,3,31,9,313,1,312,8.9,5,77,1007,4.1,110,0
1985,3,31,10,353,0,353,8.9,6.1,83,1006,5.2,140,0
1985,3,31,11,414,0,414,8.3,5,80,1006,4.6,130,0
1985,3,31,12,256,0,256,8.3,7.2,93,1004,5.2,110,0
1985,3,31,13,379,0,378,8.3,7.2,93,1003,4.6,120,0
1985,3,31,14,202,0,202,8.3,7.8,96,1002,2.6,130,0
1985,3,31,15,153,1,152,8.3,8.3,100,1001,2.1,100,0
1985,3,31,16,103,1,103,8.3,8.3,100,1001,1.5,130,0
1985,3,31,17,47,0,47,7.8,7.8,100,1000,2.6,30,0
1985,3,31,18,10,0,10,7.8,7.8,100,999,2.6,50,0
1985,3,31,19,0,0,0,7.8,7.8,100,998,2.1,40,0
1985,3,31,20,0,0,0,7.8,7.8,100,998,3.1,90,0
1985,3,31,21,0,0,0,7.6,7.2,96,997,2.7,20,0
1985,3,31,22,0,0,0,7.5,6.7,96,996,2.2,330,0
1985,3,31,23,0,0,0,7.3,6.1,100,995,1.8,330,0
1986,4,1,0,0,0,0,7.2,5.6,66,1012,1.3,150,0
1986,4,1,1,0,0,0,7,5,77,1012,0.9,160,0
1986,4,1,2,0,0,0,6.9,4.5,83,1011,0.4,170,0
1986,4,1,3,0,0,0,6.7,3.9,83,1011,0,0,0
1986,4,1,4,0,0,0,5,3.3,89,1011,0,0,0
1986,4,1,5,0,0,0,5,3.3,89,1011,0,0,0
1986,4,1,6,56,272,28,6.7,4.4,86,1012,1.5,360,0
1986,4,1,7,246,634,56,12.2,6.7,69,1012,2.1,320,0
1986,4,1,8,455,785,79,17.2,5,45,1011,0,0,0
1986,4,1,9,641,862,96,21.1,4.4,34,1011,3.1,120,0
1986,4,1,10,780,904,108,23.3,3.3,27,1010,4.1,160,0
1986,4,1,11,857,920,114,25,4.4,27,1009,5.2,180,0
1986,4,1,12,873,924,115,25.6,6.1,29,1007,5.2,160,0
1986,4,1,13,823,913,111,26.7,5.6,26,1006,4.6,190,0
1986,4,1,14,710,880,102,27.2,5.6,25,1005,5.2,190,0
1986,4,1,15,545,822,87,26.7,6.1,27,1004,4.6,170,0
1986,4,1,16,344,715,67,25.6,6.7,30,1003,5.2,160,0
1986,4,1,17,137,480,43,23.9,6.7,33,1003,4.1,160,0
1986,4,1,18,20,58,14,21.1,5,35,1003,3.6,150,0
1986,4,1,19,0,0,0,19.4,4.4,37,1003,2.6,160,0
1986,4,1,20,0,0,0,18.3,3.9,39,1002,3.1,160,0
1986,4,1,21,0,0,0,17.2,4.4,43,1002,2.1,190,0
1986,4,1,22,0,0,0,14.4,4.4,51,1002,1.5,120,0
1986,4,1,23,0,0,0,11.1,5,66,1002,3.6,140,0
1986,4,2,0,0,0,0,15,6.7,58,1001,3.1,160,0
1986,4,2,1,0,0,0,16.1,7.2,56,1001,3.1,300,0
1986,4,2,2,0,0,0,14.4,7.2,62,1001,2.1,190,0
1986,4,2,3,0,0,0,15,7.2,60,1001,1.5,350,0
1986,4,2,4,0,0,0,14.4,7.2,62,1002,1.5,60,0
1986,4,2,5,1,1,1,14.4,7.8,65,1003,2.6,40,0
1986,4,2,6,44,38,40,16.7,7.8,56,1003,5.7,330,0
1986,4,2,7,151,151,105,17.2,7.8,54,1004,4.1,330,0
1986,4,2,8,286,213,183,16.1,7.8,58,1004,6.2,330,0
1986,4,2,9,464,351,241,17.2,7.8,54,1005,5.2,340,0
1986,4,2,10,768,901,94,18.9,7.2,47,1005,6.2,30,0
1986,4,2,11,853,928,100,20.6,5.6,38,1004,5.2,350,0
1986,4,2,12,866,929,101,21.7,2.2,28,1004,4.6,320,0
1986,4,2,13,816,917,97,22.8,0,22,1003,4.1,330,0
1986,4,2,14,710,894,90,22.8,0,22,1003,3.6,10,0
1986,4,2,15,546,839,77,23.3,-1.1,20,1003,3.6,20,0
1986,4,2,16,349,741,59,22.8,-1.7,20,1003,3.6,340,0
1986,4,2,17,143,524,38,20.6,-1.7,23,1004,3.1,340,0
1986,4,2,18,24,86,14,17.2,-1.1,29,1005,2.1,10,0
1986,4,2,19,0,0,0,13.3,0.6,42,1006,2.6,60,0
1986,4,2,20,0,0,0,12.2,1.1,47,1006,2.6,50,0
1986,4,2,21,0,0,0,12.2,0,43,1007,2.6,30,0
1986,4,2,22,0,0,0,8.3,1.1,61,1007,2.6,50,0
1986,4,2,23,0,0,0,7.2,1.7,68,1008,1.5,20,0
1986,4,3,0,0,0,0,6.7,1.1,68,1009,2.6,350,0
1986,4,3,1,0,0,0,6.1,1.1,71,1009,1.5,350,0
1986,4,3,2,0,0,0,3.9,1.1,82,1010,2.6,340,0
1986,4,3,3,0,0,0,3.3,1.1,86,1010,1,300,0
1986,4,3,4,0,0,0,2.8,0.6,86,1011,2.1,320,0
1986,4,3,5,1,0,1,3.3,0.6,82,1012,1.5,10,0
1986,4,3,6,50,92,40,5.6,1.7,76,1013,2.6,340,0
1986,4,3,7,222,415,94,9.4,1.1,56,1013,3.6,20,0
1986,4,3,8,432,600,137,12.8,1.7,47,1014,4.1,110,0
1986,4,3,9,619,700,170,15.6,1.7,39,1014,5.2,90,0
1986,4,3,10,760,756,192,16.7,2.2,38,1013,3.6,80,0
1986,4,3,11,842,783,204,18.3,2.2,34,1013,2.6,180,0
1986,4,3,12,857,787,206,20,2.8,32,1012,3.1,220,0
1986,4,3,13,845,708,288,20,2.8,32,1012,4.1,90,0
1986,4,3,14,684,669,218,20.6,3.9,34,1011,3.1,100,0
1986,4,3,15,495,581,168,21.1,3.9,32,1011,4.1,120,0
1986,4,3,16,246,193,170,20,4.4,36,1011,4.6,170,0
1986,4,3,17,119,130,92,17.8,5,43,1011,3.6,160,0
1986,4,3,18,14,2,14,15.6,4.4,48,1012,2.6,160,0
1986,4,3,19,0,0,0,14.4,5,53,1012,3.6,150,0
1986,4,3,20,0,0,0,13.3,3.9,53,1013,4.1,160,0
1986,4,3,21,0,0,0,11.7,3.9,59,1013,3.6,160,0
1986,4,3,22,0,0,0,10.6,3.3,61,1014,2.6,160,0
1986,4,3,23,0,0,0,9.4,4.4,71,1014,2.6,180,0
1986,4,4,0,0,0,0,8.3,4.4,77,1014,2.1,150,0
1986,4,4,1,0,0,0,8.3,5.6,83,1013,2.1,140,0
1986,4,4,2,0,0,0,8.9,5.6,80,1013,2.1,140,0
1986,4,4,3,0,0,0,9.4,6.1,80,1013,2.6,150,0
1986,4,4,4,0,0,0,9.4,5,74,1013,2.6,170,0
1986,4,4,5,0,0,0,10,6.7,80,1013,3.1,160,0
1986,4,4,6,23,3,23,10,7.8,86,1013,2.6,140,0
1986,4,4,7,114,8,111,11.1,7.8,80,1013,3.1,180,0
1986,4,4,8,188,3,186,12.2,8.3,77,1013,3.1,220,0
1986,4,4,9,361,249,200,13.9,6.7,62,1013,5.2,220,0
1986,4,4,10,749,605,291,15.6,8.3,62,1013,4.1,190,0
1986,4,4,11,796,697,225,18.3,12.2,68,1012,4.1,190,0
1986,4,4,12,834,848,130,19.4,11.7,61,1011,3.1,170,0
1986,4,4,13,854,797,225,20.6,11.7,57,1010,4.1,210,0
1986,4,4,14,735,759,204,22.2,11.7,51,1009,4.6,200,0
1986,4,4,15,430,199,318,22.8,11.7,50,1009,3.1,210,0
1986,4,4,16,327,487,134,22.8,12.2,52,1009,3.6,230,0
1986,4,4,17,136,301,74,20.6,12.2,59,1009,2.6,150,0
1986,4,4,18,21,12,20,17.2,12.2,73,1009,2.6,140,0
1986,4,4,19,0,0,0,15.6,11.7,78,1010,2.6,110,0
1986,4,4,20,0,0,0,15.6,12.2,81,1010,2.1,90,0
1986,4,4,21,0,0,0,15.6,11.7,78,1010,0,0,0
1986,4,4,22,0,0,0,13.3,11.1,87,1010,3.1,30,0
1986,4,4,23,0,0,0,13.3,11.1,87,1010,2.6,40,0
1986,4,5,0,0,0,0,12.8,11.1,90,1010,2.6,30,0
1986,4,5,1,0,0,0,11.7,10.6,93,1010,2.6,30,0
1986,4,5,2,0,0,0,12.2,10.6,90,1010,2.1,20,0
1986,4,5,3,0,0,0,11.7,10,90,1010,2.6,30,0
1986,4,5,4,0,0,0,11.7,10.6,93,1011,2.6,30,0
1986,4,5,5,3,0,3,11.1,10,93,1012,2.1,10,0
1986,4,5,6,22,1,22,11.7,10,90,1013,2.1,20,0
1986,4,5,7,90,7,88,11.7,10,90,1014,3.1,30,0
1986,4,5,8,127,11,122,11.7,10,90,1014,3.1,120,0
1986,4,5,9,367,7,363,12.2,10.6,90,1014,3.1,80,0
1986,4,5,10,367,10,359,12.2,10.6,90,1015,2.6,110,0
1986,4,5,11,374,7,369,12.2,10,86,1015,3.1,100,0
1986,4,5,12,423,3,421,11.7,9.4,86,1015,3.6,90,0
1986,4,5,13,361,2,359,11.7,9.4,86,1015,3.1,80,0
1986,4,5,14,313,3,311,11.7,9.4,86,1014,2.6,130,0
1986,4,5,15,263,1,263,11.7,7.8,77,1014,2.1,120,0
1986,4,5,16,196,0,196,11.7,7.2,74,1014,2.6,120,0
1986,4,5,17,50,0,50,10.6,6.7,77,1014,5.7,140,0
1986,4,5,18,16,0,16,9.4,7.2,86,1014,3.6,100,0
1986,4,5,19,0,0,0,9.4,7.8,90,1015,3.1,50,0
1986,4,5,20,0,0,0,8.9,7.8,93,1016,4.1,80,0
1986,4,5,21,0,0,0,8.3,7.2,93,1015,3.6,100,0
1986,4,5,22,0,0,0,8.3,7.2,93,1015,2.6,120,0
1986,4,5,23,0,0,0,8.3,6.7,89,1014,2.1,110,0
1986,4,6,0,0,0,0,8.3,7.2,93,1015,2.6,360,0
1986,4,6,1,0,0,0,7.8,7.2,96,1013,4.6,170,0
1986,4,6,2,0,0,0,7.8,7.2,96,1013,1.5,360,0
1986,4,6,3,0,0,0,7.8,7.8,100,1013,2.6,330,0
1986,4,6,4,0,0,0,8.3,7.8,96,1012,2.1,350,0
1986,4,6,5,1,0,1,8.3,7.8,96,1012,3.1,90,0
1986,4,6,6,42,0,42,8.3,7.8,96,1012,2.1,100,0
1986,4,6,7,141,1,140,8.3,7.8,96,1012,2.1,110,0
1986,4,6,8,141,2,140,8.9,8.3,96,1012,2.1,80,0
1986,4,6,9,300,2,299,8.9,8.3,96,1011,3.1,130,0
1986,4,6,10,409,1,408,9.4,8.9,96,1011,2.1,130,0
1986,4,6,11,395,0,395,10,8.9,93,1010,2.1,120,0
1986,4,6,12,443,1,442,10.6,8.9,90,1009,2.6,130,0
1986,4,6,13,382,1,382,10.6,9.4,93,1008,3.1,100,0
1986,4,6,14,344,1,343,10.6,9.4,93,1007,2.1,170,0
1986,4,6,15,268,0,268,11.1,9.4,90,1007,2.1,130,0
1986,4,6,16,173,0,173,11.1,9.4,90,1007,2.1,150,0
1986,4,6,17,47,0,47,10.6,10,96,1007,2.1,280,0
1986,4,6,18,11,0,11,10,9.4,96,1007,3.1,210,0
1986,4,6,19,0,0,0,10,9.4,96,1006,2.1,170,0
1986,4,6,20,0,0,0,10,10,100,1004,0,0,0
1986,4,6,21,0,0,0,10.6,10,96,1005,3.1,250,0
1986,4,6,22,0,0,0,10,10,100,1004,2.6,340,0
1986,4,6,23,0,0,0,10,10,100,1003,2.6,140,0
1986,4,7,0,0,0,0,10,10,100,1003,2.1,70,0
1986,4,7,1,0,0,0,10.6,10,96,1002,1.5,110,0
1986,4,7,2,0,0,0,10.6,10,96,1002,2.1,40,0
1986,4,7,3,0,0,0,10.6,10,96,1001,2.1,130,0
1986,4,7,4,0,0,0,10.6,10,96,1001,2.6,190,0
1986,4,7,5,3,0,3,10.6,10.6,100,1001,4.1,200,0
1986,4,7,6,49,0,49,10.6,10.6,100,1001,2.1,260,0
1986,4,7,7,78,1,77,11.1,11.1,100,1001,2.6,240,0
1986,4,7,8,221,1,220,11.7,11.7,100,1001,2.1,290,0
1986,4,7,9,440,146,344,13.3,11.7,90,1001,2.1,230,0
1986,4,7,10,792,882,114,17.8,13.3,75,1001,2.6,330,0
1986,4,7,11,829,763,195,20.6,11.1,55,1000,6.7,330,0
1986,4,7,12,689,532,241,21.7,10,48,1000,5.7,320,0
1986,4,7,13,537,272,319,22.2,10,46,999,4.1,350,0
1986,4,7,14,675,732,157,22.8,9.4,43,999,4.6,320,0
1986,4,7,15,537,759,101,22.8,9.4,43,998,4.1,330,0
1986,4,7,16,354,697,72,22.8,9.4,43,998,2.6,350,0
1986,4,7,17,150,480,47,21.7,9.4,46,998,2.6,340,0
1986,4,7,18,24,74,17,18.9,9.4,55,998,2.6,350,0
1986,4,7,19,0,0,0,15,9.4,70,999,0,0,0
1986,4,7,20,0,0,0,12.8,8.9,77,999,1.5,260,0
1986,4,7,21,0,0,0,10,8.3,90,998,3.1,160,0
1986,4,7,22,0,0,0,8.9,7.8,93,997,2.1,190,0
1986,4,7,23,0,0,0,10,8.3,90,997,2.1,210,0
1986,4,8,0,0,0,0,8.9,7.8,93,996,2.1,180,0
1986,4,8,1,0,0,0,9.4,8.3,93,995,2.1,190,0
1986,4,8,2,0,0,0,9.4,8.3,93,994,2.1,210,0
1986,4,8,3,0,0,0,11.7,10.6,93,993,3.6,180,0
1986,4,8,4,0,0,0,12.2,11.1,93,992,3.6,200,0
1986,4,8,5,2,1,2,12.2,11.1,93,992,3.1,210,0
1986,4,8,6,40,24,37,12.8,10.6,87,992,2.1,210,0
1986,4,8,7,192,130,149,13.9,10,78,991,2.1,190,0
1986,4,8,8,291,170,204,16.7,8.9,60,991,2.1,200,0
1986,4,8,9,550,470,239,21.1,8.9,46,991,2.1,340,0
1986,4,8,10,480,386,182,21.1,8.9,46,990,6.7,330,0
1986,4,8,11,804,752,176,20.6,6.7,41,990,5.7,350,0
1986,4,8,12,792,703,198,21.1,5.6,36,990,4.6,360,0
1986,4,8,13,791,847,110,22.2,5,33,988,7.2,310,0
1986,4,8,14,720,868,102,22.2,2.8,28,988,6.2,330,0
1986,4,8,15,523,725,105,20.6,0,25,988,5.2,350,0
1986,4,8,16,327,595,84,18.9,-1.7,25,988,5.7,350,0
1986,4,8,17,147,420,56,17.2,-2.2,27,989,6.2,330,0
1986,4,8,18,25,65,18,15.6,-2.8,29,989,4.1,340,0
1986,4,8,19,0,0,0,14.4,-3.3,29,989,3.1,340,0
1986,4,8,20,0,0,0,13.9,-2.8,32,990,3.6,350,0
1986,4,8,21,0,0,0,13.3,-4.4,29,990,3.6,350,0
1986,4,8,22,0,0,0,11.7,-3.9,34,989,3.6,350,0
1986,4,8,23,0,0,0,10,-2.8,41,990,1.5,320,0
1986,4,9,0,0,0,0,8.3,-2.8,46,990,2.1,330,0
1986,4,9,1,0,0,0,7.2,-1.7,54,990,2.6,320,0
1986,4,9,2,0,0,0,8.3,-0.6,54,990,4.1,340,0
1986,4,9,3,0,0,0,7.8,-1.1,54,990,2.6,310,0
1986,4,9,4,0,0,0,7.2,0,61,990,2.6,350,0
1986,4,9,5,2,0,2,7.2,0,61,990,2.1,320,0
1986,4,9,6,44,2,43,7.8,0,58,990,3.1,330,0
1986,4,9,7,90,7,88,8.9,0.6,56,991,4.1,350,0
1986,4,9,8,198,8,194,8.9,-1.1,50,991,6.2,330,0
1986,4,9,9,291,7,286,8.9,-1.7,48,992,5.2,340,0
1986,4,9,10,526,269,317,10.6,-1.1,45,991,6.7,340,0
1986,4,9,11,259,4,256,10,-1.7,45,991,7.2,300,0
1986,4,9,12,538,173,392,10.6,0,48,991,5.2,340,0
1986,4,9,13,514,93,439,10.6,0,48,990,5.7,290,0
1986,4,9,14,432,59,390,10.6,-2.2,41,990,6.2,310,0
1986,4,9,15,303,49,275,10.6,-1.1,45,990,6.2,310,0
1986,4,9,16,193,101,152,9.4,-1.7,46,991,6.7,310,0
1986,4,9,17,119,99,97,8.9,-1.7,48,991,5.7,310,0
1986,4,9,18,19,12,18,7.8,-1.1,54,992,3.6,300,0
1986,4,9,19,0,0,0,7.2,-1.7,54,992,5.2,300,0
1986,4,9,20,0,0,0,6.7,-1.1,58,993,4.6,310,0
1986,4,9,21,0,0,0,6.1,-1.7,58,993,3.6,320,0
1986,4,9,22,0,0,0,5.6,-2.2,58,993,4.1,310,0
1986,4,9,23,0,0,0,5,-2.2,60,993,5.2,290,0
1986,4,10,0,0,0,0,4.4,-2.8,60,993,6.2,310,0
1986,4,10,1,0,0,0,4.4,-3.9,55,992,6.7,330,0
1986,4,10,2,0,0,0,4.4,-3.9,55,992,5.7,310,0
1986,4,10,3,0,0,0,4.4,-3.3,57,992,5.2,300,0
1986,4,10,4,0,0,0,3.3,-3.3,62,991,5.2,310,0
1986,4,10,5,4,2,4,3.9,-3.3,60,992,3.6,310,0
1986,4,10,6,73,67,63,4.4,-2.2,62,992,4.6,310,0
1986,4,10,7,149,58,129,5.6,-2.2,58,992,7.7,300,0
1986,4,10,8,334,263,196,7.2,-2.2,52,992,7.7,300,0
1986,4,10,9,597,493,266,7.8,-2.2,50,992,10.3,280,0
1986,4,10,10,389,153,269,7.8,-2.2,50,992,6.2,290,0
1986,4,10,11,341,3,339,6.7,-3.3,49,992,7.2,300,0
1986,4,10,12,473,171,328,8.9,-2.8,44,991,10.3,300,0
1986,4,10,13,436,120,339,7.8,-3.9,44,991,7.2,300,0
1986,4,10,14,264,7,259,7.8,-4.4,42,991,8.2,300,0
1986,4,10,15,267,57,234,8.3,-4.4,41,991,6.7,300,0
1986,4,10,16,207,37,192,7.2,-3.9,46,992,8.2,290,0
1986,4,10,17,53,26,47,6.7,-3.9,47,992,8.8,290,0
1986,4,10,18,21,4,20,6.1,-3.9,49,992,6.7,290,0
1986,4,10,19,0,0,0,6.1,-3.9,49,993,5.2,280,0
1986,4,10,20,0,0,0,6.1,-3.9,49,993,4.6,300,0
1986,4,10,21,0,0,0,5,-4.4,51,993,3.6,300,0
1986,4,10,22,0,0,0,3.9,-3.9,57,992,2.6,260,0
1986,4,10,23,0,0,0,2.2,-3.3,67,992,2.6,200,0
1986,4,11,0,0,0,0,3.3,-2.2,67,991,2.1,200,0
1986,4,11,1,0,0,0,3.9,0,76,991,2.1,250,0
1986,4,11,2,0,0,0,2.8,1.1,89,991,2.1,30,0
1986,4,11,3,0,0,0,3.3,1.7,89,990,4.1,300,0
1986,4,11,4,0,0,0,3.9,2.2,89,990,1.5,150,0
1986,4,11,5,4,0,4,3.3,2.8,96,990,1.5,120,0
1986,4,11,6,45,18,42,3.9,2.8,93,990,2.1,140,0
1986,4,11,7,116,5,114,4.4,2.8,89,990,2.1,220,0
1986,4,11,8,190,1,189,5,2.8,86,990,2.6,210,0
1986,4,11,9,169,10,162,5.6,2.2,79,991,3.1,270,0
1986,4,11,10,315,3,313,6.1,2.2,76,991,4.1,280,0
1986,4,11,11,387,3,385,7.8,1.1,63,991,6.2,300,0
1986,4,11,12,429,3,427,8.9,0.6,56,991,6.2,290,0
1986,4,11,13,400,3,398,9.4,0,52,990,5.7,290,0
1986,4,11,14,362,1,361,9.4,-0.6,50,991,5.2,300,0
1986,4,11,15,253,74,210,9.4,0,52,991,4.1,340,0
1986,4,11,16,199,5,197,9.4,-0.6,50,991,2.6,350,0
1986,4,11,17,80,0,80,8.9,0.6,56,991,1.5,140,0
1986,4,11,18,20,2,19,7.8,1.7,66,991,3.1,50,0
1986,4,11,19,0,0,0,7.2,1.1,66,992,3.6,40,0
1986,4,11,20,0,0,0,6.7,1.1,68,993,3.1,40,0
1986,4,11,21,0,0,0,6.7,1.7,71,993,2.1,20,0
1986,4,11,22,0,0,0,6.1,1.1,71,993,2.1,50,0
1986,4,11,23,0,0,0,5.6,1.7,76,993,2.1,160,0
1986,4,12,0,0,0,0,5.6,2.2,79,993,2.6,350,0
1986,4,12,1,0,0,0,5,1.7,79,993,1.5,340,0
1986,4,12,2,0,0,0,5,1.7,79,994,3.1,330,0
1986,4,12,3,0,0,0,3.3,1.1,86,994,2.1,340,0
1986,4,12,4,0,0,0,2.2,0.6,89,995,2.1,350,0
1986,4,12,5,8,23,6,1.7,0.6,92,996,1.5,350,0
1986,4,12,6,101,405,37,3.3,1.7,89,996,0,0,0
1986,4,12,7,303,652,73,7.8,1.1,63,996,4.1,340,0
1986,4,12,8,493,687,128,10,1.1,54,997,4.6,360,0
1986,4,12,9,657,698,183,11.1,1.1,51,999,5.2,320,0
1986,4,12,10,781,762,181,13.3,2.2,47,999,5.7,350,0
1986,4,12,11,892,809,205,15,0.6,38,998,6.7,330,0
1986,4,12,12,862,715,248,15.6,0.6,36,998,4.6,310,0
1986,4,12,13,834,721,246,16.7,0.6,34,998,4.1,330,0
1986,4,12,14,591,451,264,17.8,0.6,32,997,6.2,40,0
1986,4,12,15,546,615,184,17.2,1.1,34,997,5.7,40,0
1986,4,12,16,368,640,99,16.7,0.6,34,998,4.1,40,0
1986,4,12,17,170,532,48,15,0.6,38,998,4.1,50,0
1986,4,12,18,31,108,19,11.7,0.6,47,999,3.6,60,0
1986,4,12,19,0,0,0,9.4,0.6,54,1000,3.6,50,0
1986,4,12,20,0,0,0,8.3,0,56,1001,3.1,70,0
1986,4,12,21,0,0,0,6.7,-0.6,60,1001,1,140,0
1986,4,12,22,0,0,0,6.7,-1.1,58,1001,1.5,220,0
1986,4,12,23,0,0,0,3.3,-0.6,76,1002,1.5,260,0
1986,4,13,0,0,0,0,2.8,0,82,1002,2.6,40,0
1986,4,13,1,0,0,0,1.1,-0.6,89,1002,0,0,0
1986,4,13,2,0,0,0,1.1,0,92,1002,0,0,0
1986,4,13,3,0,0,0,0.6,0,96,1002,1.5,350,0
1986,4,13,4,0,0,0,0.6,-0.6,92,1002,2.1,40,0
1986,4,13,5,6,4,6,1.7,0.6,92,1003,3.1,350,0
1986,4,13,6,77,57,67,3.9,1.1,82,1003,2.6,10,0
1986,4,13,7,210,130,164,6.1,1.7,74,1004,2.6,350,0
1986,4,13,8,281,142,205,8.3,1.7,63,1004,2.1,360,0
1986,4,13,9,311,0,311,10,1.7,57,1004,1.5,60,0
1986,4,13,10,323,4,320,11.7,0.6,47,1004,2.6,70,0
1986,4,13,11,392,13,380,12.2,1.1,47,1004,2.1,130,0
1986,4,13,12,203,4,199,12.8,1.7,47,1004,2.6,120,0
1986,4,13,13,332,3,330,12.8,1.7,47,1004,1.5,140,0
1986,4,13,14,385,5,382,12.2,2.2,51,1004,1.5,310,0
1986,4,13,15,311,6,307,13.3,3.3,51,1003,2.6,50,0
1986,4,13,16,163,0,163,12.8,3.3,53,1003,2.6,100,0
1986,4,13,17,87,0,87,12.2,2.8,53,1004,4.1,90,0
1986,4,13,18,23,0,23,11.1,3.3,59,1004,3.1,70,0
1986,4,13,19,0,0,0,10.6,4.4,66,1005,3.1,80,0
1986,4,13,20,0,0,0,7.8,3.9,77,1005,2.6,60,0
1986,4,13,21,0,0,0,7.2,3.9,80,1006,2.1,80,0
1986,4,13,22,0,0,0,6.1,3.3,83,1006,2.6,30,0
1986,4,13,23,0,0,0,3.9,2.8,93,1007,1.5,10,0
1986,4,14,0,0,0,0,3.3,2.2,93,1007,0,0,0
1986,4,14,1,0,0,0,3.9,3.3,96,1007,2.1,20,0
1986,4,14,2,0,0,0,5,3.9,93,1007,2.1,350,0
1986,4,14,3,0,0,0,3.3,2.8,96,1007,2.6,30,0
1986,4,14,4,0,0,0,2.8,2.2,96,1007,2.6,340,0
1986,4,14,5,6,3,6,2.2,1.7,96,1008,1.5,10,0
1986,4,14,6,91,226,54,4.4,2.8,89,1008,2.1,350,0
1986,4,14,7,283,521,94,6.7,3.9,83,1009,2.1,10,0
1986,4,14,8,480,647,131,10.6,5.6,72,1009,2.6,360,0
1986,4,14,9,626,555,244,12.2,3.9,57,1009,3.1,10,0
1986,4,14,10,785,749,189,15.6,3.3,44,1008,2.6,60,0
1986,4,14,11,853,719,238,16.7,2.2,38,1008,3.1,150,0
1986,4,14,12,844,685,251,17.8,1.7,34,1007,3.6,110,0
1986,4,14,13,649,389,330,18.3,-0.6,28,1007,2.6,60,0
1986,4,14,14,630,404,336,18.3,2.2,34,1006,3.1,110,0
1986,4,14,15,318,68,277,18.3,2.2,34,1005,4.1,140,0
1986,4,14,16,189,43,170,18.3,1.7,33,1005,3.1,140,0
1986,4,14,17,77,5,75,17.2,2.8,38,1005,2.6,120,0
1986,4,14,18,22,0,22,14.4,4.4,51,1005,3.1,120,0
1986,4,14,19,0,0,0,13.3,5,57,1005,2.6,130,0
1986,4,14,20,0,0,0,12.8,5.6,62,1005,2.6,150,0
1986,4,14,21,0,0,0,11.7,5,64,1005,2.6,170,0
1986,4,14,22,0,0,0,10,4.4,69,1005,3.1,170,0
1986,4,14,23,0,0,0,9.4,5.6,77,1005,2.6,180,0
1986,4,15,0,0,0,0,8.9,5.6,80,1005,2.1,200,0
1986,4,15,1,0,0,0,6.7,4.4,86,1005,2.6,150,0
1986,4,15,2,0,0,0,9.4,4.4,71,1005,2.6,180,0
1986,4,15,3,0,0,0,9.4,5,74,1004,2.1,140,0
1986,4,15,4,0,0,0,8.3,6.1,86,1004,2.6,140,0
1986,4,15,5,3,0,3,8.3,6.7,89,1004,2.1,130,0
1986,4,15,6,54,4,53,8.9,7.2,89,1004,1.5,120,0
1986,4,15,7,126,4,125,9.4,7.2,86,1003,4.6,160,0
1986,4,15,8,123,2,122,10,8.3,90,1003,4.1,150,0
1986,4,15,9,286,3,284,10.6,8.9,90,1003,3.6,160,0
1986,4,15,10,343,3,340,11.1,8.9,86,1002,2.6,160,0
1986,4,15,11,463,2,461,11.7,8.9,83,1001,3.6,140,0
1986,4,15,12,250,1,248,11.1,10,93,1000,3.6,110,0
1986,4,15,13,416,1,415,12.2,10.6,90,999,3.6,130,0
1986,4,15,14,370,1,369,12.2,10,86,999,4.1,120,0
1986,4,15,15,276,0,276,12.2,10.6,90,998,3.1,100,0
1986,4,15,16,212,0,212,12.2,10.6,90,997,3.1,110,0
1986,4,15,17,57,1,57,11.7,10.6,93,997,3.1,100,0
1986,4,15,18,14,0,14,10.6,10,96,996,3.1,80,0
1986,4,15,19,0,0,0,8.9,8.3,96,996,7.7,30,0
1986,4,15,20,0,0,0,9.4,8.9,96,996,3.6,10,0
1986,4,15,21,0,0,0,9.4,9.4,100,995,4.6,50,0
1986,4,15,22,0,0,0,9.4,8.9,96,995,4.6,320,0
1986,4,15,23,0,0,0,8.3,7.8,96,995,4.6,320,0
1986,4,16,0,0,0,0,8.3,7.8,96,995,5.2,340,0
1986,4,16,1,0,0,0,7.8,7.2,96,995,5.7,330,0
1986,4,16,2,0,0,0,7.8,7.2,96,995,4.6,340,0
1986,4,16,3,0,0,0,7.8,6.7,93,994,4.1,330,0
1986,4,16,4,0,0,0,7.8,6.7,93,995,3.6,320,0
1986,4,16,5,10,0,10,7.8,6.7,93,995,4.1,340,0
1986,4,16,6,74,1,74,8.3,6.1,86,995,4.1,330,0
1986,4,16,7,98,0,98,8.3,6.1,86,995,5.2,340,0
1986,4,16,8,154,1,154,8.9,6.1,83,995,7.7,320,0
1986,4,16,9,333,1,332,8.9,5.6,80,995,6.2,310,0
1986,4,16,10,479,116,386,10,5,71,994,7.7,340,0
1986,4,16,11,539,202,365,10.6,5.6,72,994,8.8,330,0
1986,4,16,12,437,100,350,10.6,5,69,994,7.2,320,0
1986,4,16,13,535,221,352,10.6,5,69,994,6.2,320,0
1986,4,16,14,314,70,263,10.6,3.9,64,993,6.7,320,0
1986,4,16,15,306,10,300,9.4,3.3,66,993,6.2,330,0
1986,4,16,16,176,1,176,9.4,2.8,64,994,5.2,320,0
1986,4,16,17,53,1,53,7.8,3.9,77,994,5.2,310,0
1986,4,16,18,14,1,14,7.8,3.9,77,994,5.2,310,0
1986,4,16,19,0,0,0,6.1,3.9,86,994,5.7,320,0
1986,4,16,20,0,0,0,6.1,3.3,83,995,5.2,320,0
1986,4,16,21,0,0,0,6.1,3.3,83,995,4.6,310,0
1986,4,16,22,0,0,0,6.1,2.8,80,994,7.2,310,0
1986,4,16,23,0,0,0,5.6,2.8,83,994,6.7,310,0
1986,4,17,0,0,0,0,5.6,2.8,83,994,5.7,310,0
1986,4,17,1,0,0,0,5.6,2.8,83,994,4.1,320,0
1986,4,17,2,0,0,0,5.6,2.8,83,994,5.2,310,0
1986,4,17,3,0,0,0,5.6,2.8,83,994,5.2,330,0
1986,4,17,4,0,0,0,5.6,3.3,86,994,4.1,320,0
1986,4,17,5,5,0,5,5,3.9,93,994,4.6,330,0
1986,4,17,6,33,3,33,5,4.4,96,994,3.1,330,0
1986,4,17,7,90,3,89,5.6,5.6,100,995,3.1,330,0
1986,4,17,8,140,2,139,6.1,5.6,96,995,4.6,320,0
1986,4,17,9,214,1,213,7.2,6.7,96,995,5.2,340,0
1986,4,17,10,245,2,244,8.3,7.8,96,996,4.6,10,0
1986,4,17,11,249,1,248,8.3,7.8,96,996,4.1,350,0
1986,4,17,12,254,2,252,8.3,7.8,96,997,6.2,10,0
1986,4,17,13,440,0,440,8.3,7.2,93,998,7.2,20,0
1986,4,17,14,204,1,203,7.8,6.7,93,999,4.6,10,0
1986,4,17,15,185,1,185,7.2,6.7,96,1000,5.2,20,0
1986,4,17,16,122,1,121,7.2,6.1,93,1001,4.6,20,0
1986,4,17,17,62,1,61,7.2,6.1,93,1002,4.1,20,0
1986,4,17,18,16,0,16,7.2,6.1,93,1003,3.6,10,0
1986,4,17,19,0,0,0,7.2,6.1,93,1004,4.6,350,0
1986,4,17,20,0,0,0,7.2,6.1,93,1004,4.6,340,0
1986,4,17,21,0,0,0,7.2,5.6,89,1004,4.1,330,0
1986,4,17,22,0,0,0,7.2,5.6,89,1004,5.2,340,0
1986,4,17,23,0,0,0,7.8,5.6,86,1004,4.1,350,0
1986,4,18,0,0,0,0,7.8,5.6,86,1004,4.1,340,0
1986,4,18,1,0,0,0,7.2,5,86,1004,3.1,330,0
1986,4,18,2,0,0,0,6.7,5,89,1004,3.1,340,0
1986,4,18,3,0,0,0,7.8,5,83,1004,3.6,340,0
1986,4,18,4,0,0,0,6.7,4.4,86,1005,2.6,360,0
1986,4,18,5,12,5,11,7.8,5,83,1006,3.6,360,0
1986,4,18,6,105,239,61,9.4,5,74,1007,3.1,20,0
1986,4,18,7,332,723,58,12.8,6.1,64,1007,7.7,30,0
1986,4,18,8,498,724,96,13.9,6.7,62,1008,6.7,20,0
1986,4,18,9,669,713,168,15,7.2,60,1008,7.7,40,0
1986,4,18,10,639,409,308,16.1,7.8,58,1008,5.2,360,0
1986,4,18,11,795,638,241,17.8,8.9,56,1009,6.2,20,0
1986,4,18,12,635,383,299,18.3,7.8,50,1009,4.1,20,0
1986,4,18,13,594,362,293,17.8,7.8,52,1009,4.6,20,0
1986,4,18,14,426,249,242,19.4,7.8,47,1009,4.6,70,0
1986,4,18,15,509,535,185,18.3,7.8,50,1009,3.1,100,0
1986,4,18,16,385,752,57,19.4,6.7,44,1009,3.1,60,0
1986,4,18,17,174,532,43,18.9,5.6,42,1010,3.1,50,0
1986,4,18,18,38,173,20,15.6,5.6,52,1010,1.5,40,0
1986,4,18,19,0,0,0,12.2,5.6,64,1010,1.5,140,0
1986,4,18,20,0,0,0,10,6.1,77,1011,1.5,170,0
1986,4,18,21,0,0,0,6.7,5.6,93,1011,1.5,180,0
1986,4,18,22,0,0,0,7.2,5,86,1011,4.1,100,0
1986,4,18,23,0,0,0,10,5.6,74,1012,5.2,130,0
1986,4,19,0,0,0,0,10,4.4,69,1012,4.1,140,0
1986,4,19,1,0,0,0,7.8,2.8,71,1013,2.1,150,0
1986,4,19,2,0,0,0,6.1,2.8,80,1013,0,0,0
1986,4,19,3,0,0,0,2.8,2.2,96,1013,1.5,260,0
1986,4,19,4,0,0,0,2.8,1.7,93,1013,1.5,100,0
1986,4,19,5,18,64,12,1.1,0.6,96,1014,0,0,0
1986,4,19,6,134,503,39,6.1,3.9,86,1014,0,0,0
1986,4,19,7,343,736,60,11.7,3.9,59,1015,1.5,240,0
1986,4,19,8,551,843,80,13.3,1.7,45,1014,3.6,180,0
1986,4,19,9,728,898,94,16.1,1.7,38,1014,1.5,240,0
1986,4,19,10,861,923,111,17.2,3.9,41,1013,3.1,180,0
1986,4,19,11,944,924,139,18.9,3.3,36,1012,2.6,130,0
1986,4,19,12,947,944,118,20.6,5,36,1011,3.1,230,0
1986,4,19,13,826,867,102,21.7,4.4,33,1010,1,80,0
1986,4,19,14,735,842,110,22.2,3.9,30,1009,2.6,70,0
1986,4,19,15,573,786,96,22.2,2.8,28,1008,2.1,340,0
1986,4,19,16,373,565,125,22.8,3.3,28,1007,2.6,180,0
1986,4,19,17,153,231,95,22.2,2.2,27,1007,2.6,130,0
1986,4,19,18,36,111,24,18.3,2.8,36,1006,3.1,160,0
1986,4,19,19,0,0,0,15,3.9,48,1006,3.1,160,0
1986,4,19,20,0,0,0,13.9,3.9,51,1006,3.1,150,0
1986,4,19,21,0,0,0,13.3,3.3,51,1006,2.6,170,0
1986,4,19,22,0,0,0,12.2,3.3,55,1006,2.6,170,0
1986,4,19,23,0,0,0,10.6,3.3,61,1006,2.1,180,0
1986,4,20,0,0,0,0,10,3.9,66,1006,3.6,160,0
1986,4,20,1,0,0,0,10,4.4,69,1006,2.6,170,0
1986,4,20,2,0,0,0,8.9,3.9,71,1005,2.6,160,0
1986,4,20,3,0,0,0,10,4.4,69,1005,3.1,160,0
1986,4,20,4,0,0,0,10,4.4,69,1004,3.1,160,0
1986,4,20,5,14,20,12,9.4,3.9,69,1004,3.1,130,0
1986,4,20,6,118,360,48,10.6,3.3,61,1003,3.6,140,0
1986,4,20,7,303,558,86,12.8,3.9,55,1003,4.1,180,0
1986,4,20,8,199,17,190,15,4.4,50,1002,3.6,220,0
1986,4,20,9,707,769,161,16.7,5,46,1002,3.1,180,0
1986,4,20,10,831,802,177,18.9,5,40,1001,3.6,140,0
1986,4,20,11,750,402,399,21.1,6.1,38,1000,2.6,180,0
1986,4,20,12,438,13,427,21.1,6.7,39,999,4.6,150,0
1986,4,20,13,335,6,331,21.1,7.2,41,998,4.1,170,0
1986,4,20,14,325,3,323,21.1,8.3,44,996,2.1,140,0
1986,4,20,15,390,78,342,23.3,9.4,41,995,3.6,150,0
1986,4,20,16,280,202,191,23.9,10.6,43,994,3.1,140,0
1986,4,20,17,57,13,54,23.9,8.9,39,994,6.2,200,0
1986,4,20,18,18,4,17,22.2,6.7,37,993,4.6,160,0
1986,4,20,19,0,0,0,22.2,5,33,993,7.2,220,0
1986,4,20,20,0,0,0,21.1,5.6,36,994,5.2,230,0
1986,4,20,21,0,0,0,18.9,7.8,49,994,2.6,200,0
1986,4,20,22,0,0,0,18.3,7.8,50,993,3.6,180,0
1986,4,20,23,0,0,0,20,5.6,39,991,5.2,180,0
1986,4,21,0,0,0,0,19.4,6.1,42,991,4.6,210,0
1986,4,21,1,0,0,0,18.9,7.2,47,990,4.6,210,0
1986,4,21,2,0,0,0,18.9,7.2,47,990,5.2,200,0
1986,4,21,3,0,0,0,17.8,7.2,50,989,3.1,210,0
1986,4,21,4,0,0,0,17.8,8.3,54,989,4.1,180,0
1986,4,21,5,5,1,5,17.2,10.6,65,989,3.6,190,0
1986,4,21,6,43,5,42,16.7,12.2,75,988,6.2,180,0
1986,4,21,7,92,3,91,15.6,13.9,90,989,4.1,220,0
1986,4,21,8,203,4,201,16.7,13.9,84,988,4.1,220,0
1986,4,21,9,353,0,352,17.2,13.3,78,989,4.6,220,0
1986,4,21,10,244,4,241,15.6,9.4,67,990,5.2,320,0
1986,4,21,11,242,5,238,12.8,11.1,90,990,2.6,300,0
1986,4,21,12,787,467,374,15.6,9.4,67,990,9.3,310,0
1986,4,21,13,800,637,264,16.7,7.8,56,990,7.2,320,0
1986,4,21,14,752,643,271,17.2,6.7,50,990,7.2,320,0
1986,4,21,15,380,232,237,16.7,5.6,48,990,5.2,340,0
1986,4,21,16,207,91,167,16.7,5,46,990,4.6,340,0
1986,4,21,17,176,372,81,16.7,5,46,991,3.1,330,0
1986,4,21,18,36,130,22,14.4,5.6,56,991,2.1,340,0
1986,4,21,19,0,0,0,10,5.6,74,992,0,0,0
1986,4,21,20,0,0,0,8.3,5.6,83,992,1.5,140,0
1986,4,21,21,0,0,0,7.2,5.6,89,992,1.5,220,0
1986,4,21,22,0,0,0,7.2,5.6,89,992,1.5,230,0
1986,4,21,23,0,0,0,7.2,5.6,89,993,2.1,320,0
1986,4,22,0,0,0,0,6.1,5,93,993,2.1,50,0
1986,4,22,1,0,0,0,6.7,4.4,86,993,2.1,90,0
1986,4,22,2,0,0,0,6.7,4.4,86,993,1.5,70,0
1986,4,22,3,0,0,0,7.2,6.1,93,993,0,0,0
1986,4,22,4,0,0,0,7.8,6.7,93,994,2.6,320,0
1986,4,22,5,3,1,3,8.9,7.8,93,995,2.1,320,0
1986,4,22,6,69,7,68,8.9,7.8,93,995,3.1,330,0
1986,4,22,7,123,5,121,7.8,6.7,93,996,3.6,340,0
1986,4,22,8,130,10,124,7.8,6.7,93,996,2.6,10,0
1986,4,22,9,336,1,335,8.3,6.7,89,997,3.1,30,0
1986,4,22,10,349,4,346,8.9,7.8,93,997,3.1,40,0
1986,4,22,11,422,4,419,10,6.1,77,997,6.2,330,0
1986,4,22,12,240,0,240,9.4,4.4,71,997,4.1,10,0
1986,4,22,13,239,0,239,9.4,4.4,71,997,5.7,340,0
1986,4,22,14,354,2,353,8.9,3.9,71,998,7.7,320,0
1986,4,22,15,180,1,179,7.8,3.3,74,999,8.2,310,0
1986,4,22,16,116,1,115,6.1,3.3,83,1000,6.2,330,0
1986,4,22,17,64,1,64,5.6,2.8,83,1001,6.7,320,0
1986,4,22,18,16,0,16,5,1.7,79,1001,5.2,340,0
1986,4,22,19,0,0,0,5.6,0.6,71,1002,5.7,330,0
1986,4,22,20,0,0,0,5.6,0,68,1003,3.6,350,0
1986,4,22,21,0,0,0,5.6,-2.8,55,1003,6.2,310,0
1986,4,22,22,0,0,0,4.4,-6.1,47,1003,7.7,330,0
1986,4,22,23,0,0,0,3.9,-6.1,49,1003,7.2,320,0
1986,4,23,0,0,0,0,2.8,-5.6,55,1003,5.7,310,0
1986,4,23,1,0,0,0,2.2,-6.7,52,1003,7.7,320,0
1986,4,23,2,0,0,0,1.7,-6.7,54,1003,6.7,330,0
1986,4,23,3,0,0,0,1.1,-5,64,1003,9.8,320,0
1986,4,23,4,0,0,0,1.1,-3.9,70,1003,6.2,330,0
1986,4,23,5,17,0,17,1.7,-5,62,1004,6.2,340,0
1986,4,23,6,72,43,63,2.2,-4.4,62,1004,7.2,330,0
1986,4,23,7,211,195,134,3.3,-4.4,57,1005,8.2,330,0
1986,4,23,8,533,597,190,3.9,-3.9,57,1005,8.2,330,0
1986,4,23,9,681,741,148,6.7,-3.3,49,1006,8.8,330,0
1986,4,23,10,683,461,303,7.2,-3.9,46,1006,7.2,310,0
1986,4,23,11,897,642,330,8.9,-1.7,48,1005,9.3,330,0
1986,4,23,12,724,472,304,8.3,-3.3,44,1005,10.3,330,0
1986,4,23,13,380,11,370,8.3,-3.3,44,1005,7.7,310,0
1986,4,23,14,397,75,340,9.4,-2.8,43,1005,8.8,310,0
1986,4,23,15,354,79,305,10,-2.8,41,1005,9.8,320,0
1986,4,23,16,172,109,123,10,-2.8,41,1005,5.2,340,0
1986,4,23,17,73,6,72,10.6,-2.8,40,1005,4.6,320,0
1986,4,23,18,24,7,23,10.6,-3.9,36,1005,5.2,330,0
1986,4,23,19,0,0,0,9.4,-4.4,38,1006,5.2,320,0
1986,4,23,20,0,0,0,8.9,-4.4,39,1007,6.2,330,0
1986,4,23,21,0,0,0,8.9,-6.1,34,1007,7.2,320,0
1986,4,23,22,0,0,0,8.3,-6.7,34,1008,6.7,330,0
1986,4,23,23,0,0,0,7.8,-6.7,36,1009,6.7,340,0
1986,4,24,0,0,0,0,6.7,-7.8,35,1009,6.2,330,0
1986,4,24,1,0,0,0,5.6,-8.3,36,1009,5.2,330,0
1986,4,24,2,0,0,0,5,-8.3,38,1009,5.2,320,0
1986,4,24,3,0,0,0,4.4,-8.3,39,1009,4.1,330,0
1986,4,24,4,0,0,0,3.9,-7.8,43,1009,3.6,330,0
1986,4,24,5,23,64,16,3.9,-7.2,45,1010,4.1,330,0
1986,4,24,6,147,470,48,6.7,-5.6,42,1011,6.2,330,0
1986,4,24,7,356,698,75,8.9,-5,37,1011,8.2,330,0
1986,4,24,8,567,811,98,10.6,-4.4,35,1011,7.2,330,0
1986,4,24,9,745,872,114,12.8,-5.6,28,1011,7.7,340,0
1986,4,24,10,878,910,125,15,-3.3,28,1011,7.2,350,0
1986,4,24,11,951,926,131,16.1,-3.9,25,1010,7.7,330,0
1986,4,24,12,966,935,132,17.8,-3.9,23,1009,5.7,330,0
1986,4,24,13,909,922,127,18.9,-2.8,23,1008,6.7,320,0
1986,4,24,14,794,895,118,20,-3.3,21,1007,7.7,330,0
1986,4,24,15,594,784,108,20.6,-3.3,20,1006,6.7,330,0
1986,4,24,16,389,654,93,20.6,-3.9,19,1006,6.2,330,0
1986,4,24,17,191,468,68,19.4,-2.8,22,1005,4.6,320,0
1986,4,24,18,38,62,32,17.2,-1.7,28,1005,3.1,330,0
1986,4,24,19,0,0,0,15.6,-2.2,30,1005,2.1,300,0
1986,4,24,20,0,0,0,14.4,-1.1,35,1005,3.1,280,0
1986,4,24,21,0,0,0,12.8,-2.2,36,1005,2.6,300,0
1986,4,24,22,0,0,0,12.8,-2.2,36,1005,3.1,310,0
1986,4,24,23,0,0,0,12.8,-2.8,34,1005,4.1,310,0
1986,4,25,0,0,0,0,13.3,-3.3,32,1005,4.1,300,0
1986,4,25,1,0,0,0,11.7,-3.9,34,1004,3.1,320,0
1986,4,25,2,0,0,0,8.9,-2.8,44,1004,1.5,290,0
1986,4,25,3,0,0,0,10.6,-3.9,36,1004,0,0,0
1986,4,25,4,0,0,0,8.9,-3.3,42,1004,0,0,0
1986,4,25,5,27,116,15,7.8,-1.1,54,1005,0,0,0
1986,4,25,6,161,562,39,13.9,0.6,40,1005,3.1,340,0
1986,4,25,7,369,760,60,17.2,-1.7,28,1005,4.6,330,0
1986,4,25,8,580,816,105,19.4,-2.8,22,1005,6.2,310,0
1986,4,25,9,735,784,166,19.4,-2.2,23,1005,5.7,350,0
1986,4,25,10,651,443,283,21.1,-2.2,21,1004,5.2,350,0
1986,4,25,11,599,142,473,20,-1.7,23,1004,4.1,330,0
1986,4,25,12,312,22,292,17.2,3.3,40,1004,3.6,340,0
1986,4,25,13,291,9,283,19.4,2.2,32,1004,3.6,320,0
1986,4,25,14,404,103,326,20.6,0.6,27,1004,6.7,40,0
1986,4,25,15,266,11,259,19.4,1.1,30,1003,2.1,330,0
1986,4,25,16,135,1,134,18.9,3.9,37,1003,2.6,60,0
1986,4,25,17,64,3,64,16.7,5,46,1004,2.1,100,0
1986,4,25,18,34,0,34,15,7.2,60,1004,3.6,270,0
1986,4,25,19,0,0,0,15,5,52,1004,1.5,160,0
1986,4,25,20,0,0,0,12.8,6.1,64,1004,1.5,90,0
1986,4,25,21,0,0,0,11.7,6.1,69,1004,0,0,0
1986,4,25,22,0,0,0,10.6,6.7,77,1004,0,0,0
1986,4,25,23,0,0,0,8.9,6.1,83,1004,1.5,130,0
1986,4,26,0,0,0,0,7.8,6.1,89,1003,0,0,0
1986,4,26,1,0,0,0,6.1,5,93,1003,1.5,70,0
1986,4,26,2,0,0,0,5,3.9,93,1003,0,0,0
1986,4,26,3,0,0,0,5,3.9,93,1003,1.5,120,0
1986,4,26,4,0,0,0,3.3,2.8,96,1003,2.1,40,0
1986,4,26,5,21,9,20,3.9,2.8,93,1004,0,0,0
1986,4,26,6,125,242,72,11.1,7.2,77,1004,2.1,50,0
1986,4,26,7,308,419,136,15.6,8.3,62,1004,2.6,360,0
1986,4,26,8,465,391,236,20,7.2,44,1004,4.1,320,0
1986,4,26,9,712,605,271,20.6,7.2,42,1004,3.1,340,0
1986,4,26,10,807,642,272,23.3,7.2,36,1003,2.6,340,0
1986,4,26,11,870,648,293,25,6.1,30,1003,1.5,20,0
1986,4,26,12,873,670,271,25.6,6.1,29,1002,5.2,350,0
1986,4,26,13,764,453,377,26.1,7.2,30,1002,5.2,350,0
1986,4,26,14,624,361,349,25.6,7.8,32,1002,4.1,360,0
1986,4,26,15,527,446,248,25.6,8.3,34,1002,4.1,70,0
1986,4,26,16,293,228,189,23.3,9.4,41,1002,3.6,50,0
1986,4,26,17,137,172,91,23.3,8.3,38,1003,5.2,70,0
1986,4,26,18,32,16,30,21.1,8.3,44,1003,3.1,90,0
1986,4,26,19,0,0,0,18.9,8.3,51,1004,2.6,110,0
1986,4,26,20,0,0,0,18.3,8.3,52,1005,1.5,140,0
1986,4,26,21,0,0,0,16.1,9.4,65,1005,1.5,210,0
1986,4,26,22,0,0,0,14.4,9.4,72,1006,0,0,0
1986,4,26,23,0,0,0,13.3,9.4,78,1006,1.5,170,0
1986,4,27,0,0,0,0,13.3,9.4,78,1005,0,0,0
1986,4,27,1,0,0,0,11.7,8.9,83,1005,0,0,0
1986,4,27,2,0,0,0,10,8.3,90,1005,0,0,0
1986,4,27,3,0,0,0,8.9,7.8,93,1005,0,0,0
1986,4,27,4,0,0,0,7.8,6.7,93,1005,0,0,0
1986,4,27,5,30,121,17,8.3,7.8,96,1005,0,0,0
1986,4,27,6,162,557,38,12.2,9.4,83,1006,1.5,330,0
1986,4,27,7,356,721,57,17.2,11.1,68,1006,1.5,320,0
1986,4,27,8,574,850,74,21.1,11.1,53,1005,2.6,320,0
1986,4,27,9,744,899,86,23.3,11.1,46,1005,2.1,310,0
1986,4,27,10,866,923,94,25,11.1,42,1004,3.1,340,0
1986,4,27,11,882,884,92,26.1,10,36,1004,2.6,10,0
1986,4,27,12,895,853,128,26.7,10.6,37,1004,4.6,10,0
1986,4,27,13,861,823,157,27.2,10.6,35,1003,4.1,350,0
1986,4,27,14,797,894,116,27.8,11.7,37,1003,5.2,340,0
1986,4,27,15,633,771,149,27.2,11.1,37,1003,4.6,50,0
1986,4,27,16,250,139,186,27.2,10,34,1003,5.2,60,0
1986,4,27,17,202,506,64,26.1,10,36,1002,4.1,60,0
1986,4,27,18,49,190,30,23.3,10.6,45,1003,3.6,120,0
1986,4,27,19,0,0,0,21.1,12.2,57,1004,6.7,140,0
1986,4,27,20,0,0,0,18.9,12.2,65,1005,3.6,120,0
1986,4,27,21,0,0,0,17.2,12.2,73,1006,3.6,150,0
1986,4,27,22,0,0,0,15.6,12.2,81,1007,3.1,130,0
1986,4,27,23,0,0,0,13.9,11.1,84,1007,1.5,120,0
1986,4,28,0,0,0,0,12.2,10.6,90,1007,1.5,140,0
1986,4,28,1,0,0,0,10.6,10,96,1006,2.6,120,0
1986,4,28,2,0,0,0,10,9.4,96,1006,0,0,0
1986,4,28,3,0,0,0,9.4,8.9,96,1006,0,0,0
1986,4,28,4,0,0,0,8.9,8.9,100,1005,0,0,0
1986,4,28,5,23,24,20,8.3,7.8,96,1006,0,0,0
1986,4,28,6,140,322,67,12.2,11.1,93,1006,2.1,120,0
1986,4,28,7,340,553,108,17.2,11.7,70,1006,2.6,180,0
1986,4,28,8,542,675,143,19.4,10,55,1006,2.6,190,0
1986,4,28,9,714,744,168,21.7,11.1,51,1005,4.1,170,0
1986,4,28,10,844,787,184,23.9,10.6,43,1005,4.1,150,0
1986,4,28,11,913,805,192,24.4,11.1,43,1004,4.6,150,0
1986,4,28,12,932,798,212,24.4,10,40,1003,5.2,140,0
1986,4,28,13,880,773,217,25,10,39,1002,4.6,180,0
1986,4,28,14,757,756,180,25.6,10.6,39,1001,4.1,140,0
1986,4,28,15,592,702,150,25.6,11.1,41,1001,4.6,120,0
1986,4,28,16,391,592,117,25,11.1,42,1001,4.1,150,0
1986,4,28,17,186,387,79,23.9,11.1,45,1001,3.6,150,0
1986,4,28,18,39,67,32,22.2,10,46,1001,4.1,160,0
1986,4,28,19,0,0,0,19.4,10,55,1001,2.6,150,0
1986,4,28,20,0,0,0,19.4,9.4,53,1001,3.6,150,0
1986,4,28,21,0,0,0,18.3,9.4,56,1001,2.6,160,0
1986,4,28,22,0,0,0,17.8,10,61,1001,2.6,160,0
1986,4,28,23,0,0,0,16.7,10,65,1002,2.1,150,0
1986,4,29,0,0,0,0,16.7,10.6,67,1003,2.1,240,0
1986,4,29,1,0,0,0,16.1,10.6,70,1002,1.5,210,0
1986,4,29,2,0,0,0,15,11.7,81,1002,2.6,190,0
1986,4,29,3,0,0,0,13.9,10,78,1001,2.1,160,0
1986,4,29,4,0,0,0,11.7,9.4,86,1001,3.1,270,0
1986,4,29,5,24,22,21,13.3,11.1,87,1003,0,0,0
1986,4,29,6,137,241,81,15.6,11.1,75,1003,0,0,0
1986,4,29,7,220,217,128,17.8,11.7,68,1003,0,0,0
1986,4,29,8,299,170,198,20,12.8,63,1003,3.1,270,0
1986,4,29,9,648,598,206,21.7,12.8,57,1003,5.2,340,0
1986,4,29,10,287,1,286,21.7,12.2,55,1002,7.2,330,0
1986,4,29,11,513,187,345,22.2,8.3,41,1003,6.2,310,0
1986,4,29,12,984,871,195,23.9,9.4,40,1002,4.6,320,0
1986,4,29,13,894,928,96,25,7.8,33,1002,6.2,270,0
1986,4,29,14,773,892,89,25.6,5.6,28,1002,5.2,320,0
1986,4,29,15,617,854,78,25,2.8,24,1002,5.2,300,0
1986,4,29,16,427,786,62,25,3.3,25,1002,5.2,320,0
1986,4,29,17,218,631,43,24.4,2.8,24,1002,4.1,320,0
1986,4,29,18,50,270,22,21.7,4.4,33,1002,2.1,320,0
1986,4,29,19,0,0,0,15.6,7.8,60,1003,2.1,240,0
1986,4,29,20,0,0,0,12.8,7.8,72,1004,0,0,0
1986,4,29,21,0,0,0,12.8,5,60,1005,0,0,0
1986,4,29,22,0,0,0,13.3,3.9,53,1005,1.5,60,0
1986,4,29,23,0,0,0,10,5,71,1005,0,0,0
1986,4,30,0,0,0,0,9.4,5,74,1006,3.1,310,0
1986,4,30,1,0,0,0,11.7,3.3,57,1006,2.1,330,0
1986,4,30,2,0,0,0,10.6,3.9,64,1006,2.1,200,0
1986,4,30,3,0,0,0,9.4,3.3,66,1006,0,0,0
1986,4,30,4,0,0,0,7.8,3.3,74,1007,0,0,0
1986,4,30,5,31,114,20,6.7,3.3,80,1008,2.1,240,0
1986,4,30,6,172,529,48,11.1,7.2,77,1009,2.1,300,0
1986,4,30,7,383,732,72,17.8,5.6,45,1009,2.1,330,0
1986,4,30,8,592,813,106,19.4,3.3,35,1010,4.1,330,0
1986,4,30,9,792,812,191,20.6,2.2,30,1009,5.2,340,0
1986,4,30,10,904,882,160,21.7,2.2,28,1009,4.6,330,0
1986,4,30,11,964,924,131,22.8,1.7,25,1008,3.6,300,0
1986,4,30,12,856,769,159,23.3,2.8,26,1007,3.1,330,0
1986,4,30,13,863,784,188,24.4,3.9,26,1007,3.6,330,0
1986,4,30,14,762,714,213,25,4.4,27,1005,4.6,40,0
1986,4,30,15,670,845,134,25,4.4,27,1005,3.6,350,0
1986,4,30,16,359,402,171,25,2.8,24,1005,2.1,300,0
1986,4,30,17,171,166,125,24.4,3.9,26,1004,2.6,60,0
1986,4,30,18,48,154,32,22.8,4.4,30,1004,1.5,220,0
1986,4,30,19,0,0,0,16.1,7.2,56,1004,2.1,180,0
1986,4,30,20,0,0,0,14.4,6.7,60,1004,2.1,160,0
1986,4,30,21,0,0,0,13,6,65,1004,1.8,60,0
1986,4,30,22,0,0,0,11.5,5.3,70,1004,1.5,210,0
1986,4,30,23,0,0,0,10.1,4.6,70,1004,1.2,180,0
1987,5,1,0,0,0,0,8.7,3.8,47,1003,0.9,10,0
1987,5,1,1,0,0,0,7.3,3.1,59,1004,0.6,280,0
1987,5,1,2,0,0,0,5.8,2.4,73,1004,0.3,0,0
1987,5,1,3,0,0,0,4.4,1.7,82,1004,0,0,0
1987,5,1,4,0,0,0,3.3,2.2,93,1003,0,0,0
1987,5,1,5,22,30,19,2.2,1.1,93,1004,0,0,0
1987,5,1,6,165,411,67,8.3,1.7,63,1004,0,0,0
1987,5,1,7,271,259,160,11.7,0.6,47,1004,1.5,40,0
1987,5,1,8,391,227,255,13.9,-0.6,37,1004,2.1,360,0
1987,5,1,9,617,458,276,15,0,36,1003,1.5,270,0
1987,5,1,10,854,711,252,16.7,1.7,37,1002,2.6,250,0
1987,5,1,11,930,804,205,17.8,1.7,34,1001,2.6,220,0
1987,5,1,12,959,771,259,18.9,2.2,33,1001,2.1,150,0
1987,5,1,13,759,565,271,20.6,3.3,32,1000,4.6,170,0
1987,5,1,14,682,561,249,21.1,3.3,31,999,2.6,210,0
1987,5,1,15,499,408,240,21.7,4.4,33,998,2.6,210,0
1987,5,1,16,368,389,186,21.7,3.9,31,998,2.1,280,0
1987,5,1,17,167,182,116,20.6,5,36,998,2.1,270,0
1987,5,1,18,34,39,30,18.3,6.7,47,998,1.5,270,0
1987,5,1,19,0,0,0,15.6,6.1,54,998,3.6,170,0
1987,5,1,20,0,0,0,15.6,5.6,52,999,2.1,190,0
1987,5,1,21,0,0,0,12.2,7.2,72,999,0,0,0
1987,5,1,22,0,0,0,11.7,6.1,69,999,1.5,160,0
1987,5,1,23,0,0,0,12.8,6.1,64,1000,1.5,140,0
1987,5,2,0,0,0,0,12.2,8.3,77,1000,0,0,0
1987,5,2,1,0,0,0,10,7.2,83,999,1.5,70,0
1987,5,2,2,0,0,0,8.9,7.2,89,1000,1.5,180,0
1987,5,2,3,0,0,0,8.3,6.7,89,1000,1.5,210,0
1987,5,2,4,0,0,0,7.8,6.7,93,1000,0,0,0
1987,5,2,5,23,4,23,8.3,7.2,93,1000,2.1,150,0
1987,5,2,6,141,181,98,11.1,8.3,83,1001,2.6,310,0
1987,5,2,7,176,1,175,13.9,8.9,72,1000,2.1,180,0
1987,5,2,8,468,229,330,16.7,8.3,58,1001,2.1,360,0
1987,5,2,9,315,8,309,18.3,7.8,50,1002,4.1,330,0
1987,5,2,10,219,12,208,15,10,72,1002,4.6,20,0
1987,5,2,11,377,28,352,17.2,9.4,61,1001,5.2,20,0
1987,5,2,12,370,40,333,18.3,9.4,56,1001,4.6,30,0
1987,5,2,13,733,406,381,20,9.4,51,1001,2.6,30,0
1987,5,2,14,500,130,400,21.1,8.9,46,1000,4.1,40,0
1987,5,2,15,478,224,335,21.1,8.3,44,1000,2.6,40,0
1987,5,2,16,291,158,216,20.6,8.9,47,999,4.1,60,0
1987,5,2,17,142,163,95,20.6,9.4,49,1000,3.1,60,0
1987,5,2,18,29,28,26,18.3,9.4,56,1000,2.6,50,0
1987,5,2,19,0,0,0,16.7,10,65,1001,2.6,20,0
1987,5,2,20,0,0,0,14.4,10,75,1001,2.6,50,0
1987,5,2,21,0,0,0,12.8,10,83,1001,2.6,20,0
1987,5,2,22,0,0,0,12.8,10.6,87,1002,2.1,350,0
1987,5,2,23,0,0,0,11.7,8.9,83,1001,2.1,30,0
1987,5,3,0,0,0,0,11.1,10,93,1002,1.5,330,0
1987,5,3,1,0,0,0,10.6,10,96,1002,2.6,330,0
1987,5,3,2,0,0,0,12.2,10.6,90,1004,4.1,330,0
1987,5,3,3,0,0,0,12.2,11.1,93,1002,4.1,180,0
1987,5,3,4,0,0,0,12.2,10.6,90,1002,2.6,200,0
1987,5,3,5,31,70,24,11.1,10.6,96,1003,2.6,310,0
1987,5,3,6,144,279,76,13.3,11.7,90,1003,2.6,10,0
1987,5,3,7,365,632,90,16.1,12.2,78,1003,3.6,20,0
1987,5,3,8,547,660,147,18.3,12.2,68,1004,4.1,70,0
1987,5,3,9,712,772,134,20.6,13.3,63,1004,3.6,150,0
1987,5,3,10,873,882,121,22.2,13.9,59,1004,3.1,70,0
1987,5,3,11,923,882,123,23.3,14.4,58,1003,5.2,140,0
1987,5,3,12,672,362,341,24.4,15,56,1002,3.6,180,0
1987,5,3,13,649,284,403,25,15,54,1001,4.1,180,0
1987,5,3,14,342,5,338,23.3,15,60,1002,3.6,250,0
1987,5,3,15,159,5,156,20.6,16.1,76,1001,2.6,40,0
1987,5,3,16,126,10,121,20,17.8,87,1002,3.6,330,0
1987,5,3,17,46,6,45,16.7,15.6,93,1002,4.6,340,0
1987,5,3,18,14,3,13,13.9,12.8,93,1003,6.7,360,0
1987,5,3,19,0,0,0,11.7,11.1,96,1004,4.1,350,0
1987,5,3,20,0,0,0,11.1,10,93,1005,6.7,30,0
1987,5,3,21,0,0,0,11.1,9.4,90,1006,5.7,30,0
1987,5,3,22,0,0,0,11.1,9.4,90,1007,5.2,20,0
1987,5,3,23,0,0,0,10.6,9.4,93,1007,6.7,30,0
1987,5,4,0,0,0,0,10.6,8.9,90,1007,5.7,40,0
1987,5,4,1,0,0,0,10,8.9,93,1007,3.6,40,0
1987,5,4,2,0,0,0,9.4,8.9,96,1007,4.6,20,0
1987,5,4,3,0,0,0,9.4,8.9,96,1007,4.6,30,0
1987,5,4,4,0,0,0,9.4,8.9,96,1007,4.1,20,0
1987,5,4,5,13,0,13,9.4,8.3,93,1009,4.1,20,0
1987,5,4,6,42,4,41,8.9,8.3,96,1010,4.1,350,0
1987,5,4,7,107,0,107,8.9,8.3,96,1011,6.7,50,0
1987,5,4,8,155,2,153,8.9,8.3,96,1011,4.6,50,0
1987,5,4,9,231,2,229,9.4,7.8,90,1012,5.2,30,0
1987,5,4,10,241,0,240,9.4,7.8,90,1012,4.6,30,0
1987,5,4,11,249,1,248,10,8.9,93,1012,4.1,30,0
1987,5,4,12,466,2,464,10.6,8.3,86,1012,5.2,40,0
1987,5,4,13,406,1,405,11.1,7.2,77,1012,6.2,20,0
1987,5,4,14,368,1,367,11.1,7.8,80,1012,5.2,20,0
1987,5,4,15,297,2,296,11.7,7.8,77,1012,4.6,10,0
1987,5,4,16,214,0,214,10.6,7.2,80,1013,4.6,10,0
1987,5,4,17,108,0,108,10.6,7.2,80,1013,7.2,20,0
1987,5,4,18,32,0,32,10,6.7,80,1013,4.6,40,0
1987,5,4,19,0,0,0,9.4,6.7,83,1014,3.1,40,0
1987,5,4,20,0,0,0,9.4,6.1,80,1014,2.6,20,0
1987,5,4,21,0,0,0,8.3,5.6,83,1014,4.6,30,0
1987,5,4,22,0,0,0,6.7,5,89,1014,3.1,30,0
1987,5,4,23,0,0,0,5.6,4.4,93,1014,2.1,360,0
1987,5,5,0,0,0,0,3.9,3.3,96,1014,0,0,0
1987,5,5,1,0,0,0,2.8,2.8,100,1014,0,0,0
1987,5,5,2,0,0,0,2.8,2.2,96,1014,1.5,330,0
1987,5,5,3,0,0,0,2.2,1.7,96,1014,1.5,20,0
1987,5,5,4,0,0,0,3.3,1.7,89,1013,0,0,0
1987,5,5,5,26,40,22,2.2,1.7,96,1013,0,0,0
1987,5,5,6,163,399,62,5.6,4.4,93,1013,0,0,0
1987,5,5,7,362,604,96,9.4,5.6,77,1013,3.6,310,0
1987,5,5,8,584,749,126,11.7,6.1,69,1013,3.6,330,0
1987,5,5,9,745,664,245,13.9,6.1,60,1012,3.6,350,0
1987,5,5,10,789,573,299,14.4,6.1,58,1012,5.2,340,0
1987,5,5,11,826,511,360,15.6,3.9,46,1011,5.2,350,0
1987,5,5,12,241,8,234,14.4,5,53,1010,5.2,10,0
1987,5,5,13,591,177,437,15.6,4.4,48,1010,4.1,340,0
1987,5,5,14,645,522,239,16.7,3.9,43,1009,5.2,330,0
1987,5,5,15,600,698,150,18.3,3.3,37,1008,5.2,340,0
1987,5,5,16,369,405,175,17.8,2.8,37,1007,4.1,20,0
1987,5,5,17,204,391,89,17.2,3.3,40,1007,2.1,310,0
1987,5,5,18,38,117,27,15.6,3.3,44,1007,2.1,170,0
1987,5,5,19,0,0,0,12.2,3.9,57,1007,2.6,160,0
1987,5,5,20,0,0,0,10,5,71,1007,2.6,190,0
1987,5,5,21,0,0,0,10,5.6,74,1007,3.6,190,0
1987,5,5,22,0,0,0,8.9,5,77,1007,2.1,70,0
1987,5,5,23,0,0,0,9.4,5,74,1008,4.6,360,0
1987,5,6,0,0,0,0,7.8,5.6,86,1008,2.6,20,0
1987,5,6,1,0,0,0,5,4.4,96,1007,2.1,210,0
1987,5,6,2,0,0,0,5.6,4.4,93,1007,0,0,0
1987,5,6,3,0,0,0,3.3,3.3,100,1006,0,0,0
1987,5,6,4,0,0,0,3.3,2.8,96,1006,0,0,0
1987,5,6,5,33,68,26,4.4,3.9,96,1007,1.5,90,0
1987,5,6,6,172,412,67,8.3,6.7,89,1007,0,0,0
1987,5,6,7,376,614,103,12.8,6.7,67,1007,2.1,10,0
1987,5,6,8,578,725,132,16.1,6.7,54,1007,3.1,260,0
1987,5,6,9,751,789,154,17.8,3.3,38,1006,4.1,280,0
1987,5,6,10,835,734,205,20,3.3,33,1006,4.1,330,0
1987,5,6,11,927,688,298,21.1,3.3,31,1005,4.6,290,0
1987,5,6,12,904,611,342,21.7,2.8,29,1004,3.6,270,0
1987,5,6,13,586,281,341,22.2,3.3,29,1004,3.6,270,0
1987,5,6,14,693,485,314,23.3,2.8,26,1003,6.2,270,0
1987,5,6,15,602,581,226,23.9,2.8,25,1002,6.2,260,0
1987,5,6,16,348,356,177,23.3,3.9,28,1002,4.1,280,0
1987,5,6,17,195,142,153,21.7,6.7,38,1002,4.6,220,0
1987,5,6,18,43,45,38,18.9,6.7,45,1002,3.1,200,0
1987,5,6,19,1,0,1,16.7,6.7,52,1002,3.6,190,0
1987,5,6,20,0,0,0,14.4,7.2,62,1003,0,0,0
1987,5,6,21,0,0,0,11.7,7.8,77,1003,1.5,140,0
1987,5,6,22,0,0,0,10.6,7.2,80,1003,1.5,60,0
1987,5,6,23,0,0,0,10,6.7,80,1003,1.5,140,0
1987,5,7,0,0,0,0,8.9,7.2,89,1003,0,0,0
1987,5,7,1,0,0,0,7.8,6.7,93,1002,0,0,0
1987,5,7,2,0,0,0,6.1,5,93,1002,1.5,190,0
1987,5,7,3,0,0,0,6.1,5,93,1002,0,0,0
1987,5,7,4,0,0,0,5.6,5,96,1002,0,0,0
1987,5,7,5,38,37,34,6.7,5.6,93,1003,0,0,0
1987,5,7,6,182,271,112,11.1,8.9,86,1003,0,0,0
1987,5,7,7,367,507,141,17.2,8.9,58,1003,1.5,200,0
1987,5,7,8,564,687,140,20,6.7,42,1003,2.1,210,0
1987,5,7,9,741,785,145,21.7,5,34,1003,4.1,280,0
1987,5,7,10,850,844,124,23.3,5,31,1002,2.6,260,0
1987,5,7,11,936,866,143,24.4,4.4,28,1002,3.6,260,0
1987,5,7,12,973,907,137,25,5,28,1001,4.1,290,0
1987,5,7,13,869,789,178,26.1,5.6,27,1001,5.2,280,0
1987,5,7,14,641,559,204,26.1,5.6,27,1000,3.1,260,0
1987,5,7,15,586,626,179,26.1,5,26,1000,5.2,290,0
1987,5,7,16,425,691,91,25.6,5.6,28,1000,4.6,340,0
1987,5,7,17,215,317,120,22.2,7.2,38,1001,4.1,350,0
1987,5,7,18,32,15,30,20.6,7.2,42,1001,3.6,10,0
1987,5,7,19,0,0,0,19.4,6.7,44,1002,4.6,360,0
1987,5,7,20,0,0,0,17.8,5.6,45,1003,4.1,350,0
1987,5,7,21,0,0,0,17.2,6.1,48,1003,2.1,340,0
1987,5,7,22,0,0,0,16.1,4.4,46,1003,3.6,330,0
1987,5,7,23,0,0,0,15,3.9,48,1004,2.6,340,0
1987,5,8,0,0,0,0,13.9,4.4,53,1004,2.6,10,0
1987,5,8,1,0,0,0,13.3,5.6,60,1004,2.1,340,0
1987,5,8,2,0,0,0,12.8,6.7,67,1004,3.1,30,0
1987,5,8,3,0,0,0,11.7,9.4,86,1004,0,0,0
1987,5,8,4,0,0,0,11.7,10,90,1004,2.6,360,0
1987,5,8,5,24,12,23,10,9.4,96,1005,1.5,330,0
1987,5,8,6,145,194,95,11.1,10,93,1006,2.6,330,0
1987,5,8,7,355,480,139,14.4,10.6,78,1006,2.6,360,0
1987,5,8,8,465,252,308,16.1,9.4,65,1006,3.6,340,0
1987,5,8,9,654,313,416,17.2,9.4,61,1006,4.1,330,0
1987,5,8,10,831,583,329,18.3,6.1,45,1006,4.6,350,0
1987,5,8,11,876,541,379,19.4,2.8,33,1006,3.6,330,0
1987,5,8,12,810,453,392,19.4,1.1,30,1006,4.6,340,0
1987,5,8,13,663,379,330,20.6,1.7,29,1005,3.6,340,0
1987,5,8,14,805,650,295,20.6,1.1,28,1005,5.2,310,0
1987,5,8,15,536,439,251,21.1,0.6,26,1005,7.2,320,0
1987,5,8,16,346,333,184,20.6,-0.6,24,1005,4.1,310,0
1987,5,8,17,183,255,107,20,-1.1,24,1005,4.1,320,0
1987,5,8,18,44,51,38,17.8,-0.6,29,1005,3.6,320,0
1987,5,8,19,1,0,1,12.8,0.6,44,1005,2.1,290,0
1987,5,8,20,0,0,0,11.1,1.7,53,1006,1.5,270,0
1987,5,8,21,0,0,0,8.3,2.8,68,1007,1.5,260,0
1987,5,8,22,0,0,0,7.8,2.2,68,1007,0,0,0
1987,5,8,23,0,0,0,6.7,2.2,74,1007,1.5,300,0
1987,5,9,0,0,0,0,5.6,2.8,83,1007,0,0,0
1987,5,9,1,0,0,0,4.4,2.8,89,1007,1.5,150,0
1987,5,9,2,0,0,0,3.9,2.2,89,1007,1.5,200,0
1987,5,9,3,0,0,0,3.9,2.2,89,1008,1.5,170,0
1987,5,9,4,0,0,0,2.8,2.2,96,1009,1.5,170,0
1987,5,9,5,43,217,22,3.9,2.8,93,1009,0,0,0
1987,5,9,6,208,609,47,9.4,5,74,1010,2.1,170,0
1987,5,9,7,419,777,68,15.6,6.7,56,1010,1.5,240,0
1987,5,9,8,578,768,100,18.9,3.3,36,1010,0,0,0
1987,5,9,9,677,740,112,21.1,2.2,29,1010,4.6,300,0
1987,5,9,10,778,601,259,22.8,3.3,28,1009,3.6,320,0
1987,5,9,11,909,816,159,23.3,2.8,26,1009,3.1,270,0
1987,5,9,12,904,761,201,23.9,2.2,24,1008,6.2,250,0
1987,5,9,13,870,705,250,25.6,3.9,25,1007,5.7,200,0
1987,5,9,14,735,712,175,25.6,3.9,25,1006,4.6,210,0
1987,5,9,15,603,741,119,26.1,5.6,27,1005,6.7,200,0
1987,5,9,16,437,720,86,25.6,5.6,28,1004,5.7,200,0
1987,5,9,17,234,517,77,24.4,5.6,30,1004,4.1,190,0
1987,5,9,18,59,251,32,22.2,6.1,35,1004,2.6,180,0
1987,5,9,19,1,4,1,19.4,5.6,40,1004,3.1,170,0
1987,5,9,20,0,0,0,17.8,5.6,45,1005,2.6,180,0
1987,5,9,21,0,0,0,15,6.1,56,1005,0,0,0
1987,5,9,22,0,0,0,14.4,6.1,58,1005,2.6,170,0
1987,5,9,23,0,0,0,13.3,5.6,60,1005,3.1,160,0
1987,5,10,0,0,0,0,11.7,6.1,69,1005,1.5,160,0
1987,5,10,1,0,0,0,11.7,5.6,66,1005,1.5,200,0
1987,5,10,2,0,0,0,10.6,6.1,74,1005,1.5,190,0
1987,5,10,3,0,0,0,10,5.6,74,1005,1.5,150,0
1987,5,10,4,0,0,0,7.8,5.6,86,1005,1.5,150,0
1987,5,10,5,33,39,29,7.8,6.1,89,1005,1.5,150,0
1987,5,10,6,170,325,83,13.3,8.3,72,1006,2.6,190,0
1987,5,10,7,373,510,142,18.9,9.4,55,1006,1.5,190,0
1987,5,10,8,561,586,195,23.9,9.4,40,1006,3.1,220,0
1987,5,10,9,716,693,186,26.1,8.3,33,1006,4.6,280,0
1987,5,10,10,883,772,214,27.2,8.9,32,1005,6.2,290,0
1987,5,10,11,945,791,217,28.3,9.4,31,1005,5.2,260,0
1987,5,10,12,917,747,225,28.9,10,31,1004,3.6,270,0
1987,5,10,13,825,624,275,29.4,9.4,29,1004,3.6,240,0
1987,5,10,14,757,636,256,30.6,9.4,27,1003,5.2,280,0
1987,5,10,15,575,515,237,30.6,8.9,26,1003,5.2,260,0
1987,5,10,16,412,568,134,30,10.6,30,1002,4.6,200,0
1987,5,10,17,203,377,88,28.3,10.6,33,1003,4.1,200,0
1987,5,10,18,49,88,39,25,11.1,42,1003,3.1,210,0
1987,5,10,19,1,0,1,21.7,11.1,51,1004,2.6,200,0
1987,5,10,20,0,0,0,19.4,11.1,59,1004,2.1,180,0
1987,5,10,21,0,0,0,17.8,11.1,65,1005,2.6,180,0
1987,5,10,22,0,0,0,16.1,11.1,72,1005,1.5,180,0
1987,5,10,23,0,0,0,14.4,11.1,81,1005,0,0,0
1987,5,11,0,0,0,0,13.3,10.6,83,1005,0,0,0
1987,5,11,1,0,0,0,11.7,10,90,1004,2.1,240,0
1987,5,11,2,0,0,0,11.7,10,90,1005,0,0,0
1987,5,11,3,0,0,0,11.7,10,90,1005,0,0,0
1987,5,11,4,0,0,0,11.1,10,93,1005,0,0,0
1987,5,11,5,45,212,24,11.7,10.6,93,1006,0,0,0
1987,5,11,6,209,581,52,15,12.2,84,1006,0,0,0
1987,5,11,7,414,759,67,21.1,13.3,61,1006,0,0,0
1987,5,11,8,615,846,85,25.6,12.2,44,1006,2.1,220,0
1987,5,11,9,780,889,98,28.3,12.2,37,1006,3.6,200,0
1987,5,11,10,904,920,106,29.4,8.9,28,1005,2.6,260,0
1987,5,11,11,921,888,101,30,8.3,26,1005,2.6,260,0
1987,5,11,12,912,844,128,30.6,8.9,26,1004,2.6,240,0
1987,5,11,13,845,840,104,31.7,8.9,24,1003,2.6,230,0
1987,5,11,14,787,883,89,31.7,10,26,1003,4.6,220,0
1987,5,11,15,606,789,88,31.1,10,27,1002,3.6,220,0
1987,5,11,16,455,779,71,30.6,10.6,29,1001,5.7,190,0
1987,5,11,17,248,641,51,28.9,10.6,32,1001,4.6,190,0
1987,5,11,18,64,218,39,26.1,11.7,41,1001,3.6,180,0
1987,5,11,19,2,7,1,23.9,12.2,48,1001,3.6,170,0
1987,5,11,20,0,0,0,23.3,12.8,52,1002,4.1,170,0
1987,5,11,21,0,0,0,22.8,13.3,55,1002,5.7,190,0
1987,5,11,22,0,0,0,21.1,13.3,61,1002,4.6,180,0
1987,5,11,23,0,0,0,20.6,13.3,63,1001,4.6,180,0
1987,5,12,0,0,0,0,20,12.8,63,1001,4.6,190,0
1987,5,12,1,0,0,0,18.9,12.8,68,1001,4.1,190,0
1987,5,12,2,0,0,0,17.8,12.2,70,1001,3.1,200,0
1987,5,12,3,0,0,0,17.2,11.7,70,1001,3.1,170,0
1987,5,12,4,0,0,0,17.8,12.2,70,1001,3.6,180,0
1987,5,12,5,28,6,27,17.8,12.2,70,1001,3.6,190,0
1987,5,12,6,142,139,104,18.9,12.8,68,1002,3.1,200,0
1987,5,12,7,346,312,202,21.7,13.9,61,1002,3.6,190,0
1987,5,12,8,559,564,204,24.4,15,56,1002,2.6,150,0
1987,5,12,9,737,713,189,27.8,15.6,47,1002,2.6,240,0
1987,5,12,10,866,759,206,28.9,13.9,40,1002,5.2,300,0
1987,5,12,11,892,735,213,29.4,12.8,36,1002,5.7,280,0
1987,5,12,12,752,538,252,30,13.3,36,1002,5.7,230,0
1987,5,12,13,612,224,414,31.1,13.9,35,1001,5.2,210,0
1987,5,12,14,482,218,309,31.1,13.9,35,1001,3.6,170,0
1987,5,12,15,328,71,282,23.3,16.1,64,1002,5.2,340,0
1987,5,12,16,80,3,79,20,18.3,90,1003,3.1,290,0
1987,5,12,17,101,18,96,20.6,18.9,90,1003,2.1,360,0
1987,5,12,18,46,12,44,20,18.9,93,1004,2.6,340,0
1987,5,12,19,0,0,0,19.4,18.3,93,1005,3.1,30,0
1987,5,12,20,0,0,0,20,18.3,90,1006,4.1,20,0
1987,5,12,21,0,0,0,18.9,15.6,81,1007,3.6,70,0
1987,5,12,22,0,0,0,18.3,14.4,78,1008,3.6,30,0
1987,5,12,23,0,0,0,17.8,13.3,75,1008,3.6,30,0
1987,5,13,0,0,0,0,17.2,12.8,75,1009,4.1,360,0
1987,5,13,1,0,0,0,16.1,7.8,58,1009,6.2,30,0
1987,5,13,2,0,0,0,15.6,5,50,1010,6.2,30,0
1987,5,13,3,0,0,0,15,5.6,54,1010,4.6,40,0
1987,5,13,4,0,0,0,14.4,5.6,56,1012,2.6,10,0
1987,5,13,5,32,4,31,13.9,6.1,60,1012,3.6,20,0
1987,5,13,6,146,149,105,14.4,7.2,62,1013,3.6,360,0
1987,5,13,7,110,8,106,15,7.2,60,1014,5.2,40,0
1987,5,13,8,428,333,218,17.8,8.3,54,1014,3.6,70,0
1987,5,13,9,315,5,311,17.8,8.9,56,1015,3.6,70,0
1987,5,13,10,335,9,327,18.9,9.4,55,1015,5.7,70,0
1987,5,13,11,429,7,422,18.9,7.8,49,1015,4.1,120,0
1987,5,13,12,428,5,424,18.3,7.8,50,1015,5.7,120,0
1987,5,13,13,368,0,368,17.8,7.8,52,1015,6.2,120,0
1987,5,13,14,329,2,327,18.9,8.9,53,1014,4.1,80,0
1987,5,13,15,276,1,276,18.9,8.9,53,1014,3.6,90,0
1987,5,13,16,184,3,182,18.3,8.9,54,1014,4.6,120,0
1987,5,13,17,103,0,103,17.2,8.3,56,1014,3.1,110,0
1987,5,13,18,40,0,40,15.6,7.8,60,1015,3.1,130,0
1987,5,13,19,2,0,2,14.4,7.8,65,1015,3.1,100,0
1987,5,13,20,0,0,0,13.9,6.1,60,1015,3.6,140,0
1987,5,13,21,0,0,0,12.8,6.7,67,1016,3.1,130,0
1987,5,13,22,0,0,0,13.3,5,57,1016,4.1,80,0
1987,5,13,23,0,0,0,12.2,3.9,57,1016,3.6,110,0
1987,5,14,0,0,0,0,12.2,3.3,55,1015,3.1,120,0
1987,5,14,1,0,0,0,12.2,4.4,59,1015,1.5,200,0
1987,5,14,2,0,0,0,12.2,5.6,64,1014,1.5,160,0
1987,5,14,3,0,0,0,11.7,6.7,72,1014,2.6,120,0
1987,5,14,4,0,0,0,11.7,7.2,74,1014,2.1,120,0
1987,5,14,5,23,0,23,12.2,7.8,75,1014,3.1,130,0
1987,5,14,6,101,3,100,12.2,8.9,80,1015,1.5,150,0
1987,5,14,7,182,8,178,12.8,8.9,77,1015,2.1,230,0
1987,5,14,8,282,8,277,13.9,10,78,1015,0,0,0
1987,5,14,9,294,8,288,15.6,10.6,72,1014,3.6,110,0
1987,5,14,10,372,5,368,16.7,11.7,73,1014,4.1,160,0
1987,5,14,11,373,0,373,17.8,12.2,70,1014,0,0,0
1987,5,14,12,667,215,466,18.9,13.3,70,1013,2.6,140,0
1987,5,14,13,401,8,394,19.4,13.3,68,1012,4.6,180,0
1987,5,14,14,334,4,331,20,13.9,68,1011,4.6,160,0
1987,5,14,15,234,7,230,20,14.4,71,1010,6.2,140,0
1987,5,14,16,151,6,148,19.4,15,76,1009,5.7,160,0
1987,5,14,17,105,2,104,18.9,14.4,76,1009,3.1,150,0
1987,5,14,18,39,0,39,18.3,14.4,78,1009,4.1,160,0
1987,5,14,19,3,0,3,17.8,15,84,1008,3.6,160,0
1987,5,14,20,0,0,0,17.8,15,84,1007,4.1,160,0
1987,5,14,21,0,0,0,17.8,15.6,87,1009,4.1,190,0
1987,5,14,22,0,0,0,17.8,15.6,87,1008,3.6,170,0
1987,5,14,23,0,0,0,16.7,15,90,1007,3.6,170,0
1987,5,15,0,0,0,0,16.1,15,93,1006,4.1,170,0
1987,5,15,1,0,0,0,16.7,15.6,93,1005,4.1,170,0
1987,5,15,2,0,0,0,16.7,15.6,93,1004,3.6,210,0
1987,5,15,3,0,0,0,16.7,15.6,93,1003,4.6,170,0
1987,5,15,4,0,0,0,16.7,15.6,93,1004,1.5,300,0
1987,5,15,5,26,0,26,16.1,15.6,97,1004,1.5,140,0
1987,5,15,6,126,0,125,17.2,16.1,93,1004,2.6,150,0
1987,5,15,7,213,1,213,17.8,16.7,93,1005,3.6,180,0
1987,5,15,8,173,1,172,18.3,17.2,93,1005,4.6,200,0
1987,5,15,9,213,1,212,17.8,17.2,97,1005,5.2,180,0
1987,5,15,10,444,0,444,18.3,17.2,93,1004,4.1,180,0
1987,5,15,11,927,733,246,21.1,18.9,87,1004,4.6,190,0
1987,5,15,12,949,742,256,23.3,19.4,79,1003,3.6,210,0
1987,5,15,13,887,738,231,25,19.4,71,1003,4.6,190,0
1987,5,15,14,222,77,161,26.1,18.9,65,1001,3.1,200,0
1987,5,15,15,602,621,189,24.4,18.3,69,1002,2.6,40,0
1987,5,15,16,419,625,106,26.1,14.4,49,1002,5.2,350,0
1987,5,15,17,256,640,53,24.4,10.6,42,1003,4.1,330,0
1987,5,15,18,73,340,30,22.2,9.4,44,1003,4.1,330,0
1987,5,15,19,5,12,3,20.6,9.4,49,1005,4.6,340,0
1987,5,15,20,0,0,0,18.3,7.8,50,1006,2.6,340,0
1987,5,15,21,0,0,0,16.1,8.9,63,1006,2.6,340,0
1987,5,15,22,0,0,0,14.4,8.9,70,1007,1.5,350,0
1987,5,15,23,0,0,0,12.2,8.9,80,1008,2.6,30,0
1987,5,16,0,0,0,0,11.1,8.3,83,1008,1.5,20,0
1987,5,16,1,0,0,0,10.6,7.2,80,1009,1.5,350,0
1987,5,16,2,0,0,0,8.9,6.7,86,1009,2.6,20,0
1987,5,16,3,0,0,0,8.9,6.1,83,1009,2.6,10,0
1987,5,16,4,0,0,0,8.9,6.1,83,1010,2.6,340,0
1987,5,16,5,36,27,33,8.9,6.7,86,1010,3.1,20,0
1987,5,16,6,170,264,96,12.2,7.2,72,1011,3.1,340,0
1987,5,16,7,364,455,151,13.9,6.1,60,1011,3.6,360,0
1987,5,16,8,563,575,197,15.6,5,50,1012,2.6,50,0
1987,5,16,9,734,650,230,17.2,5.6,46,1012,2.6,360,0
1987,5,16,10,860,695,251,18.3,5.6,43,1011,2.1,310,0
1987,5,16,11,928,717,261,19.4,5.6,40,1011,2.6,340,0
1987,5,16,12,937,721,262,20,5.6,39,1010,2.1,350,0
1987,5,16,13,883,707,253,21.7,6.1,37,1009,2.6,290,0
1987,5,16,14,776,656,252,21.7,4.4,33,1009,3.1,210,0
1987,5,16,15,614,593,219,22.8,5.6,33,1008,2.6,230,0
1987,5,16,16,421,482,178,22.2,5.6,34,1007,3.1,230,0
1987,5,16,17,213,312,113,21.7,6.1,37,1007,3.6,200,0
1987,5,16,18,58,60,51,18.9,8.3,51,1007,3.6,160,0
1987,5,16,19,1,0,1,15.6,7.8,60,1007,2.6,190,0
1987,5,16,20,0,0,0,14.4,8.3,67,1008,1.5,170,0
1987,5,16,21,0,0,0,12.8,8.3,75,1007,2.6,200,0
1987,5,16,22,0,0,0,11.7,8.3,80,1007,2.1,190,0
1987,5,16,23,0,0,0,11.1,7.8,80,1007,1.5,180,0
1987,5,17,0,0,0,0,10,8.3,90,1007,2.1,160,0
1987,5,17,1,0,0,0,12.2,8.9,80,1007,2.1,170,0
1987,5,17,2,0,0,0,11.7,9.4,86,1006,3.6,180,0
1987,5,17,3,0,0,0,11.1,9.4,90,1006,1.5,170,0
1987,5,17,4,0,0,0,10.6,8.9,90,1006,2.6,160,0
1987,5,17,5,37,48,33,12.2,10,86,1007,2.6,180,0
1987,5,17,6,174,304,88,14.4,10.6,78,1007,3.1,220,0
1987,5,17,7,390,541,135,17.2,11.1,68,1007,2.1,220,0
1987,5,17,8,596,658,176,20,12.2,61,1007,1.5,240,0
1987,5,17,9,730,677,204,23.9,13.3,52,1006,1.5,170,0
1987,5,17,10,843,669,256,25.6,11.7,42,1006,2.1,270,0
1987,5,17,11,955,777,230,27.8,11.1,36,1005,2.1,350,0
1987,5,17,12,961,772,238,28.9,11.7,35,1005,3.6,340,0
1987,5,17,13,909,742,248,29.4,8.9,28,1004,3.6,250,0
1987,5,17,14,793,709,226,30,10,29,1004,2.6,220,0
1987,5,17,15,626,674,176,30.6,11.1,30,1003,4.1,180,0
1987,5,17,16,429,570,141,30,13.9,37,1003,3.6,190,0
1987,5,17,17,223,397,96,28.3,13.3,40,1003,3.6,190,0
1987,5,17,18,60,110,45,26.7,12.8,42,1003,2.6,170,0
1987,5,17,19,3,0,3,22.8,13.3,55,1003,2.6,180,0
1987,5,17,20,0,0,0,20.6,13.9,66,1003,2.1,180,0
1987,5,17,21,0,0,0,19.4,14.4,73,1003,1.5,210,0
1987,5,17,22,0,0,0,17.8,14.4,81,1003,0,0,0
1987,5,17,23,0,0,0,17.8,14.4,81,1003,2.1,110,0
1987,5,18,0,0,0,0,16.1,14.4,90,1003,2.6,340,0
1987,5,18,1,0,0,0,14.4,13.3,93,1003,2.1,270,0
1987,5,18,2,0,0,0,13.3,12.2,93,1003,0,0,0
1987,5,18,3,0,0,0,12.8,12.2,97,1003,0,0,0
1987,5,18,4,0,0,0,12.2,11.7,96,1003,1.5,190,0
1987,5,18,5,44,135,30,12.8,12.2,97,1004,0,0,0
1987,5,18,6,205,476,69,18.3,15.6,84,1004,0,0,0
1987,5,18,7,410,656,101,23.9,16.1,62,1004,0,0,0
1987,5,18,8,609,752,127,26.7,16.1,52,1003,0,0,0
1987,5,18,9,776,810,146,28.9,15,43,1003,3.6,300,0
1987,5,18,10,898,833,166,30.6,16.1,42,1003,3.1,280,0
1987,5,18,11,964,848,172,31.7,15,36,1002,2.1,340,0
1987,5,18,12,975,841,186,32.8,14.4,33,1001,3.6,250,0
1987,5,18,13,680,457,272,31.7,13.9,34,1001,6.2,270,0
1987,5,18,14,731,521,313,31.7,15.6,38,1001,5.2,270,0
1987,5,18,15,593,479,272,29.4,14.4,40,1001,4.6,290,0
1987,5,18,16,344,243,220,25.6,18.3,64,1001,5.2,20,0
1987,5,18,17,203,121,163,23.9,17.2,66,1001,2.6,40,0
1987,5,18,18,48,24,45,23.3,17.2,69,1001,1.5,350,0
1987,5,18,19,0,0,0,21.7,17.8,79,1001,1.5,350,0
1987,5,18,20,0,0,0,22.2,17.8,76,1003,3.1,340,0
1987,5,18,21,0,0,0,20.6,18.9,90,1002,4.6,10,0
1987,5,18,22,0,0,0,20,18.9,93,1002,2.1,60,0
1987,5,18,23,0,0,0,19.4,17.8,90,1001,1.5,340,0
1987,5,19,0,0,0,0,18.3,17.8,97,1002,2.1,200,0
1987,5,19,1,0,0,0,17.2,17.2,100,1002,1.5,170,0
1987,5,19,2,0,0,0,16.7,16.7,100,1002,2.6,20,0
1987,5,19,3,0,0,0,16.7,16.7,100,1002,0,0,0
1987,5,19,4,0,0,0,17.2,17.2,100,1003,3.1,320,0
1987,5,19,5,16,1,16,17.8,17.8,100,1004,2.1,220,0
1987,5,19,6,44,0,44,18.9,18.3,97,1003,2.1,130,0
1987,5,19,7,164,0,163,17.8,17.2,97,1004,4.1,80,0
1987,5,19,8,260,3,258,16.7,15,90,1005,3.6,90,0
1987,5,19,9,367,3,364,15.6,14.4,93,1005,5.2,70,0
1987,5,19,10,221,2,219,15,13.9,93,1006,4.1,60,0
1987,5,19,11,246,1,246,14.4,12.8,90,1006,4.1,50,0
1987,5,19,12,472,1,471,14.4,12.8,90,1006,3.6,50,0
1987,5,19,13,429,1,428,14.4,12.8,90,1007,4.1,80,0
1987,5,19,14,238,1,238,13.9,12.8,93,1007,4.6,60,0
1987,5,19,15,173,1,173,13.3,12.8,97,1006,4.6,70,0
1987,5,19,16,134,1,134,13.3,12.2,93,1007,3.6,60,0
1987,5,19,17,132,1,131,13.3,12.2,93,1007,4.1,60,0
1987,5,19,18,27,0,27,12.8,12.2,97,1007,3.6,60,0
1987,5,19,19,3,0,3,12.2,11.7,96,1009,4.1,60,0
1987,5,19,20,0,0,0,11.7,11.1,96,1009,5.2,60,0
1987,5,19,21,0,0,0,11.7,11.1,96,1010,4.1,20,0
1987,5,19,22,0,0,0,11.7,10.6,93,1009,2.6,40,0
1987,5,19,23,0,0,0,11.1,11.1,100,1009,2.6,60,0
1987,5,20,0,0,0,0,11.1,11.1,100,1009,3.6,40,0
1987,5,20,1,0,0,0,10.6,10,96,1009,5.2,20,0
1987,5,20,2,0,0,0,10,9.4,96,1009,3.6,10,0
1987,5,20,3,0,0,0,10,9.4,96,1009,3.6,10,0
1987,5,20,4,1,0,1,9.4,9.4,100,1009,3.6,10,0
1987,5,20,5,19,0,19,10,9.4,96,1010,3.6,360,0
1987,5,20,6,74,0,73,9.4,8.9,96,1010,3.1,350,0
1987,5,20,7,121,1,120,10,9.4,96,1011,4.1,10,0
1987,5,20,8,195,1,195,10.6,10,96,1011,2.6,360,0
1987,5,20,9,232,1,231,11.1,10.6,96,1011,2.6,360,0
1987,5,20,10,251,1,250,11.7,11.1,96,1011,3.6,10,0
1987,5,20,11,279,1,278,12.8,11.7,93,1011,2.6,360,0
1987,5,20,12,279,0,279,12.8,11.7,93,1011,4.1,40,0
1987,5,20,13,261,1,260,13.3,11.7,90,1011,3.6,30,0
1987,5,20,14,385,1,384,13.3,11.1,87,1011,4.6,40,0
1987,5,20,15,336,1,335,12.8,11.1,90,1010,4.6,50,0
1987,5,20,16,231,1,231,12.8,11.1,90,1010,3.6,40,0
1987,5,20,17,132,1,132,12.2,11.1,93,1011,4.1,30,0
1987,5,20,18,27,0,27,12.2,11.7,96,1011,3.1,10,0
1987,5,20,19,3,0,3,12.2,11.7,96,1011,3.1,10,0
1987,5,20,20,0,0,0,12.2,11.7,96,1012,3.6,20,0
1987,5,20,21,0,0,0,12.2,11.7,96,1012,3.1,10,0
1987,5,20,22,0,0,0,12.2,11.7,96,1012,2.6,10,0
1987,5,20,23,0,0,0,12.2,11.7,96,1011,3.6,20,0
1987,5,21,0,0,0,0,12.2,11.7,96,1011,3.6,340,0
1987,5,21,1,0,0,0,12.2,11.7,96,1011,2.6,350,0
1987,5,21,2,0,0,0,12.2,11.7,96,1012,3.6,340,0
1987,5,21,3,0,0,0,12.2,11.7,96,1012,2.6,360,0
1987,5,21,4,1,0,1,11.7,11.7,100,1012,2.6,340,0
1987,5,21,5,25,0,25,12.2,11.7,96,1013,2.6,360,0
1987,5,21,6,65,0,65,12.2,12.2,100,1013,3.1,340,0
1987,5,21,7,111,1,111,13.3,12.8,97,1014,2.6,350,0
1987,5,21,8,187,1,187,13.9,13.3,97,1014,3.6,30,0
1987,5,21,9,376,1,375,14.4,13.9,97,1014,2.6,10,0
1987,5,21,10,429,1,428,15.6,14.4,93,1014,2.6,340,0
1987,5,21,11,493,0,492,16.1,14.4,90,1014,1.5,360,0
1987,5,21,12,490,0,490,17.2,15.6,90,1014,2.6,10,0
1987,5,21,13,466,1,466,18.3,16.1,87,1014,2.1,310,0
1987,5,21,14,390,1,390,18.9,16.7,87,1013,2.1,340,0
1987,5,21,15,314,0,314,21.1,17.2,79,1013,2.1,360,0
1987,5,21,16,368,189,271,21.1,17.2,79,1012,3.1,310,0
1987,5,21,17,84,2,83,20.6,17.2,81,1012,0,0,0
1987,5,21,18,50,3,49,20,17.2,84,1012,2.1,350,0
1987,5,21,19,6,0,6,17.8,16.7,93,1013,2.1,330,0
1987,5,21,20,0,0,0,17.8,16.7,93,1014,2.6,340,0
1987,5,21,21,0,0,0,16.1,15.6,97,1014,0,0,0
1987,5,21,22,0,0,0,16.1,15.6,97,1014,1.5,170,0
1987,5,21,23,0,0,0,16.1,15.6,97,1013,1.5,170,0
1987,5,22,0,0,0,0,16.7,16.1,97,1013,2.6,140,0
1987,5,22,1,0,0,0,16.1,15.6,97,1012,2.1,140,0
1987,5,22,2,0,0,0,15.6,15,97,1012,0,0,0
1987,5,22,3,0,0,0,13.3,12.8,97,1012,0,0,0
1987,5,22,4,0,0,0,12.2,12.2,100,1012,2.1,290,0
1987,5,22,5,21,2,21,13.9,13.9,100,1013,0,0,0
1987,5,22,6,84,1,84,15.6,15.6,100,1013,0,0,0
1987,5,22,7,175,8,172,16.7,16.7,100,1013,2.1,140,0
1987,5,22,8,217,1,216,17.8,16.1,90,1013,3.1,220,0
1987,5,22,9,339,1,338,19.4,16.7,84,1013,2.6,160,0
1987,5,22,10,788,508,339,21.7,17.2,76,1013,3.6,210,0
1987,5,22,11,735,259,492,23.9,17.8,69,1012,4.6,210,0
1987,5,22,12,585,203,394,23.9,17.8,69,1012,3.1,180,0
1987,5,22,13,831,521,363,25.6,18.3,64,1011,6.2,200,0
1987,5,22,14,492,150,371,25.6,18.3,64,1010,4.6,150,0
1987,5,22,15,473,237,312,25.6,18.3,64,1010,5.2,150,0
1987,5,22,16,169,2,168,25,17.8,64,1010,5.2,190,0
1987,5,22,17,95,6,93,25.6,18.3,64,1009,4.6,190,0
1987,5,22,18,57,1,57,23.9,18.9,74,1009,2.6,180,0
1987,5,22,19,3,0,3,23.3,18.3,74,1009,2.6,110,0
1987,5,22,20,0,0,0,21.7,18.9,84,1010,2.6,110,0
1987,5,22,21,0,0,0,20,19.4,97,1010,2.1,160,0
1987,5,22,22,0,0,0,19.4,18.9,97,1010,2.6,170,0
1987,5,22,23,0,0,0,18.9,18.9,100,1010,2.1,160,0
1987,5,23,0,0,0,0,19.4,18.9,97,1009,2.6,160,0
1987,5,23,1,0,0,0,19.4,18.3,93,1009,3.1,180,0
1987,5,23,2,0,0,0,18.9,17.8,93,1009,2.6,150,0
1987,5,23,3,0,0,0,18.3,17.8,97,1009,2.1,170,0
1987,5,23,4,1,1,1,18.3,18.3,100,1009,1.5,170,0
1987,5,23,5,37,20,34,18.9,18.3,97,1010,1.5,170,0
1987,5,23,6,157,70,137,20,19.4,97,1010,3.1,210,0
1987,5,23,7,311,250,191,21.7,19.4,87,1010,2.6,240,0
1987,5,23,8,548,521,210,22.8,19.4,82,1010,2.1,180,0
1987,5,23,9,588,371,297,25.6,20,72,1010,2.6,170,0
1987,5,23,10,845,670,251,28.3,20.6,63,1010,2.1,340,0
1987,5,23,11,943,675,310,29.4,19.4,55,1009,1.5,360,0
1987,5,23,12,631,181,460,29.4,20,57,1008,1.5,120,0
1987,5,23,13,309,7,302,27.8,20.6,65,1007,3.1,150,0
1987,5,23,14,351,105,266,27.2,20.6,67,1007,2.6,240,0
1987,5,23,15,278,8,272,26.1,22.2,79,1007,3.1,10,0
1987,5,23,16,355,250,226,27.8,20.6,65,1007,0,0,0
1987,5,23,17,192,105,157,26.1,18.9,65,1007,3.6,100,0
1987,5,23,18,63,66,54,23.3,18.3,74,1007,4.1,130,0
1987,5,23,19,2,4,1,22.2,18.9,82,1007,3.6,170,0
1987,5,23,20,0,0,0,21.1,17.8,81,1008,2.6,170,0
1987,5,23,21,0,0,0,20.6,18.9,90,1007,2.1,200,0
1987,5,23,22,0,0,0,20,18.9,93,1007,1.5,200,0
1987,5,23,23,0,0,0,20,18.9,93,1007,1.5,210,0
1987,5,24,0,0,0,0,19.4,18.9,97,1006,1.5,210,0
1987,5,24,1,0,0,0,19.4,18.9,97,1006,0,0,0
1987,5,24,2,0,0,0,18.9,18.3,97,1006,2.1,120,0
1987,5,24,3,0,0,0,18.9,17.8,93,1006,0,0,0
1987,5,24,4,0,0,0,18.9,17.8,93,1007,0,0,0
1987,5,24,5,35,2,34,17.8,17.2,97,1008,2.1,200,0
1987,5,24,6,113,7,111,19.4,18.9,97,1009,0,0,0
1987,5,24,7,185,34,169,20.6,18.9,90,1009,5.2,360,0
1987,5,24,8,229,3,227,22.2,19.4,84,1010,5.2,360,0
1987,5,24,9,307,5,303,25,19.4,71,1009,5.2,360,0
1987,5,24,10,647,240,435,24.4,18.3,69,1010,5.2,30,0
1987,5,24,11,873,499,403,27.2,20,65,1009,4.1,20,0
1987,5,24,12,864,472,418,26.7,18.9,63,1009,2.6,20,0
1987,5,24,13,689,240,472,27.8,18.9,59,1008,2.6,360,0
1987,5,24,14,641,291,405,29.4,18.9,53,1007,3.6,250,0
1987,5,24,15,502,297,301,27.2,18.9,60,1007,1.5,360,0
1987,5,24,16,389,285,241,28.3,17.8,53,1007,1.5,360,0
1987,5,24,17,111,61,91,26.7,17.2,56,1007,2.6,10,0
1987,5,24,18,52,20,50,26.1,16.7,56,1007,2.6,30,0
1987,5,24,19,1,0,1,23.9,18.3,71,1007,4.1,140,0
1987,5,24,20,0,0,0,23.3,20,82,1008,3.6,140,0
1987,5,24,21,0,0,0,22.2,20.6,90,1009,2.6,130,0
1987,5,24,22,0,0,0,22.2,20.6,90,1009,2.6,110,0
1987,5,24,23,0,0,0,20.6,18.9,90,1009,3.1,100,0
1987,5,25,0,0,0,0,20,18.9,93,1009,3.6,120,0
1987,5,25,1,0,0,0,20,18.3,90,1009,3.1,40,0
1987,5,25,2,0,0,0,18.9,16.7,87,1009,3.6,90,0
1987,5,25,3,0,0,0,18.3,17.2,93,1010,3.6,80,0
1987,5,25,4,1,0,1,17.8,16.1,90,1010,3.1,80,0
1987,5,25,5,37,1,37,17.2,15.6,90,1011,2.6,90,0
1987,5,25,6,93,4,92,17.2,15.6,90,1011,3.6,80,0
1987,5,25,7,155,6,152,17.2,15.6,90,1012,3.6,80,0
1987,5,25,8,287,4,285,18.3,15.6,84,1012,4.6,70,0
1987,5,25,9,336,0,335,19.4,15,76,1012,4.1,70,0
1987,5,25,10,406,1,405,18.9,15,78,1012,3.1,90,0
1987,5,25,11,444,2,442,19.4,15.6,78,1012,3.6,130,0
1987,5,25,12,483,1,481,18.9,15,78,1012,4.1,130,0
1987,5,25,13,283,1,282,18.9,14.4,76,1012,3.6,140,0
1987,5,25,14,414,0,414,18.3,15,81,1012,3.1,140,0
1987,5,25,15,307,1,306,18.3,14.4,78,1012,2.1,140,0
1987,5,25,16,136,1,136,17.2,15.6,90,1012,1.5,100,0
1987,5,25,17,142,1,141,17.8,16.1,90,1011,3.1,90,0
1987,5,25,18,54,0,54,17.8,15.6,87,1011,2.6,90,0
1987,5,25,19,6,0,6,16.7,15.6,93,1012,3.1,20,0
1987,5,25,20,0,0,0,16.7,15,90,1012,2.6,20,0
1987,5,25,21,0,0,0,16.1,15,93,1013,2.6,40,0
1987,5,25,22,0,0,0,16.1,14.4,90,1013,2.6,90,0
1987,5,25,23,0,0,0,16.1,14.4,90,1013,2.6,80,0
1987,5,26,0,0,0,0,15.6,13.9,90,1013,2.1,80,0
1987,5,26,1,0,0,0,15,12.8,87,1013,2.6,80,0
1987,5,26,2,0,0,0,15,13.9,93,1012,3.1,120,0
1987,5,26,3,0,0,0,15,13.3,90,1013,3.1,110,0
1987,5,26,4,1,0,1,14.4,13.3,93,1013,3.1,110,0
1987,5,26,5,39,0,39,14.4,12.8,90,1014,3.6,100,0
1987,5,26,6,105,1,105,14.4,13.3,93,1014,2.1,150,0
1987,5,26,7,135,1,135,14.4,13.3,93,1014,2.6,120,0
1987,5,26,8,284,0,284,15,13.3,90,1015,2.6,120,0
1987,5,26,9,237,0,237,15,13.9,93,1015,2.6,120,0
1987,5,26,10,412,1,411,16.1,14.4,90,1015,3.6,150,0
1987,5,26,11,448,1,447,17.2,14.4,84,1015,4.1,150,0
1987,5,26,12,453,0,453,17.8,14.4,81,1014,4.1,150,0
1987,5,26,13,425,0,425,19.4,14.4,73,1014,5.2,160,0
1987,5,26,14,394,0,394,19.4,14.4,73,1013,4.1,140,0
1987,5,26,15,300,1,299,19.4,15,76,1013,4.1,150,0
1987,5,26,16,223,1,222,18.9,13.3,70,1013,4.1,150,0
1987,5,26,17,125,0,125,18.9,14.4,76,1013,4.1,170,0
1987,5,26,18,50,0,50,18.3,14.4,78,1014,2.1,150,0
1987,5,26,19,8,0,8,17.8,13.9,78,1014,3.6,140,0
1987,5,26,20,0,0,0,17.8,13.3,75,1014,3.1,130,0
1987,5,26,21,0,0,0,17.8,13.3,75,1014,3.6,140,0
1987,5,26,22,0,0,0,17.2,13.3,78,1014,3.1,190,0
1987,5,26,23,0,0,0,17.2,13.3,78,1014,3.1,150,0
1987,5,27,0,0,0,0,16.7,13.3,81,1014,3.1,150,0
1987,5,27,1,0,0,0,16.7,13.3,81,1014,3.1,170,0
1987,5,27,2,0,0,0,16.1,12.8,81,1014,2.6,160,0
1987,5,27,3,0,0,0,16.1,12.8,81,1014,2.6,160,0
1987,5,27,4,2,0,2,15.6,12.8,84,1014,2.6,140,0
1987,5,27,5,36,0,36,15.6,13.3,87,1014,1.5,150,0
1987,5,27,6,127,0,127,17.2,13.9,81,1014,2.6,150,0
1987,5,27,7,203,1,203,18.3,12.8,70,1015,2.6,160,0
1987,5,27,8,325,0,325,18.9,12.8,68,1014,4.1,160,0
1987,5,27,9,399,0,399,19.4,12.2,63,1014,4.1,140,0
1987,5,27,10,441,2,440,20.6,12.8,61,1015,4.1,180,0
1987,5,27,11,493,1,492,21.1,13.3,61,1014,3.1,120,0
1987,5,27,12,434,1,433,21.7,14.4,64,1014,3.6,140,0
1987,5,27,13,457,0,456,21.7,15,66,1013,3.6,160,0
1987,5,27,14,404,0,403,21.7,15,66,1013,4.6,130,0
1987,5,27,15,367,24,351,22.8,15.6,64,1012,3.6,140,0
1987,5,27,16,153,6,150,21.7,15.6,68,1012,3.1,130,0
1987,5,27,17,143,5,141,20.6,15.6,73,1012,2.1,130,0
1987,5,27,18,41,1,41,20.6,15.6,73,1013,3.1,110,0
1987,5,27,19,3,0,3,20,15.6,76,1013,3.1,70,0
1987,5,27,20,0,0,0,19.4,13.9,70,1013,2.6,120,0
1987,5,27,21,0,0,0,18.9,15,78,1013,1.5,130,0
1987,5,27,22,0,0,0,18.9,14.4,76,1013,1.5,140,0
1987,5,27,23,0,0,0,18.3,14.4,78,1013,2.1,130,0
1987,5,28,0,0,0,0,17.2,15,87,1013,1.5,60,0
1987,5,28,1,0,0,0,17.2,15,87,1013,1.5,50,0
1987,5,28,2,0,0,0,17.2,15.6,90,1013,1.5,70,0
1987,5,28,3,0,0,0,17.2,15.6,90,1012,1.5,90,0
1987,5,28,4,1,0,1,16.7,15.6,93,1012,0,0,0
1987,5,28,5,32,1,32,17.8,16.1,90,1013,2.1,30,0
1987,5,28,6,140,4,138,18.9,16.1,84,1013,1.5,210,0
1987,5,28,7,239,4,237,20.6,17.2,81,1013,2.1,240,0
1987,5,28,8,336,2,334,22.8,17.8,74,1013,2.1,230,0
1987,5,28,9,394,2,392,23.3,17.8,71,1012,1.5,230,0
1987,5,28,10,446,1,445,25,18.9,69,1012,2.1,330,0
1987,5,28,11,436,1,435,25.6,18.3,64,1012,0,0,0
1987,5,28,12,608,241,380,27.2,20,65,1011,1.5,170,0
1987,5,28,13,419,12,409,27.2,20,65,1011,2.6,190,0
1987,5,28,14,576,292,337,28.3,19.4,59,1010,2.6,180,0
1987,5,28,15,651,811,94,27.8,20,63,1010,2.1,210,0
1987,5,28,16,453,707,82,28.3,20,61,1009,2.6,240,0
1987,5,28,17,275,632,57,27.8,19.4,61,1009,2.1,200,0
1987,5,28,18,96,385,35,26.1,20,69,1009,1.5,230,0
1987,5,28,19,11,32,8,21.7,20,90,1009,0,0,0
1987,5,28,20,0,0,0,21.1,19.4,90,1009,2.1,160,0
1987,5,28,21,0,0,0,19.4,18.3,93,1009,2.1,190,0
1987,5,28,22,0,0,0,19.4,18.9,97,1009,1.5,320,0
1987,5,28,23,0,0,0,18.9,18.3,97,1009,1,170,0
1987,5,29,0,0,0,0,17.8,17.8,100,1009,1.5,110,0
1987,5,29,1,0,0,0,15.6,15.6,100,1008,0,0,0
1987,5,29,2,0,0,0,15.6,15.6,100,1008,0,0,0
1987,5,29,3,0,0,0,15.6,15.6,100,1008,0,0,0
1987,5,29,4,0,1,0,16.1,16.1,100,1008,0,0,0
1987,5,29,5,46,8,45,16.1,16.1,100,1009,0,0,0
1987,5,29,6,215,425,85,17.2,17.2,100,1009,0,0,0
1987,5,29,7,407,645,93,20.6,20,97,1009,1.5,210,0
1987,5,29,8,620,780,111,26.7,21.1,72,1009,3.6,330,0
1987,5,29,9,782,829,126,28.9,21.1,63,1009,3.1,310,0
1987,5,29,10,894,851,136,30.6,21.7,59,1009,2.1,40,0
1987,5,29,11,896,797,143,31.7,21.7,55,1008,2.1,30,0
1987,5,29,12,924,829,136,32.2,20.6,50,1008,3.6,310,0
1987,5,29,13,840,779,134,33.3,18.9,42,1007,2.1,230,0
1987,5,29,14,785,806,126,33.3,18.9,42,1007,4.1,300,0
1987,5,29,15,663,796,115,32.8,17.8,41,1006,2.1,10,0
1987,5,29,16,472,717,95,32.8,17.8,41,1006,3.1,300,0
1987,5,29,17,274,590,69,31.7,18.9,47,1006,2.1,260,0
1987,5,29,18,92,322,41,28.9,20.6,61,1006,2.1,240,0
1987,5,29,19,8,17,6,25.6,20.6,74,1006,1.5,240,0
1987,5,29,20,0,0,0,23.3,19.4,79,1006,1,180,0
1987,5,29,21,0,0,0,22.8,19.4,82,1007,0,0,0
1987,5,29,22,0,0,0,22.2,20,87,1007,1.5,170,0
1987,5,29,23,0,0,0,21.7,20,90,1007,1.5,170,0
1987,5,30,0,0,0,0,21.1,20,93,1007,1.5,170,0
1987,5,30,1,0,0,0,20,20,100,1006,1.5,130,0
1987,5,30,2,0,0,0,18.9,18.9,100,1006,0,0,0
1987,5,30,3,0,0,0,18.3,18.3,100,1006,0,0,0
1987,5,30,4,1,1,1,18.3,18.3,100,1007,0,0,0
1987,5,30,5,58,149,40,18.3,18.3,100,1007,0,0,0
1987,5,30,6,222,480,76,22.2,21.1,94,1007,0,0,0
1987,5,30,7,432,701,89,26.1,21.7,77,1007,0,0,0
1987,5,30,8,626,787,111,28.9,21.1,63,1007,2.1,330,0
1987,5,30,9,785,831,127,30.6,21.1,57,1007,1.5,230,0
1987,5,30,10,908,866,137,32.8,21.1,50,1007,2.1,200,0
1987,5,30,11,927,824,148,33.3,19.4,44,1006,1.5,230,0
1987,5,30,12,910,818,131,33.9,19.4,43,1006,3.1,270,0
1987,5,30,13,687,391,332,34.4,21.1,46,1005,4.1,230,0
1987,5,30,14,847,692,281,34.4,18.9,40,1005,3.6,220,0
1987,5,30,15,520,434,221,28.9,20.6,61,1004,3.6,130,0
1987,5,30,16,390,391,182,30.6,21.7,59,1004,2.1,120,0
1987,5,30,17,278,489,108,30,23.3,68,1003,1.5,120,0
1987,5,30,18,64,45,57,28.3,22.2,70,1004,2.1,180,0
1987,5,30,19,8,13,7,25.6,21.1,77,1004,2.1,160,0
1987,5,30,20,0,0,0,24.4,20.6,79,1005,1.5,160,0
1987,5,30,21,0,0,0,23.3,21.1,87,1005,1.5,160,0
1987,5,30,22,0,0,0,21.7,20,90,1005,2.1,170,0
1987,5,30,23,0,0,0,22.2,20,87,1005,2.1,200,0
1987,5,31,0,0,0,0,21.7,20,90,1004,3.1,180,0
1987,5,31,1,0,0,0,21.7,20.6,93,1004,2.1,200,0
1987,5,31,2,0,0,0,20.6,19.4,93,1004,1.5,160,0
1987,5,31,3,0,0,0,20.6,20,97,1004,2.1,210,0
1987,5,31,4,1,2,1,20,19.4,97,1004,1.5,120,0
1987,5,31,5,45,7,44,21.1,20.6,97,1004,2.1,180,0
1987,5,31,6,89,26,81,22.8,21.1,90,1004,2.6,190,0
1987,5,31,7,310,308,159,26.7,21.1,72,1005,1.5,180,0
1987,5,31,8,586,593,197,28.9,20,59,1005,2.6,270,0
1987,5,31,9,707,489,319,29.4,20,57,1004,2.6,300,0
1987,5,31,10,616,252,391,31.1,20.6,53,1004,2.6,290,0
1987,5,31,11,213,26,188,30,20.6,57,1005,6.7,330,0
1987,5,31,12,586,129,462,22.8,21.1,90,1004,1.5,170,0
1987,5,31,13,595,247,370,28.3,22.8,72,1004,3.6,290,0
1987,5,31,14,561,330,291,30,21.7,61,1004,4.1,290,0
1987,5,31,15,609,478,279,30,20,55,1004,4.6,300,0
1987,5,31,16,474,606,152,30,20,55,1003,3.6,330,0
1987,5,31,17,266,532,79,29.4,19.4,55,1003,3.6,300,0
1987,5,31,18,93,245,53,27.8,20.6,65,1003,2.6,270,0
1987,5,31,19,11,9,10,25,20.6,76,1003,2.1,190,0
1987,5,31,20,0,0,0,22.8,20.6,87,1003,0,0,0
1987,5,31,21,0,0,0,22.6,20.4,94,1004,0.3,170,0
1987,5,31,22,0,0,0,22.5,20.1,97,1004,0.6,0,0
1987,5,31,23,0,0,0,22.3,19.9,97,1004,0.9,0,0
1991,6,1,0,0,0,0,22.2,19.6,79,998,1.2,90,0
1991,6,1,1,0,0,0,22,19.4,79,998,1.5,310,0
1991,6,1,2,0,0,0,21.9,19.1,82,998,1.8,330,0
1991,6,1,3,0,0,0,21.7,18.9,84,998,2.1,320,0
1991,6,1,4,0,0,0,21.1,18.9,87,998,2.1,300,0
1991,6,1,5,63,41,58,21.1,19.4,90,998,1.5,250,0
1991,6,1,6,196,272,113,23.9,20.6,82,998,2.6,230,0
1991,6,1,7,381,435,168,28.3,21.1,65,999,4.1,300,0
1991,6,1,8,594,647,170,30,21.1,59,998,4.6,310,0
1991,6,1,9,716,595,245,31.7,21.1,54,998,5.2,290,0
1991,6,1,10,596,426,216,32.2,21.7,54,998,3.1,250,0
1991,6,1,11,798,418,403,31.1,20.6,54,998,4.1,280,0
1991,6,1,12,280,0,280,26.1,22.2,79,999,5.7,290,0
1991,6,1,13,836,472,406,21.7,21.1,96,997,2.6,60,0
1991,6,1,14,294,0,294,22.8,21.7,94,997,3.1,220,0
1991,6,1,15,239,0,239,24.4,22.2,88,998,3.6,190,0
1991,6,1,16,152,66,117,25,22.2,84,997,3.1,210,0
1991,6,1,17,141,71,115,25,22.8,88,996,2.6,190,0
1991,6,1,18,38,0,38,24.4,22.2,88,998,3.1,30,0
1991,6,1,19,3,0,3,23.9,22.8,94,998,2.6,270,0
1991,6,1,20,0,0,0,22.8,21.7,94,999,2.1,300,0
1991,6,1,21,0,0,0,21.7,20.6,93,999,1.5,350,0
1991,6,1,22,0,0,0,21.1,20.6,97,999,2.1,340,0
1991,6,1,23,0,0,0,20.6,20,96,999,2.1,320,0
1991,6,2,0,0,0,0,20,20,100,999,0,0,0
1991,6,2,1,0,0,0,20,20,100,999,2.6,310,0
1991,6,2,2,0,0,0,20,20,100,999,2.1,360,0
1991,6,2,3,0,0,0,20,19.4,96,999,2.1,360,0
1991,6,2,4,0,0,0,20,18.3,90,999,2.6,20,0
1991,6,2,5,51,41,46,20,17.8,87,999,2.6,340,0
1991,6,2,6,191,209,126,20.6,17.8,84,1000,3.1,360,0
1991,6,2,7,259,229,147,21.7,16.7,73,1000,3.6,20,0
1991,6,2,8,449,304,250,23.3,17.8,71,1000,4.1,340,0
1991,6,2,9,716,669,186,23.9,17.8,69,1000,2.1,30,0
1991,6,2,10,801,643,228,26.7,17.8,58,1000,2.6,110,0
1991,6,2,11,890,722,207,27.2,16.7,53,999,2.1,50,0
1991,6,2,12,921,732,224,28.9,18.9,55,999,3.1,340,0
1991,6,2,13,825,580,297,30,18.9,51,998,3.1,290,0
1991,6,2,14,687,560,226,30.6,19.4,51,998,1.5,300,0
1991,6,2,15,462,340,226,29.4,19.4,55,997,2.1,50,0
1991,6,2,16,454,512,180,29.4,18.3,51,997,2.1,220,0
1991,6,2,17,261,459,98,28.3,19.4,59,996,3.1,170,0
1991,6,2,18,49,30,44,26.7,18.9,62,997,2.1,150,0
1991,6,2,19,4,2,4,25.6,21.1,76,997,3.1,160,0
1991,6,2,20,0,0,0,25,21.1,79,997,3.1,190,0
1991,6,2,21,0,0,0,24.4,21.1,82,997,2.1,170,0
1991,6,2,22,0,0,0,23.9,21.7,88,997,0,0,0
1991,6,2,23,0,0,0,23.3,21.7,91,997,2.1,190,0
1991,6,3,0,0,0,0,21.7,20,90,997,11.3,40,0
1991,6,3,1,0,0,0,20,19.4,96,997,5.2,150,0
1991,6,3,2,0,0,0,20.6,20,96,997,3.1,220,0
1991,6,3,3,0,0,0,20.6,20.6,100,996,2.1,70,0
1991,6,3,4,0,0,0,20.6,20.6,100,997,3.1,20,0
1991,6,3,5,34,0,34,20.6,20.6,100,997,3.6,340,0
1991,6,3,6,83,0,83,20.6,20,96,998,3.1,10,0
1991,6,3,7,177,29,163,21.1,18.9,87,998,3.1,30,0
1991,6,3,8,178,0,178,21.7,18.9,84,998,2.1,360,0
1991,6,3,9,228,0,228,22.2,19.4,84,998,3.1,340,0
1991,6,3,10,329,0,329,23.9,18.9,74,998,3.6,50,0
1991,6,3,11,354,0,354,25.6,20,71,997,2.1,30,0
1991,6,3,12,357,0,357,26.7,20,67,996,2.1,10,0
1991,6,3,13,619,119,510,26.1,20,69,996,3.1,330,0
1991,6,3,14,468,113,375,25,18.9,69,996,4.1,330,0
1991,6,3,15,340,156,231,25.6,19.4,69,995,3.6,320,0
1991,6,3,16,210,27,195,26.1,18.9,65,995,2.1,50,0
1991,6,3,17,179,150,125,25.6,18.9,67,995,0,0,0
1991,6,3,18,62,3,61,24.4,20,76,995,2.1,250,0
1991,6,3,19,4,0,4,22.8,21.1,90,995,2.1,240,0
1991,6,3,20,0,0,0,22.2,20.6,91,995,0,0,0
1991,6,3,21,0,0,0,21.7,20.6,93,995,0,0,0
1991,6,3,22,0,0,0,21.7,20.6,93,994,2.1,160,0
1991,6,3,23,0,0,0,21.7,20,90,994,0,0,0
1991,6,4,0,0,0,0,21.1,20,93,994,2.1,250,0
1991,6,4,1,0,0,0,20.6,19.4,93,994,0,0,0
1991,6,4,2,0,0,0,20.6,18.9,90,994,2.1,250,0
1991,6,4,3,0,0,0,20,18.3,90,994,3.1,320,0
1991,6,4,4,0,0,0,20,17.2,84,995,5.2,10,0
1991,6,4,5,62,143,44,19.4,16.7,84,996,4.1,10,0
1991,6,4,6,226,449,87,20,16.1,78,996,4.6,360,0
1991,6,4,7,125,0,125,20,15.6,76,996,5.2,360,0
1991,6,4,8,542,597,150,21.1,15,68,996,5.7,360,0
1991,6,4,9,556,320,301,21.7,15,66,997,4.6,10,0
1991,6,4,10,261,0,261,21.1,13.9,63,998,7.2,10,0
1991,6,4,11,861,601,292,22.2,13.3,57,998,6.2,10,0
1991,6,4,12,997,785,248,21.7,10.6,49,998,7.2,350,0
1991,6,4,13,688,475,255,22.8,8.9,41,999,6.7,20,0
1991,6,4,14,675,496,266,23.3,8.3,38,999,5.7,350,0
1991,6,4,15,481,294,275,23.3,9.4,41,999,5.2,10,0
1991,6,4,16,353,217,237,22.8,7.8,38,999,4.1,360,0
1991,6,4,17,132,154,77,22.8,8.3,39,999,6.2,320,0
1991,6,4,18,101,251,57,21.7,8.3,42,999,4.1,350,0
1991,6,4,19,5,20,4,20,8.3,47,1000,4.1,20,0
1991,6,4,20,0,0,0,18.3,8.9,54,1001,2.6,360,0
1991,6,4,21,0,0,0,18.3,8.9,54,1002,4.1,350,0
1991,6,4,22,0,0,0,17.2,8.9,58,1002,3.1,10,0
1991,6,4,23,0,0,0,16.1,9.4,64,1003,4.1,20,0
1991,6,5,0,0,0,0,14.4,9.4,72,1003,2.6,330,0
1991,6,5,1,0,0,0,12.8,9.4,80,1004,2.1,210,0
1991,6,5,2,0,0,0,11.7,10,89,1004,3.1,320,0
1991,6,5,3,0,0,0,12.8,9.4,80,1004,2.6,10,0
1991,6,5,4,0,2,0,12.2,9.4,83,1005,3.1,30,0
1991,6,5,5,63,201,38,13.9,10,77,1005,3.6,10,0
1991,6,5,6,230,508,73,16.1,10.6,70,1006,4.1,10,0
1991,6,5,7,433,670,104,17.2,10.6,65,1006,4.1,10,0
1991,6,5,8,565,627,153,18.3,10,58,1007,4.6,20,0
1991,6,5,9,786,611,301,20.6,10.6,53,1007,4.6,20,0
1991,6,5,10,738,425,359,20,9.4,50,1007,4.6,10,0
1991,6,5,11,656,428,250,21.1,9.4,47,1007,5.2,20,0
1991,6,5,12,814,549,290,22.8,10,44,1007,4.6,360,0
1991,6,5,13,267,0,267,20.6,8.3,45,1007,5.7,30,0
1991,6,5,14,732,507,314,20.6,8.9,47,1007,3.6,50,0
1991,6,5,15,460,266,274,22.8,8.9,41,1007,5.7,20,0
1991,6,5,16,243,51,216,21.1,8.3,44,1007,2.6,10,0
1991,6,5,17,201,80,172,20.6,7.8,44,1007,3.1,330,0
1991,6,5,18,64,13,62,20,9.4,50,1008,0,0,0
1991,6,5,19,4,0,4,17.2,11.7,70,1008,0,0,0
1991,6,5,20,0,0,0,15,12.8,87,1009,0,0,0
1991,6,5,21,0,0,0,13.3,11.1,87,1010,1.5,220,0
1991,6,5,22,0,0,0,12.2,11.7,97,1010,0,0,0
1991,6,5,23,0,0,0,11.1,10.6,97,1010,0,0,0
1991,6,6,0,0,0,0,11.1,10.6,97,1010,0,0,0
1991,6,6,1,0,0,0,10,9.4,96,1010,0,0,0
1991,6,6,2,0,0,0,10.6,10,96,1010,0,0,0
1991,6,6,3,0,0,0,10,9.4,96,1011,2.1,360,0
1991,6,6,4,0,0,0,10,9.4,96,1011,2.1,310,0
1991,6,6,5,55,103,43,12.2,11.1,93,1012,2.6,340,0
1991,6,6,6,210,381,92,15,12.8,87,1012,2.1,360,0
1991,6,6,7,411,558,136,17.8,12.8,73,1013,3.6,20,0
1991,6,6,8,592,615,188,20,12.2,61,1013,3.6,360,0
1991,6,6,9,736,659,213,20.6,11.1,54,1013,4.6,30,0
1991,6,6,10,876,627,317,22.8,11.7,50,1013,3.1,10,0
1991,6,6,11,278,0,278,20.6,9.4,49,1013,3.6,20,0
1991,6,6,12,280,0,280,21.1,10,49,1013,4.1,350,0
1991,6,6,13,266,0,266,20.6,10,51,1012,4.6,20,0
1991,6,6,14,294,0,294,21.7,10,47,1012,4.1,20,0
1991,6,6,15,497,346,255,22.2,10.6,48,1012,3.6,30,0
1991,6,6,16,167,59,135,21.1,10,49,1012,4.6,30,0
1991,6,6,17,215,67,190,20,10.6,55,1012,3.6,50,0
1991,6,6,18,57,13,55,20,11.7,59,1013,2.1,80,0
1991,6,6,19,5,0,5,18.9,11.7,63,1013,2.1,100,0
1991,6,6,20,0,0,0,15.6,12.8,83,1013,1.5,160,0
1991,6,6,21,0,0,0,14.4,12.8,90,1014,0,0,0
1991,6,6,22,0,0,0,12.8,12.2,96,1014,0,0,0
1991,6,6,23,0,0,0,11.7,11.1,96,1014,0,0,0
1991,6,7,0,0,0,0,11.1,11.1,100,1014,0,0,0
1991,6,7,1,0,0,0,10.6,10,96,1014,0,0,0
1991,6,7,2,0,0,0,10,9.4,96,1014,0,0,0
1991,6,7,3,0,0,0,10,9.4,96,1014,0,0,0
1991,6,7,4,0,1,0,9.4,8.9,97,1014,0,0,0
1991,6,7,5,48,60,40,11.1,11.1,100,1015,1.5,290,0
1991,6,7,6,220,442,83,14.4,12.8,90,1015,1.5,290,0
1991,6,7,7,421,611,120,17.2,13.3,78,1016,2.1,310,0
1991,6,7,8,616,709,150,20.6,12.8,61,1016,3.6,40,0
1991,6,7,9,752,735,168,21.7,11.7,53,1016,2.6,300,0
1991,6,7,10,853,659,264,23.3,9.4,41,1015,2.6,320,0
1991,6,7,11,826,500,351,22.8,10,44,1015,2.6,300,0
1991,6,7,12,837,473,385,24.4,10,40,1014,2.6,180,0
1991,6,7,13,788,427,397,25,10.6,40,1013,3.1,350,0
1991,6,7,14,556,262,339,25,10,39,1013,3.6,140,0
1991,6,7,15,529,433,225,24.4,10,40,1012,2.1,140,0
1991,6,7,16,448,480,187,23.3,9.4,41,1012,3.6,90,0
1991,6,7,17,277,463,108,23.9,9.4,40,1011,2.6,140,0
1991,6,7,18,84,152,57,20.6,10,51,1011,2.6,170,0
1991,6,7,19,5,6,5,17.8,10.6,63,1012,2.6,160,0
1991,6,7,20,0,0,0,16.1,11.7,75,1012,1.5,160,0
1991,6,7,21,0,0,0,13.9,12.2,89,1012,2.1,250,0
1991,6,7,22,0,0,0,13.9,11.7,87,1012,2.1,150,0
1991,6,7,23,0,0,0,12.2,11.1,93,1012,1.5,150,0
1991,6,8,0,0,0,0,12.2,11.1,93,1011,2.1,160,0
1991,6,8,1,0,0,0,11.7,11.1,96,1011,0,0,0
1991,6,8,2,0,0,0,10.6,10,96,1010,0,0,0
1991,6,8,3,0,0,0,11.1,10.6,97,1010,0,0,0
1991,6,8,4,0,6,0,9.4,8.9,97,1010,1.5,240,0
1991,6,8,5,66,245,35,11.1,10,93,1010,0,0,0
1991,6,8,6,122,125,83,13.9,11.7,87,1011,0,0,0
1991,6,8,7,443,693,101,18.3,13.9,76,1011,0,0,0
1991,6,8,8,633,790,113,22.2,13.3,57,1011,3.1,330,0
1991,6,8,9,797,840,129,25,13.9,50,1011,3.1,300,0
1991,6,8,10,753,351,439,25,10,39,1010,3.1,350,0
1991,6,8,11,605,313,307,26.1,8.3,32,1010,3.6,280,0
1991,6,8,12,902,630,300,26.7,9.4,34,1009,3.1,260,0
1991,6,8,13,615,337,306,27.2,11.1,37,1008,3.6,320,0
1991,6,8,14,778,703,196,27.8,10,33,1008,5.2,310,0
1991,6,8,15,644,722,137,26.7,11.1,38,1007,4.1,270,0
1991,6,8,16,464,677,96,26.7,10.6,36,1007,3.6,310,0
1991,6,8,17,296,610,73,26.7,10,35,1007,3.6,290,0
1991,6,8,18,111,364,45,25,11.7,43,1007,2.1,280,0
1991,6,8,19,7,34,5,20,13.9,68,1007,1.5,220,0
1991,6,8,20,0,0,0,17.2,12.8,75,1008,1.5,210,0
1991,6,8,21,0,0,0,16.1,12.2,78,1008,1.5,150,0
1991,6,8,22,0,0,0,14.4,12.2,87,1008,1.5,170,0
1991,6,8,23,0,0,0,15,12.2,83,1008,0,0,0
1991,6,9,0,0,0,0,13.3,11.7,90,1008,1.5,190,0
1991,6,9,1,0,0,0,12.2,11.7,97,1008,0,0,0
1991,6,9,2,0,0,0,11.7,11.1,96,1009,0,0,0
1991,6,9,3,0,0,0,12.2,11.1,93,1009,0,0,0
1991,6,9,4,0,9,0,11.7,11.1,96,1010,0,0,0
1991,6,9,5,69,276,34,14.4,12.8,90,1010,0,0,0
1991,6,9,6,240,575,61,18.9,12.8,68,1011,2.6,330,0
1991,6,9,7,442,722,86,22.8,14.4,59,1011,5.2,320,0
1991,6,9,8,635,803,107,25.6,13.3,47,1012,4.1,340,0
1991,6,9,9,798,851,122,27.2,14.4,45,1012,5.2,340,0
1991,6,9,10,917,878,132,28.3,13.9,41,1012,4.1,20,0
1991,6,9,11,930,825,147,28.9,13.3,38,1011,2.6,330,0
1991,6,9,12,962,813,184,30,12.8,35,1011,3.6,310,0
1991,6,9,13,807,640,221,30.6,13.3,35,1010,5.7,310,0
1991,6,9,14,839,861,125,30.6,12.2,32,1010,3.6,280,0
1991,6,9,15,643,746,119,30.6,12.2,32,1010,3.6,240,0
1991,6,9,16,468,686,94,30,12.2,33,1009,2.6,300,0
1991,6,9,17,297,595,78,29.4,12.2,35,1009,2.1,230,0
1991,6,9,18,113,369,46,26.1,15.6,52,1009,2.6,200,0
1991,6,9,19,8,20,7,22.8,15,61,1010,2.6,180,0
1991,6,9,20,0,0,0,21.1,14.4,66,1010,2.6,170,0
1991,6,9,21,0,0,0,19.4,14.4,73,1010,1.5,200,0
1991,6,9,22,0,0,0,18.3,14.4,78,1010,0,0,0
1991,6,9,23,0,0,0,16.7,14.4,86,1010,0,0,0
1991,6,10,0,0,0,0,16.7,14.4,86,1010,0,0,0
1991,6,10,1,0,0,0,15.6,14.4,93,1010,1.5,320,0
1991,6,10,2,0,0,0,15,13.9,93,1010,2.6,180,0
1991,6,10,3,0,0,0,15,13.3,90,1010,2.6,200,0
1991,6,10,4,0,0,0,14.4,13.3,93,1010,0,0,0
1991,6,10,5,52,46,46,16.1,14.4,90,1010,0,0,0
1991,6,10,6,185,231,113,19.4,15.6,79,1010,0,0,0
1991,6,10,7,383,336,217,23.3,16.1,64,1011,2.1,320,0
1991,6,10,8,552,414,280,26.7,16.1,52,1010,3.1,310,0
1991,6,10,9,671,366,380,28.3,16.7,49,1010,4.1,310,0
1991,6,10,10,805,465,389,29.4,16.1,45,1010,3.6,320,0
1991,6,10,11,879,483,420,30.6,14.4,37,1009,4.6,270,0
1991,6,10,12,742,352,404,31.1,16.1,40,1009,3.6,280,0
1991,6,10,13,882,589,342,30.6,14.4,37,1008,2.6,260,0
1991,6,10,14,756,576,278,31.1,13.9,35,1007,3.6,240,0
1991,6,10,15,623,460,300,30.6,13.3,35,1006,4.6,220,0
1991,6,10,16,433,305,267,30.6,15,39,1006,4.6,210,0
1991,6,10,17,253,260,157,29.4,16.1,45,1006,3.6,220,0
1991,6,10,18,102,24,98,27.2,16.7,53,1006,2.6,200,0
1991,6,10,19,7,0,7,23.9,15.6,60,1006,2.1,200,0
1991,6,10,20,0,0,0,22.2,15.6,66,1006,3.1,180,0
1991,6,10,21,0,0,0,22.2,15.6,66,1007,3.6,190,0
1991,6,10,22,0,0,0,20.6,15.6,73,1006,3.6,190,0
1991,6,10,23,0,0,0,20,15,73,1006,0,0,0
1991,6,11,0,0,0,0,19.4,15,76,1006,2.1,190,0
1991,6,11,1,0,0,0,18.3,15.6,84,1006,0,0,0
1991,6,11,2,0,0,0,17.2,15,87,1006,2.1,200,0
1991,6,11,3,0,0,0,17.2,15,87,1006,2.6,190,0
1991,6,11,4,0,3,0,16.7,15,90,1006,2.1,190,0
1991,6,11,5,53,102,40,18.9,16.1,84,1006,2.1,190,0
1991,6,11,6,225,304,131,20.6,17.2,81,1006,2.6,200,0
1991,6,11,7,276,95,229,23.3,17.8,71,1006,4.1,200,0
1991,6,11,8,591,577,212,25.6,18.3,64,1006,4.1,190,0
1991,6,11,9,682,612,195,27.8,18.9,58,1005,5.2,200,0
1991,6,11,10,791,601,253,29.4,16.7,46,1005,3.6,280,0
1991,6,11,11,551,221,341,29.4,17.8,50,1005,4.1,200,0
1991,6,11,12,953,764,222,30,17.8,48,1004,2.6,240,0
1991,6,11,13,905,751,216,31.1,17.2,43,1003,6.2,220,0
1991,6,11,14,608,483,206,31.1,16.1,40,1002,4.6,220,0
1991,6,11,15,442,162,328,30,17.2,46,1001,5.2,210,0
1991,6,11,16,430,432,194,29.4,16.1,45,1001,4.6,220,0
1991,6,11,17,272,427,114,28.3,16.7,49,1001,4.1,220,0
1991,6,11,18,44,0,44,26.7,16.7,54,1001,4.1,210,0
1991,6,11,19,4,0,4,24.4,18.9,71,1002,7.2,290,0
1991,6,11,20,0,0,0,21.1,20,93,1002,2.6,160,0
1991,6,11,21,0,0,0,21.1,20.6,97,1002,2.6,190,0
1991,6,11,22,0,0,0,21.1,20.6,97,1002,3.1,190,0
1991,6,11,23,0,0,0,21.1,19.4,90,1002,0,0,0
1991,6,12,0,0,0,0,21.1,19.4,90,1002,2.6,140,0
1991,6,12,1,0,0,0,20,19.4,96,1001,0,0,0
1991,6,12,2,0,0,0,20.6,19.4,93,1001,2.1,340,0
1991,6,12,3,0,0,0,20.6,19.4,93,1001,0,0,0
1991,6,12,4,0,0,0,19.4,18.9,97,1001,2.1,190,0
1991,6,12,5,44,13,42,19.4,18.9,97,1001,2.1,200,0
1991,6,12,6,143,3,142,21.7,18.9,84,1001,1.5,260,0
1991,6,12,7,123,0,123,22.8,19.4,81,1002,1.5,200,0
1991,6,12,8,179,0,179,22.8,20,84,1002,3.1,210,0
1991,6,12,9,226,0,226,24.4,19.4,74,1002,2.6,210,0
1991,6,12,10,864,624,306,26.1,18.3,62,1001,5.2,210,0
1991,6,12,11,279,0,279,26.7,17.8,58,1001,3.6,260,0
1991,6,12,12,281,0,281,26.7,17.8,58,1001,4.1,260,0
1991,6,12,13,913,806,173,28.3,18.3,55,1000,5.7,290,0
1991,6,12,14,811,687,240,30,18.9,51,1000,5.2,270,0
1991,6,12,15,651,657,188,30,15,40,999,7.2,290,0
1991,6,12,16,442,488,175,29.4,15,42,999,5.7,280,0
1991,6,12,17,288,543,87,28.9,15,43,999,5.7,290,0
1991,6,12,18,108,298,52,27.2,15,47,1000,4.6,290,0
1991,6,12,19,7,19,6,24.4,13.3,50,1000,2.6,250,0
1991,6,12,20,0,0,0,23.3,13.9,55,1001,3.1,280,0
1991,6,12,21,0,0,0,21.7,14.4,63,1001,3.1,280,0
1991,6,12,22,0,0,0,21.1,14.4,66,1001,4.1,290,0
1991,6,12,23,0,0,0,20.6,15,70,1002,4.1,320,0
1991,6,13,0,0,0,0,19.4,14.4,73,1003,2.1,240,0
1991,6,13,1,0,0,0,19.4,10,54,1003,3.6,340,0
1991,6,13,2,0,0,0,17.8,7.8,52,1004,3.6,330,0
1991,6,13,3,0,0,0,17.2,6.7,50,1004,4.6,320,0
1991,6,13,4,0,0,0,15,6.1,55,1005,3.6,310,0
1991,6,13,5,59,128,42,16.7,6.1,50,1006,3.1,310,0
1991,6,13,6,217,415,88,18.3,7.2,48,1007,4.1,320,0
1991,6,13,7,418,588,128,20,8.3,47,1007,4.1,360,0
1991,6,13,8,614,690,161,21.1,7.2,41,1007,5.2,330,0
1991,6,13,9,772,733,189,22.2,7.2,38,1008,6.7,320,0
1991,6,13,10,903,787,200,23.9,6.1,32,1008,3.6,330,0
1991,6,13,11,972,804,208,25.6,6.7,30,1007,3.1,360,0
1991,6,13,12,976,796,214,26.1,7.8,31,1007,3.6,330,0
1991,6,13,13,912,767,208,26.7,5.6,26,1006,7.7,290,0
1991,6,13,14,828,766,190,27.2,3.3,21,1006,4.6,290,0
1991,6,13,15,674,715,169,27.8,5,23,1005,5.2,330,0
1991,6,13,16,486,630,140,27.8,4.4,22,1005,2.6,340,0
1991,6,13,17,282,485,101,26.7,5.6,26,1005,5.7,30,0
1991,6,13,18,103,236,59,24.4,7.8,35,1005,3.6,30,0
1991,6,13,19,7,8,7,18.9,11.1,61,1005,0,0,0
1991,6,13,20,0,0,0,15.6,11.7,78,1007,0,0,0
1991,6,13,21,0,0,0,14.4,11.1,81,1008,0,0,0
1991,6,13,22,0,0,0,13.9,10,77,1008,1.5,220,0
1991,6,13,23,0,0,0,11.7,9.4,86,1008,2.1,200,0
1991,6,14,0,0,0,0,11.7,9.4,86,1008,1.5,250,0
1991,6,14,1,0,0,0,10,9.4,96,1008,0,0,0
1991,6,14,2,0,0,0,10,8.9,93,1008,0,0,0
1991,6,14,3,0,0,0,8.9,7.8,93,1009,1.5,290,0
1991,6,14,4,0,0,0,8.9,8.3,96,1009,0,0,0
1991,6,14,5,53,52,47,12.8,10.6,86,1010,2.1,40,0
1991,6,14,6,197,290,107,16.1,11.7,75,1010,2.6,350,0
1991,6,14,7,395,469,163,20.6,10,51,1010,3.6,90,0
1991,6,14,8,593,582,210,22.2,8.9,43,1010,2.1,190,0
1991,6,14,9,762,653,243,23.3,9.4,41,1010,2.6,70,0
1991,6,14,10,886,694,265,25.6,10.6,39,1009,2.1,90,0
1991,6,14,11,945,697,282,26.1,10,36,1009,3.1,60,0
1991,6,14,12,959,705,283,27.8,10.6,34,1008,2.1,190,0
1991,6,14,13,913,694,275,28.3,10.6,33,1007,4.1,220,0
1991,6,14,14,807,667,252,30,11.7,32,1006,3.1,150,0
1991,6,14,15,646,593,226,30,10.6,30,1006,2.1,300,0
1991,6,14,16,461,510,180,29.4,10.6,31,1005,1.5,240,0
1991,6,14,17,260,357,127,28.9,12.2,36,1005,2.1,130,0
1991,6,14,18,92,130,67,26.7,13.3,44,1005,3.1,150,0
1991,6,14,19,7,1,7,23.3,13.3,53,1005,2.6,150,0
1991,6,14,20,0,0,0,22.2,13.3,57,1005,3.6,160,0
1991,6,14,21,0,0,0,20.6,15,70,1005,2.6,170,0
1991,6,14,22,0,0,0,18.9,15,78,1006,1.5,300,0
1991,6,14,23,0,0,0,17.8,15.6,87,1005,0,0,0
1991,6,15,0,0,0,0,16.1,15,93,1005,0,0,0
1991,6,15,1,0,0,0,16.7,15.6,93,1004,2.1,60,0
1991,6,15,2,0,0,0,15,14.4,96,1004,0,0,0
1991,6,15,3,0,0,0,15,13.9,93,1004,0,0,0
1991,6,15,4,0,0,0,14.4,13.3,93,1004,0,0,0
1991,6,15,5,54,25,51,16.1,15,93,1004,0,0,0
1991,6,15,6,178,180,122,20,16.7,81,1004,1.5,220,0
1991,6,15,7,355,302,206,23.3,17.8,71,1004,1.5,340,0
1991,6,15,8,563,481,247,25.6,18.3,64,1004,2.6,270,0
1991,6,15,9,716,582,254,28.9,19.4,57,1003,3.1,290,0
1991,6,15,10,837,640,264,32.2,17.8,42,1003,2.6,360,0
1991,6,15,11,911,658,285,33.3,16.1,36,1002,3.1,180,0
1991,6,15,12,952,699,282,34.4,16.7,35,1001,3.1,240,0
1991,6,15,13,902,684,273,34.4,15.6,33,1001,2.1,350,0
1991,6,15,14,750,549,293,34.4,16.1,34,1001,2.1,290,0
1991,6,15,15,635,503,279,33.9,17.2,37,1000,5.7,220,0
1991,6,15,16,433,381,223,33.3,18.3,41,1000,3.6,200,0
1991,6,15,17,205,161,145,32.2,18.9,45,999,3.1,210,0
1991,6,15,18,81,32,75,29.4,19.4,55,999,2.6,190,0
1991,6,15,19,9,0,9,27.8,19.4,60,999,3.6,180,0
1991,6,15,20,0,0,0,26.7,20,67,999,3.1,180,0
1991,6,15,21,0,0,0,27.2,20.6,67,999,4.1,200,0
1991,6,15,22,0,0,0,26.1,21.1,74,999,3.6,200,0
1991,6,15,23,0,0,0,24.4,21.1,82,998,3.6,200,0
1991,6,16,0,0,0,0,23.3,20.6,85,999,2.1,210,0
1991,6,16,1,0,0,0,23.3,20.6,85,999,3.1,200,0
1991,6,16,2,0,0,0,22.2,20.6,91,999,3.1,200,0
1991,6,16,3,0,0,0,22.2,20.6,91,999,2.6,180,0
1991,6,16,4,0,1,0,22.2,20.6,91,999,1.5,170,0
1991,6,16,5,69,74,60,23.3,21.1,87,999,2.1,180,0
1991,6,16,6,202,323,101,25.6,21.7,79,1000,3.1,230,0
1991,6,16,7,380,505,131,28.3,22.2,70,999,3.6,210,0
1991,6,16,8,567,622,158,30.6,22.2,61,999,3.6,260,0
1991,6,16,9,715,695,163,32.8,21.7,52,999,5.2,300,0
1991,6,16,10,762,481,332,33.9,21.7,49,999,5.2,250,0
1991,6,16,11,740,439,323,33.3,21.7,51,999,6.2,200,0
1991,6,16,12,865,660,232,34.4,21.1,46,998,5.7,240,0
1991,6,16,13,826,609,266,35,21.1,44,997,4.1,260,0
1991,6,16,14,698,289,457,33.9,21.1,47,996,3.6,230,0
1991,6,16,15,200,0,200,25,19.4,71,996,5.2,270,0
1991,6,16,16,184,0,184,23.3,21.7,91,997,3.6,230,0
1991,6,16,17,110,0,110,23.9,22.2,90,996,3.6,200,0
1991,6,16,18,35,0,35,24.4,21.7,85,998,1.5,290,0
1991,6,16,19,5,0,5,24.4,20.6,79,998,1.5,240,0
1991,6,16,20,0,0,0,22.8,20.6,87,998,0,0,0
1991,6,16,21,0,0,0,23.3,20.6,85,999,2.1,230,0
1991,6,16,22,0,0,0,22.8,21.1,90,999,1.5,200,0
1991,6,16,23,0,0,0,21.7,21.1,96,999,2.1,220,0
1991,6,17,0,0,0,0,21.7,20.6,93,999,2.1,190,0
1991,6,17,1,0,0,0,21.1,20.6,97,999,2.1,150,0
1991,6,17,2,0,0,0,20.6,20,96,999,1.5,160,0
1991,6,17,3,0,0,0,20,20,100,999,0,0,0
1991,6,17,4,1,0,1,20,19.4,96,1000,2.1,140,0
1991,6,17,5,62,117,47,21.7,20.6,93,1000,1.5,320,0
1991,6,17,6,152,175,98,23.3,21.1,87,1000,3.1,310,0
1991,6,17,7,249,116,192,25.6,21.7,79,1001,3.1,330,0
1991,6,17,8,182,0,182,26.7,21.7,74,1001,4.6,330,0
1991,6,17,9,600,247,403,28.3,21.7,67,1001,6.2,320,0
1991,6,17,10,636,306,361,28.9,20.6,61,1001,5.2,330,0
1991,6,17,11,537,155,389,30.6,21.1,57,1001,5.2,350,0
1991,6,17,12,665,427,255,31.7,20,50,1001,4.1,320,0
1991,6,17,13,853,643,261,31.7,20,50,1001,5.2,330,0
1991,6,17,14,814,644,277,31.1,20.6,54,1001,4.1,330,0
1991,6,17,15,200,0,200,29.4,20.6,59,1001,4.1,340,0
1991,6,17,16,147,0,147,28.9,20,59,1001,3.1,20,0
1991,6,17,17,174,88,141,30,18.9,51,1001,2.6,80,0
1991,6,17,18,44,0,44,28.9,20,59,1001,3.1,90,0
1991,6,17,19,8,10,8,26.7,20.6,69,1001,2.6,140,0
1991,6,17,20,0,0,0,26.1,20.6,72,1002,1.5,180,0
1991,6,17,21,0,0,0,24.4,20.6,79,1002,1.5,230,0
1991,6,17,22,0,0,0,22.8,21.1,90,1002,1.5,90,0
1991,6,17,23,0,0,0,22.8,21.1,90,1002,0,0,0
1991,6,18,0,0,0,0,23.3,21.1,87,1002,1.5,140,0
1991,6,18,1,0,0,0,23.9,21.1,84,1003,1.5,10,0
1991,6,18,2,0,0,0,23.9,21.1,84,1003,2.1,110,0
1991,6,18,3,0,0,0,23.9,21.7,88,1003,1.5,150,0
1991,6,18,4,0,0,0,22.8,21.7,94,1004,2.6,130,0
1991,6,18,5,27,0,27,21.7,21.7,100,1004,4.1,60,0
1991,6,18,6,59,0,59,21.1,21.1,100,1005,4.1,60,0
1991,6,18,7,99,0,99,21.7,20.6,93,1006,3.1,40,0
1991,6,18,8,147,0,147,21.7,21.1,96,1006,3.6,50,0
1991,6,18,9,187,0,187,21.1,20.6,97,1006,4.6,90,0
1991,6,18,10,217,0,217,20.6,19.4,93,1007,4.6,70,0
1991,6,18,11,233,0,233,20,18.9,93,1007,6.2,90,0
1991,6,18,12,236,0,236,20,18.9,93,1007,3.6,80,0
1991,6,18,13,224,0,224,20,18.9,93,1007,5.2,70,0
1991,6,18,14,199,0,199,20,18.9,93,1007,2.6,60,0
1991,6,18,15,163,0,163,19.4,18.9,97,1007,4.1,50,0
1991,6,18,16,117,0,117,18.9,18.3,96,1007,4.1,60,0
1991,6,18,17,59,0,59,18.9,17.8,93,1007,4.1,50,0
1991,6,18,18,48,0,48,18.3,17.2,93,1008,3.1,50,0
1991,6,18,19,5,0,5,17.8,16.7,93,1007,5.2,50,0
1991,6,18,20,0,0,0,17.8,17.2,96,1008,3.6,40,0
1991,6,18,21,0,0,0,17.8,16.7,93,1008,3.1,50,0
1991,6,18,22,0,0,0,17.8,16.7,93,1008,2.6,60,0
1991,6,18,23,0,0,0,17.8,16.7,93,1008,3.6,60,0
1991,6,19,0,0,0,0,17.2,16.7,97,1008,2.1,10,0
1991,6,19,1,0,0,0,17.2,16.7,97,1008,2.6,30,0
1991,6,19,2,0,0,0,17.2,16.7,97,1007,4.1,20,0
1991,6,19,3,0,0,0,17.2,16.7,97,1007,2.6,50,0
1991,6,19,4,0,0,0,17.2,16.7,97,1008,2.6,360,0
1991,6,19,5,27,0,27,17.8,16.7,93,1008,2.6,40,0
1991,6,19,6,60,0,60,18.3,17.2,93,1008,3.1,20,0
1991,6,19,7,99,0,99,19.4,17.8,90,1008,3.1,40,0
1991,6,19,8,147,0,147,20,17.8,87,1008,3.6,340,0
1991,6,19,9,224,0,224,21.1,18.3,84,1008,3.6,340,0
1991,6,19,10,259,0,259,21.7,17.8,79,1008,3.6,330,0
1991,6,19,11,278,0,278,22.2,18.3,79,1008,2.6,300,0
1991,6,19,12,282,0,282,22.8,18.9,79,1008,4.1,300,0
1991,6,19,13,268,0,268,24.4,18.9,71,1008,3.6,310,0
1991,6,19,14,238,0,238,25,19.4,71,1007,1.5,320,0
1991,6,19,15,194,0,194,23.3,18.9,76,1007,3.6,320,0
1991,6,19,16,140,0,140,23.3,18.9,76,1007,2.6,300,0
1991,6,19,17,85,0,85,22.8,18.9,79,1007,2.1,350,0
1991,6,19,18,48,0,48,22.2,18.3,79,1008,2.6,10,0
1991,6,19,19,6,0,6,21.7,19.4,87,1008,1.5,250,0
1991,6,19,20,0,0,0,21.1,19.4,90,1008,0,0,0
1991,6,19,21,0,0,0,21.1,19.4,90,1008,1.5,220,0
1991,6,19,22,0,0,0,20.6,19.4,93,1008,2.1,180,0
1991,6,19,23,0,0,0,20,18.9,93,1007,0,0,0
1991,6,20,0,0,0,0,18.3,18.3,100,1007,0,0,0
1991,6,20,1,0,0,0,17.8,17.8,100,1006,0,0,0
1991,6,20,2,0,0,0,17.2,17.2,100,1006,0,0,0
1991,6,20,3,0,0,0,16.7,16.7,100,1006,0,0,0
1991,6,20,4,0,1,0,16.1,16.1,100,1007,0,0,0
1991,6,20,5,58,130,42,17.2,17.2,100,1007,0,0,0
1991,6,20,6,199,327,98,19.4,18.9,97,1008,1.5,220,0
1991,6,20,7,399,509,150,23.3,19.4,79,1008,2.6,10,0
1991,6,20,8,551,516,213,25.6,18.9,67,1007,3.1,330,0
1991,6,20,9,624,426,287,26.1,19.4,67,1007,2.6,320,0
1991,6,20,10,776,540,293,27.8,20,63,1007,2.6,330,0
1991,6,20,11,676,371,324,28.3,20,61,1006,3.1,250,0
1991,6,20,12,283,0,283,28.3,20,61,1006,2.6,260,0
1991,6,20,13,873,582,337,30,20,55,1005,3.1,250,0
1991,6,20,14,546,221,362,29.4,19.4,55,1004,0,0,0
1991,6,20,15,422,208,273,29.4,18.9,53,1004,0,0,0
1991,6,20,16,450,412,221,30,18.9,51,1003,2.6,240,0
1991,6,20,17,288,443,120,29.4,19.4,55,1003,2.6,190,0
1991,6,20,18,105,128,80,27.8,21.1,67,1003,3.1,200,0
1991,6,20,19,10,10,10,25,20.6,77,1004,2.6,190,0
1991,6,20,20,0,0,0,23.3,20.6,85,1004,3.1,200,0
1991,6,20,21,0,0,0,22.2,20,87,1004,2.1,220,0
1991,6,20,22,0,0,0,21.7,20,90,1004,1.5,220,0
1991,6,20,23,0,0,0,20.6,19.4,93,1004,2.1,160,0
1991,6,21,0,0,0,0,18.9,18.3,96,1003,0,0,0
1991,6,21,1,0,0,0,20,19.4,96,1003,1.5,130,0
1991,6,21,2,0,0,0,18.9,18.9,100,1003,0,0,0
1991,6,21,3,0,0,0,18.3,17.8,97,1002,0,0,0
1991,6,21,4,0,0,0,17.8,17.8,100,1002,1.5,190,0
1991,6,21,5,56,106,43,19.4,18.9,97,1003,0,0,0
1991,6,21,6,209,387,89,23.3,21.1,87,1003,2.1,360,0
1991,6,21,7,403,531,143,26.7,21.1,71,1004,2.6,360,0
1991,6,21,8,606,616,203,28.3,20.6,63,1003,3.1,340,0
1991,6,21,9,729,580,270,30,20,55,1003,3.1,310,0
1991,6,21,10,887,727,237,31.1,20,52,1003,1.5,150,0
1991,6,21,11,869,671,231,31.7,18.9,47,1003,1.5,30,0
1991,6,21,12,612,270,353,33.3,20,46,1002,2.1,270,0
1991,6,21,13,563,317,270,33.9,18.9,41,1001,2.1,150,0
1991,6,21,14,760,586,269,33.9,18.3,40,1001,2.6,150,0
1991,6,21,15,582,498,227,33.3,18.3,41,1001,2.6,100,0
1991,6,21,16,413,445,165,32.8,18.9,44,1001,3.6,130,0
1991,6,21,17,277,427,115,30,18.9,51,1001,4.1,170,0
1991,6,21,18,92,122,68,28.9,17.2,49,1001,3.6,180,0
1991,6,21,19,9,9,8,26.7,16.7,54,1001,2.6,150,0
1991,6,21,20,0,0,0,24.4,16.7,62,1001,3.1,170,0
1991,6,21,21,0,0,0,24.4,17.2,64,1001,2.6,160,0
1991,6,21,22,0,0,0,23.9,18.9,74,1001,3.6,160,0
1991,6,21,23,0,0,0,23.3,18.9,76,1002,3.1,180,0
1991,6,22,0,0,0,0,22.8,19.4,81,1001,2.6,180,0
1991,6,22,1,0,0,0,21.1,18.9,87,1001,0,0,0
1991,6,22,2,0,0,0,21.1,19.4,90,1001,0,0,0
1991,6,22,3,0,0,0,21.1,20,93,1000,2.1,210,0
1991,6,22,4,0,0,0,21.1,20,93,1001,0,0,0
1991,6,22,5,36,0,36,22.2,20.6,91,1001,0,0,0
1991,6,22,6,80,0,80,23.9,22.2,90,1001,2.6,140,0
1991,6,22,7,102,0,102,23.9,21.7,88,1001,3.6,220,0
1991,6,22,8,223,0,223,22.8,21.7,94,1001,2.6,200,0
1991,6,22,9,282,0,282,23.3,22.2,94,1001,1.5,120,0
1991,6,22,10,259,0,259,23.9,21.7,88,1001,4.1,130,0
1991,6,22,11,278,0,278,23.3,19.4,79,1001,5.2,110,0
1991,6,22,12,411,65,348,25,18.9,69,1000,6.2,100,0
1991,6,22,13,268,0,268,25,17.8,64,1000,4.1,100,0
1991,6,22,14,240,0,240,25,19.4,71,999,4.1,130,0
1991,6,22,15,198,0,198,23.9,18.9,74,999,3.6,80,0
1991,6,22,16,144,0,144,24.4,20,76,999,2.6,130,0
1991,6,22,17,86,0,86,23.3,19.4,79,1000,3.6,70,0
1991,6,22,18,40,0,40,22.8,19.4,81,1000,3.1,80,0
1991,6,22,19,6,0,6,22.8,18.9,79,1000,3.6,70,0
1991,6,22,20,0,0,0,21.7,19.4,87,1000,3.1,50,0
1991,6,22,21,0,0,0,21.7,19.4,87,1001,5.2,70,0
1991,6,22,22,0,0,0,21.1,19.4,90,1001,4.1,70,0
1991,6,22,23,0,0,0,20.6,18.9,90,1001,3.6,70,0
1991,6,23,0,0,0,0,20,18.3,90,1001,5.2,70,0
1991,6,23,1,0,0,0,19.4,18.3,93,1001,3.1,40,0
1991,6,23,2,0,0,0,19.4,17.8,90,1001,3.6,40,0
1991,6,23,3,0,0,0,18.9,17.8,93,1001,6.7,50,0
1991,6,23,4,0,0,0,17.8,17.2,96,1002,3.1,10,0
1991,6,23,5,34,0,34,17.2,16.7,97,1002,4.1,30,0
1991,6,23,6,81,0,81,17.2,16.7,97,1003,4.6,30,0
1991,6,23,7,125,0,125,17.2,16.7,97,1004,4.6,30,0
1991,6,23,8,147,0,147,17.2,16.1,93,1004,4.6,20,0
1991,6,23,9,189,0,189,17.2,16.7,97,1005,3.6,20,0
1991,6,23,10,219,0,219,17.8,16.1,90,1006,5.2,30,0
1991,6,23,11,282,0,282,18.9,16.7,87,1006,5.2,30,0
1991,6,23,12,285,0,285,18.3,16.1,87,1007,5.2,20,0
1991,6,23,13,272,0,272,18.9,16.1,84,1007,4.6,40,0
1991,6,23,14,242,0,242,18.9,16.1,84,1007,5.7,40,0
1991,6,23,15,197,0,197,18.9,15.6,81,1007,4.6,40,0
1991,6,23,16,142,0,142,18.9,15.6,81,1007,4.6,20,0
1991,6,23,17,99,0,99,18.3,15.6,84,1008,3.6,20,0
1991,6,23,18,53,0,53,18.3,15.6,84,1009,3.6,30,0
1991,6,23,19,6,0,6,18.3,15.6,84,1009,2.6,20,0
1991,6,23,20,0,0,0,18.3,16.1,87,1010,2.6,40,0
1991,6,23,21,0,0,0,17.8,16.1,90,1010,0,0,0
1991,6,23,22,0,0,0,16.7,16.1,96,1011,0,0,0
1991,6,23,23,0,0,0,15,15,100,1011,0,0,0
1991,6,24,0,0,0,0,13.3,13.3,100,1011,0,0,0
1991,6,24,1,0,0,0,12.8,12.8,100,1011,0,0,0
1991,6,24,2,0,0,0,12.2,12.2,100,1011,0,0,0
1991,6,24,3,0,0,0,12.8,12.8,100,1011,0,0,0
1991,6,24,4,0,0,0,12.2,12.2,100,1012,0,0,0
1991,6,24,5,41,3,41,12.8,12.8,100,1012,0,0,0
1991,6,24,6,129,74,106,13.9,13.9,100,1013,2.6,330,0
1991,6,24,7,394,506,147,17.2,16.7,97,1013,1.5,350,0
1991,6,24,8,563,555,200,21.7,13.9,61,1013,2.6,340,0
1991,6,24,9,720,576,264,23.3,13.3,53,1013,2.1,290,0
1991,6,24,10,600,311,322,24.4,11.7,45,1013,2.1,130,0
1991,6,24,11,689,231,469,25,11.7,43,1013,3.1,110,0
1991,6,24,12,557,123,438,25,12.2,45,1012,2.1,260,0
1991,6,24,13,817,434,417,25.6,12.2,43,1011,3.6,220,0
1991,6,24,14,446,165,307,26.1,11.1,39,1011,3.1,170,0
1991,6,24,15,500,273,305,24.4,11.7,45,1011,2.1,220,0
1991,6,24,16,391,382,178,24.4,12.2,46,1011,2.1,240,0
1991,6,24,17,214,203,137,23.9,13.9,54,1011,2.6,190,0
1991,6,24,18,93,72,79,22.8,13.3,55,1011,2.1,170,0
1991,6,24,19,10,0,10,20,13.3,65,1011,2.6,170,0
1991,6,24,20,0,0,0,17.8,13.9,78,1011,2.1,180,0
1991,6,24,21,0,0,0,16.1,14.4,90,1012,1.5,210,0
1991,6,24,22,0,0,0,16.1,13.9,87,1012,0,0,0
1991,6,24,23,0,0,0,13.9,12.8,93,1012,1.5,190,0
1991,6,25,0,0,0,0,13.3,12.2,93,1012,2.1,180,0
1991,6,25,1,0,0,0,15,12.2,83,1012,3.1,180,0
1991,6,25,2,0,0,0,15,11.7,81,1012,3.1,170,0
1991,6,25,3,0,0,0,12.8,11.7,93,1012,0,0,0
1991,6,25,4,0,0,0,12.8,11.7,93,1012,0,0,0
1991,6,25,5,57,86,46,13.9,12.8,93,1013,1.5,190,0
1991,6,25,6,198,354,90,17.2,13.9,81,1013,0,0,0
1991,6,25,7,405,562,131,20.6,14.4,68,1014,0,0,0
1991,6,25,8,605,679,162,22.8,13.3,55,1014,3.6,220,0
1991,6,25,9,772,741,186,24.4,13.3,50,1013,2.6,190,0
1991,6,25,10,841,459,431,25,11.7,43,1013,3.6,200,0
1991,6,25,11,681,256,438,26.7,12.2,41,1013,4.6,170,0
1991,6,25,12,630,271,369,26.7,12.8,42,1012,4.6,130,0
1991,6,25,13,785,381,434,26.7,12.2,41,1012,3.6,140,0
1991,6,25,14,754,453,374,26.7,13.3,44,1012,5.7,160,0
1991,6,25,15,608,489,259,26.7,12.8,42,1012,5.2,170,0
1991,6,25,16,451,438,207,25.6,13.3,47,1011,4.1,160,0
1991,6,25,17,192,195,117,25,12.2,45,1011,5.7,160,0
1991,6,25,18,102,142,74,23.3,11.7,48,1012,3.6,160,0
1991,6,25,19,11,6,11,20.6,11.7,57,1012,3.1,160,0
1991,6,25,20,0,0,0,19.4,11.1,59,1012,3.6,160,0
1991,6,25,21,0,0,0,17.8,11.1,65,1013,2.1,180,0
1991,6,25,22,0,0,0,15,11.7,81,1013,1.5,220,0
1991,6,25,23,0,0,0,14.4,12.2,87,1013,0,0,0
1991,6,26,0,0,0,0,12.8,11.7,93,1013,1.5,50,0
1991,6,26,1,0,0,0,12.2,11.1,93,1013,0,0,0
1991,6,26,2,0,0,0,11.7,11.1,96,1012,1.5,140,0
1991,6,26,3,0,0,0,11.1,10.6,97,1012,0,0,0
1991,6,26,4,0,0,0,10.6,10,96,1012,1.5,250,0
1991,6,26,5,41,13,39,12.8,12.2,96,1013,0,0,0
1991,6,26,6,141,160,92,16.1,13.3,83,1013,0,0,0
1991,6,26,7,181,148,109,17.8,13.3,75,1013,3.1,210,0
1991,6,26,8,508,420,234,20.6,16.1,75,1013,3.1,180,0
1991,6,26,9,646,466,278,23.3,15,60,1014,3.1,250,0
1991,6,26,10,745,558,248,25,11.1,42,1013,2.1,180,0
1991,6,26,11,928,776,191,26.7,11.1,38,1013,2.1,110,0
1991,6,26,12,909,652,283,27.2,10,34,1012,2.1,50,0
1991,6,26,13,896,737,217,27.2,12.8,41,1011,3.1,90,0
1991,6,26,14,807,693,227,27.2,14.4,45,1011,6.2,180,0
1991,6,26,15,703,752,167,26.7,13.9,45,1011,4.1,190,0
1991,6,26,16,463,547,158,26.7,14.4,47,1011,4.1,170,0
1991,6,26,17,254,347,121,25.6,14.4,50,1011,4.1,160,0
1991,6,26,18,99,4,98,23.3,15,60,1011,3.1,160,0
1991,6,26,19,10,19,9,21.7,15,66,1011,3.1,160,0
1991,6,26,20,0,0,0,20.6,15,70,1011,3.1,160,0
1991,6,26,21,0,0,0,19.4,15,76,1012,3.1,160,0
1991,6,26,22,0,0,0,17.8,15,84,1012,0,0,0
1991,6,26,23,0,0,0,16.7,15,90,1012,1.5,190,0
1991,6,27,0,0,0,0,16.1,15,93,1012,0,0,0
1991,6,27,1,0,0,0,15,14.4,96,1012,0,0,0
1991,6,27,2,0,0,0,15,14.4,96,1011,0,0,0
1991,6,27,3,0,0,0,15,14.4,96,1012,1.5,310,0
1991,6,27,4,0,2,0,13.9,13.9,100,1012,1.5,150,0
1991,6,27,5,62,85,52,15.6,14.4,93,1013,2.1,270,0
1991,6,27,6,223,512,68,18.9,16.7,87,1013,2.6,220,0
1991,6,27,7,422,670,97,21.7,17.8,79,1014,3.6,200,0
1991,6,27,8,614,758,121,24.4,18.3,69,1014,2.1,160,0
1991,6,27,9,778,811,138,26.1,18.3,62,1013,3.6,190,0
1991,6,27,10,805,534,330,26.7,17.2,56,1014,3.6,180,0
1991,6,27,11,765,431,356,28.3,16.1,48,1013,3.6,180,0
1991,6,27,12,661,275,397,29.4,17.2,48,1012,4.6,160,0
1991,6,27,13,448,181,281,27.8,16.7,51,1012,3.6,240,0
1991,6,27,14,242,0,242,27.8,16.7,51,1012,2.1,210,0
1991,6,27,15,651,659,181,29.4,16.7,46,1011,2.1,230,0
1991,6,27,16,479,672,103,28.9,16.7,48,1011,3.1,160,0
1991,6,27,17,306,591,80,28.3,16.7,49,1011,3.1,150,0
1991,6,27,18,122,361,50,27.2,17.2,54,1011,3.1,160,0
1991,6,27,19,11,39,9,24.4,18.3,69,1010,3.1,160,0
1991,6,27,20,0,0,0,23.3,18.3,74,1011,2.6,160,0
1991,6,27,21,0,0,0,21.7,18.3,81,1011,2.6,180,0
1991,6,27,22,0,0,0,20.6,17.8,84,1011,2.1,180,0
1991,6,27,23,0,0,0,20,17.8,87,1011,3.1,180,0
1991,6,28,0,0,0,0,20,18.3,90,1010,4.1,170,0
1991,6,28,1,0,0,0,19.4,17.8,90,1010,3.6,170,0
1991,6,28,2,0,0,0,18.3,17.2,93,1010,1.5,230,0
1991,6,28,3,0,0,0,17.8,16.7,93,1010,0,0,0
1991,6,28,4,0,0,0,17.2,16.7,97,1010,2.1,170,0
1991,6,28,5,48,39,43,17.8,17.2,96,1010,1.5,150,0
1991,6,28,6,182,250,106,20,18.3,90,1011,2.1,220,0
1991,6,28,7,369,390,180,22.8,19.4,81,1010,2.6,150,0
1991,6,28,8,578,552,218,26.1,19.4,67,1010,3.1,290,0
1991,6,28,9,623,416,295,28.9,20,59,1010,4.1,270,0
1991,6,28,10,736,465,322,30.6,20,53,1009,2.6,310,0
1991,6,28,11,919,533,413,32.8,19.4,45,1009,3.6,340,0
1991,6,28,12,867,525,363,33.9,18.9,41,1008,3.1,320,0
1991,6,28,13,873,572,346,33.9,20,44,1007,2.6,310,0
1991,6,28,14,767,508,341,34.4,20,43,1006,3.1,350,0
1991,6,28,15,614,468,280,33.3,20,46,1006,4.1,220,0
1991,6,28,16,451,456,196,32.8,19.4,45,1005,4.6,210,0
1991,6,28,17,275,340,145,31.7,20,50,1005,5.2,210,0
1991,6,28,18,101,89,83,30,21.1,59,1005,4.1,220,0
1991,6,28,19,10,1,10,27.8,20.6,65,1005,3.1,210,0
1991,6,28,20,0,0,0,26.7,21.1,71,1005,3.6,200,0
1991,6,28,21,0,0,0,24.4,20.6,79,1005,3.6,200,0
1991,6,28,22,0,0,0,24.4,20,76,1005,3.1,200,0
1991,6,28,23,0,0,0,23.9,20,79,1005,2.1,180,0
1991,6,29,0,0,0,0,22.8,20.6,87,1005,2.1,180,0
1991,6,29,1,0,0,0,21.7,20,90,1005,1.5,190,0
1991,6,29,2,0,0,0,21.7,20,90,1005,1.5,170,0
1991,6,29,3,0,0,0,20.6,19.4,93,1005,0,0,0
1991,6,29,4,0,1,0,20,19.4,96,1005,0,0,0
1991,6,29,5,53,133,37,21.7,20,90,1006,0,0,0
1991,6,29,6,215,474,72,25,21.1,79,1005,2.1,220,0
1991,6,29,7,407,629,103,28.9,21.7,65,1005,3.6,310,0
1991,6,29,8,593,714,129,31.1,22.8,61,1005,5.2,310,0
1991,6,29,9,763,780,149,32.2,22.8,58,1005,4.1,300,0
1991,6,29,10,774,663,183,33.9,22.8,52,1004,5.2,340,0
1991,6,29,11,831,659,206,33.9,21.7,49,1004,4.1,330,0
1991,6,29,12,861,596,289,35,22.8,49,1003,4.1,300,0
1991,6,29,13,850,721,185,34.4,21.7,48,1003,4.6,280,0
1991,6,29,14,767,707,174,35,21.7,46,1002,4.6,320,0
1991,6,29,15,660,657,191,34.4,20,43,1002,5.7,310,0
1991,6,29,16,486,625,136,33.9,21.1,47,1002,3.1,290,0
1991,6,29,17,307,463,129,32.8,21.1,50,1001,2.6,260,0
1991,6,29,18,67,89,49,31.1,23.9,66,1001,1.5,260,0
1991,6,29,19,14,0,14,28.3,22.8,72,1002,0,0,0
1991,6,29,20,0,0,0,27.8,22.8,74,1002,1.5,220,0
1991,6,29,21,0,0,0,26.7,22.8,79,1002,0,0,0
1991,6,29,22,0,0,0,25.6,22.8,85,1002,2.1,170,0
1991,6,29,23,0,0,0,25,22.2,84,1002,0,0,0
1991,6,30,0,0,0,0,24.4,21.7,85,1002,0,0,0
1991,6,30,1,0,0,0,24.4,21.7,85,1001,0,0,0
1991,6,30,2,0,0,0,23.3,21.7,91,1001,0,0,0
1991,6,30,3,0,0,0,24.4,21.1,82,1001,0,0,0
1991,6,30,4,0,2,0,25,21.1,79,1001,2.1,330,0
1991,6,30,5,35,52,29,25.6,22.2,82,1001,1.5,350,0
1991,6,30,6,202,347,98,27.2,22.2,74,1001,2.6,260,0
1991,6,30,7,422,716,77,28.9,21.7,65,1001,3.6,260,0
1991,6,30,8,610,794,96,31.1,21.7,57,1001,5.7,320,0
1991,6,30,9,757,817,114,32.2,21.7,54,1001,6.2,290,0
1991,6,30,10,752,605,213,33.9,22.2,51,1000,5.7,290,0
1991,6,30,11,964,869,141,33.3,20.6,47,1000,5.2,260,0
1991,6,30,12,933,766,198,35,20.6,43,999,6.7,260,0
1991,6,30,13,802,614,236,34.4,20,43,999,5.2,280,0
1991,6,30,14,704,607,195,35.6,20,40,998,4.6,260,0
1991,6,30,15,205,0,205,33.9,20,44,998,3.1,270,0
1991,6,30,16,192,0,192,33.9,20.6,46,997,2.6,250,0
1991,6,30,17,119,0,119,32.2,22.2,56,996,2.6,230,0
1991,6,30,18,72,20,68,30.6,22.8,63,997,2.6,230,0
1991,6,30,19,8,2,8,28.9,22.2,67,998,3.1,290,0
1991,6,30,20,0,0,0,27.8,21.7,69,998,2.1,180,0
1991,6,30,21,0,0,0,26.8,21.1,74,999,2.2,200,0
1991,6,30,22,0,0,0,25.9,20.4,74,998,2.2,140,0
1991,6,30,23,0,0,0,24.9,19.8,79,999,2.3,280,0
1990,7,1,0,0,0,0,24,19.1,87,998,2.4,240,0
1990,7,1,1,0,0,0,23,18.5,90,997,2.5,280,0
1990,7,1,2,0,0,0,22.1,17.8,93,998,2.5,300,0
1990,7,1,3,0,0,0,21.1,17.2,79,996,2.6,200,0
1990,7,1,4,0,0,0,20.6,17.8,84,997,2.1,320,0
1990,7,1,5,32,1,32,20.6,17.8,84,997,1.5,340,0
1990,7,1,6,139,21,133,22.2,18.3,79,998,2.6,320,0
1990,7,1,7,375,363,200,24.4,19.4,74,998,5.7,310,0
1990,7,1,8,426,260,257,25,19.4,71,998,5.7,310,0
1990,7,1,9,716,732,138,26.7,20.6,69,998,6.2,310,0
1990,7,1,10,847,788,144,28.3,19.4,59,997,5.7,310,0
1990,7,1,11,900,697,237,30.6,19.4,52,997,5.2,320,0
1990,7,1,12,849,525,345,31.1,17.8,45,996,3.1,320,0
1990,7,1,13,251,5,246,22.8,15.6,64,996,5.2,350,0
1990,7,1,14,372,10,364,21.7,16.7,73,996,1.5,250,0
1990,7,1,15,325,16,314,23.9,16.7,64,996,3.6,300,0
1990,7,1,16,459,468,197,25,17.2,62,996,5.2,300,0
1990,7,1,17,269,352,135,25.6,17.8,62,996,5.2,310,0
1990,7,1,18,103,199,64,23.9,17.8,69,996,3.6,300,0
1990,7,1,19,15,5,15,23.3,18.9,76,997,3.1,350,0
1990,7,1,20,0,0,0,22.8,16.7,69,998,4.1,30,0
1990,7,1,21,0,0,0,21.7,15,66,999,4.1,20,0
1990,7,1,22,0,0,0,21.7,14.4,64,1000,2.6,360,0
1990,7,1,23,0,0,0,19.4,14.4,73,1000,4.1,330,0
1990,7,2,0,0,0,0,17.8,14.4,81,1000,2.6,320,0
1990,7,2,1,0,0,0,17.2,13.9,81,1000,3.1,320,0
1990,7,2,2,0,0,0,17.2,13.3,78,1000,3.6,330,0
1990,7,2,3,0,0,0,16.7,13.3,81,1000,3.6,320,0
1990,7,2,4,1,0,1,16.1,13.3,84,1001,2.1,320,0
1990,7,2,5,45,27,42,17.2,13.9,81,1001,3.6,310,0
1990,7,2,6,176,229,107,19.4,13.9,70,1002,5.2,320,0
1990,7,2,7,365,407,169,21.1,13.9,64,1002,5.7,350,0
1990,7,2,8,549,489,232,22.8,13.9,57,1003,5.7,330,0
1990,7,2,9,705,491,317,24.4,14.4,54,1003,3.6,300,0
1990,7,2,10,559,181,398,23.9,12.8,50,1003,3.6,350,0
1990,7,2,11,949,574,404,26.7,12.2,41,1003,5.2,20,0
1990,7,2,12,846,445,418,27.8,11.7,37,1003,5.7,360,0
1990,7,2,13,745,364,409,28.3,12.2,37,1003,5.2,330,0
1990,7,2,14,699,394,369,27.8,12.2,38,1003,3.6,350,0
1990,7,2,15,556,339,313,27.8,12.8,40,1003,4.6,10,0
1990,7,2,16,441,433,198,28.3,12.8,38,1003,4.1,340,0
1990,7,2,17,248,294,136,27.2,12.2,39,1003,4.1,30,0
1990,7,2,18,94,112,72,26.1,12.2,42,1003,2.1,360,0
1990,7,2,19,16,1,16,22.2,13.9,59,1003,0,0,0
1990,7,2,20,0,0,0,20,13.9,68,1004,0,0,0
1990,7,2,21,0,0,0,18.3,13.9,76,1004,2.1,130,0
1990,7,2,22,0,0,0,16.7,14.4,87,1005,1.5,210,0
1990,7,2,23,0,0,0,15.6,13.9,90,1005,1.5,220,0
1990,7,3,0,0,0,0,15.6,13.3,87,1005,1.5,210,0
1990,7,3,1,0,0,0,15.6,13.9,90,1005,1.5,200,0
1990,7,3,2,0,0,0,14.4,12.8,90,1005,0,0,0
1990,7,3,3,0,0,0,13.9,13.3,97,1005,1.5,310,0
1990,7,3,4,2,4,1,13.9,12.8,93,1005,1.5,210,0
1990,7,3,5,59,242,31,15,13.9,93,1006,0,0,0
1990,7,3,6,225,555,59,19.4,16.1,81,1007,0,0,0
1990,7,3,7,424,701,87,23.9,16.7,64,1007,0,0,0
1990,7,3,8,619,795,104,26.1,14.4,49,1007,3.1,320,0
1990,7,3,9,743,777,131,28.3,15,44,1007,3.1,290,0
1990,7,3,10,851,707,221,30,12.8,35,1007,4.6,320,0
1990,7,3,11,975,850,168,28.3,12.2,37,1007,3.6,280,0
1990,7,3,12,989,874,149,31.1,13.3,34,1006,4.6,290,0
1990,7,3,13,944,815,192,31.1,13.3,34,1006,5.2,210,0
1990,7,3,14,775,710,180,31.1,13.9,35,1005,5.2,210,0
1990,7,3,15,660,646,198,31.1,13.3,34,1005,5.2,230,0
1990,7,3,16,480,502,199,30.6,12.8,34,1005,4.6,230,0
1990,7,3,17,295,460,119,30,13.3,36,1004,5.2,210,0
1990,7,3,18,114,169,81,27.2,14.4,46,1004,3.1,190,0
1990,7,3,19,20,9,19,25.6,14.4,50,1004,3.1,180,0
1990,7,3,20,0,0,0,24.4,15,56,1005,3.1,170,0
1990,7,3,21,0,0,0,22.2,15.6,66,1005,3.1,180,0
1990,7,3,22,0,0,0,21.7,15.6,68,1005,3.6,200,0
1990,7,3,23,0,0,0,21.1,15,68,1004,3.6,200,0
1990,7,4,0,0,0,0,20.6,15,71,1004,4.1,200,0
1990,7,4,1,0,0,0,19.4,14.4,73,1004,3.1,200,0
1990,7,4,2,0,0,0,18.9,15,78,1004,4.1,190,0
1990,7,4,3,0,0,0,18.9,14.4,76,1004,4.6,190,0
1990,7,4,4,2,2,1,17.8,14.4,81,1004,4.1,190,0
1990,7,4,5,53,109,40,19.4,15,76,1004,4.1,190,0
1990,7,4,6,209,458,73,21.7,15.6,68,1005,3.6,210,0
1990,7,4,7,423,627,123,23.9,16.1,62,1005,4.6,210,0
1990,7,4,8,582,636,170,26.7,17.2,56,1005,6.2,210,0
1990,7,4,9,669,437,325,29.4,17.8,50,1004,6.2,210,0
1990,7,4,10,802,541,321,32.2,16.1,38,1004,7.2,210,0
1990,7,4,11,877,580,327,33.3,16.7,37,1003,7.2,210,0
1990,7,4,12,1002,778,255,33.9,17.8,38,1003,6.7,230,0
1990,7,4,13,905,684,274,34.4,18.3,39,1002,7.2,210,0
1990,7,4,14,860,776,209,35,18.9,39,1002,6.7,210,0
1990,7,4,15,655,595,229,35,18.9,39,1001,4.6,220,0
1990,7,4,16,449,469,186,34.4,20,43,1001,6.7,220,0
1990,7,4,17,275,460,100,33.9,20.6,46,1001,6.2,210,0
1990,7,4,18,118,319,55,32.2,21.1,52,1001,4.1,210,0
1990,7,4,19,18,45,14,29.4,21.1,61,1000,3.6,210,0
1990,7,4,20,0,0,0,27.8,21.1,67,1001,3.6,220,0
1990,7,4,21,0,0,0,26.7,21.1,72,1001,3.1,210,0
1990,7,4,22,0,0,0,26.1,21.1,74,1001,2.6,200,0
1990,7,4,23,0,0,0,24.4,20.6,79,1000,2.1,210,0
1990,7,5,0,0,0,0,24.4,20.6,79,1000,2.1,310,0
1990,7,5,1,0,0,0,22.8,20,84,1000,2.1,240,0
1990,7,5,2,0,0,0,21.7,18.3,81,1001,1.5,50,0
1990,7,5,3,0,0,0,21.1,18.9,87,1000,2.6,220,0
1990,7,5,4,1,0,1,23.3,17.8,71,1000,2.1,260,0
1990,7,5,5,44,42,39,24.4,19.4,74,1000,2.6,90,0
1990,7,5,6,172,262,94,28.3,21.1,65,1000,2.1,230,0
1990,7,5,7,371,460,151,31.7,21.1,54,1001,4.6,290,0
1990,7,5,8,536,496,215,33.3,21.7,50,1001,5.2,250,0
1990,7,5,9,697,536,276,34.4,21.7,47,1000,4.1,280,0
1990,7,5,10,797,582,280,35,22.2,48,1000,5.2,310,0
1990,7,5,11,890,535,383,36.7,23.3,46,1000,4.1,270,0
1990,7,5,12,735,181,562,37.2,22.8,43,1000,4.1,290,0
1990,7,5,13,845,559,330,37.2,22.8,43,999,4.6,270,0
1990,7,5,14,739,411,394,36.7,22.8,45,998,5.7,290,0
1990,7,5,15,463,203,318,33.9,22.8,52,998,5.2,300,0
1990,7,5,16,125,4,123,24.4,14.4,54,1001,11.8,240,0
1990,7,5,17,139,7,137,21.7,21.7,100,999,3.6,200,0
1990,7,5,18,42,3,42,23.3,20,82,1000,0,0,0
1990,7,5,19,9,0,9,22.8,20.6,87,1000,1.5,150,0
1990,7,5,20,0,0,0,23.9,20,79,1000,1.5,220,0
1990,7,5,21,0,0,0,26.1,21.7,77,1001,3.1,340,0
1990,7,5,22,0,0,0,25.6,21.1,77,1001,2.1,300,0
1990,7,5,23,0,0,0,24.4,20.6,79,1001,1.5,330,0
1990,7,6,0,0,0,0,23.9,21.1,85,1001,1.5,350,0
1990,7,6,1,0,0,0,25,22.8,88,1000,0,0,0
1990,7,6,2,0,0,0,23.9,21.1,85,1000,2.6,310,0
1990,7,6,3,0,0,0,23.3,20.6,85,1000,0,0,0
1990,7,6,4,0,0,0,22.2,20.6,90,1001,0,0,0
1990,7,6,5,51,15,49,23.3,20,82,1001,0,0,0
1990,7,6,6,184,264,107,23.9,20,79,1001,3.6,20,0
1990,7,6,7,379,379,198,23.9,20,79,1002,2.6,320,0
1990,7,6,8,499,461,202,26.1,18.9,65,1002,3.1,360,0
1990,7,6,9,506,227,328,26.7,17.8,58,1002,3.6,10,0
1990,7,6,10,861,532,389,29.4,18.9,53,1002,2.1,60,0
1990,7,6,11,969,687,317,29.4,17.8,50,1002,3.1,330,0
1990,7,6,12,920,644,303,31.1,17.8,45,1002,4.1,340,0
1990,7,6,13,865,609,304,31.7,16.7,41,1002,3.6,20,0
1990,7,6,14,802,600,299,31.7,16.7,41,1001,4.6,320,0
1990,7,6,15,655,613,217,31.7,14.4,35,1001,3.1,330,0
1990,7,6,16,479,594,147,31.1,15.6,39,1001,2.6,50,0
1990,7,6,17,274,439,107,30.6,15.6,40,1001,3.6,320,0
1990,7,6,18,70,29,64,28.9,16.1,46,1002,3.6,330,0
1990,7,6,19,10,1,10,27.8,16.1,49,1002,4.1,330,0
1990,7,6,20,0,0,0,25.6,16.7,58,1004,4.1,300,0
1990,7,6,21,0,0,0,23.9,17.8,69,1005,4.1,340,0
1990,7,6,22,0,0,0,23.3,16.7,66,1006,4.6,350,0
1990,7,6,23,0,0,0,22.8,16.1,66,1006,4.6,360,0
1990,7,7,0,0,0,0,22.8,16.1,66,1007,4.6,360,0
1990,7,7,1,0,0,0,22.2,17.2,73,1007,5.2,50,0
1990,7,7,2,0,0,0,21.7,15.6,68,1007,4.6,50,0
1990,7,7,3,0,0,0,21.1,15,68,1007,4.1,20,0
1990,7,7,4,1,0,1,20.6,14.4,68,1007,4.6,30,0
1990,7,7,5,45,89,36,20,13.9,68,1008,5.2,20,0
1990,7,7,6,126,73,105,20.6,13.3,63,1009,4.6,30,0
1990,7,7,7,195,18,186,20.6,13.3,63,1010,4.6,30,0
1990,7,7,8,308,0,308,21.7,13.3,59,1011,2.6,350,0
1990,7,7,9,335,4,333,22.2,13.9,59,1011,4.6,40,0
1990,7,7,10,395,5,391,23.9,15,58,1011,2.6,130,0
1990,7,7,11,388,1,387,25,14.4,52,1011,2.1,150,0
1990,7,7,12,414,3,412,25,15,54,1011,3.1,130,0
1990,7,7,13,368,6,362,24.4,15,56,1011,2.1,140,0
1990,7,7,14,487,162,351,24.4,15.6,58,1011,0,0,0
1990,7,7,15,198,4,195,24.4,15.6,58,1010,2.1,140,0
1990,7,7,16,244,26,229,24.4,15.6,58,1010,2.1,70,0
1990,7,7,17,118,5,116,24.4,16.7,62,1010,0,0,0
1990,7,7,18,47,3,47,23.3,16.7,66,1011,2.1,120,0
1990,7,7,19,15,0,15,22.8,17.2,71,1011,2.1,160,0
1990,7,7,20,0,0,0,21.1,17.2,79,1011,2.1,170,0
1990,7,7,21,0,0,0,21.1,17.2,79,1012,0,0,0
1990,7,7,22,0,0,0,20.6,18.3,87,1012,0,0,0
1990,7,7,23,0,0,0,20.6,18.3,87,1012,2.1,190,0
1990,7,8,0,0,0,0,20,17.8,87,1012,3.1,190,0
1990,7,8,1,0,0,0,20.6,17.2,81,1012,3.1,180,0
1990,7,8,2,0,0,0,20,17.2,84,1012,2.6,170,0
1990,7,8,3,0,0,0,18.3,17.2,93,1012,0,0,0
1990,7,8,4,0,0,0,17.8,17.2,97,1012,1.5,160,0
1990,7,8,5,29,19,27,18.3,17.2,93,1012,0,0,0
1990,7,8,6,111,3,111,20.6,18.3,87,1012,1.5,150,0
1990,7,8,7,150,7,147,22.8,18.3,76,1013,3.6,180,0
1990,7,8,8,203,1,202,23.9,17.8,69,1012,4.6,190,0
1990,7,8,9,275,4,272,25.6,17.8,62,1012,4.6,190,0
1990,7,8,10,355,96,270,26.1,18.9,65,1012,4.1,180,0
1990,7,8,11,395,10,386,26.1,18.9,65,1012,4.6,220,0
1990,7,8,12,405,19,387,27.2,20,65,1011,4.6,180,0
1990,7,8,13,360,2,358,27.8,20.6,65,1010,5.2,190,0
1990,7,8,14,483,199,316,27.8,21.1,67,1010,5.7,210,0
1990,7,8,15,244,1,243,27.8,21.1,67,1010,4.6,180,0
1990,7,8,16,157,1,156,27.2,21.7,72,1008,4.1,150,0
1990,7,8,17,224,75,196,27.2,22.2,74,1007,3.6,160,0
1990,7,8,18,65,57,53,26.7,22.2,77,1008,3.1,170,0
1990,7,8,19,14,2,14,25,22.2,85,1008,3.6,150,0
1990,7,8,20,0,0,0,24.4,22.2,88,1007,4.1,150,0
1990,7,8,21,0,0,0,24.4,22.8,91,1008,2.6,160,0
1990,7,8,22,0,0,0,23.9,22.8,94,1007,3.1,170,0
1990,7,8,23,0,0,0,23.9,22.8,94,1007,3.1,170,0
1990,7,9,0,0,0,0,24.4,22.8,91,1006,3.6,180,0
1990,7,9,1,0,0,0,23.3,22.2,94,1006,2.1,190,0
1990,7,9,2,0,0,0,23.9,22.8,94,1006,2.6,210,0
1990,7,9,3,0,0,0,23.9,22.2,90,1006,3.6,200,0
1990,7,9,4,1,1,1,23.3,22.2,94,1006,4.1,190,0
1990,7,9,5,50,51,44,23.3,22.2,94,1006,3.1,180,0
1990,7,9,6,194,369,88,24.4,22.8,91,1005,3.6,200,0
1990,7,9,7,386,633,87,27.2,23.3,79,1005,3.6,190,0
1990,7,9,8,590,776,94,29.4,23.3,70,1005,3.1,190,0
1990,7,9,9,721,799,96,31.7,23.9,63,1005,4.6,190,0
1990,7,9,10,833,802,123,33.3,23.9,58,1004,4.1,200,0
1990,7,9,11,901,808,138,35,23.3,51,1004,4.1,200,0
1990,7,9,12,973,794,212,35.6,22.8,48,1003,4.6,200,0
1990,7,9,13,681,346,363,36.1,23.3,48,1003,6.2,200,0
1990,7,9,14,611,354,314,36.7,23.3,46,1003,5.7,220,0
1990,7,9,15,609,605,177,36.1,23.3,48,1002,5.2,220,0
1990,7,9,16,505,646,144,35,23.3,51,1002,7.2,220,0
1990,7,9,17,204,198,128,30.6,22.8,63,1002,5.7,230,0
1990,7,9,18,95,95,77,28.9,22.8,70,1002,4.6,210,0
1990,7,9,19,11,8,10,26.7,22.8,79,1002,3.6,200,0
1990,7,9,20,0,0,0,25.6,22.8,85,1003,2.1,140,0
1990,7,9,21,0,0,0,25,22.8,88,1003,2.1,180,0
1990,7,9,22,0,0,0,25,22.8,88,1003,0,0,0
1990,7,9,23,0,0,0,25,22.8,88,1003,0,0,0
1990,7,10,0,0,0,0,24.4,22.8,91,1002,0,0,0
1990,7,10,1,0,0,0,23.3,22.2,94,1002,0,0,0
1990,7,10,2,0,0,0,23.3,22.2,94,1002,0,0,0
1990,7,10,3,0,0,0,23.3,22.2,94,1003,0,0,0
1990,7,10,4,0,0,0,22.8,21.7,94,1003,0,0,0
1990,7,10,5,36,2,35,23.3,21.7,90,1004,1.5,300,0
1990,7,10,6,93,11,90,26.1,22.2,79,1004,1.5,360,0
1990,7,10,7,186,3,185,27.8,20.6,65,1005,3.6,330,0
1990,7,10,8,380,64,339,29.4,20.6,59,1005,4.6,340,0
1990,7,10,9,172,4,169,26.7,21.7,74,1005,3.6,300,0
1990,7,10,10,755,300,489,31.1,21.1,55,1005,4.6,280,0
1990,7,10,11,860,510,379,32.2,21.1,52,1005,4.6,260,0
1990,7,10,12,891,539,376,32.8,21.7,52,1004,3.6,230,0
1990,7,10,13,819,451,404,33.9,21.7,49,1003,3.6,250,0
1990,7,10,14,707,433,345,34.4,22.2,49,1003,4.6,180,0
1990,7,10,15,536,362,278,33.9,22.8,52,1002,3.6,210,0
1990,7,10,16,255,38,233,32.2,22.8,58,1002,4.6,210,0
1990,7,10,17,239,196,165,32.2,22.8,58,1002,4.1,230,0
1990,7,10,18,83,20,80,31.1,23.3,63,1002,4.1,230,0
1990,7,10,19,10,0,10,27.2,21.1,69,1004,5.2,50,0
1990,7,10,20,0,0,0,26.1,21.1,74,1005,3.6,50,0
1990,7,10,21,0,0,0,25,21.1,79,1005,2.6,50,0
1990,7,10,22,0,0,0,23.9,21.1,85,1005,0,0,0
1990,7,10,23,0,0,0,22.2,20.6,90,1005,2.1,250,0
1990,7,11,0,0,0,0,22.8,21.1,90,1005,2.6,320,0
1990,7,11,1,0,0,0,21.7,20.6,93,1005,0,0,0
1990,7,11,2,0,0,0,21.1,20.6,97,1005,1.5,190,0
1990,7,11,3,0,0,0,20.6,20,97,1005,0,0,0
1990,7,11,4,0,0,0,20,19.4,97,1005,0,0,0
1990,7,11,5,31,8,30,20.6,20,97,1005,1.5,200,0
1990,7,11,6,107,46,94,22.8,21.1,90,1005,1.5,320,0
1990,7,11,7,257,240,144,25.6,21.1,77,1005,1.5,70,0
1990,7,11,8,556,531,217,28.3,21.1,65,1004,2.6,320,0
1990,7,11,9,720,698,177,29.4,20.6,59,1005,3.6,310,0
1990,7,11,10,515,87,438,30,21.7,61,1005,4.1,360,0
1990,7,11,11,870,586,317,29.4,21.1,61,1005,4.6,10,0
1990,7,11,12,885,639,274,28.3,20.6,63,1005,5.2,10,0
1990,7,11,13,616,296,343,27.8,18.9,59,1005,5.7,50,0
1990,7,11,14,333,47,294,25.6,18.3,64,1005,4.6,40,0
1990,7,11,15,292,9,285,25,18.3,67,1005,4.6,50,0
1990,7,11,16,147,2,146,21.7,19.4,87,1005,3.1,60,0
1990,7,11,17,125,4,124,21.7,19.4,87,1005,3.1,20,0
1990,7,11,18,36,3,36,20.6,19.4,93,1005,2.1,90,0
1990,7,11,19,11,0,11,20,18.9,93,1005,2.1,10,0
1990,7,11,20,0,0,0,20,18.9,93,1006,1.5,340,0
1990,7,11,21,0,0,0,20.6,18.9,90,1005,2.1,20,0
1990,7,11,22,0,0,0,20.6,19.4,93,1005,2.6,350,0
1990,7,11,23,0,0,0,20.6,18.9,90,1005,1.5,30,0
1990,7,12,0,0,0,0,20,19.4,97,1005,0,0,0
1990,7,12,1,0,0,0,20,19.4,97,1005,1.5,340,0
1990,7,12,2,0,0,0,20,19.4,97,1004,2.6,90,0
1990,7,12,3,0,0,0,20,20,100,1004,2.6,150,0
1990,7,12,4,1,0,1,20.6,20,97,1003,1.5,180,0
1990,7,12,5,28,0,28,21.1,20.6,97,1003,3.1,180,0
1990,7,12,6,109,1,109,21.7,21.1,97,1003,3.1,190,0
1990,7,12,7,214,1,214,22.2,21.1,94,1003,4.1,200,0
1990,7,12,8,313,0,312,22.8,21.7,94,1003,2.6,200,0
1990,7,12,9,350,0,350,23.9,21.7,87,1002,2.6,200,0
1990,7,12,10,448,0,448,27.2,22.8,77,1003,3.6,220,0
1990,7,12,11,440,0,439,27.8,22.8,74,1002,3.6,210,0
1990,7,12,12,438,0,438,28.9,23.3,72,1002,3.6,240,0
1990,7,12,13,725,359,395,31.7,23.9,63,1001,4.6,210,0
1990,7,12,14,344,6,339,31.7,23.9,63,1001,3.6,190,0
1990,7,12,15,215,4,212,29.4,22.8,67,1000,2.6,180,0
1990,7,12,16,126,5,123,22.2,21.1,94,1001,2.6,30,0
1990,7,12,17,62,0,62,23.3,22.8,97,1001,2.6,20,0
1990,7,12,18,27,1,26,23.3,23.3,100,1002,4.1,350,0
1990,7,12,19,7,0,7,22.2,21.1,94,1002,0,0,0
1990,7,12,20,0,0,0,22.2,21.1,94,1003,2.6,340,0
1990,7,12,21,0,0,0,19.4,19.4,100,1004,2.6,10,0
1990,7,12,22,0,0,0,17.8,16.7,93,1004,4.1,350,0
1990,7,12,23,0,0,0,17.2,16.1,93,1005,3.6,350,0
1990,7,13,0,0,0,0,16.7,15.6,93,1005,3.1,350,0
1990,7,13,1,0,0,0,16.7,15.6,93,1006,2.1,350,0
1990,7,13,2,0,0,0,16.1,15.6,97,1006,3.6,350,0
1990,7,13,3,0,0,0,16.1,15.6,97,1008,4.1,360,0
1990,7,13,4,0,0,0,16.1,15,93,1007,3.1,20,0
1990,7,13,5,33,0,33,16.1,15.6,97,1007,3.6,20,0
1990,7,13,6,54,1,54,16.1,15.6,97,1008,3.6,30,0
1990,7,13,7,126,0,126,16.7,15.6,93,1008,3.6,30,0
1990,7,13,8,170,0,170,17.2,16.1,93,1009,4.1,30,0
1990,7,13,9,220,1,219,16.7,15.6,93,1009,5.2,40,0
1990,7,13,10,248,1,248,16.7,15.6,93,1009,5.2,40,0
1990,7,13,11,444,1,443,17.2,16.1,93,1009,5.2,30,0
1990,7,13,12,477,1,476,17.8,16.1,90,1010,5.7,50,0
1990,7,13,13,277,0,276,16.7,16.1,97,1010,5.2,40,0
1990,7,13,14,233,1,231,17.2,16.1,93,1009,4.6,40,0
1990,7,13,15,354,1,354,17.2,16.1,93,1009,4.6,50,0
1990,7,13,16,234,0,233,17.2,16.1,93,1009,4.1,60,0
1990,7,13,17,161,1,160,17.2,16.7,97,1009,5.7,50,0
1990,7,13,18,44,0,44,17.2,16.7,97,1009,6.2,30,0
1990,7,13,19,9,0,9,17.2,16.7,97,1009,6.2,40,0
1990,7,13,20,0,0,0,17.2,17.2,100,1009,6.7,40,0
1990,7,13,21,0,0,0,17.8,17.8,100,1009,6.2,50,0
1990,7,13,22,0,0,0,18.3,18.3,100,1009,6.7,70,0
1990,7,13,23,0,0,0,18.9,18.3,97,1009,5.7,90,0
1990,7,14,0,0,0,0,18.9,18.3,97,1007,6.2,90,0
1990,7,14,1,0,0,0,18.9,18.3,97,1007,7.2,80,0
1990,7,14,2,0,0,0,18.9,18.9,100,1007,6.7,50,0
1990,7,14,3,0,0,0,18.9,18.9,100,1007,5.7,70,0
1990,7,14,4,0,0,0,19.4,18.9,97,1007,6.2,80,0
1990,7,14,5,17,0,17,19.4,18.9,97,1007,6.2,50,0
1990,7,14,6,115,1,115,20,19.4,97,1007,6.2,80,0
1990,7,14,7,203,1,203,20.6,20.6,100,1007,6.7,90,0
1990,7,14,8,308,1,308,22.8,21.7,94,1006,5.2,80,0
1990,7,14,9,370,0,370,23.9,22.2,90,1006,5.7,90,0
1990,7,14,10,271,1,270,23.9,22.8,94,1006,5.2,90,0
1990,7,14,11,863,554,341,26.7,23.9,85,1005,5.7,80,0
1990,7,14,12,767,400,385,27.2,23.9,82,1004,4.6,70,0
1990,7,14,13,200,9,191,25,23.3,91,1004,6.2,90,0
1990,7,14,14,173,2,171,26.1,24.4,91,1003,6.2,20,0
1990,7,14,15,153,3,151,24.4,23.3,94,1003,3.1,120,0
1990,7,14,16,111,5,108,22.2,21.7,97,1004,5.7,120,0
1990,7,14,17,79,2,78,22.2,21.7,97,1003,6.2,90,0
1990,7,14,18,50,1,49,23.3,22.8,97,1003,2.1,140,0
1990,7,14,19,8,0,8,23.9,23.3,97,1003,2.6,110,0
1990,7,14,20,0,0,0,24.4,23.3,94,1003,3.6,120,0
1990,7,14,21,0,0,0,24.4,23.3,94,1003,4.6,120,0
1990,7,14,22,0,0,0,24.4,23.3,94,1003,5.2,110,0
1990,7,14,23,0,0,0,23.9,22.8,94,1003,5.2,120,0
1990,7,15,0,0,0,0,23.9,22.8,94,1002,5.2,110,0
1990,7,15,1,0,0,0,23.3,22.2,94,1002,5.7,110,0
1990,7,15,2,0,0,0,23.3,22.2,94,1001,5.7,120,0
1990,7,15,3,0,0,0,23.3,21.7,90,1002,4.6,120,0
1990,7,15,4,0,0,0,23.3,21.7,90,1002,4.6,120,0
1990,7,15,5,29,1,29,23.3,21.7,90,1002,4.6,120,0
1990,7,15,6,100,0,100,23.9,21.7,87,1002,4.1,120,0
1990,7,15,7,202,1,201,24.4,22.2,88,1002,4.6,120,0
1990,7,15,8,324,1,323,25.6,22.2,82,1003,4.6,110,0
1990,7,15,9,400,1,399,26.1,22.2,79,1002,2.1,120,0
1990,7,15,10,252,1,251,25.6,23.3,88,1002,3.6,120,0
1990,7,15,11,480,1,480,26.1,23.3,85,1002,4.1,120,0
1990,7,15,12,443,1,442,26.7,22.8,79,1002,3.1,110,0
1990,7,15,13,633,112,530,28.3,22.2,70,1002,4.1,120,0
1990,7,15,14,240,14,229,27.8,23.3,77,1001,4.6,120,0
1990,7,15,15,469,241,297,28.9,22.8,70,1002,5.2,120,0
1990,7,15,16,486,535,190,28.3,22.8,72,1002,5.2,120,0
1990,7,15,17,308,426,148,27.8,22.2,72,1002,4.6,120,0
1990,7,15,18,35,4,34,24.4,19.4,74,1004,4.1,10,0
1990,7,15,19,8,0,8,22.8,20,84,1004,3.1,10,0
1990,7,15,20,0,0,0,21.7,20.6,93,1005,0,0,0
1990,7,15,21,0,0,0,21.7,20.6,93,1006,2.1,10,0
1990,7,15,22,0,0,0,21.1,20.6,97,1007,1.5,350,0
1990,7,15,23,0,0,0,20.6,20,97,1007,2.6,330,0
1990,7,16,0,0,0,0,20,19.4,97,1008,0,0,0
1990,7,16,1,0,0,0,20,19.4,97,1008,0,0,0
1990,7,16,2,0,0,0,18.9,18.9,100,1009,1.5,270,0
1990,7,16,3,0,0,0,18.3,18.3,100,1009,0,0,0
1990,7,16,4,0,0,0,18.3,17.8,97,1010,0,0,0
1990,7,16,5,27,14,26,18.9,18.9,100,1010,0,0,0
1990,7,16,6,137,115,105,20.6,20,97,1011,1.5,260,0
1990,7,16,7,335,301,196,22.8,19.4,82,1012,1.5,270,0
1990,7,16,8,448,195,325,25,19.4,71,1012,1.5,260,0
1990,7,16,9,487,142,377,27.8,18.3,57,1012,3.1,280,0
1990,7,16,10,808,476,389,26.7,16.7,54,1012,4.1,270,0
1990,7,16,11,546,98,453,26.7,15.6,51,1012,2.6,280,0
1990,7,16,12,637,237,411,27.8,15.6,47,1012,2.1,280,0
1990,7,16,13,818,526,336,28.9,16.7,48,1012,3.6,250,0
1990,7,16,14,739,543,286,28.9,16.7,48,1012,3.1,220,0
1990,7,16,15,634,550,244,29.4,17.2,48,1011,2.6,200,0
1990,7,16,16,282,101,226,29.4,17.2,48,1012,2.1,240,0
1990,7,16,17,251,115,208,28.3,18.9,57,1012,2.1,190,0
1990,7,16,18,97,103,78,26.7,19.4,65,1012,2.1,150,0
1990,7,16,19,13,4,12,23.9,20,79,1012,2.6,150,0
1990,7,16,20,0,0,0,23.3,20.6,85,1013,2.6,150,0
1990,7,16,21,0,0,0,22.8,20,84,1013,1.5,170,0
1990,7,16,22,0,0,0,21.1,20,93,1013,0,0,0
1990,7,16,23,0,0,0,20,19.4,97,1013,2.1,130,0
1990,7,17,0,0,0,0,19.4,18.9,97,1014,0,0,0
1990,7,17,1,0,0,0,20,19.4,97,1014,0,0,0
1990,7,17,2,0,0,0,20,19.4,97,1013,2.6,140,0
1990,7,17,3,0,0,0,18.9,18.9,100,1013,0,0,0
1990,7,17,4,0,0,0,18.3,18.3,100,1014,2.1,130,0
1990,7,17,5,27,4,27,19.4,19.4,100,1014,0,0,0
1990,7,17,6,116,50,102,21.1,20.6,97,1015,0,0,0
1990,7,17,7,313,204,219,22.8,21.1,90,1015,0,0,0
1990,7,17,8,353,42,327,25,21.1,79,1015,0,0,0
1990,7,17,9,564,249,371,26.1,21.7,77,1015,0,0,0
1990,7,17,10,727,251,507,28.9,21.7,65,1014,0,0,0
1990,7,17,11,752,264,504,30.6,20,53,1014,2.1,230,0
1990,7,17,12,761,279,496,30,18.3,50,1014,2.1,250,0
1990,7,17,13,780,343,466,30.6,19.4,52,1014,2.6,260,0
1990,7,17,14,666,355,371,30,18.9,51,1013,2.1,240,0
1990,7,17,15,574,361,319,31.1,17.8,45,1013,2.6,210,0
1990,7,17,16,422,298,257,29.4,17.2,48,1013,3.1,220,0
1990,7,17,17,209,112,167,27.8,20,63,1012,2.6,210,0
1990,7,17,18,76,53,66,27.8,21.1,67,1013,2.6,200,0
1990,7,17,19,10,0,10,25,20.6,76,1013,2.1,190,0
1990,7,17,20,0,0,0,23.3,21.1,87,1013,1.5,210,0
1990,7,17,21,0,0,0,22.2,21.1,94,1013,0,0,0
1990,7,17,22,0,0,0,21.7,20.6,93,1013,2.1,200,0
1990,7,17,23,0,0,0,22.2,20.6,90,1013,2.6,200,0
1990,7,18,0,0,0,0,21.1,20.6,97,1013,2.6,220,0
1990,7,18,1,0,0,0,21.1,20,93,1012,2.6,220,0
1990,7,18,2,0,0,0,20,19.4,97,1012,2.1,230,0
1990,7,18,3,0,0,0,19.4,19.4,100,1012,0,0,0
1990,7,18,4,0,0,0,18.9,18.9,100,1012,1.5,230,0
1990,7,18,5,36,80,29,18.9,18.3,97,1013,0,0,0
1990,7,18,6,141,261,69,22.2,20.6,90,1013,2.1,210,0
1990,7,18,7,357,519,119,23.9,21.1,85,1013,1.5,220,0
1990,7,18,8,574,694,138,27.8,21.7,69,1013,0,0,0
1990,7,18,9,739,751,161,30,21.7,61,1013,2.6,190,0
1990,7,18,10,869,792,175,30.6,20.6,55,1012,4.6,190,0
1990,7,18,11,894,675,261,31.1,21.7,57,1012,2.6,200,0
1990,7,18,12,950,765,223,31.7,19.4,48,1011,2.6,220,0
1990,7,18,13,929,697,291,33.3,21.1,49,1010,3.1,210,0
1990,7,18,14,627,321,360,32.2,20.6,50,1010,3.6,200,0
1990,7,18,15,646,567,245,32.2,20.6,50,1010,4.6,220,0
1990,7,18,16,444,537,148,31.7,20.6,52,1009,4.1,220,0
1990,7,18,17,274,475,98,30,21.1,59,1009,3.6,210,0
1990,7,18,18,88,187,53,28.3,21.7,67,1009,3.1,200,0
1990,7,18,19,12,6,12,26.1,21.1,74,1010,2.1,200,0
1990,7,18,20,0,0,0,25.6,21.1,77,1010,2.1,200,0
1990,7,18,21,0,0,0,24.4,21.7,85,1010,1.5,190,0
1990,7,18,22,0,0,0,23.3,21.7,90,1010,2.1,190,0
1990,7,18,23,0,0,0,23.3,21.7,90,1009,2.6,210,0
1990,7,19,0,0,0,0,23.3,21.7,90,1009,3.1,200,0
1990,7,19,1,0,0,0,22.8,21.7,94,1009,2.6,220,0
1990,7,19,2,0,0,0,22.2,21.7,97,1009,1.5,230,0
1990,7,19,3,0,0,0,21.7,21.1,97,1009,2.1,200,0
1990,7,19,4,0,0,0,20.6,20,97,1009,2.1,200,0
1990,7,19,5,33,17,31,21.7,21.1,97,1010,1.5,210,0
1990,7,19,6,124,154,82,23.9,22.2,90,1011,2.6,250,0
1990,7,19,7,331,359,167,26.7,20,67,1011,3.6,250,0
1990,7,19,8,518,515,196,28.3,20.6,63,1011,3.6,250,0
1990,7,19,9,711,617,237,28.9,19.4,57,1011,3.1,250,0
1990,7,19,10,822,643,260,30,17.8,48,1011,2.1,250,0
1990,7,19,11,912,682,273,31.7,17.8,44,1010,3.1,230,0
1990,7,19,12,908,673,268,32.2,18.3,44,1010,2.6,230,0
1990,7,19,13,890,598,343,31.7,17.8,44,1009,2.6,230,0
1990,7,19,14,741,525,304,32.2,18.3,44,1009,2.1,240,0
1990,7,19,15,642,563,244,31.7,18.9,47,1008,3.6,230,0
1990,7,19,16,437,441,195,31.7,17.2,42,1008,2.1,220,0
1990,7,19,17,238,302,126,30.6,19.4,52,1008,3.1,210,0
1990,7,19,18,78,97,60,28.3,21.1,65,1008,2.1,210,0
1990,7,19,19,8,1,8,25.6,20.6,74,1007,2.1,200,0
1990,7,19,20,0,0,0,25,20,74,1008,2.1,200,0
1990,7,19,21,0,0,0,23.9,21.1,85,1008,2.1,200,0
1990,7,19,22,0,0,0,23.9,21.1,85,1008,3.6,190,0
1990,7,19,23,0,0,0,23.3,19.4,79,1007,3.6,190,0
1990,7,20,0,0,0,0,22.2,19.4,84,1007,3.6,190,0
1990,7,20,1,0,0,0,21.1,19.4,90,1006,3.1,190,0
1990,7,20,2,0,0,0,21.1,18.9,87,1006,3.1,190,0
1990,7,20,3,0,0,0,21.1,18.9,87,1006,3.6,190,0
1990,7,20,4,0,0,0,20.6,18.9,90,1006,1.5,200,0
1990,7,20,5,32,13,30,20.6,19.4,93,1006,1.5,200,0
1990,7,20,6,137,141,99,23.3,20,82,1007,2.1,210,0
1990,7,20,7,340,407,156,25.6,21.1,77,1007,2.6,190,0
1990,7,20,8,533,524,206,27.8,21.7,69,1006,3.1,210,0
1990,7,20,9,704,599,244,29.4,22.2,65,1006,3.6,200,0
1990,7,20,10,838,652,268,31.1,21.7,57,1005,3.6,190,0
1990,7,20,11,888,470,448,32.2,21.1,52,1005,4.1,200,0
1990,7,20,12,931,551,409,32.8,20.6,49,1004,2.6,220,0
1990,7,20,13,849,557,340,33.3,20,46,1003,4.6,190,0
1990,7,20,14,415,89,341,31.7,20,50,1003,3.6,200,0
1990,7,20,15,458,135,362,28.3,21.1,65,1003,6.2,250,0
1990,7,20,16,304,85,257,30,21.7,61,1003,1.5,190,0
1990,7,20,17,219,159,160,30.6,22.2,61,1002,2.1,190,0
1990,7,20,18,80,64,68,28.9,22.8,70,1003,2.1,210,0
1990,7,20,19,11,0,11,26.7,21.7,74,1003,2.6,210,0
1990,7,20,20,0,0,0,22.8,20,84,1004,2.1,330,0
1990,7,20,21,0,0,0,22.2,20.6,90,1004,2.1,360,0
1990,7,20,22,0,0,0,21.1,20,93,1004,2.1,200,0
1990,7,20,23,0,0,0,21.1,20,93,1003,1.5,200,0
1990,7,21,0,0,0,0,21.1,20,93,1003,0,0,0
1990,7,21,1,0,0,0,20.6,20,97,1003,1.5,210,0
1990,7,21,2,0,0,0,20,18.9,93,1002,1.5,210,0
1990,7,21,3,0,0,0,20,19.4,97,1002,1.5,200,0
1990,7,21,4,0,0,0,18.9,18.3,97,1003,0,0,0
1990,7,21,5,37,110,27,20,18.9,93,1003,1.5,250,0
1990,7,21,6,183,456,61,22.8,20.6,87,1003,2.6,230,0
1990,7,21,7,360,601,88,26.1,21.7,77,1003,2.1,230,0
1990,7,21,8,549,694,117,28.9,21.7,65,1003,1.5,230,0
1990,7,21,9,738,789,133,30.6,20.6,55,1003,2.1,240,0
1990,7,21,10,667,325,383,31.7,21.1,54,1003,4.1,240,0
1990,7,21,11,671,280,409,31.7,21.7,55,1002,4.6,240,0
1990,7,21,12,821,480,366,31.7,21.1,54,1001,4.1,240,0
1990,7,21,13,255,57,203,23.9,22.2,90,1002,3.6,240,0
1990,7,21,14,220,26,199,21.7,21.1,97,1002,3.6,250,0
1990,7,21,15,236,7,231,22.2,21.7,97,1002,2.6,190,0
1990,7,21,16,300,63,266,25,22.8,88,1001,2.1,190,0
1990,7,21,17,242,302,131,25.6,22.2,82,1001,1.5,160,0
1990,7,21,18,88,92,71,24.4,22.2,88,1001,1.5,160,0
1990,7,21,19,12,2,12,23.3,22.2,94,1002,3.6,160,0
1990,7,21,20,0,0,0,22.2,21.1,94,1002,1.5,270,0
1990,7,21,21,0,0,0,21.7,20.6,93,1002,2.6,240,0
1990,7,21,22,0,0,0,21.7,21.7,100,1002,3.1,200,0
1990,7,21,23,0,0,0,22.2,21.7,97,1002,1.5,230,0
1990,7,22,0,0,0,0,21.7,21.1,97,1001,0,0,0
1990,7,22,1,0,0,0,21.1,20.6,97,1001,1.5,230,0
1990,7,22,2,0,0,0,21.7,21.1,97,1001,1.5,230,0
1990,7,22,3,0,0,0,21.1,21.1,100,1001,1.5,360,0
1990,7,22,4,0,0,0,21.7,21.1,97,1001,2.1,360,0
1990,7,22,5,30,26,28,21.1,21.1,100,1001,1.5,360,0
1990,7,22,6,62,2,62,22.2,21.7,97,1002,0,0,0
1990,7,22,7,189,24,178,23.9,21.7,87,1003,1.5,180,0
1990,7,22,8,232,2,231,23.9,21.7,87,1003,1.5,230,0
1990,7,22,9,621,390,322,26.7,22.8,79,1002,1.5,200,0
1990,7,22,10,629,269,395,28.9,21.7,65,1002,2.1,220,0
1990,7,22,11,870,579,329,29.4,22.2,65,1002,2.6,240,0
1990,7,22,12,792,495,323,29.4,22.2,65,1001,3.1,190,0
1990,7,22,13,763,565,249,30.6,21.1,57,1001,2.1,200,0
1990,7,22,14,721,431,365,31.7,22.8,59,1000,0,0,0
1990,7,22,15,369,80,313,28.9,22.8,70,1000,2.6,270,0
1990,7,22,16,387,292,228,30,22.8,65,1000,3.1,240,0
1990,7,22,17,264,463,94,30.6,22.8,63,1000,2.1,200,0
1990,7,22,18,75,9,73,27.2,24.4,85,999,2.1,160,0
1990,7,22,19,6,1,6,26.7,23.3,82,1000,2.6,180,0
1990,7,22,20,0,0,0,26.1,23.3,85,1000,4.6,160,0
1990,7,22,21,0,0,0,25.6,23.3,88,1000,0,0,0
1990,7,22,22,0,0,0,22.8,21.7,94,1000,5.7,220,0
1990,7,22,23,0,0,0,22.8,21.7,94,999,2.6,250,0
1990,7,23,0,0,0,0,22.2,21.7,97,999,2.1,150,0
1990,7,23,1,0,0,0,21.7,21.1,97,998,0,0,0
1990,7,23,2,0,0,0,21.1,21.1,100,998,1.5,210,0
1990,7,23,3,0,0,0,21.1,20.6,97,998,2.1,200,0
1990,7,23,4,0,0,0,20.6,20,97,998,2.1,190,0
1990,7,23,5,27,16,25,21.1,20.6,97,998,2.1,200,0
1990,7,23,6,153,255,86,23.3,21.7,90,999,2.1,270,0
1990,7,23,7,327,425,136,25.6,22.2,82,999,2.1,260,0
1990,7,23,8,515,549,175,28.3,23.3,74,999,2.6,260,0
1990,7,23,9,672,486,301,30,22.8,65,999,3.1,290,0
1990,7,23,10,746,411,388,29.4,21.7,63,1000,3.6,290,0
1990,7,23,11,671,272,418,30.6,22.2,61,1000,3.6,340,0
1990,7,23,12,340,4,337,30.6,21.7,59,999,4.1,330,0
1990,7,23,13,477,109,377,29.4,22.2,65,1000,3.6,290,0
1990,7,23,14,767,589,280,30,21.7,61,1000,5.2,300,0
1990,7,23,15,535,265,349,28.9,20.6,61,1000,5.7,350,0
1990,7,23,16,316,93,265,27.8,20,63,1001,5.2,340,0
1990,7,23,17,159,52,140,26.7,18.3,60,1001,6.2,350,0
1990,7,23,18,73,79,59,25.6,17.8,62,1002,5.7,350,0
1990,7,23,19,7,1,7,23.9,17.2,66,1002,5.2,330,0
1990,7,23,20,0,0,0,22.2,17.2,73,1003,3.6,350,0
1990,7,23,21,0,0,0,21.7,17.2,76,1003,4.6,350,0
1990,7,23,22,0,0,0,21.1,17.2,79,1004,2.6,350,0
1990,7,23,23,0,0,0,20.6,17.2,81,1004,2.6,340,0
1990,7,24,0,0,0,0,19.4,17.2,87,1004,3.1,350,0
1990,7,24,1,0,0,0,19.4,16.7,84,1004,3.6,360,0
1990,7,24,2,0,0,0,18.9,16.7,87,1004,3.6,360,0
1990,7,24,3,0,0,0,18.3,16.7,90,1004,3.1,350,0
1990,7,24,4,0,0,0,18.3,16.1,87,1005,1.5,320,0
1990,7,24,5,33,60,28,17.8,16.1,90,1005,2.1,330,0
1990,7,24,6,157,318,74,20,17.2,84,1005,3.6,320,0
1990,7,24,7,349,471,139,22.8,17.8,74,1006,3.1,310,0
1990,7,24,8,506,422,245,24.4,17.8,67,1005,4.1,330,0
1990,7,24,9,589,313,351,25.6,17.2,60,1006,4.1,360,0
1990,7,24,10,367,13,356,25.6,17.2,60,1006,3.6,350,0
1990,7,24,11,359,3,356,25.6,17.8,62,1006,4.1,20,0
1990,7,24,12,748,384,385,26.7,17.2,56,1006,4.1,30,0
1990,7,24,13,860,518,390,27.8,17.8,55,1006,4.1,40,0
1990,7,24,14,631,387,311,27.8,17.8,55,1006,4.1,340,0
1990,7,24,15,480,167,363,28.3,17.2,51,1005,3.6,340,0
1990,7,24,16,406,422,177,27.8,17.2,53,1005,4.6,340,0
1990,7,24,17,265,453,101,27.2,17.2,54,1005,3.6,340,0
1990,7,24,18,93,232,53,26.1,17.8,60,1006,3.1,350,0
1990,7,24,19,12,7,11,22.8,17.8,74,1006,1.5,340,0
1990,7,24,20,0,0,0,21.7,18.3,81,1006,1.5,360,0
1990,7,24,21,0,0,0,20,18.3,90,1007,0,0,0
1990,7,24,22,0,0,0,18.9,17.8,93,1006,0,0,0
1990,7,24,23,0,0,0,18.9,17.8,93,1006,0,0,0
1990,7,25,0,0,0,0,18.3,17.2,93,1007,2.1,340,0
1990,7,25,1,0,0,0,17.2,16.7,97,1007,0,0,0
1990,7,25,2,0,0,0,17.2,16.7,97,1007,0,0,0
1990,7,25,3,0,0,0,17.2,16.7,97,1007,1.5,350,0
1990,7,25,4,0,0,0,17.2,16.1,93,1008,1.5,340,0
1990,7,25,5,37,81,29,17.8,16.7,93,1008,1.5,350,0
1990,7,25,6,185,518,51,20,17.8,87,1009,2.6,320,0
1990,7,25,7,382,691,75,23.3,18.3,74,1009,3.1,330,0
1990,7,25,8,578,789,92,25.6,17.8,62,1009,3.6,360,0
1990,7,25,9,748,844,106,27.2,17.8,56,1010,3.1,360,0
1990,7,25,10,878,878,116,28.9,18.9,55,1010,2.6,360,0
1990,7,25,11,916,776,194,29.4,18.3,51,1009,3.1,10,0
1990,7,25,12,724,476,274,30,17.8,48,1009,4.6,350,0
1990,7,25,13,792,621,229,30.6,16.7,43,1009,4.6,320,0
1990,7,25,14,849,805,186,29.4,17.2,48,1009,6.2,330,0
1990,7,25,15,663,806,99,29.4,16.1,45,1009,4.1,350,0
1990,7,25,16,483,731,87,29.4,15.6,43,1009,5.2,30,0
1990,7,25,17,295,646,62,28.3,15.6,46,1009,3.1,10,0
1990,7,25,18,107,381,42,27.2,16.7,53,1009,2.6,10,0
1990,7,25,19,14,35,11,24.4,18.3,69,1010,1.5,240,0
1990,7,25,20,0,0,0,22.2,18.9,82,1010,1.5,330,0
1990,7,25,21,0,0,0,21.1,18.3,84,1010,1.5,250,0
1990,7,25,22,0,0,0,20.6,18.9,90,1010,2.1,310,0
1990,7,25,23,0,0,0,20,18.9,93,1010,0,0,0
1990,7,26,0,0,0,0,18.9,17.8,93,1010,2.1,300,0
1990,7,26,1,0,0,0,18.9,17.8,93,1010,2.1,320,0
1990,7,26,2,0,0,0,18.9,17.8,93,1011,1.5,310,0
1990,7,26,3,0,0,0,18.3,17.8,97,1011,2.6,330,0
1990,7,26,4,0,0,0,17.8,17.2,97,1011,1.5,310,0
1990,7,26,5,28,18,27,18.9,17.8,93,1012,2.6,330,0
1990,7,26,6,150,256,85,21.1,18.3,84,1012,3.1,350,0
1990,7,26,7,341,460,137,23.3,17.8,71,1013,3.6,360,0
1990,7,26,8,541,585,181,25.6,17.8,62,1012,4.6,10,0
1990,7,26,9,716,661,214,27.2,17.8,56,1013,3.6,10,0
1990,7,26,10,848,708,234,28.3,16.7,49,1013,4.1,20,0
1990,7,26,11,916,631,330,29.4,16.7,46,1012,4.6,50,0
1990,7,26,12,918,597,354,30,16.1,43,1012,6.2,30,0
1990,7,26,13,631,309,350,30.6,15.6,40,1011,5.2,20,0
1990,7,26,14,764,660,221,30,15,40,1011,4.6,350,0
1990,7,26,15,638,627,200,30,13.9,37,1011,4.1,350,0
1990,7,26,16,449,531,162,30,12.8,35,1011,3.6,20,0
1990,7,26,17,250,381,114,28.9,12.2,36,1011,5.7,340,0
1990,7,26,18,81,131,59,27.2,13.3,42,1011,3.6,330,0
1990,7,26,19,5,0,5,24.4,15,56,1011,2.6,340,0
1990,7,26,20,0,0,0,23.3,15.6,62,1011,2.6,330,0
1990,7,26,21,0,0,0,20.6,16.1,76,1011,2.1,280,0
1990,7,26,22,0,0,0,20.6,16.7,79,1011,1.5,290,0
1990,7,26,23,0,0,0,19.4,16.7,84,1011,1.5,310,0
1990,7,27,0,0,0,0,19.4,16.7,84,1011,1.5,330,0
1990,7,27,1,0,0,0,18.9,17.2,90,1011,2.1,330,0
1990,7,27,2,0,0,0,18.3,17.2,93,1011,1.5,320,0
1990,7,27,3,0,0,0,19.4,17.8,90,1010,2.1,350,0
1990,7,27,4,0,0,0,18.9,17.8,93,1011,2.6,340,0
1990,7,27,5,33,78,25,20,18.3,90,1011,3.6,340,0
1990,7,27,6,169,414,64,21.7,18.9,84,1011,3.6,350,0
1990,7,27,7,367,613,97,23.9,20,79,1011,3.1,20,0
1990,7,27,8,413,278,242,25,20.6,76,1012,3.1,10,0
1990,7,27,9,463,167,337,26.1,18.3,62,1012,3.6,60,0
1990,7,27,10,494,150,364,26.7,18.9,63,1012,6.2,40,0
1990,7,27,11,560,273,307,28.3,18.9,57,1011,4.6,50,0
1990,7,27,12,888,582,340,28.9,19.4,57,1011,4.6,50,0
1990,7,27,13,904,615,347,28.9,20,59,1010,6.7,60,0
1990,7,27,14,754,554,298,29.4,20,57,1010,5.2,50,0
1990,7,27,15,633,648,182,29.4,19.4,55,1010,3.6,80,0
1990,7,27,16,473,672,112,28.9,19.4,57,1010,4.6,70,0
1990,7,27,17,276,542,82,28.3,18.9,57,1010,4.6,60,0
1990,7,27,18,93,262,49,27.2,19.4,63,1010,3.1,70,0
1990,7,27,19,11,10,10,25,20,74,1010,2.6,70,0
1990,7,27,20,0,0,0,24.4,20,76,1010,2.6,90,0
1990,7,27,21,0,0,0,23.3,20.6,85,1011,2.6,50,0
1990,7,27,22,0,0,0,22.2,20.6,90,1010,2.1,70,0
1990,7,27,23,0,0,0,21.7,20,90,1010,0,0,0
1990,7,28,0,0,0,0,21.1,20,93,1010,0,0,0
1990,7,28,1,0,0,0,20,18.9,93,1010,0,0,0
1990,7,28,2,0,0,0,18.9,18.3,97,1009,0,0,0
1990,7,28,3,0,0,0,18.9,17.8,93,1009,0,0,0
1990,7,28,4,0,0,0,20,19.4,97,1009,2.1,20,0
1990,7,28,5,26,25,24,21.1,20,93,1010,2.6,360,0
1990,7,28,6,163,313,84,22.2,20,87,1010,4.6,20,0
1990,7,28,7,157,5,155,22.8,20,84,1010,2.6,10,0
1990,7,28,8,221,19,209,23.3,20,82,1011,4.6,30,0
1990,7,28,9,250,4,248,25,20,74,1010,3.6,20,0
1990,7,28,10,407,7,401,25.6,20,72,1010,4.1,20,0
1990,7,28,11,547,141,417,27.2,19.4,63,1010,2.6,10,0
1990,7,28,12,490,165,334,27.2,19.4,63,1009,4.6,50,0
1990,7,28,13,739,435,346,27.8,18.9,59,1008,3.1,70,0
1990,7,28,14,780,578,306,28.9,19.4,57,1008,4.1,60,0
1990,7,28,15,616,564,225,27.8,18.9,59,1007,3.6,50,0
1990,7,28,16,453,476,198,28.3,18.3,55,1007,5.7,50,0
1990,7,28,17,251,359,124,27.8,18.9,59,1007,4.1,60,0
1990,7,28,18,79,161,53,26.1,19.4,67,1007,3.6,50,0
1990,7,28,19,5,2,5,25,20,74,1007,4.1,100,0
1990,7,28,20,0,0,0,23.3,18.9,76,1007,2.6,70,0
1990,7,28,21,0,0,0,22.2,20,87,1007,2.6,40,0
1990,7,28,22,0,0,0,21.7,19.4,87,1007,2.6,30,0
1990,7,28,23,0,0,0,21.1,19.4,90,1007,2.6,50,0
1990,7,29,0,0,0,0,21.1,19.4,90,1007,1.5,20,0
1990,7,29,1,0,0,0,20.6,19.4,93,1007,2.6,340,0
1990,7,29,2,0,0,0,20.6,19.4,93,1007,2.1,10,0
1990,7,29,3,0,0,0,20,19.4,97,1007,3.1,10,0
1990,7,29,4,0,0,0,20.6,19.4,93,1007,3.6,350,0
1990,7,29,5,18,12,16,20.6,19.4,93,1007,4.1,20,0
1990,7,29,6,117,189,70,21.1,19.4,90,1007,3.1,350,0
1990,7,29,7,151,23,141,23.9,20,79,1007,4.1,350,0
1990,7,29,8,189,1,188,24.4,20,76,1006,3.6,30,0
1990,7,29,9,412,26,392,23.9,20,79,1006,4.1,40,0
1990,7,29,10,194,3,191,22.8,21.7,94,1006,3.6,30,0
1990,7,29,11,363,8,356,25,21.7,82,1006,3.6,50,0
1990,7,29,12,401,1,401,25,21.7,82,1005,2.6,150,0
1990,7,29,13,379,5,375,25,22.2,85,1005,2.6,140,0
1990,7,29,14,387,4,383,27.2,21.7,72,1004,2.1,90,0
1990,7,29,15,487,350,245,28.3,20.6,63,1004,2.1,80,0
1990,7,29,16,232,60,200,26.1,20.6,72,1004,4.6,100,0
1990,7,29,17,142,33,130,25,22.2,85,1004,1.5,280,0
1990,7,29,18,36,6,35,22.8,21.1,90,1004,2.1,350,0
1990,7,29,19,9,0,9,22.2,20.6,90,1004,1.5,200,0
1990,7,29,20,0,0,0,22.2,21.1,94,1004,1.5,340,0
1990,7,29,21,0,0,0,21.7,20.6,93,1005,0,0,0
1990,7,29,22,0,0,0,21.7,21.1,97,1005,0,0,0
1990,7,29,23,0,0,0,21.1,20.6,97,1004,0,0,0
1990,7,30,0,0,0,0,20.6,20,97,1004,0,0,0
1990,7,30,1,0,0,0,20.6,20,97,1004,0,0,0
1990,7,30,2,0,0,0,20.6,20,97,1004,0,0,0
1990,7,30,3,0,0,0,20,19.4,97,1004,2.1,260,0
1990,7,30,4,0,0,0,20.6,20,97,1004,0,0,0
1990,7,30,5,18,5,18,21.1,20,93,1004,0,0,0
1990,7,30,6,86,47,75,22.8,21.1,90,1004,1.5,60,0
1990,7,30,7,155,1,155,23.9,20,79,1004,0,0,0
1990,7,30,8,237,7,233,23.9,20.6,82,1004,2.1,80,0
1990,7,30,9,302,159,182,25.6,21.1,77,1004,2.1,50,0
1990,7,30,10,560,210,379,24.4,22.2,88,1003,2.6,250,0
1990,7,30,11,812,474,375,28.9,21.1,63,1002,2.1,190,0
1990,7,30,12,645,232,427,30,21.1,59,1002,4.6,140,0
1990,7,30,13,525,135,403,29.4,21.1,61,1001,2.6,180,0
1990,7,30,14,653,303,406,28.3,21.1,65,1001,3.6,120,0
1990,7,30,15,585,517,227,29.4,20.6,59,1000,3.6,150,0
1990,7,30,16,425,489,165,28.9,21.1,63,1000,4.1,170,0
1990,7,30,17,255,484,85,27.2,21.1,69,1000,4.1,160,0
1990,7,30,18,87,266,45,25,21.1,79,1000,3.6,160,0
1990,7,30,19,6,7,6,23.9,21.1,85,1000,2.6,150,0
1990,7,30,20,0,0,0,23.3,21.1,87,1000,2.1,170,0
1990,7,30,21,0,0,0,22.8,20.6,87,1000,2.1,180,0
1990,7,30,22,0,0,0,22.8,20.6,87,1000,0,0,0
1990,7,30,23,0,0,0,22.2,21.1,94,1000,2.1,260,0
1990,7,31,0,0,0,0,22.2,21.1,94,1000,2.6,150,0
1990,7,31,1,0,0,0,22.2,21.7,97,999,1.5,150,0
1990,7,31,2,0,0,0,22.2,21.7,97,999,1.5,160,0
1990,7,31,3,0,0,0,22.2,21.7,97,999,0,0,0
1990,7,31,4,0,0,0,21.7,21.1,97,999,2.1,130,0
1990,7,31,5,19,5,19,22.2,21.7,97,999,2.1,270,0
1990,7,31,6,96,67,80,22.8,21.7,94,999,1.5,290,0
1990,7,31,7,360,630,87,25,22.2,85,1000,2.6,300,0
1990,7,31,8,544,666,141,27.2,21.7,72,1000,4.6,300,0
1990,7,31,9,699,631,225,28.3,21.1,65,1000,5.2,330,0
1990,7,31,10,602,369,285,28.9,21.1,63,1000,6.2,300,0
1990,7,31,11,808,510,338,28.9,20,59,1000,7.2,320,0
1990,7,31,12,751,534,252,30,21.1,59,1000,6.7,290,0
1990,7,31,13,811,563,304,29.4,19.4,55,1000,6.7,300,0
1990,7,31,14,726,554,275,30,18.9,51,999,7.2,290,0
1990,7,31,15,564,514,210,29.4,18.3,51,1000,6.7,300,0
1990,7,31,16,441,527,163,28.9,17.8,51,1000,7.2,320,0
1990,7,31,17,255,473,91,27.8,17.2,53,1000,5.7,320,0
1990,7,31,18,59,33,54,26.1,16.7,56,1001,7.2,320,0
1990,7,31,19,7,11,6,23.9,16.1,62,1002,5.7,320,0
1990,7,31,20,0,0,0,22.8,15,62,1003,4.1,340,0
1990,7,31,21,0,0,0,23,16.1,59,1003,3.9,330,0
1990,7,31,22,0,0,0,23.3,17.2,66,1003,3.7,320,0
1990,7,31,23,0,0,0,23.5,18.3,70,1004,3.5,330,0
2004,8,1,0,0,0,0,23.7,19.5,90,1006,3.2,200,0
2004,8,1,1,0,0,0,23.9,20.6,84,1007,3,200,0
2004,8,1,2,0,0,0,24.2,21.7,88,1007,2.8,180,0
2004,8,1,3,0,0,0,24.4,22.8,91,1007,2.6,200,0
2004,8,1,4,0,0,0,24.4,22.8,91,1007,2.6,190,0
2004,8,1,5,0,0,0,24.4,22.8,91,1007,2.1,200,0
2004,8,1,6,34,0,34,23.9,22.2,90,1007,1.5,320,0
2004,8,1,7,91,0,91,24.4,22.2,88,1008,1.5,50,0
2004,8,1,8,85,0,85,25,22.2,84,1008,0,0,0
2004,8,1,9,266,12,257,25.6,22.8,85,1008,0,0,0
2004,8,1,10,428,84,356,26.7,22.8,79,1008,0,0,0
2004,8,1,11,749,409,374,28.9,22.8,70,1008,1.5,10,0
2004,8,1,12,857,582,315,29.4,21.7,63,1006,1.5,10,0
2004,8,1,13,383,60,329,28.9,22.2,67,1007,3.6,130,0
2004,8,1,14,121,0,121,23,22,94,1007,1.5,220,0
2004,8,1,15,130,0,130,24.4,23.3,94,1006,0,0,0
2004,8,1,16,271,88,225,25,23.3,90,1006,0,0,0
2004,8,1,17,85,0,85,25.6,23.3,87,1006,4.1,140,0
2004,8,1,18,42,0,42,25,22.8,88,1005,1.5,150,0
2004,8,1,19,0,0,0,24,22,89,1006,2.1,160,0
2004,8,1,20,0,0,0,23,22,94,1005,0,0,0
2004,8,1,21,0,0,0,22.8,21.7,94,1007,0,0,0
2004,8,1,22,0,0,0,22.8,22.2,96,1006,0,0,0
2004,8,1,23,0,0,0,22.8,22.2,96,1006,0,0,0
2004,8,2,0,0,0,0,22.8,22.2,96,1005,0,0,0
2004,8,2,1,0,0,0,22.2,21.7,97,1005,0,0,0
2004,8,2,2,0,0,0,22.2,21.1,93,1005,0,0,0
2004,8,2,3,0,0,0,21.7,20.6,93,1005,0,0,0
2004,8,2,4,0,0,0,21.1,20.6,97,1005,0,0,0
2004,8,2,5,0,0,0,22.2,21.7,97,1005,0,0,0
2004,8,2,6,136,142,102,22.8,22.2,96,1005,2.1,300,0
2004,8,2,7,112,0,112,22.8,22.2,96,1006,1.5,210,0
2004,8,2,8,190,0,190,23.9,22.2,90,1006,2.1,350,0
2004,8,2,9,267,12,257,26,22,79,1006,1.5,340,0
2004,8,2,10,570,247,359,27.2,22.2,74,1006,0,0,0
2004,8,2,11,731,367,395,29.4,22.2,65,1005,2.6,40,0
2004,8,2,12,827,576,291,28.9,21.7,65,1003,1.5,80,0
2004,8,2,13,713,401,355,31,22,59,1002,1.5,120,0
2004,8,2,14,619,346,339,25,21.1,79,1003,4.1,160,0
2004,8,2,15,107,0,107,22.8,21.7,94,1004,3.1,230,0
2004,8,2,16,70,0,70,23.3,21.7,91,1003,3.6,200,0
2004,8,2,17,50,0,50,23.9,22.2,90,1003,1.5,200,0
2004,8,2,18,11,0,11,23.9,22.2,90,1003,0,0,0
2004,8,2,19,0,0,0,22.8,21.7,94,1003,0,0,0
2004,8,2,20,0,0,0,22.2,21.1,93,1004,0,0,0
2004,8,2,21,0,0,0,22.2,21.1,93,1004,1.5,120,0
2004,8,2,22,0,0,0,21.7,20.6,93,1003,0,0,0
2004,8,2,23,0,0,0,21.1,20.6,97,1003,0,0,0
2004,8,3,0,0,0,0,21.7,20.6,93,1002,0,0,0
2004,8,3,1,0,0,0,20.6,20,96,1003,0,0,0
2004,8,3,2,0,0,0,20.6,20,96,1002,1.5,220,0
2004,8,3,3,0,0,0,20.6,20,96,1002,0,0,0
2004,8,3,4,0,0,0,20.6,20,96,1002,1.5,220,0
2004,8,3,5,0,0,0,21,21,100,1002,0,0,0
2004,8,3,6,154,264,92,21.7,20.6,93,1001,1.5,40,0
2004,8,3,7,295,294,171,22.2,21.1,93,1002,0,0,0
2004,8,3,8,499,508,196,25,21.1,79,1002,2.1,360,0
2004,8,3,9,692,685,183,26.1,20,69,1002,1.5,360,0
2004,8,3,10,756,621,227,27.8,20,63,1002,0,0,0
2004,8,3,11,895,776,186,29.4,21.1,61,1001,2.6,350,0
2004,8,3,12,910,798,170,30,20.6,57,999,2.1,360,0
2004,8,3,13,860,664,269,30.6,20.6,55,1000,0,0,0
2004,8,3,14,462,131,357,30,20,55,1000,3.6,20,0
2004,8,3,15,530,379,272,31.1,20,52,999,3.6,40,0
2004,8,3,16,417,510,153,30.6,20,53,999,3.6,350,0
2004,8,3,17,230,399,96,30,20,55,998,2.1,20,0
2004,8,3,18,72,198,44,29.4,19.4,55,997,2.6,350,0
2004,8,3,19,0,0,0,26.1,21.1,74,999,0,0,0
2004,8,3,20,0,0,0,24.4,21.1,82,999,1.5,280,0
2004,8,3,21,0,0,0,23.9,20.6,82,999,1.5,280,0
2004,8,3,22,0,0,0,23.9,21.1,84,998,0,0,0
2004,8,3,23,0,0,0,23.3,20.6,85,999,1.5,360,0
2004,8,4,0,0,0,0,22.2,20.6,91,998,0,0,0
2004,8,4,1,0,0,0,22.2,20,87,999,0,0,0
2004,8,4,2,0,0,0,21.7,19.4,87,999,1.5,310,0
2004,8,4,3,0,0,0,22.2,18.9,82,999,0,0,0
2004,8,4,4,0,0,0,22.2,18.9,82,999,3.1,300,0
2004,8,4,5,9,86,6,22.8,18.9,79,999,2.1,330,0
2004,8,4,6,154,251,96,23.3,20,82,998,0,0,0
2004,8,4,7,309,369,154,26.1,20.6,72,1000,3.1,320,0
2004,8,4,8,513,593,160,27.2,20.6,67,1000,3.6,290,0
2004,8,4,9,667,649,186,28.3,20,61,1000,0,0,0
2004,8,4,10,775,712,170,28.9,20,59,999,3.1,280,0
2004,8,4,11,858,674,244,30,20.6,57,999,2.6,300,0
2004,8,4,12,874,678,247,30.6,21.7,59,997,3.1,280,0
2004,8,4,13,830,652,251,31.1,21.1,55,998,3.1,280,0
2004,8,4,14,676,554,230,30.6,21.7,59,997,2.6,240,0
2004,8,4,15,547,462,234,30.6,22.8,63,997,4.1,210,0
2004,8,4,16,390,375,196,30.6,22.2,61,997,4.6,200,0
2004,8,4,17,130,23,122,28.9,22.8,70,996,4.1,210,0
2004,8,4,18,34,0,34,22.2,20.6,91,996,4.6,200,0
2004,8,4,19,0,0,0,22.8,21.7,94,997,2.1,220,0
2004,8,4,20,0,0,0,22.8,21.7,94,998,0,0,0
2004,8,4,21,0,0,0,23.3,22.2,94,998,0,0,0
2004,8,4,22,0,0,0,23.9,18.9,74,998,1.5,20,0
2004,8,4,23,0,0,0,22.8,20.6,87,997,0,0,0
2004,8,5,0,0,0,0,22.8,21.1,90,996,0,0,0
2004,8,5,1,0,0,0,23.3,19.4,79,997,3.6,330,0
2004,8,5,2,0,0,0,22.8,18.9,79,997,3.1,350,0
2004,8,5,3,0,0,0,22.2,18.9,82,996,1.5,30,0
2004,8,5,4,0,0,0,22.2,18.9,82,997,2.6,10,0
2004,8,5,5,3,0,3,22.8,18.9,79,997,2.1,340,0
2004,8,5,6,52,0,52,22.8,18.9,79,997,4.6,330,0
2004,8,5,7,56,0,56,21,17,78,998,4.6,10,0
2004,8,5,8,132,0,132,21.1,17.2,78,999,4.6,360,0
2004,8,5,9,171,0,171,21.1,17.2,78,1000,3.1,360,0
2004,8,5,10,161,0,161,21.1,16.7,76,1000,4.6,10,0
2004,8,5,11,189,0,189,22.2,15.6,66,1000,6.7,360,0
2004,8,5,12,198,0,198,22.8,16.1,66,998,5.2,360,0
2004,8,5,13,200,6,195,23.3,16.1,64,1000,4.1,20,0
2004,8,5,14,341,24,322,23.9,16.1,62,999,3.6,10,0
2004,8,5,15,214,6,210,23.9,16.1,62,999,5.7,360,0
2004,8,5,16,173,6,170,24.4,15,56,999,4.6,10,0
2004,8,5,17,149,63,129,23.9,15,57,998,3.6,10,0
2004,8,5,18,67,156,46,22.2,15,64,998,3.1,40,0
2004,8,5,19,0,0,0,20,16.1,78,1000,1.5,60,0
2004,8,5,20,0,0,0,21.7,16.1,70,1001,3.1,350,0
2004,8,5,21,0,0,0,21.7,14.4,63,1001,4.6,10,0
2004,8,5,22,0,0,0,21.1,14.4,66,1001,4.1,10,0
2004,8,5,23,0,0,0,20.6,14.4,68,1002,6.7,350,0
2004,8,6,0,0,0,0,17.8,13.9,78,1001,7.7,10,0
2004,8,6,1,0,0,0,17.8,13.9,78,1002,4.1,10,0
2004,8,6,2,0,0,0,17.2,11.1,67,1002,4.6,10,0
2004,8,6,3,0,0,0,15.6,10,69,1002,3.1,340,0
2004,8,6,4,0,0,0,15,9.4,69,1002,3.6,350,0
2004,8,6,5,8,98,4,15,8.9,67,1003,2.6,340,0
2004,8,6,6,156,307,87,16.1,10,67,1002,3.6,340,0
2004,8,6,7,345,538,121,17.2,8.9,58,1004,5.7,350,0
2004,8,6,8,527,636,150,18.9,8.9,52,1004,6.7,10,0
2004,8,6,9,680,715,152,21.1,8.9,46,1004,4.6,10,0
2004,8,6,10,794,730,176,19.4,8.3,49,1004,6.2,20,0
2004,8,6,11,883,668,276,20.6,7.8,44,1004,5.2,20,0
2004,8,6,12,305,30,278,21.1,7.2,41,1002,7.2,350,0
2004,8,6,13,389,48,346,22.2,7.2,38,1003,6.7,20,0
2004,8,6,14,121,0,121,21.1,6.7,39,1003,6.2,20,0
2004,8,6,15,512,326,293,22.2,6.1,35,1003,4.6,340,0
2004,8,6,16,433,633,110,22.8,7.8,38,1003,5.7,360,0
2004,8,6,17,243,438,101,21.7,6.7,38,1003,5.7,340,0
2004,8,6,18,44,30,40,20.6,7.8,44,1002,3.6,340,0
2004,8,6,19,0,0,0,18.3,8.9,54,1004,2.6,330,0
2004,8,6,20,0,0,0,17.8,9.4,58,1004,1.5,340,0
2004,8,6,21,0,0,0,14.4,10.6,78,1004,1.5,250,0
2004,8,6,22,0,0,0,12.2,10.6,90,1004,0,0,0
2004,8,6,23,0,0,0,12.8,11.1,89,1004,0,0,0
2004,8,7,0,0,0,0,12.2,10.6,90,1003,1.5,160,0
2004,8,7,1,0,0,0,11.7,10,89,1004,1.5,20,0
2004,8,7,2,0,0,0,11.7,10,89,1004,0,0,0
2004,8,7,3,0,0,0,11.1,10,93,1004,0,0,0
2004,8,7,4,0,0,0,12.2,10,86,1004,0,0,0
2004,8,7,5,7,82,4,12.8,10,83,1005,1.5,40,0
2004,8,7,6,148,267,89,15.6,11.1,75,1004,2.6,320,0
2004,8,7,7,325,457,135,17.8,11.7,67,1006,4.6,320,0
2004,8,7,8,520,661,131,19.4,11.1,59,1006,4.6,340,0
2004,8,7,9,680,722,149,21.1,11.7,55,1006,5.2,340,0
2004,8,7,10,775,676,205,21.1,10.6,51,1006,5.2,310,0
2004,8,7,11,767,481,331,22.8,10,44,1005,5.7,300,0
2004,8,7,12,886,642,296,21.7,9.4,45,1004,3.6,320,0
2004,8,7,13,194,18,178,22.8,10,44,1005,5.2,300,0
2004,8,7,14,728,584,262,23.3,10,43,1005,3.6,340,0
2004,8,7,15,591,664,147,24.4,8.3,36,1005,5.7,350,0
2004,8,7,16,405,504,150,23.9,9.4,40,1006,3.1,10,0
2004,8,7,17,203,262,119,22.8,9.4,42,1006,3.6,30,0
2004,8,7,18,65,198,39,21.7,8.3,42,1005,3.1,30,0
2004,8,7,19,0,0,0,18.3,10,58,1007,2.1,50,0
2004,8,7,20,0,0,0,16.1,11.7,75,1008,1.5,230,0
2004,8,7,21,0,0,0,14.4,11.7,84,1008,0,0,0
2004,8,7,22,0,0,0,15,11.7,81,1009,1.5,210,0
2004,8,7,23,0,0,0,14.4,12.2,87,1009,0,0,0
2004,8,8,0,0,0,0,12.8,11.1,89,1008,0,0,0
2004,8,8,1,0,0,0,12.8,11.1,89,1009,0,0,0
2004,8,8,2,0,0,0,12.2,11.1,93,1009,0,0,0
2004,8,8,3,0,0,0,11.7,10.6,93,1009,0,0,0
2004,8,8,4,0,0,0,11.7,11.1,96,1010,0,0,0
2004,8,8,5,4,10,4,12.2,11.1,93,1010,0,0,0
2004,8,8,6,105,34,98,14.4,13.3,93,1010,0,0,0
2004,8,8,7,247,144,188,17.8,12.8,73,1011,0,0,0
2004,8,8,8,520,588,175,21.7,12.2,55,1011,2.6,340,0
2004,8,8,9,667,673,173,23.9,12.2,48,1011,3.1,330,0
2004,8,8,10,794,712,194,24.4,11.1,43,1011,3.1,310,0
2004,8,8,11,798,547,302,24.4,10.6,42,1010,3.1,310,0
2004,8,8,12,778,522,299,26.1,11.1,39,1009,3.6,300,0
2004,8,8,13,818,616,276,25.6,11.1,40,1010,2.6,210,0
2004,8,8,14,675,554,235,26.1,11.1,39,1010,2.6,280,0
2004,8,8,15,366,101,299,26.7,11.7,39,1010,2.1,210,0
2004,8,8,16,297,123,235,25.6,11.7,42,1010,2.1,220,0
2004,8,8,17,198,244,120,25,13.3,48,1010,2.6,210,0
2004,8,8,18,61,197,36,22.8,13.3,55,1010,2.1,210,0
2004,8,8,19,0,0,0,20,13.3,65,1010,3.1,210,0
2004,8,8,20,0,0,0,18.9,13.3,70,1010,2.6,200,0
2004,8,8,21,0,0,0,17.8,13.9,78,1011,1.5,190,0
2004,8,8,22,0,0,0,17.2,13.9,81,1011,0,0,0
2004,8,8,23,0,0,0,16.1,13.9,87,1010,1.5,170,0
2004,8,9,0,0,0,0,15.6,13.3,86,1010,0,0,0
2004,8,9,1,0,0,0,14.4,12.8,90,1010,0,0,0
2004,8,9,2,0,0,0,13.9,12.8,93,1010,0,0,0
2004,8,9,3,0,0,0,13.9,12.8,93,1010,0,0,0
2004,8,9,4,0,0,0,13.3,12.2,93,1010,0,0,0
2004,8,9,5,5,72,3,13.3,12.2,93,1011,0,0,0
2004,8,9,6,141,254,86,16.7,14.4,86,1010,0,0,0
2004,8,9,7,318,426,144,21.7,15,66,1011,1.5,350,0
2004,8,9,8,508,576,171,23.3,15,60,1012,2.6,330,0
2004,8,9,9,655,661,171,25.6,15,52,1012,3.1,320,0
2004,8,9,10,794,748,165,26.7,13.9,45,1011,2.1,350,0
2004,8,9,11,871,740,202,27.2,14.4,45,1011,0,0,0
2004,8,9,12,874,708,226,28.3,11.7,36,1009,2.6,280,0
2004,8,9,13,830,694,220,28.3,13.3,40,1010,2.6,290,0
2004,8,9,14,739,751,144,28.3,13.3,40,1009,3.6,260,0
2004,8,9,15,590,676,142,28.9,12.8,37,1009,3.1,270,0
2004,8,9,16,415,603,113,27.8,13.9,42,1008,3.6,240,0
2004,8,9,17,222,437,84,27.2,13.9,44,1008,2.1,240,0
2004,8,9,18,60,181,37,23.9,15,57,1007,2.6,220,0
2004,8,9,19,0,0,0,22.2,15,64,1008,1.5,180,0
2004,8,9,20,0,0,0,21.7,15.6,68,1008,2.1,160,0
2004,8,9,21,0,0,0,21.1,16.1,73,1008,2.1,160,0
2004,8,9,22,0,0,0,20,16.7,81,1008,1.5,200,0
2004,8,9,23,0,0,0,19.4,16.7,84,1008,1.5,200,0
2004,8,10,0,0,0,0,18.3,16.7,90,1006,0,0,0
2004,8,10,1,0,0,0,18.9,16.7,87,1007,1.5,200,0
2004,8,10,2,0,0,0,18.3,16.7,90,1007,1.5,190,0
2004,8,10,3,0,0,0,18.9,17.2,90,1006,0,0,0
2004,8,10,4,0,0,0,18.3,17.2,93,1006,1.5,160,0
2004,8,10,5,2,0,2,18.9,17.2,90,1006,2.1,190,0
2004,8,10,6,62,0,62,20,17.8,87,1006,1.5,220,0
2004,8,10,7,312,339,174,21.1,18.3,84,1007,1.5,190,0
2004,8,10,8,488,502,195,23.9,18.3,71,1007,1.5,200,0
2004,8,10,9,648,588,219,26.1,17.8,60,1006,1.5,200,0
2004,8,10,10,608,302,355,28.3,15,44,1006,2.1,170,0
2004,8,10,11,810,559,306,28.9,16.7,48,1005,2.1,190,0
2004,8,10,12,856,618,291,30,17.2,46,1003,4.6,200,0
2004,8,10,13,742,485,317,30,16.7,45,1004,2.6,200,0
2004,8,10,14,519,215,350,29.4,17.8,50,1003,4.6,200,0
2004,8,10,15,348,77,298,29.4,17.8,50,1003,5.7,180,0
2004,8,10,16,248,64,216,29.4,17.8,50,1003,7.2,190,0
2004,8,10,17,207,312,109,27.8,18.3,56,1002,7.7,200,0
2004,8,10,18,55,175,34,26.7,18.9,62,1001,4.1,190,0
2004,8,10,19,0,0,0,26,19,65,1001,4.6,190,0
2004,8,10,20,0,0,0,25,19,69,1002,4.1,190,0
2004,8,10,21,0,0,0,24,19,74,1002,5.1,200,0
2004,8,10,22,0,0,0,24,19,74,1001,4.6,190,0
2004,8,10,23,0,0,0,22.8,18.9,79,1003,4.1,190,0
2004,8,11,0,0,0,0,22.2,18.9,82,1001,4.6,190,0
2004,8,11,1,0,0,0,22.2,18.3,79,1002,4.6,190,0
2004,8,11,2,0,0,0,21.1,18.3,84,1002,3.6,200,0
2004,8,11,3,0,0,0,21.1,18.3,84,1002,4.6,200,0
2004,8,11,4,0,0,0,21,18,83,1001,2.1,190,0
2004,8,11,5,2,0,2,20.6,18.3,87,1002,2.6,200,0
2004,8,11,6,63,0,63,21.7,18.3,81,1003,4.6,200,0
2004,8,11,7,256,195,177,22.2,18.3,79,1003,3.1,210,0
2004,8,11,8,297,61,261,22.8,18.9,79,1003,1.5,230,0
2004,8,11,9,445,152,335,25,18.9,69,1003,0,0,0
2004,8,11,10,769,622,250,27.2,20,65,1003,2.6,220,0
2004,8,11,11,816,571,302,28.3,18.9,57,1002,3.6,250,0
2004,8,11,12,647,318,357,29.4,18.9,53,1000,4.1,210,0
2004,8,11,13,218,12,207,28,19,58,1000,2.1,190,0
2004,8,11,14,115,0,115,23,19,78,1001,3.6,60,0
2004,8,11,15,472,273,293,25,20,74,1002,1.5,110,0
2004,8,11,16,404,503,155,26.1,21.1,74,1001,4.1,160,0
2004,8,11,17,206,351,97,25.6,20.6,74,1002,2.6,160,0
2004,8,11,18,54,183,33,23.9,20,79,1001,2.6,160,0
2004,8,11,19,0,0,0,23.1,20,83,1001,3.1,160,0
2004,8,11,20,0,0,0,23,20,83,1002,3.6,150,0
2004,8,11,21,0,0,0,22,19,83,1002,2.1,150,0
2004,8,11,22,0,0,0,22,19,83,1002,1.5,150,0
2004,8,11,23,0,0,0,21.1,19.4,90,1003,2.6,180,0
2004,8,12,0,0,0,0,21.7,19.4,87,1001,2.6,200,0
2004,8,12,1,0,0,0,21.7,19.4,87,1002,1.5,230,0
2004,8,12,2,0,0,0,20.6,18.9,90,1002,1.5,200,0
2004,8,12,3,0,0,0,21,19,88,1001,0,0,0
2004,8,12,4,0,0,0,20,18.9,93,1003,0,0,0
2004,8,12,5,3,33,2,20,18.9,93,1003,0,0,0
2004,8,12,6,126,132,98,21.1,19.4,90,1002,0,0,0
2004,8,12,7,156,13,151,21.7,18.9,84,1004,0,0,0
2004,8,12,8,238,12,231,23.3,19.4,79,1004,0,0,0
2004,8,12,9,356,42,325,24,20,78,1002,1.5,320,0
2004,8,12,10,509,151,383,25,19.4,71,1003,0,0,0
2004,8,12,11,475,78,405,26.1,19.4,67,1003,0,0,0
2004,8,12,12,359,24,337,26.1,20,69,1001,2.1,70,0
2004,8,12,13,335,18,320,26.7,20.6,69,1002,3.1,140,0
2004,8,12,14,369,66,318,27,20,66,1001,2.1,190,0
2004,8,12,15,95,0,95,20,19,94,1001,3.6,230,0
2004,8,12,16,70,0,70,20,19.4,96,1003,2.1,190,0
2004,8,12,17,39,0,39,20.6,19.4,93,1003,2.1,140,0
2004,8,12,18,23,0,23,20.6,19.4,93,1001,2.1,80,0
2004,8,12,19,0,0,0,21,19,88,1000,2.1,40,0
2004,8,12,20,0,0,0,21,20,94,1000,0,0,0
2004,8,12,21,0,0,0,21,20,94,1000,0,0,0
2004,8,12,22,0,0,0,21,20,94,1000,0,0,0
2004,8,12,23,0,0,0,21.1,20,93,1001,1.5,290,0
2004,8,13,0,0,0,0,21.1,20,93,999,4.1,210,0
2004,8,13,1,0,0,0,20.6,20,96,1000,3.1,200,0
2004,8,13,2,0,0,0,18.9,17.8,93,1000,3.1,290,0
2004,8,13,3,0,0,0,19,17,88,1001,3.1,290,0
2004,8,13,4,0,0,0,18.9,17.8,93,1001,2.1,260,0
2004,8,13,5,3,39,2,19,17,88,1001,1.5,300,0
2004,8,13,6,136,167,101,18.9,17.2,90,1001,0,0,0
2004,8,13,7,199,63,174,19.4,17.2,87,1003,2.1,340,0
2004,8,13,8,324,74,281,20.6,17.2,81,1003,2.6,320,0
2004,8,13,9,464,182,333,22,18,78,1003,3.6,350,0
2004,8,13,10,348,24,327,22.8,17.2,71,1004,1.5,300,0
2004,8,13,11,512,108,415,24,18,69,1004,2.6,280,0
2004,8,13,12,431,60,377,23.9,17.8,69,1003,3.1,320,0
2004,8,13,13,271,18,255,24,18,69,1003,3.6,310,0
2004,8,13,14,427,101,348,25.6,17.8,62,1004,5.2,330,0
2004,8,13,15,387,142,295,25.6,17.2,60,1005,3.1,310,0
2004,8,13,16,349,287,209,23.9,16.7,64,1005,3.6,320,0
2004,8,13,17,98,6,96,22.2,16.7,71,1005,3.6,300,0
2004,8,13,18,23,0,23,22.2,15.6,66,1005,2.6,330,0
2004,8,13,19,0,0,0,22,15,64,1006,2.6,340,0
2004,8,13,20,0,0,0,21,16,73,1007,1.5,280,0
2004,8,13,21,0,0,0,21,16,73,1007,2.6,300,0
2004,8,13,22,0,0,0,20,16,78,1007,2.6,320,0
2004,8,13,23,0,0,0,20,15,73,1008,2.1,330,0
2004,8,14,0,0,0,0,20,14.4,70,1008,1.5,320,0
2004,8,14,1,0,0,0,18.9,14.4,75,1009,3.1,310,0
2004,8,14,2,0,0,0,18,14,77,1007,3.1,340,0
2004,8,14,3,0,0,0,18.3,13.9,76,1009,2.6,340,0
2004,8,14,4,0,0,0,18,13,73,1008,2.6,320,0
2004,8,14,5,2,33,2,17.8,13.3,75,1010,3.1,340,0
2004,8,14,6,128,147,98,17.8,13.9,78,1010,4.1,360,0
2004,8,14,7,171,25,161,18.3,13.9,76,1011,3.1,330,0
2004,8,14,8,291,43,266,19.4,13.9,70,1012,3.1,320,0
2004,8,14,9,254,18,241,21,14,64,1011,2.1,350,0
2004,8,14,10,509,175,364,21.7,13.9,61,1012,2.6,20,0
2004,8,14,11,207,6,202,22,13,57,1011,2.1,20,0
2004,8,14,12,210,0,210,21.7,13.9,61,1011,2.1,80,0
2004,8,14,13,176,0,176,21.1,14.4,66,1012,1.5,230,0
2004,8,14,14,138,0,138,19,17,88,1011,3.1,210,0
2004,8,14,15,129,0,129,18.9,17.2,90,1012,0,0,0
2004,8,14,16,70,0,70,18,17,94,1011,2.6,70,0
2004,8,14,17,63,0,63,18.3,16.7,90,1010,2.6,40,0
2004,8,14,18,6,0,6,18.3,16.7,90,1010,2.6,30,0
2004,8,14,19,0,0,0,18,17,94,1009,3.6,20,0
2004,8,14,20,0,0,0,18,17,94,1009,2.1,310,0
2004,8,14,21,0,0,0,18,17,94,1010,0,0,0
2004,8,14,22,0,0,0,18,17,94,1010,1.5,220,0
2004,8,14,23,0,0,0,17.8,16.5,92,1011,1.9,250,0
2004,8,15,0,0,0,0,17.8,16.1,90,1011,2.2,270,0
2004,8,15,1,0,0,0,17.8,15.6,87,1012,2.6,300,0
2004,8,15,2,0,0,0,16.7,15.6,93,1012,0,0,0
2004,8,15,3,0,0,0,16,15,94,1011,0,0,0
2004,8,15,4,0,0,0,15,14,94,1012,1.5,300,0
2004,8,15,5,2,47,1,15,14,94,1012,1.5,220,0
2004,8,15,6,138,224,93,16.1,15,93,1013,0,0,0
2004,8,15,7,300,377,150,19,16,83,1013,3.1,330,0
2004,8,15,8,476,515,182,22,16,69,1013,2.1,350,0
2004,8,15,9,655,673,171,22.8,15,61,1014,2.1,320,0
2004,8,15,10,708,561,243,24,16,61,1013,1.5,290,0
2004,8,15,11,767,505,317,24,15,57,1013,1.5,260,0
2004,8,15,12,539,138,414,24.4,15,56,1013,1.5,230,0
2004,8,15,13,388,30,362,24,16,61,1013,1.5,220,0
2004,8,15,14,271,12,262,25,14.4,52,1014,2.1,290,0
2004,8,15,15,359,113,286,25,14,50,1012,0,0,0
2004,8,15,16,348,327,191,25,16,57,1012,0,0,0
2004,8,15,17,199,383,86,25,16.1,58,1013,1.5,190,0
2004,8,15,18,44,140,30,22.2,17.2,73,1012,2.6,180,0
2004,8,15,19,0,0,0,22,17,73,1012,2.1,170,0
2004,8,15,20,0,0,0,21,17,78,1012,1.5,160,0
2004,8,15,21,0,0,0,19,17,88,1012,0,0,0
2004,8,15,22,0,0,0,19,17,88,1012,0,0,0
2004,8,15,23,0,0,0,18.9,17.2,90,1013,0,0,0
2004,8,16,0,0,0,0,18.9,17.8,93,1012,0,0,0
2004,8,16,1,0,0,0,19,18,94,1011,0,0,0
2004,8,16,2,0,0,0,18,18,100,1011,0,0,0
2004,8,16,3,0,0,0,18,18,100,1011,0,0,0
2004,8,16,4,0,0,0,17.9,17.4,97,1011,0,0,0
2004,8,16,5,1,15,1,18,17,94,1011,0,0,0
2004,8,16,6,102,77,87,20,18.3,90,1011,0,0,0
2004,8,16,7,300,365,157,21,18,83,1011,3.1,320,0
2004,8,16,8,490,582,158,22,18,78,1011,3.1,350,0
2004,8,16,9,649,680,162,23.9,16.1,62,1012,2.1,350,0
2004,8,16,10,757,688,189,26,16,54,1011,3.1,10,0
2004,8,16,11,755,499,311,26.1,15,50,1012,3.1,30,0
2004,8,16,12,688,312,407,26.1,16.7,56,1010,3.1,320,0
2004,8,16,13,788,622,252,28,15,45,1010,3.1,340,0
2004,8,16,14,697,709,149,27,15,48,1010,3.6,340,0
2004,8,16,15,577,645,163,28,13,40,1010,3.1,10,0
2004,8,16,16,348,333,189,27,13,42,1010,3.1,360,0
2004,8,16,17,198,411,79,25.6,16.1,56,1010,2.1,250,0
2004,8,16,18,40,133,27,23.3,17.2,69,1010,2.1,270,0
2004,8,16,19,0,0,0,21,17,78,1010,0,0,0
2004,8,16,20,0,0,0,19,17,88,1010,0,0,0
2004,8,16,21,0,0,0,19,17,88,1010,0,0,0
2004,8,16,22,0,0,0,18,16,88,1010,0,0,0
2004,8,16,23,0,0,0,17,16,94,1010,0,0,0
2004,8,17,0,0,0,0,16.7,15.6,93,1010,0,0,0
2004,8,17,1,0,0,0,17,16,94,1009,0,0,0
2004,8,17,2,0,0,0,16,15,94,1009,0,0,0
2004,8,17,3,0,0,0,17,16,94,1010,0,0,0
2004,8,17,4,0,0,0,20,17,83,1010,0,0,0
2004,8,17,5,1,38,1,20,17,83,1010,0,0,0
2004,8,17,6,131,205,91,20,17,83,1010,0,0,0
2004,8,17,7,294,365,151,24,16,61,1009,0,0,0
2004,8,17,8,470,484,195,26,17,58,1009,0,0,0
2004,8,17,9,522,297,309,24.4,17.8,67,1009,1.5,280,0
2004,8,17,10,689,519,262,25.6,18.3,64,1008,2.6,200,0
2004,8,17,11,706,367,381,26.7,16.1,52,1008,2.6,320,0
2004,8,17,12,850,624,290,26.7,16.7,54,1008,2.6,300,0
2004,8,17,13,612,263,386,27.2,16.1,51,1007,3.1,230,0
2004,8,17,14,420,113,333,27.2,17.8,56,1007,3.1,200,0
2004,8,17,15,510,408,249,26.1,19.4,67,1007,3.6,160,0
2004,8,17,16,374,508,133,25.6,18.9,67,1006,3.6,150,0
2004,8,17,17,192,309,104,25,20,74,1006,3.1,160,0
2004,8,17,18,6,0,6,23.9,20,79,1006,2.6,160,0
2004,8,17,19,0,0,0,23,20,83,1006,2.6,180,0
2004,8,17,20,0,0,0,22.8,20.6,87,1007,2.1,150,0
2004,8,17,21,0,0,0,22.2,20,87,1007,3.1,180,0
2004,8,17,22,0,0,0,21.7,19.4,87,1007,2.6,230,0
2004,8,17,23,0,0,0,21.7,19.4,87,1007,2.1,270,0
2004,8,18,0,0,0,0,20.6,19.4,93,1005,2.6,160,0
2004,8,18,1,0,0,0,20,18.9,93,1006,2.6,190,0
2004,8,18,2,0,0,0,20.6,19.4,93,1006,2.1,280,0
2004,8,18,3,0,0,0,19,19,100,1006,0,0,0
2004,8,18,4,0,0,0,20,18.9,93,1006,2.6,200,0
2004,8,18,5,0,0,0,19.4,19.4,100,1007,3.1,200,0
2004,8,18,6,66,0,66,20,19.4,96,1006,2.1,190,0
2004,8,18,7,172,25,162,20.6,19.4,93,1007,0,0,0
2004,8,18,8,338,129,265,22.2,19.4,84,1007,0,0,0
2004,8,18,9,611,516,244,24.4,19.4,74,1007,0,0,0
2004,8,18,10,745,664,200,26.7,18.3,60,1007,2.1,20,0
2004,8,18,11,792,571,287,28.3,16.1,48,1006,2.1,40,0
2004,8,18,12,832,552,338,27.8,16.7,51,1004,1.5,60,0
2004,8,18,13,470,102,383,28.3,17.2,51,1005,0,0,0
2004,8,18,14,432,113,345,28.9,17.8,51,1004,2.6,190,0
2004,8,18,15,543,550,193,28.3,18.9,57,1004,2.6,190,0
2004,8,18,16,374,502,138,27.8,18.9,58,1004,3.6,180,0
2004,8,18,17,168,213,107,26.7,21.1,71,1004,3.1,180,0
2004,8,18,18,26,27,24,23.9,18.9,74,1003,4.1,170,0
2004,8,18,19,0,0,0,23.3,19.4,79,1005,2.1,190,0
2004,8,18,20,0,0,0,23.3,20.6,85,1005,2.6,170,0
2004,8,18,21,0,0,0,22.2,20.6,91,1005,3.1,190,0
2004,8,18,22,0,0,0,22.8,21.1,90,1005,3.6,190,0
2004,8,18,23,0,0,0,22.8,21.1,90,1005,4.6,190,0
2004,8,19,0,0,0,0,22.2,20.6,91,1003,4.1,190,0
2004,8,19,1,0,0,0,22.2,20.6,91,1004,4.1,200,0
2004,8,19,2,0,0,0,22.2,20.6,91,1005,5.2,210,0
2004,8,19,3,0,0,0,22.2,20.6,91,1005,3.6,200,0
2004,8,19,4,0,0,0,22.2,21.1,93,1005,3.1,210,0
2004,8,19,5,0,0,0,22.2,21.1,93,1005,3.1,190,0
2004,8,19,6,19,0,19,22.8,21.1,90,1004,3.6,200,0
2004,8,19,7,129,0,129,23.3,21.1,87,1006,3.1,200,0
2004,8,19,8,192,6,189,24.4,21.7,85,1007,2.6,200,0
2004,8,19,9,236,6,231,25.6,21.1,76,1007,2.1,220,0
2004,8,19,10,174,6,169,26.1,21.7,77,1007,4.6,210,0
2004,8,19,11,554,168,406,27.8,21.7,69,1007,3.1,220,0
2004,8,19,12,856,654,272,28.9,20,59,1005,3.6,220,0
2004,8,19,13,811,718,199,30.6,21.1,57,1005,3.6,210,0
2004,8,19,14,691,721,140,30.6,20,53,1005,4.6,210,0
2004,8,19,15,565,675,139,31.1,21.1,55,1005,4.1,180,0
2004,8,19,16,384,484,158,29.4,21.1,61,1005,4.1,180,0
2004,8,19,17,43,0,43,28.9,21.7,65,1005,5.2,190,0
2004,8,19,18,8,0,8,27.8,22.2,72,1004,4.6,240,0
2004,8,19,19,0,0,0,26.1,21.1,74,1006,3.6,200,0
2004,8,19,20,0,0,0,25,20.6,77,1007,3.1,200,0
2004,8,19,21,0,0,0,23.3,19.4,79,1007,3.1,210,0
2004,8,19,22,0,0,0,22.2,18.9,82,1007,3.1,200,0
2004,8,19,23,0,0,0,21.7,18.9,84,1006,2.6,200,0
2004,8,20,0,0,0,0,21.7,18.9,84,1006,3.6,190,0
2004,8,20,1,0,0,0,21.7,18.9,84,1006,2.6,190,0
2004,8,20,2,0,0,0,21.7,19.4,87,1006,2.1,190,0
2004,8,20,3,0,0,0,20.6,19.4,93,1006,0,0,0
2004,8,20,4,0,0,0,19.4,18.9,97,1007,0,0,0
2004,8,20,5,0,25,0,20.6,19.4,93,1007,1.5,190,0
2004,8,20,6,115,164,84,22.2,20,87,1006,1.5,190,0
2004,8,20,7,295,442,126,25,21.1,79,1007,2.1,190,0
2004,8,20,8,491,626,140,27.8,20.6,65,1007,1.5,210,0
2004,8,20,9,643,686,158,30,20,55,1007,2.6,220,0
2004,8,20,10,764,682,207,31.1,20.6,54,1007,3.6,210,0
2004,8,20,11,761,529,296,31.1,20,52,1007,4.6,200,0
2004,8,20,12,796,594,267,32.2,20,49,1005,3.1,170,0
2004,8,20,13,746,556,274,32.2,19.4,47,1006,4.6,190,0
2004,8,20,14,587,381,297,31.1,20,52,1005,4.1,180,0
2004,8,20,15,503,438,228,31.1,20,52,1004,5.2,200,0
2004,8,20,16,314,309,171,30.6,20.6,55,1004,5.2,200,0
2004,8,20,17,147,145,107,27.8,20.6,65,1004,4.6,200,0
2004,8,20,18,30,105,21,25.6,19.4,69,1002,2.1,190,0
2004,8,20,19,0,0,0,26.1,21.1,74,1003,3.6,190,0
2004,8,20,20,0,0,0,26.7,21.7,74,1003,4.1,200,0
2004,8,20,21,0,0,0,26.1,21.7,77,1003,4.1,200,0
2004,8,20,22,0,0,0,25.6,21.7,79,1003,4.6,200,0
2004,8,20,23,0,0,0,25.6,21.7,79,1002,5.7,200,0
2004,8,21,0,0,0,0,25,21.7,82,1001,4.6,200,0
2004,8,21,1,0,0,0,25,21.7,82,1001,3.6,210,0
2004,8,21,2,0,0,0,24.4,21.1,82,1001,4.1,210,0
2004,8,21,3,0,0,0,24.4,21.1,82,1000,3.6,200,0
2004,8,21,4,0,0,0,24.4,21.1,82,1000,4.6,200,0
2004,8,21,5,0,0,0,23.9,21.1,84,1000,4.1,200,0
2004,8,21,6,49,0,49,23.9,21.1,84,999,5.2,190,0
2004,8,21,7,94,0,94,23.9,21.7,88,1000,4.6,190,0
2004,8,21,8,139,0,139,23.9,21.1,84,1001,4.1,210,0
2004,8,21,9,140,0,140,24.4,21.7,85,1000,5.2,200,0
2004,8,21,10,186,0,186,24.4,21.7,85,1001,5.2,210,0
2004,8,21,11,183,0,183,24.4,22.2,88,1001,4.1,210,0
2004,8,21,12,150,0,150,23.3,22.2,94,1000,3.1,220,0
2004,8,21,13,206,0,206,24,21,83,1001,5.1,300,0
2004,8,21,14,138,0,138,22.8,20.6,87,1001,4.6,340,0
2004,8,21,15,380,172,273,23.3,18.9,76,1001,6.2,350,0
2004,8,21,16,106,0,106,23.3,18.3,74,1002,5.2,350,0
2004,8,21,17,104,22,98,23.3,17.8,71,1003,5.2,350,0
2004,8,21,18,21,26,19,22.2,17.2,73,1002,2.6,340,0
2004,8,21,19,0,0,0,21.7,16.7,73,1004,3.6,10,0
2004,8,21,20,0,0,0,20.6,15.6,73,1006,3.1,20,0
2004,8,21,21,0,0,0,20,15,73,1006,3.6,30,0
2004,8,21,22,0,0,0,17.2,15,87,1006,0,0,0
2004,8,21,23,0,0,0,16.1,14.4,90,1006,0,0,0
2004,8,22,0,0,0,0,15,13.9,93,1006,0,0,0
2004,8,22,1,0,0,0,15.6,14.4,93,1006,2.1,320,0
2004,8,22,2,0,0,0,14.4,13.3,93,1006,0,0,0
2004,8,22,3,0,0,0,13.9,12.8,93,1006,0,0,0
2004,8,22,4,0,0,0,13.3,12.2,93,1007,0,0,0
2004,8,22,5,0,0,0,13.3,12.8,97,1008,0,0,0
2004,8,22,6,118,166,87,16.1,15,93,1008,0,0,0
2004,8,22,7,274,354,140,18.3,15.6,84,1009,1.5,30,0
2004,8,22,8,478,565,164,20.6,15,70,1009,2.1,50,0
2004,8,22,9,542,352,294,22,14,60,1009,1.5,50,0
2004,8,22,10,727,646,202,22.8,14.4,59,1009,1.5,330,0
2004,8,22,11,767,529,305,23.3,13.9,55,1009,2.1,250,0
2004,8,22,12,532,144,405,24.4,13.9,52,1007,2.1,290,0
2004,8,22,13,781,586,287,25,13.3,48,1008,2.6,320,0
2004,8,22,14,684,685,168,25,12.8,47,1007,0,0,0
2004,8,22,15,558,680,136,24.4,13.3,50,1007,2.1,230,0
2004,8,22,16,367,548,117,25.6,13.9,48,1007,0,0,0
2004,8,22,17,179,407,71,24.4,14.4,54,1006,1.5,210,0
2004,8,22,18,25,101,18,21.7,15,66,1005,2.1,180,0
2004,8,22,19,0,0,0,20.6,15,70,1006,2.1,160,0
2004,8,22,20,0,0,0,20,15.6,76,1006,2.1,190,0
2004,8,22,21,0,0,0,18.3,15.6,84,1007,0,0,0
2004,8,22,22,0,0,0,17.2,15.6,90,1007,0,0,0
2004,8,22,23,0,0,0,17.2,15.6,90,1007,0,0,0
2004,8,23,0,0,0,0,15.6,14.4,93,1005,0,0,0
2004,8,23,1,0,0,0,17.2,16.1,93,1006,2.6,180,0
2004,8,23,2,0,0,0,16.7,15.6,93,1006,0,0,0
2004,8,23,3,0,0,0,16.1,15,93,1006,0,0,0
2004,8,23,4,0,0,0,14.4,13.9,97,1006,1.5,150,0
2004,8,23,5,0,0,0,15,14.4,96,1007,0,0,0
2004,8,23,6,119,202,82,17.2,16.1,93,1006,0,0,0
2004,8,23,7,282,398,132,18.9,17.2,90,1008,0,0,0
2004,8,23,8,472,559,162,21.7,17.2,76,1008,1.5,360,0
2004,8,23,9,644,716,142,23.9,17.2,66,1008,2.1,350,0
2004,8,23,10,770,761,154,26.1,16.1,54,1008,1.5,350,0
2004,8,23,11,853,788,166,26.7,16.1,52,1007,2.6,360,0
2004,8,23,12,855,756,189,27.2,14.4,45,1006,0,0,0
2004,8,23,13,816,777,163,28.3,14.4,43,1006,1.5,330,0
2004,8,23,14,701,744,143,28.3,13.9,41,1006,2.1,300,0
2004,8,23,15,558,698,127,28.3,14.4,43,1005,2.1,270,0
2004,8,23,16,371,600,101,27.8,14.4,44,1006,3.1,250,0
2004,8,23,17,178,423,68,26.7,15,49,1006,2.1,250,0
2004,8,23,18,24,103,17,23.9,15,57,1005,1.5,210,0
2004,8,23,19,0,0,0,20.6,15.6,73,1007,0,0,0
2004,8,23,20,0,0,0,19.4,15.6,79,1007,0,0,0
2004,8,23,21,0,0,0,17.8,15,84,1007,0,0,0
2004,8,23,22,0,0,0,17.2,15,87,1007,0,0,0
2004,8,23,23,0,0,0,16.7,15.6,93,1008,0,0,0
2004,8,24,0,0,0,0,16.1,14.4,90,1007,0,0,0
2004,8,24,1,0,0,0,16.1,14.4,90,1007,0,0,0
2004,8,24,2,0,0,0,16.1,15,93,1007,0,0,0
2004,8,24,3,0,0,0,15.6,14.4,93,1008,0,0,0
2004,8,24,4,0,0,0,15,13.9,93,1008,0,0,0
2004,8,24,5,0,0,0,15.6,14.4,93,1009,0,0,0
2004,8,24,6,120,196,85,17.8,16.1,90,1009,0,0,0
2004,8,24,7,275,373,136,21.1,17.8,81,1010,1.5,350,0
2004,8,24,8,472,571,157,24.4,17.8,67,1011,3.1,330,0
2004,8,24,9,638,698,150,26.7,17.8,58,1011,2.6,350,0
2004,8,24,10,758,730,168,27.8,17.2,53,1011,0,0,0
2004,8,24,11,834,728,202,28.9,16.7,48,1010,1.5,80,0
2004,8,24,12,855,660,275,30.6,17.8,46,1009,3.6,150,0
2004,8,24,13,458,102,373,30,16.7,45,1010,2.6,230,0
2004,8,24,14,649,589,209,30,16.7,45,1009,2.6,200,0
2004,8,24,15,547,633,158,30,17.2,46,1009,2.6,190,0
2004,8,24,16,307,291,177,28.3,18.3,55,1009,1.5,180,0
2004,8,24,17,149,167,107,27.2,18.9,61,1010,2.1,170,0
2004,8,24,18,20,89,15,26.1,18.3,62,1009,2.1,170,0
2004,8,24,19,0,0,0,23.9,18.3,71,1010,2.1,160,0
2004,8,24,20,0,0,0,22.8,18.3,76,1011,2.1,140,0
2004,8,24,21,0,0,0,22.8,18.9,79,1012,3.1,110,0
2004,8,24,22,0,0,0,22.2,20,87,1012,2.1,80,0
2004,8,24,23,0,0,0,22,20,88,1012,2.1,60,0
2004,8,25,0,0,0,0,21.1,20,93,1012,2.1,30,0
2004,8,25,1,0,0,0,21,19,88,1012,0,0,0
2004,8,25,2,0,0,0,21.7,20,90,1012,0,0,0
2004,8,25,3,0,0,0,21.7,20,90,1013,1.5,140,0
2004,8,25,4,0,0,0,21.7,20,90,1013,0,0,0
2004,8,25,5,0,0,0,21.7,20,90,1014,0,0,0
2004,8,25,6,101,109,82,21.7,20,90,1013,1.5,50,0
2004,8,25,7,145,13,140,22.8,20,84,1015,1.5,110,0
2004,8,25,8,259,31,242,23.3,19.4,79,1015,1.5,160,0
2004,8,25,9,549,376,286,25.6,19.4,69,1015,2.1,190,0
2004,8,25,10,677,525,255,25,19.4,71,1015,3.1,210,0
2004,8,25,11,700,391,362,25.6,18.9,67,1014,1.5,180,0
2004,8,25,12,766,534,298,27.8,17.8,55,1013,4.6,140,0
2004,8,25,13,728,532,284,28.3,17.2,51,1014,3.1,160,0
2004,8,25,14,437,149,326,28.3,17.8,53,1013,4.1,180,0
2004,8,25,15,502,467,217,27.8,18.3,56,1013,4.1,190,0
2004,8,25,16,328,361,168,26.7,17.2,56,1014,4.1,180,0
2004,8,25,17,93,28,86,25.6,17.2,60,1013,3.1,160,0
2004,8,25,18,17,43,15,24.4,16.7,62,1012,3.1,130,0
2004,8,25,19,0,0,0,23.3,16.7,66,1014,2.1,140,0
2004,8,25,20,0,0,0,22.2,17.2,73,1014,2.6,140,0
2004,8,25,21,0,0,0,22.2,18.3,79,1014,3.1,150,0
2004,8,25,22,0,0,0,21.1,18.3,84,1014,2.1,150,0
2004,8,25,23,0,0,0,21,19,88,1014,2.1,180,0
2004,8,26,0,0,0,0,20.6,19.4,93,1013,0,0,0
2004,8,26,1,0,0,0,20,19,94,1014,0,0,0
2004,8,26,2,0,0,0,18.9,17.8,93,1014,0,0,0
2004,8,26,3,0,0,0,20.6,19.4,93,1014,2.1,140,0
2004,8,26,4,0,0,0,20,19,94,1014,0,0,0
2004,8,26,5,0,0,0,20,19,94,1014,0,0,0
2004,8,26,6,92,81,78,21.1,19.4,90,1013,1.5,290,0
2004,8,26,7,160,38,146,22,19,83,1014,3.1,220,0
2004,8,26,8,393,264,248,24,19,74,1015,5.1,200,0
2004,8,26,9,619,595,206,23.9,18.3,71,1015,3.6,220,0
2004,8,26,10,553,254,350,25.6,17.8,62,1014,4.1,220,0
2004,8,26,11,682,355,376,26.1,17.8,60,1014,3.1,230,0
2004,8,26,12,813,606,284,26.7,17.8,58,1012,4.6,210,0
2004,8,26,13,769,646,232,27.8,17.8,55,1013,3.6,190,0
2004,8,26,14,672,673,174,28.3,15.6,46,1012,5.2,210,0
2004,8,26,15,512,579,161,28.3,15.6,46,1012,4.1,190,0
2004,8,26,16,359,587,102,28.3,16.7,49,1012,4.1,170,0
2004,8,26,17,166,409,65,27.2,17.2,54,1011,3.1,170,0
2004,8,26,18,16,73,12,25,18.9,69,1011,2.6,170,0
2004,8,26,19,0,0,0,24.4,19.4,74,1012,2.6,160,0
2004,8,26,20,0,0,0,23.3,20,82,1013,1.5,180,0
2004,8,26,21,0,0,0,22.8,20.6,87,1012,1.5,170,0
2004,8,26,22,0,0,0,22.8,20.6,87,1012,2.1,170,0
2004,8,26,23,0,0,0,22.2,21.1,93,1012,2.1,180,0
2004,8,27,0,0,0,0,22.2,21.1,93,1011,1.5,180,0
2004,8,27,1,0,0,0,22.2,21.1,93,1012,3.6,200,0
2004,8,27,2,0,0,0,22.2,20.6,91,1011,3.6,180,0
2004,8,27,3,0,0,0,22.2,20.6,91,1012,2.1,190,0
2004,8,27,4,0,0,0,22,20,88,1012,2.1,180,0
2004,8,27,5,0,0,0,22.2,20,87,1012,3.1,190,0
2004,8,27,6,62,0,62,22.2,20,87,1011,4.1,200,0
2004,8,27,7,175,44,159,23.3,20.6,85,1013,3.6,190,0
2004,8,27,8,293,80,250,24.4,20.6,79,1012,3.6,190,0
2004,8,27,9,555,407,274,25.6,20.6,74,1012,3.6,230,0
2004,8,27,10,702,567,248,27.2,20.6,67,1011,4.1,190,0
2004,8,27,11,445,84,372,27.8,20,63,1011,3.6,190,0
2004,8,27,12,807,546,332,28.3,20,61,1009,2.6,200,0
2004,8,27,13,781,681,216,29.4,20,57,1009,4.1,170,0
2004,8,27,14,666,667,175,29.4,20,57,1009,4.6,200,0
2004,8,27,15,523,644,135,29.4,20,57,1008,4.1,150,0
2004,8,27,16,332,465,130,28.9,20,59,1009,2.6,180,0
2004,8,27,17,156,359,69,27.8,18.9,58,1008,4.1,200,0
2004,8,27,18,13,26,12,26.7,18.9,62,1007,2.6,180,0
2004,8,27,19,0,0,0,25,19.4,71,1009,2.1,160,0
2004,8,27,20,0,0,0,23.9,19.4,76,1009,1.5,180,0
2004,8,27,21,0,0,0,23.9,19.4,76,1009,2.6,170,0
2004,8,27,22,0,0,0,22.8,19.4,81,1009,1.5,160,0
2004,8,27,23,0,0,0,22.2,19.4,84,1008,0,0,0
2004,8,28,0,0,0,0,22.8,20,84,1007,2.6,180,0
2004,8,28,1,0,0,0,22.2,20,87,1007,2.6,180,0
2004,8,28,2,0,0,0,21.7,19.4,87,1007,1.5,220,0
2004,8,28,3,0,0,0,21.1,19.4,90,1007,0,0,0
2004,8,28,4,0,0,0,21.1,19.4,90,1007,0,0,0
2004,8,28,5,0,0,0,21.1,20,93,1007,2.1,180,0
2004,8,28,6,105,171,76,21.7,20,90,1006,3.6,180,0
2004,8,28,7,270,393,127,23.3,20,82,1007,4.1,200,0
2004,8,28,8,466,584,151,25,20.6,77,1007,2.6,210,0
2004,8,28,9,632,704,147,27.2,21.1,69,1007,2.1,210,0
2004,8,28,10,740,718,167,28.9,21.1,63,1007,2.6,230,0
2004,8,28,11,816,704,212,31.1,21.1,55,1006,3.1,150,0
2004,8,28,12,813,648,252,31.7,21.7,56,1005,3.6,200,0
2004,8,28,13,716,544,267,31.7,20.6,52,1005,2.6,190,0
2004,8,28,14,666,649,190,31.7,21.7,56,1004,3.6,170,0
2004,8,28,15,500,555,168,30.6,22.2,61,1004,3.6,170,0
2004,8,28,16,347,558,108,30.6,21.1,57,1004,4.6,170,0
2004,8,28,17,155,374,66,29.4,21.7,63,1004,3.1,170,0
2004,8,28,18,12,58,9,27.8,21.7,69,1002,2.6,170,0
2004,8,28,19,0,0,0,26.7,22.8,79,1004,2.6,180,0
2004,8,28,20,0,0,0,26.1,22.2,79,1005,2.1,180,0
2004,8,28,21,0,0,0,25.6,21.7,79,1005,2.6,180,0
2004,8,28,22,0,0,0,25,20.6,77,1005,2.1,180,0
2004,8,28,23,0,0,0,24.4,20,76,1005,3.1,180,0
2004,8,29,0,0,0,0,23.3,20,82,1003,2.6,180,0
2004,8,29,1,0,0,0,22.2,19.4,84,1004,2.1,190,0
2004,8,29,2,0,0,0,21.7,20,90,1004,1.5,180,0
2004,8,29,3,0,0,0,21.7,20,90,1004,2.6,180,0
2004,8,29,4,0,0,0,21.7,20,90,1004,2.6,180,0
2004,8,29,5,0,0,0,21.1,20,93,1004,2.6,190,0
2004,8,29,6,96,104,78,22.2,20.6,91,1003,2.6,180,0
2004,8,29,7,271,406,124,23.9,20.6,82,1004,5.2,190,0
2004,8,29,8,473,633,133,26.1,20.6,72,1005,4.6,210,0
2004,8,29,9,639,717,147,27.8,20.6,65,1005,4.6,200,0
2004,8,29,10,721,676,184,30,20,55,1005,4.1,180,0
2004,8,29,11,700,421,340,30.6,20,53,1005,3.6,180,0
2004,8,29,12,765,558,283,30.6,19.4,51,1004,3.1,190,0
2004,8,29,13,763,646,233,30.6,19.4,51,1004,3.6,190,0
2004,8,29,14,660,613,213,30.6,18.3,48,1003,4.6,170,0
2004,8,29,15,395,242,251,30,20,55,1003,4.1,170,0
2004,8,29,16,131,0,131,29.4,21.1,61,1003,4.1,170,0
2004,8,29,17,32,0,32,27.8,21.7,69,1003,3.1,160,0
2004,8,29,18,3,0,3,27.2,22.2,74,1002,1.5,160,0
2004,8,29,19,0,0,0,26.7,22.8,79,1004,2.1,160,0
2004,8,29,20,0,0,0,26.1,22.8,82,1004,2.6,150,0
2004,8,29,21,0,0,0,26.1,22.8,82,1004,5.7,150,0
2004,8,29,22,0,0,0,25.6,21.7,79,1004,6.7,160,0
2004,8,29,23,0,0,0,24.4,20.6,79,1005,3.6,160,0
2004,8,30,0,0,0,0,23.9,20.6,82,1004,2.6,170,0
2004,8,30,1,0,0,0,22.8,20.6,87,1005,1.5,170,0
2004,8,30,2,0,0,0,21.7,20,90,1005,2.1,140,0
2004,8,30,3,0,0,0,21.1,20,93,1005,2.1,130,0
2004,8,30,4,0,0,0,20.6,19.4,93,1005,0,0,0
2004,8,30,5,0,0,0,20.6,19.4,93,1005,1.5,130,0
2004,8,30,6,54,0,54,23.3,21.1,87,1004,1.5,140,0
2004,8,30,7,213,159,156,23.9,21.1,84,1005,0,0,0
2004,8,30,8,267,43,244,26.1,21.7,77,1005,1.5,80,0
2004,8,30,9,370,79,316,27.2,20.6,67,1005,2.6,80,0
2004,8,30,10,547,254,346,29.4,20,57,1004,2.6,80,0
2004,8,30,11,779,595,272,29.4,20,57,1004,2.6,80,0
2004,8,30,12,831,636,284,30.6,18.3,48,1001,2.6,80,0
2004,8,30,13,381,60,332,29.4,20.6,59,1002,4.6,90,0
2004,8,30,14,281,18,268,28.9,20.6,61,1002,4.6,50,0
2004,8,30,15,111,0,111,27.8,21.7,69,1002,4.6,60,0
2004,8,30,16,68,0,68,27.2,21.7,72,1002,3.1,70,0
2004,8,30,17,36,0,36,25.6,22.2,82,1002,3.1,40,0
2004,8,30,18,3,0,3,25.6,22.2,82,1000,3.6,40,0
2004,8,30,19,0,0,0,25.6,21.7,79,1002,5.2,10,0
2004,8,30,20,0,0,0,25.6,21.7,79,1002,4.6,10,0
2004,8,30,21,0,0,0,26.1,22.2,79,1002,3.6,10,0
2004,8,30,22,0,0,0,25,22.2,84,1002,3.6,350,0
2004,8,30,23,0,0,0,24.4,21.7,85,1003,4.1,310,0
2004,8,31,0,0,0,0,24.4,21.1,82,1002,4.6,310,0
2004,8,31,1,0,0,0,23.3,20.6,85,1003,4.6,320,0
2004,8,31,2,0,0,0,23.3,20,82,1004,4.1,320,0
2004,8,31,3,0,0,0,23.3,19.4,79,1005,5.2,310,0
2004,8,31,4,0,0,0,22.8,19.4,81,1005,4.1,300,0
2004,8,31,5,0,0,0,22.8,18.3,76,1006,5.2,330,0
2004,8,31,6,98,151,74,23.3,17.8,71,1006,5.7,310,0
2004,8,31,7,257,318,144,23.9,17.2,66,1008,4.6,330,0
2004,8,31,8,347,154,265,24.4,17.2,64,1008,5.7,320,0
2004,8,31,9,479,255,305,25,16.7,60,1009,5.2,330,0
2004,8,31,10,423,91,351,25,17.2,62,1009,5.2,320,0
2004,8,31,11,371,24,351,25.6,16.7,58,1009,5.7,320,0
2004,8,31,12,412,66,356,26.7,16.7,54,1008,5.2,330,0
2004,8,31,13,721,532,288,26.7,16.7,54,1009,4.6,320,0
2004,8,31,14,648,655,176,27.8,16.1,49,1008,2.6,330,0
2004,8,31,15,516,673,122,27.8,15.6,47,1008,3.1,300,0
2004,8,31,16,330,528,110,27.8,13.9,42,1008,3.6,310,0
2004,8,31,17,148,355,68,26.7,12.8,42,1009,4.1,320,0
2004,8,31,18,6,16,6,25,13.3,48,1008,2.6,330,0
2004,8,31,19,0,0,0,23.3,12.8,52,1010,2.1,350,0
2004,8,31,20,0,0,0,21.7,13.9,61,1011,0,0,0
2004,8,31,21,0,0,0,20.4,13.7,78,1011,0.2,0,0
2004,8,31,22,0,0,0,19.2,13.4,78,1011,0.4,260,0
2004,8,31,23,0,0,0,17.9,13.2,84,1012,0.6,0,0
1986,9,1,0,0,0,0,16.6,12.9,93,1013,0.9,210,0
1986,9,1,1,0,0,0,15.3,12.7,93,1013,1.1,0,0
1986,9,1,2,0,0,0,14.1,12.4,97,1013,1.3,110,0
1986,9,1,3,0,0,0,12.8,12.2,97,1013,1.5,130,0
1986,9,1,4,0,0,0,12.8,12.2,97,1013,1.5,140,0
1986,9,1,5,8,1,8,13.9,12.8,93,1013,0,0,0
1986,9,1,6,50,20,47,14.4,13.9,97,1013,0,0,0
1986,9,1,7,164,33,152,16.7,14.4,87,1013,0,0,0
1986,9,1,8,397,445,159,19.4,14.4,73,1013,0,0,0
1986,9,1,9,251,5,247,20.6,14.4,68,1014,1.5,200,0
1986,9,1,10,404,8,397,21.7,14.4,64,1013,2.6,90,0
1986,9,1,11,498,71,438,22.8,13.9,57,1013,3.1,160,0
1986,9,1,12,383,8,376,22.2,13.9,59,1013,2.6,210,0
1986,9,1,13,266,6,262,21.7,14.4,64,1013,4.6,200,0
1986,9,1,14,341,3,339,21.7,14.4,64,1012,4.1,200,0
1986,9,1,15,148,9,143,20.6,15.6,73,1012,3.1,170,0
1986,9,1,16,89,5,87,18.3,15,81,1012,3.1,180,0
1986,9,1,17,38,0,38,17.2,16.1,93,1012,3.6,200,0
1986,9,1,18,14,0,14,15.6,14.4,93,1012,2.1,210,0
1986,9,1,19,0,0,0,15.6,15,97,1012,1.5,190,0
1986,9,1,20,0,0,0,15.6,15,97,1012,2.1,140,0
1986,9,1,21,0,0,0,15.6,15,97,1012,1.5,140,0
1986,9,1,22,0,0,0,15,14.4,97,1012,0,0,0
1986,9,1,23,0,0,0,15,14.4,97,1012,0,0,0
1986,9,2,0,0,0,0,15,14.4,97,1012,0,0,0
1986,9,2,1,0,0,0,15,14.4,97,1012,0,0,0
1986,9,2,2,0,0,0,15,14.4,97,1011,1.5,130,0
1986,9,2,3,0,0,0,15,14.4,97,1011,0,0,0
1986,9,2,4,0,0,0,15.6,15,97,1011,0,0,0
1986,9,2,5,4,0,4,15.6,15,97,1011,0,0,0
1986,9,2,6,29,0,29,15.6,15,97,1012,2.1,130,0
1986,9,2,7,91,1,91,16.1,15.6,97,1012,2.1,240,0
1986,9,2,8,150,1,149,16.7,16.1,97,1012,2.1,200,0
1986,9,2,9,181,1,180,17.2,16.7,97,1012,2.1,220,0
1986,9,2,10,405,0,405,17.8,17.2,97,1012,2.1,230,0
1986,9,2,11,265,1,264,18.3,17.2,93,1012,0,0,0
1986,9,2,12,395,0,395,19.4,17.8,90,1012,2.1,160,0
1986,9,2,13,396,1,395,20,17.8,87,1011,2.6,160,0
1986,9,2,14,368,1,367,21.1,17.2,79,1011,3.1,150,0
1986,9,2,15,266,1,265,21.1,17.2,79,1011,2.1,130,0
1986,9,2,16,161,0,161,20.6,17.8,84,1011,3.1,130,0
1986,9,2,17,88,0,88,20,17.8,87,1011,1.5,150,0
1986,9,2,18,19,0,19,19.4,17.8,90,1011,2.1,150,0
1986,9,2,19,0,0,0,18.9,17.8,93,1011,2.1,120,0
1986,9,2,20,0,0,0,18.9,17.8,93,1011,0,0,0
1986,9,2,21,0,0,0,18.9,18.3,97,1011,2.1,50,0
1986,9,2,22,0,0,0,18.9,17.8,93,1011,0,0,0
1986,9,2,23,0,0,0,18.3,17.8,97,1011,0,0,0
1986,9,3,0,0,0,0,18.9,18.3,97,1011,1.5,40,0
1986,9,3,1,0,0,0,18.9,17.8,93,1011,2.1,250,0
1986,9,3,2,0,0,0,18.3,17.8,97,1010,0,0,0
1986,9,3,3,0,0,0,18.3,17.8,97,1011,2.1,230,0
1986,9,3,4,0,0,0,18.3,17.8,97,1011,0,0,0
1986,9,3,5,4,0,4,18.3,17.8,97,1011,0,0,0
1986,9,3,6,32,0,32,18.3,17.8,97,1012,0,0,0
1986,9,3,7,80,1,80,18.9,18.3,97,1012,0,0,0
1986,9,3,8,242,1,242,20,18.9,93,1012,2.1,130,0
1986,9,3,9,335,0,335,21.1,18.9,87,1012,2.6,160,0
1986,9,3,10,376,0,376,22.2,18.9,82,1012,3.6,170,0
1986,9,3,11,392,0,392,22.2,18.9,82,1011,3.1,130,0
1986,9,3,12,403,1,402,22.2,18.3,79,1011,4.1,140,0
1986,9,3,13,218,1,217,21.7,18.9,84,1010,2.6,150,0
1986,9,3,14,347,0,347,22.8,18.9,79,1010,1.5,130,0
1986,9,3,15,243,1,243,22.8,18.9,79,1010,2.1,140,0
1986,9,3,16,181,1,180,22.2,19.4,84,1010,1.5,80,0
1986,9,3,17,76,0,76,21.1,20,93,1010,1.5,60,0
1986,9,3,18,20,0,20,21.1,19.4,90,1010,2.6,70,0
1986,9,3,19,0,0,0,20.6,19.4,93,1010,0,0,0
1986,9,3,20,0,0,0,20,19.4,97,1010,1.5,120,0
1986,9,3,21,0,0,0,20,18.9,93,1010,1.5,130,0
1986,9,3,22,0,0,0,19.4,18.3,93,1010,2.1,170,0
1986,9,3,23,0,0,0,19.4,18.3,93,1010,3.6,150,0
1986,9,4,0,0,0,0,20,18.3,90,1010,3.6,140,0
1986,9,4,1,0,0,0,19.4,17.8,90,1010,0,0,0
1986,9,4,2,0,0,0,18.9,17.8,93,1010,2.1,120,0
1986,9,4,3,0,0,0,18.9,17.8,93,1010,2.6,130,0
1986,9,4,4,0,0,0,18.3,17.2,93,1010,2.1,120,0
1986,9,4,5,6,0,6,17.8,17.2,97,1010,2.1,110,0
1986,9,4,6,57,0,57,18.9,18.3,97,1010,0,0,0
1986,9,4,7,140,1,140,20,18.3,90,1010,3.6,120,0
1986,9,4,8,236,1,235,20.6,17.8,84,1009,2.1,120,0
1986,9,4,9,340,1,339,21.1,17.2,79,1009,3.1,130,0
1986,9,4,10,393,1,392,22.8,17.2,71,1009,4.6,160,0
1986,9,4,11,442,1,442,23.3,17.2,69,1008,3.6,170,0
1986,9,4,12,409,0,409,24.4,17.2,64,1007,3.1,160,0
1986,9,4,13,414,1,413,24.4,17.8,67,1007,3.1,170,0
1986,9,4,14,369,0,369,24.4,17.8,67,1006,4.1,150,0
1986,9,4,15,262,0,261,23.9,17.8,69,1006,3.6,170,0
1986,9,4,16,163,50,142,23.9,17.8,69,1005,5.2,160,0
1986,9,4,17,83,24,78,22.8,18.3,76,1005,2.6,150,0
1986,9,4,18,13,13,12,21.7,18.3,81,1005,2.6,160,0
1986,9,4,19,0,0,0,21.1,18.3,84,1005,1.5,160,0
1986,9,4,20,0,0,0,20.6,18.3,87,1005,2.6,160,0
1986,9,4,21,0,0,0,20.6,18.3,87,1005,2.6,160,0
1986,9,4,22,0,0,0,20.6,18.3,87,1005,3.6,140,0
1986,9,4,23,0,0,0,20.6,18.3,87,1005,2.1,190,0
1986,9,5,0,0,0,0,20.6,18.3,87,1005,2.6,170,0
1986,9,5,1,0,0,0,20.6,18.3,87,1004,2.6,170,0
1986,9,5,2,0,0,0,20,18.9,93,1004,2.6,180,0
1986,9,5,3,0,0,0,20,18.3,90,1003,3.6,170,0
1986,9,5,4,0,0,0,20.6,18.3,87,1003,2.6,160,0
1986,9,5,5,4,0,4,20,18.9,93,1003,3.1,150,0
1986,9,5,6,35,1,34,20.6,18.9,90,1003,3.6,170,0
1986,9,5,7,151,7,149,21.1,18.9,87,1003,3.1,160,0
1986,9,5,8,170,1,170,21.7,18.9,84,1003,6.2,190,0
1986,9,5,9,264,9,258,21.1,18.9,87,1003,3.6,200,0
1986,9,5,10,329,2,327,22.2,18.9,82,1002,4.6,190,0
1986,9,5,11,405,2,404,22.2,19.4,84,1002,4.6,180,0
1986,9,5,12,409,2,407,22.2,19.4,84,1001,3.6,200,0
1986,9,5,13,389,2,387,22.8,19.4,82,1001,4.1,190,0
1986,9,5,14,328,1,328,22.2,19.4,84,1000,3.6,180,0
1986,9,5,15,257,0,257,23.3,20,82,1000,3.6,200,0
1986,9,5,16,183,0,183,23.3,20,82,1000,4.1,190,0
1986,9,5,17,71,1,71,22.8,20,84,1000,3.1,170,0
1986,9,5,18,17,0,17,22.2,20,87,1000,1.5,170,0
1986,9,5,19,0,0,0,21.7,20,90,1001,2.6,140,0
1986,9,5,20,0,0,0,21.1,20,93,1001,0,0,0
1986,9,5,21,0,0,0,21.1,20.6,97,1001,0,0,0
1986,9,5,22,0,0,0,21.1,20.6,97,1001,2.1,150,0
1986,9,5,23,0,0,0,21.1,20.6,97,1001,2.1,150,0
1986,9,6,0,0,0,0,21.1,20.6,97,1001,0,0,0
1986,9,6,1,0,0,0,20.6,20,97,1001,1.5,10,0
1986,9,6,2,0,0,0,20.6,20,97,1001,2.1,310,0
1986,9,6,3,0,0,0,20.6,19.4,93,1001,3.1,330,0
1986,9,6,4,0,0,0,19.4,18.3,93,1001,3.6,310,0
1986,9,6,5,3,0,3,18.3,17.2,93,1002,2.6,310,0
1986,9,6,6,62,98,47,18.3,16.1,87,1003,2.1,320,0
1986,9,6,7,226,287,127,20,15,73,1003,3.1,330,0
1986,9,6,8,369,347,188,22.2,14.4,62,1003,5.7,320,0
1986,9,6,9,619,675,167,23.9,13.3,52,1003,5.2,310,0
1986,9,6,10,750,726,186,24.4,13.3,50,1003,4.1,330,0
1986,9,6,11,823,732,211,25,11.7,43,1003,3.6,340,0
1986,9,6,12,830,751,197,25.6,11.1,41,1003,4.1,320,0
1986,9,6,13,776,735,189,26.7,10.6,37,1002,4.1,310,0
1986,9,6,14,661,694,173,26.7,11.7,39,1002,3.1,300,0
1986,9,6,15,500,624,147,26.7,11.7,39,1001,4.1,320,0
1986,9,6,16,304,491,110,26.1,11.7,41,1001,2.6,330,0
1986,9,6,17,108,234,60,22.8,14.4,60,1002,2.6,40,0
1986,9,6,18,17,9,16,20,15,73,1002,1.5,130,0
1986,9,6,19,0,0,0,16.7,15,90,1003,2.1,340,0
1986,9,6,20,0,0,0,17.2,15,87,1003,1.5,310,0
1986,9,6,21,0,0,0,16.1,14.4,90,1004,0,0,0
1986,9,6,22,0,0,0,15,13.9,93,1004,0,0,0
1986,9,6,23,0,0,0,14.4,13.3,93,1004,0,0,0
1986,9,7,0,0,0,0,12.8,12.2,97,1004,1.5,290,0
1986,9,7,1,0,0,0,12.8,12.2,97,1004,0,0,0
1986,9,7,2,0,0,0,11.7,11.1,96,1004,1.5,140,0
1986,9,7,3,0,0,0,11.1,10.6,96,1004,0,0,0
1986,9,7,4,0,0,0,11.1,10.6,96,1004,0,0,0
1986,9,7,5,6,21,4,10.6,10,96,1005,0,0,0
1986,9,7,6,91,404,32,13.9,11.7,87,1005,0,0,0
1986,9,7,7,248,434,100,17.8,12.8,73,1006,2.6,320,0
1986,9,7,8,447,652,109,20,12.8,63,1006,3.6,10,0
1986,9,7,9,614,770,101,21.7,12.8,57,1006,2.1,310,0
1986,9,7,10,654,484,280,22.2,11.7,51,1006,4.1,310,0
1986,9,7,11,464,295,218,23.9,11.7,46,1006,2.6,340,0
1986,9,7,12,811,585,321,23.3,12.2,50,1005,2.6,300,0
1986,9,7,13,343,49,304,23.3,11.7,48,1005,3.6,320,0
1986,9,7,14,368,6,364,22.8,12.2,52,1005,3.1,320,0
1986,9,7,15,247,3,246,21.7,13.3,59,1005,3.1,320,0
1986,9,7,16,126,3,125,22.2,12.8,55,1005,2.6,360,0
1986,9,7,17,87,5,86,20,12.2,61,1006,3.6,350,0
1986,9,7,18,16,0,16,19.4,12.2,63,1006,3.1,350,0
1986,9,7,19,0,0,0,18.9,12.2,65,1007,2.6,360,0
1986,9,7,20,0,0,0,18.3,12.8,70,1007,1.5,330,0
1986,9,7,21,0,0,0,18.3,12.8,70,1008,2.6,280,0
1986,9,7,22,0,0,0,17.8,11.7,68,1007,1.5,310,0
1986,9,7,23,0,0,0,16.7,13.9,84,1007,2.1,260,0
1986,9,8,0,0,0,0,16.1,13.9,87,1008,2.1,210,0
1986,9,8,1,0,0,0,15,13.9,93,1009,0,0,0
1986,9,8,2,0,0,0,15,14.4,97,1009,0,0,0
1986,9,8,3,0,0,0,14.4,13.9,97,1009,2.1,270,0
1986,9,8,4,0,0,0,13.9,12.2,90,1010,3.1,340,0
1986,9,8,5,1,0,1,13.9,12.2,90,1010,1.5,330,0
1986,9,8,6,53,6,53,13.3,12.8,97,1011,0,0,0
1986,9,8,7,214,260,126,14.4,11.7,84,1012,3.1,280,0
1986,9,8,8,415,388,215,16.1,10.6,70,1012,4.1,310,0
1986,9,8,9,593,619,183,16.7,10,65,1012,3.6,340,0
1986,9,8,10,738,639,246,17.8,7.8,52,1012,4.6,330,0
1986,9,8,11,797,693,222,18.3,7.2,49,1012,5.2,320,0
1986,9,8,12,823,726,217,19.4,6.1,42,1011,5.2,310,0
1986,9,8,13,769,709,208,20,5,38,1011,4.1,310,0
1986,9,8,14,653,666,189,20,4.4,36,1011,4.1,10,0
1986,9,8,15,485,586,159,20,3.3,33,1011,4.1,340,0
1986,9,8,16,289,447,117,20,3.9,35,1011,4.1,340,0
1986,9,8,17,104,198,66,18.3,5,42,1011,2.6,40,0
1986,9,8,18,15,4,15,13.9,7.2,64,1011,1.5,140,0
1986,9,8,19,0,0,0,11.1,7.8,80,1012,1.5,160,0
1986,9,8,20,0,0,0,10,8.3,90,1012,1.5,220,0
1986,9,8,21,0,0,0,8.9,7.8,93,1012,0,0,0
1986,9,8,22,0,0,0,8.3,7.2,93,1013,0,0,0
1986,9,8,23,0,0,0,9.4,7.8,90,1013,0,0,0
1986,9,9,0,0,0,0,8.3,7.2,93,1013,0,0,0
1986,9,9,1,0,0,0,7.2,6.1,93,1013,0,0,0
1986,9,9,2,0,0,0,6.7,5.6,93,1013,0,0,0
1986,9,9,3,0,0,0,6.1,5,93,1014,1.5,150,0
1986,9,9,4,0,0,0,5.6,3.9,89,1014,0,0,0
1986,9,9,5,4,7,3,4.4,3.3,93,1014,0,0,0
1986,9,9,6,81,314,37,8.3,6.7,89,1015,0,0,0
1986,9,9,7,272,617,65,12.2,7.2,72,1016,0,0,0
1986,9,9,8,476,753,89,15.6,9.4,67,1016,2.1,210,0
1986,9,9,9,653,826,107,19.4,8.9,51,1016,1.5,240,0
1986,9,9,10,784,867,119,20.6,8.9,47,1016,3.1,200,0
1986,9,9,11,857,886,125,22.2,6.1,35,1015,3.1,180,0
1986,9,9,12,866,889,126,22.8,7.2,37,1015,4.6,180,0
1986,9,9,13,760,715,198,23.3,8.9,40,1014,5.2,200,0
1986,9,9,14,631,632,194,23.3,8.9,40,1014,3.1,210,0
1986,9,9,15,476,600,144,23.3,10,43,1013,3.6,220,0
1986,9,9,16,326,668,72,22.2,3.3,29,1013,5.2,170,0
1986,9,9,17,125,422,45,20,8.9,49,1013,2.6,150,0
1986,9,9,18,16,37,12,16.1,6.1,52,1013,2.6,150,0
1986,9,9,19,0,0,0,15,7.2,60,1013,2.6,170,0
1986,9,9,20,0,0,0,14.4,8.3,67,1013,2.6,140,0
1986,9,9,21,0,0,0,15.6,10.6,72,1013,2.1,170,0
1986,9,9,22,0,0,0,14.4,10,75,1013,1.5,310,0
1986,9,9,23,0,0,0,13.3,10,80,1013,0,0,0
1986,9,10,0,0,0,0,11.7,10.6,93,1013,0,0,0
1986,9,10,1,0,0,0,11.1,10,93,1013,2.6,130,0
1986,9,10,2,0,0,0,11.1,10.6,96,1013,0,0,0
1986,9,10,3,0,0,0,10.6,8.3,86,1013,1.5,230,0
1986,9,10,4,0,0,0,10,8.3,90,1013,1.5,170,0
1986,9,10,5,3,1,3,9.4,8.3,93,1013,1.5,250,0
1986,9,10,6,72,208,43,12.2,10.6,90,1013,0,0,0
1986,9,10,7,257,526,83,15,12.8,87,1014,2.1,190,0
1986,9,10,8,462,679,115,18.3,13.9,76,1014,3.1,190,0
1986,9,10,9,546,470,238,20.6,15,71,1014,5.2,220,0
1986,9,10,10,731,522,332,21.7,15.6,68,1013,5.2,130,0
1986,9,10,11,521,145,402,21.7,15.6,68,1012,5.2,130,0
1986,9,10,12,542,154,415,22.8,17.2,71,1011,6.7,170,0
1986,9,10,13,494,198,339,22.8,17.2,71,1011,6.2,190,0
1986,9,10,14,341,65,296,23.9,17.8,69,1010,4.1,170,0
1986,9,10,15,458,483,194,23.3,17.2,69,1010,6.2,210,0
1986,9,10,16,242,148,187,22.8,17.8,74,1010,5.2,180,0
1986,9,10,17,92,122,69,21.7,17.8,79,1009,3.6,160,0
1986,9,10,18,11,4,11,20,17.8,87,1009,2.6,170,0
1986,9,10,19,0,0,0,20,18.3,90,1009,3.1,160,0
1986,9,10,20,0,0,0,20,18.3,90,1009,4.6,170,0
1986,9,10,21,0,0,0,19.4,18.3,93,1008,4.1,180,0
1986,9,10,22,0,0,0,18.9,18.3,97,1008,4.6,170,0
1986,9,10,23,0,0,0,19.4,18.3,93,1007,4.6,180,0
1986,9,11,0,0,0,0,18.9,17.8,93,1007,4.1,200,0
1986,9,11,1,0,0,0,18.9,18.3,97,1006,4.1,190,0
1986,9,11,2,0,0,0,18.3,17.8,97,1006,3.1,190,0
1986,9,11,3,0,0,0,18.3,17.8,97,1006,4.1,190,0
1986,9,11,4,0,0,0,18.9,18.3,97,1006,4.1,190,0
1986,9,11,5,2,2,2,18.9,18.3,97,1006,4.1,190,0
1986,9,11,6,69,104,55,20,18.9,93,1006,4.1,210,0
1986,9,11,7,238,400,106,22.2,19.4,84,1007,6.2,210,0
1986,9,11,8,442,496,190,23.9,20,79,1006,6.7,190,0
1986,9,11,9,476,428,195,25.6,20,72,1006,7.2,200,0
1986,9,11,10,659,594,207,25,20,74,1006,8.8,190,0
1986,9,11,11,706,553,253,26.1,20,69,1005,8.2,200,0
1986,9,11,12,726,479,330,27.8,20.6,65,1005,9.3,200,0
1986,9,11,13,617,323,366,27.2,19.4,63,1004,9.3,220,0
1986,9,11,14,599,603,188,28.3,19.4,59,1003,8.2,210,0
1986,9,11,15,307,117,244,27.8,20,63,1003,8.2,180,0
1986,9,11,16,173,46,156,26.7,19.4,65,1002,6.7,190,0
1986,9,11,17,79,61,68,26.1,20,69,1001,3.6,170,0
1986,9,11,18,9,2,9,24.4,20.6,79,1001,3.6,160,0
1986,9,11,19,0,0,0,24.4,20.6,79,1001,5.2,170,0
1986,9,11,20,0,0,0,23.3,20.6,85,1001,4.6,170,0
1986,9,11,21,0,0,0,23.9,20.6,82,1000,5.7,200,0
1986,9,11,22,0,0,0,23.3,15.6,62,1000,6.2,190,0
1986,9,11,23,0,0,0,23.3,20,82,999,6.2,190,0
1986,9,12,0,0,0,0,22.8,20,84,998,6.7,180,0
1986,9,12,1,0,0,0,22.8,19.4,82,997,7.7,190,0
1986,9,12,2,0,0,0,22.2,20,87,997,6.7,200,0
1986,9,12,3,0,0,0,22.2,17.2,73,996,6.7,200,0
1986,9,12,4,0,0,0,22.2,19.4,84,996,6.2,180,0
1986,9,12,5,2,0,2,22.2,18.3,79,996,5.7,210,0
1986,9,12,6,24,3,24,22.8,20,84,995,6.7,200,0
1986,9,12,7,64,7,62,22.8,20.6,87,996,4.6,230,0
1986,9,12,8,136,6,133,22.8,21.1,90,996,3.6,230,0
1986,9,12,9,432,270,256,25.6,21.7,79,997,5.7,230,0
1986,9,12,10,660,577,223,27.8,19.4,61,997,7.7,250,0
1986,9,12,11,487,206,319,28.9,17.2,49,997,7.2,270,0
1986,9,12,12,606,446,240,27.8,17.2,53,998,5.2,290,0
1986,9,12,13,717,698,177,28.9,15.6,44,998,6.7,280,0
1986,9,12,14,635,776,109,28.9,13.9,40,998,7.7,280,0
1986,9,12,15,498,690,126,28.3,14.4,43,998,7.2,270,0
1986,9,12,16,301,592,84,27.2,12.2,39,999,6.7,260,0
1986,9,12,17,79,107,61,25.6,12.8,45,1000,4.6,250,0
1986,9,12,18,13,41,9,22.8,13.3,55,1001,3.1,270,0
1986,9,12,19,0,0,0,22.2,13.3,57,1002,2.1,280,0
1986,9,12,20,0,0,0,21.1,13.3,61,1003,1.5,310,0
1986,9,12,21,0,0,0,20,13.3,66,1004,2.6,270,0
1986,9,12,22,0,0,0,18.9,13.3,70,1004,2.6,160,0
1986,9,12,23,0,0,0,18.3,13.3,73,1004,2.6,320,0
1986,9,13,0,0,0,0,17.8,12.2,70,1005,4.1,330,0
1986,9,13,1,0,0,0,17.2,11.1,68,1005,3.6,320,0
1986,9,13,2,0,0,0,16.7,10,65,1005,4.6,330,0
1986,9,13,3,0,0,0,15,9.4,70,1006,3.6,320,0
1986,9,13,4,0,0,0,13.3,9.4,78,1007,3.1,350,0
1986,9,13,5,2,6,1,12.8,8.9,77,1008,2.1,340,0
1986,9,13,6,70,187,46,15,10,72,1010,2.6,30,0
1986,9,13,7,224,488,65,16.1,8.9,63,1010,3.6,340,0
1986,9,13,8,459,773,71,18.3,8.3,52,1011,4.1,350,0
1986,9,13,9,618,821,86,20,8.9,49,1011,4.1,360,0
1986,9,13,10,751,869,96,20.6,7.2,42,1011,3.6,40,0
1986,9,13,11,825,894,100,21.7,8.3,43,1010,4.6,320,0
1986,9,13,12,830,894,101,22.8,8.9,41,1010,2.6,340,0
1986,9,13,13,777,884,97,23.9,8.9,39,1009,3.1,270,0
1986,9,13,14,663,855,88,24.4,8.3,36,1009,4.1,310,0
1986,9,13,15,481,747,83,24.4,9.4,39,1009,3.1,340,0
1986,9,13,16,271,485,96,23.9,9.4,40,1009,2.1,340,0
1986,9,13,17,90,163,63,22.8,12.8,53,1009,1.5,160,0
1986,9,13,18,14,16,12,17.2,12.2,73,1009,1.5,150,0
1986,9,13,19,0,0,0,16.1,12.8,81,1010,1.5,190,0
1986,9,13,20,0,0,0,13.9,12.2,90,1010,1.5,220,0
1986,9,13,21,0,0,0,15.6,12.2,81,1010,2.1,260,0
1986,9,13,22,0,0,0,13.3,10.6,83,1010,1.5,160,0
1986,9,13,23,0,0,0,11.7,6.7,72,1011,1.5,140,0
1986,9,14,0,0,0,0,11.7,10.6,93,1011,0,0,0
1986,9,14,1,0,0,0,11.1,10,93,1011,0,0,0
1986,9,14,2,0,0,0,10.6,9.4,93,1012,1.5,120,0
1986,9,14,3,0,0,0,10,9.4,96,1012,0,0,0
1986,9,14,4,0,0,0,9.4,8.3,93,1013,2.1,250,0
1986,9,14,5,1,0,1,12.2,10,86,1013,3.6,330,0
1986,9,14,6,54,93,42,13.9,11.1,84,1014,1.5,90,0
1986,9,14,7,199,245,120,17.2,14.4,84,1015,2.6,360,0
1986,9,14,8,394,495,147,18.9,11.7,63,1015,3.1,350,0
1986,9,14,9,596,681,157,21.1,11.7,55,1016,2.6,360,0
1986,9,14,10,724,740,169,21.7,11.7,53,1015,3.6,330,0
1986,9,14,11,786,650,261,22.8,11.1,48,1015,2.6,360,0
1986,9,14,12,585,301,340,23.3,11.7,48,1014,3.6,40,0
1986,9,14,13,574,392,275,23.3,12.2,50,1014,1.5,30,0
1986,9,14,14,626,593,230,24.4,12.2,47,1013,1.5,90,0
1986,9,14,15,443,548,153,24.4,12.8,48,1012,1.5,50,0
1986,9,14,16,271,495,95,24.4,12.8,48,1012,3.1,180,0
1986,9,14,17,87,218,52,21.7,13.3,59,1012,2.1,160,0
1986,9,14,18,8,3,7,18.9,13.3,70,1012,2.1,160,0
1986,9,14,19,0,0,0,16.7,13.9,84,1013,0,0,0
1986,9,14,20,0,0,0,16.1,13.9,87,1013,0,0,0
1986,9,14,21,0,0,0,14.4,13.3,93,1013,0,0,0
1986,9,14,22,0,0,0,13.9,13.3,97,1013,0,0,0
1986,9,14,23,0,0,0,13.3,12.2,93,1013,0,0,0
1986,9,15,0,0,0,0,13.9,13.3,97,1013,1.5,130,0
1986,9,15,1,0,0,0,15.6,14.4,93,1013,2.6,160,0
1986,9,15,2,0,0,0,15,13.9,93,1013,2.1,290,0
1986,9,15,3,0,0,0,15.6,13.9,90,1013,1.5,300,0
1986,9,15,4,0,0,0,14.4,13.9,97,1012,0,0,0
1986,9,15,5,1,0,1,13.9,13.3,97,1013,0,0,0
1986,9,15,6,47,10,46,15,13.9,93,1013,0,0,0
1986,9,15,7,190,197,128,17.2,15.6,90,1013,3.1,230,0
1986,9,15,8,324,229,210,18.9,15,78,1013,3.1,200,0
1986,9,15,9,366,174,254,21.1,16.1,73,1013,2.6,220,0
1986,9,15,10,574,282,363,23.3,16.1,64,1012,2.1,260,0
1986,9,15,11,760,550,317,24.4,16.1,60,1011,3.6,180,0
1986,9,15,12,730,502,324,26.1,16.1,54,1011,4.6,200,0
1986,9,15,13,497,170,368,26.1,16.7,56,1009,5.2,170,0
1986,9,15,14,581,529,230,26.1,16.1,54,1009,4.6,200,0
1986,9,15,15,398,400,189,27.2,16.1,51,1007,4.1,200,0
1986,9,15,16,168,146,116,26.1,15.6,52,1007,5.2,200,0
1986,9,15,17,76,70,65,23.3,13.9,56,1007,4.1,170,0
1986,9,15,18,6,2,6,21.7,15.6,68,1007,3.6,180,0
1986,9,15,19,0,0,0,20.6,15.6,73,1007,4.1,180,0
1986,9,15,20,0,0,0,20,15,73,1007,4.1,200,0
1986,9,15,21,0,0,0,19.4,13.3,68,1006,4.6,200,0
1986,9,15,22,0,0,0,18.3,13.9,76,1006,4.1,200,0
1986,9,15,23,0,0,0,17.2,14.4,84,1006,4.1,180,0
1986,9,16,0,0,0,0,16.7,14.4,87,1005,4.1,180,0
1986,9,16,1,0,0,0,17.2,15,87,1005,3.6,180,0
1986,9,16,2,0,0,0,17.2,14.4,84,1005,3.6,190,0
1986,9,16,3,0,0,0,16.7,14.4,87,1005,3.1,210,0
1986,9,16,4,0,0,0,16.1,13.9,87,1006,2.1,220,0
1986,9,16,5,0,0,0,20.6,15,71,1005,6.2,330,0
1986,9,16,6,59,140,42,17.8,10.6,63,1010,8.2,360,0
1986,9,16,7,229,436,91,17.2,6.1,48,1011,7.2,340,0
1986,9,16,8,304,292,160,17.2,7.8,54,1013,7.2,340,0
1986,9,16,9,626,843,88,16.7,5,46,1014,6.2,350,0
1986,9,16,10,734,856,97,17.8,4.4,42,1014,7.2,340,0
1986,9,16,11,817,893,102,18.9,4.4,39,1014,7.2,330,0
1986,9,16,12,823,895,103,20,2.8,32,1013,6.2,10,0
1986,9,16,13,761,877,98,20.6,1.7,29,1013,6.2,320,0
1986,9,16,14,647,846,90,20.6,1.7,29,1013,5.2,350,0
1986,9,16,15,482,776,80,20.6,2.2,30,1012,6.2,340,0
1986,9,16,16,287,659,59,20,2.2,31,1013,4.6,320,0
1986,9,16,17,96,407,34,17.8,1.7,34,1013,4.1,360,0
1986,9,16,18,9,24,6,13.9,2.8,47,1013,4.1,40,0
1986,9,16,19,0,0,0,13.3,3.3,51,1014,3.6,30,0
1986,9,16,20,0,0,0,11.7,4.4,62,1015,2.1,320,0
1986,9,16,21,0,0,0,8.9,2.8,66,1015,0,0,0
1986,9,16,22,0,0,0,10,4.4,69,1017,3.6,40,0
1986,9,16,23,0,0,0,8.9,4.4,74,1017,3.6,30,0
1986,9,17,0,0,0,0,8.3,3.9,74,1018,2.6,50,0
1986,9,17,1,0,0,0,7.2,3.3,77,1018,1.5,340,0
1986,9,17,2,0,0,0,5.6,4.4,93,1018,1.5,30,0
1986,9,17,3,0,0,0,5,3.3,89,1018,1.5,330,0
1986,9,17,4,0,0,0,3.3,2.2,93,1019,0,0,0
1986,9,17,5,1,1,1,2.2,1.1,93,1019,0,0,0
1986,9,17,6,59,190,37,5,4.4,96,1020,0,0,0
1986,9,17,7,237,520,75,9.4,5.6,77,1020,2.1,340,0
1986,9,17,8,440,669,112,12.2,5,62,1020,3.1,360,0
1986,9,17,9,617,755,137,14.4,3.9,49,1020,2.1,80,0
1986,9,17,10,749,791,163,15.6,3.3,44,1019,2.1,40,0
1986,9,17,11,818,824,162,16.7,3.9,43,1019,3.1,320,0
1986,9,17,12,818,832,152,17.8,3.9,40,1018,3.1,310,0
1986,9,17,13,724,767,148,18.9,5,40,1017,2.1,50,0
1986,9,17,14,511,554,148,19.4,4.4,37,1016,1.5,150,0
1986,9,17,15,390,494,136,18.9,3.9,37,1016,1.5,50,0
1986,9,17,16,257,522,80,18.9,5,40,1016,3.6,120,0
1986,9,17,17,79,241,43,15.6,6.1,54,1016,3.1,170,0
1986,9,17,18,4,4,3,12.8,6.1,64,1016,3.1,150,0
1986,9,17,19,0,0,0,10,6.1,77,1016,3.1,140,0
1986,9,17,20,0,0,0,10,6.7,80,1016,2.6,150,0
1986,9,17,21,0,0,0,8.3,6.1,86,1017,1.5,230,0
1986,9,17,22,0,0,0,7.2,5.6,89,1017,1.5,250,0
1986,9,17,23,0,0,0,7.2,5.6,89,1017,1.5,210,0
1986,9,18,0,0,0,0,6.7,6.1,96,1017,1.5,120,0
1986,9,18,1,0,0,0,5.6,5,96,1016,2.1,290,0
1986,9,18,2,0,0,0,4.4,4.4,100,1016,1.5,130,0
1986,9,18,3,0,0,0,5,5,100,1016,0,0,0
1986,9,18,4,0,0,0,5,4.4,96,1016,1.5,160,0
1986,9,18,5,1,0,1,5.6,5,96,1016,1.5,130,0
1986,9,18,6,64,169,45,8.9,8.9,100,1016,3.1,160,0
1986,9,18,7,209,290,119,12.2,10,86,1016,4.1,200,0
1986,9,18,8,376,418,173,15,10,72,1016,5.2,190,0
1986,9,18,9,574,687,140,17.8,10.6,63,1015,7.2,210,0
1986,9,18,10,698,796,112,20,10.6,55,1015,7.2,210,0
1986,9,18,11,834,907,115,20.6,11.1,55,1014,6.2,190,0
1986,9,18,12,836,920,103,21.7,12.2,55,1013,6.2,190,0
1986,9,18,13,491,232,318,21.7,12.2,55,1012,5.7,180,0
1986,9,18,14,284,61,244,21.7,12.2,55,1011,5.7,190,0
1986,9,18,15,160,30,145,21.1,13.3,61,1011,4.6,170,0
1986,9,18,16,113,33,102,20.6,13.3,63,1011,4.6,200,0
1986,9,18,17,38,10,36,20,13.3,66,1011,4.1,160,0
1986,9,18,18,4,0,4,19.4,13.9,70,1010,3.6,160,0
1986,9,18,19,0,0,0,19.4,13.9,70,1010,3.6,160,0
1986,9,18,20,0,0,0,18.9,13.9,73,1010,3.1,170,0
1986,9,18,21,0,0,0,18.9,13.9,73,1010,4.6,180,0
1986,9,18,22,0,0,0,18.3,14.4,78,1010,3.6,170,0
1986,9,18,23,0,0,0,18.9,14.4,76,1010,4.1,190,0
1986,9,19,0,0,0,0,17.2,15.6,90,1010,4.1,190,0
1986,9,19,1,0,0,0,16.7,15.6,93,1009,1.5,220,0
1986,9,19,2,0,0,0,16.7,15.6,93,1009,2.1,170,0
1986,9,19,3,0,0,0,16.7,15.6,93,1009,2.1,160,0
1986,9,19,4,0,0,0,16.7,15.6,93,1009,1.5,210,0
1986,9,19,5,0,0,0,16.1,15.6,97,1009,0,0,0
1986,9,19,6,45,11,44,16.1,15.6,97,1010,1.5,200,0
1986,9,19,7,52,2,51,18.3,16.1,87,1010,2.1,250,0
1986,9,19,8,217,1,217,18.3,16.7,90,1010,0,0,0
1986,9,19,9,327,9,322,21.7,17.2,76,1011,2.1,330,0
1986,9,19,10,626,387,343,22.8,17.8,74,1010,2.6,320,0
1986,9,19,11,502,302,263,25,18.3,67,1010,2.6,340,0
1986,9,19,12,521,235,335,25.6,17.8,62,1010,4.1,340,0
1986,9,19,13,240,4,237,25.6,17.2,60,1010,3.6,360,0
1986,9,19,14,242,8,236,26.7,18.3,60,1010,3.6,30,0
1986,9,19,15,270,160,190,25.6,17.2,60,1009,2.1,350,0
1986,9,19,16,265,617,62,25.6,17.2,60,1009,2.6,360,0
1986,9,19,17,73,269,36,23.3,17.2,69,1009,2.1,40,0
1986,9,19,18,4,9,3,20.6,17.8,84,1010,2.1,220,0
1986,9,19,19,0,0,0,19.4,17.2,87,1010,2.1,110,0
1986,9,19,20,0,0,0,18.9,17.2,90,1011,0,0,0
1986,9,19,21,0,0,0,19.4,16.7,84,1011,0,0,0
1986,9,19,22,0,0,0,18.3,16.7,90,1011,2.6,50,0
1986,9,19,23,0,0,0,17.8,16.7,93,1011,2.6,70,0
1986,9,20,0,0,0,0,16.7,16.1,97,1011,2.6,50,0
1986,9,20,1,0,0,0,16.1,15.6,97,1011,1.5,320,0
1986,9,20,2,0,0,0,16.1,16.1,100,1011,0,0,0
1986,9,20,3,0,0,0,15.6,15,97,1011,1.5,10,0
1986,9,20,4,0,0,0,17.2,16.7,97,1011,2.1,350,0
1986,9,20,5,0,0,0,16.7,16.1,97,1011,0,0,0
1986,9,20,6,33,3,33,17.2,16.7,97,1011,1.5,270,0
1986,9,20,7,87,12,83,18.9,17.2,90,1011,1.5,270,0
1986,9,20,8,202,6,199,19.4,16.7,84,1012,0,0,0
1986,9,20,9,252,2,250,21.1,17.2,79,1012,2.1,150,0
1986,9,20,10,725,591,294,23.3,17.8,71,1011,2.6,190,0
1986,9,20,11,324,12,315,24.4,18.3,69,1011,3.1,220,0
1986,9,20,12,633,474,259,25.6,18.9,67,1010,3.6,190,0
1986,9,20,13,326,11,318,26.7,19.4,65,1009,3.1,180,0
1986,9,20,14,313,122,236,26.7,20,67,1008,4.1,180,0
1986,9,20,15,198,5,196,26.1,20,69,1008,4.1,160,0
1986,9,20,16,130,49,114,25,20,74,1008,3.1,160,0
1986,9,20,17,36,7,35,23.3,20.6,85,1008,2.1,150,0
1986,9,20,18,0,0,0,22.8,20.6,87,1008,2.6,180,0
1986,9,20,19,0,0,0,22.2,20.6,90,1009,2.6,160,0
1986,9,20,20,0,0,0,21.1,20,93,1009,2.1,150,0
1986,9,20,21,0,0,0,20.6,19.4,93,1009,2.6,140,0
1986,9,20,22,0,0,0,20.6,20,97,1009,2.1,170,0
1986,9,20,23,0,0,0,20,19.4,97,1009,2.1,190,0
1986,9,21,0,0,0,0,18.9,18.3,97,1009,1.5,220,0
1986,9,21,1,0,0,0,17.2,17.2,100,1009,0,0,0
1986,9,21,2,0,0,0,18.3,18.3,100,1009,0,0,0
1986,9,21,3,0,0,0,17.8,17.8,100,1009,0,0,0
1986,9,21,4,0,0,0,17.2,16.7,97,1009,0,0,0
1986,9,21,5,0,0,0,17.2,17.2,100,1009,1.5,250,0
1986,9,21,6,51,140,36,17.2,16.7,97,1010,0,0,0
1986,9,21,7,213,414,88,21.1,18.9,87,1010,1.5,180,0
1986,9,21,8,389,532,135,23.3,18.3,74,1011,3.6,320,0
1986,9,21,9,592,785,104,25.6,18.9,67,1011,4.1,320,0
1986,9,21,10,715,825,116,26.7,18.3,60,1011,4.1,310,0
1986,9,21,11,608,516,205,27.8,17.8,55,1010,3.1,320,0
1986,9,21,12,662,505,267,28.3,18.3,55,1010,3.6,20,0
1986,9,21,13,238,1,237,26.7,16.7,54,1010,4.1,360,0
1986,9,21,14,367,104,300,27.8,16.7,51,1009,3.1,40,0
1986,9,21,15,388,376,203,27.2,16.7,53,1009,2.6,50,0
1986,9,21,16,238,389,114,27.2,16.7,53,1009,2.6,50,0
1986,9,21,17,40,22,38,24.4,15.6,58,1010,4.6,40,0
1986,9,21,18,0,1,0,23.3,15.6,62,1010,4.1,50,0
1986,9,21,19,0,0,0,22.2,15,64,1010,3.1,40,0
1986,9,21,20,0,0,0,20.6,15,71,1011,3.6,60,0
1986,9,21,21,0,0,0,20,14.4,71,1012,2.6,30,0
1986,9,21,22,0,0,0,18.9,14.4,76,1012,3.1,30,0
1986,9,21,23,0,0,0,17.2,14.4,84,1012,2.1,30,0
1986,9,22,0,0,0,0,17.8,14.4,81,1012,3.6,40,0
1986,9,22,1,0,0,0,17.8,14.4,81,1012,1.5,360,0
1986,9,22,2,0,0,0,17.8,14.4,81,1012,2.6,20,0
1986,9,22,3,0,0,0,17.8,14.4,81,1012,0,0,0
1986,9,22,4,0,0,0,17.8,15,84,1011,0,0,0
1986,9,22,5,0,0,0,17.8,15,84,1011,0,0,0
1986,9,22,6,22,2,22,17.8,15.6,87,1012,0,0,0
1986,9,22,7,52,6,50,17.2,15,87,1013,2.1,320,0
1986,9,22,8,146,1,145,17.8,15.6,87,1013,1.5,340,0
1986,9,22,9,278,5,276,20,16.7,81,1012,4.1,170,0
1986,9,22,10,300,2,299,20.6,16.7,79,1012,4.1,190,0
1986,9,22,11,358,3,355,21.1,17.2,79,1011,4.6,190,0
1986,9,22,12,324,6,319,21.7,17.8,79,1011,3.1,180,0
1986,9,22,13,372,0,372,22.2,17.8,76,1010,3.6,170,0
1986,9,22,14,298,2,297,23.3,18.3,74,1009,4.6,160,0
1986,9,22,15,188,47,165,23.3,18.3,74,1008,5.2,190,0
1986,9,22,16,208,297,114,22.8,17.8,74,1007,5.2,160,0
1986,9,22,17,47,86,37,21.1,17.8,81,1006,3.6,170,0
1986,9,22,18,1,0,1,21.1,17.8,81,1006,3.1,180,0
1986,9,22,19,0,0,0,20,17.8,87,1006,3.1,170,0
1986,9,22,20,0,0,0,20,17.8,87,1006,3.6,180,0
1986,9,22,21,0,0,0,19.4,17.8,90,1006,3.6,170,0
1986,9,22,22,0,0,0,18.9,17.8,93,1006,4.6,180,0
1986,9,22,23,0,0,0,18.9,17.8,93,1005,3.6,190,0
1986,9,23,0,0,0,0,18.9,17.8,93,1005,4.6,200,0
1986,9,23,1,0,0,0,18.9,17.8,93,1004,3.1,190,0
1986,9,23,2,0,0,0,18.9,17.8,93,1004,3.1,180,0
1986,9,23,3,0,0,0,19.4,18.3,93,1004,3.6,170,0
1986,9,23,4,0,0,0,18.9,18.3,97,1003,3.6,190,0
1986,9,23,5,0,0,0,18.9,17.8,93,1003,4.6,170,0
1986,9,23,6,29,1,29,19.4,18.3,93,1003,3.6,200,0
1986,9,23,7,141,41,129,20,18.3,90,1003,4.1,180,0
1986,9,23,8,398,515,155,22.2,19.4,84,1002,4.1,190,0
1986,9,23,9,478,458,195,25,20,74,1001,4.1,190,0
1986,9,23,10,654,756,111,27.2,20.6,67,1000,5.2,180,0
1986,9,23,11,681,576,236,28.3,20,61,1000,4.6,180,0
1986,9,23,12,620,451,271,29.4,18.9,53,999,5.7,210,0
1986,9,23,13,644,569,232,30.6,20,53,998,6.2,210,0
1986,9,23,14,586,631,191,30.6,20,53,997,5.7,200,0
1986,9,23,15,305,301,160,29.4,20,57,997,5.7,200,0
1986,9,23,16,206,325,106,29.4,20.6,59,996,6.7,220,0
1986,9,23,17,43,45,38,27.2,20,65,996,5.2,210,0
1986,9,23,18,0,1,0,26.1,20,69,997,3.6,220,0
1986,9,23,19,0,0,0,25.6,20.6,74,998,3.6,230,0
1986,9,23,20,0,0,0,25,20.6,76,998,4.1,220,0
1986,9,23,21,0,0,0,24.4,20.6,79,998,2.6,220,0
1986,9,23,22,0,0,0,22.8,20.6,87,998,1.5,150,0
1986,9,23,23,0,0,0,23.3,20.6,85,999,1.5,250,0
1986,9,24,0,0,0,0,22.2,20.6,90,999,2.1,130,0
1986,9,24,1,0,0,0,21.7,20,90,998,2.1,190,0
1986,9,24,2,0,0,0,21.1,20,93,998,1.5,200,0
1986,9,24,3,0,0,0,20.6,20,97,998,2.1,200,0
1986,9,24,4,0,0,0,21.1,18.9,87,999,1.5,110,0
1986,9,24,5,0,0,0,21.1,19.4,90,999,1.5,150,0
1986,9,24,6,25,5,25,21.1,19.4,90,1000,2.1,140,0
1986,9,24,7,46,3,46,22.2,20.6,90,1000,2.1,140,0
1986,9,24,8,159,11,154,23.9,20.6,82,1000,1.5,190,0
1986,9,24,9,279,17,269,24.4,21.1,82,1001,2.6,200,0
1986,9,24,10,425,127,334,27.2,21.1,69,1001,3.1,210,0
1986,9,24,11,316,0,316,26.7,21.7,74,1000,3.1,190,0
1986,9,24,12,383,3,381,27.8,21.1,67,1000,4.1,210,0
1986,9,24,13,468,204,322,28.9,20,59,999,4.1,200,0
1986,9,24,14,448,285,272,28.3,20,61,999,3.6,230,0
1986,9,24,15,207,55,181,28.3,19.4,59,999,5.7,220,0
1986,9,24,16,158,44,144,26.1,20.6,72,1000,3.6,230,0
1986,9,24,17,35,23,33,25,20,74,1000,3.1,220,0
1986,9,24,18,1,0,1,23.3,19.4,79,1000,2.1,290,0
1986,9,24,19,0,0,0,21.7,16.7,73,1001,2.6,220,0
1986,9,24,20,0,0,0,22.2,18.9,82,1001,1.5,250,0
1986,9,24,21,0,0,0,22.2,20,87,1001,1.5,190,0
1986,9,24,22,0,0,0,20.6,18.9,90,1001,2.1,130,0
1986,9,24,23,0,0,0,19.4,17.8,90,1001,1.5,140,0
1986,9,25,0,0,0,0,20,18.9,93,1002,1.5,300,0
1986,9,25,1,0,0,0,19.4,18.9,97,1002,0,0,0
1986,9,25,2,0,0,0,19.4,18.9,97,1002,1.5,140,0
1986,9,25,3,0,0,0,20,19.4,97,1002,0,0,0
1986,9,25,4,0,0,0,20,19.4,97,1003,2.1,40,0
1986,9,25,5,0,0,0,20.6,20,97,1004,2.1,150,0
1986,9,25,6,37,1,37,20.6,20,97,1004,1.5,160,0
1986,9,25,7,112,51,97,22.8,21.1,90,1005,1.5,140,0
1986,9,25,8,274,140,209,25,21.1,79,1005,1.5,120,0
1986,9,25,9,486,442,217,27.2,21.7,72,1005,2.1,130,0
1986,9,25,10,670,706,169,29.4,21.7,63,1005,2.1,200,0
1986,9,25,11,605,420,284,30.6,22.2,61,1004,5.2,260,0
1986,9,25,12,470,233,292,29.4,21.1,61,1004,4.1,220,0
1986,9,25,13,360,76,306,31.1,21.1,55,1003,4.1,220,0
1986,9,25,14,516,502,207,31.7,20.6,52,1003,4.1,240,0
1986,9,25,15,295,143,228,32.2,20.6,50,1003,3.6,230,0
1986,9,25,16,131,136,90,31.1,21.1,55,1004,1.5,210,0
1986,9,25,17,31,12,30,27.8,22.2,72,1004,1.5,90,0
1986,9,25,18,0,0,0,26.1,21.1,74,1005,1.5,110,0
1986,9,25,19,0,0,0,24.4,22.2,88,1005,0,0,0
1986,9,25,20,0,0,0,23.9,22.8,94,1006,2.6,30,0
1986,9,25,21,0,0,0,23.3,21.7,90,1006,2.6,20,0
1986,9,25,22,0,0,0,21.7,21.1,97,1007,3.1,40,0
1986,9,25,23,0,0,0,21.7,20,90,1007,3.6,20,0
1986,9,26,0,0,0,0,20,18.3,90,1007,2.6,30,0
1986,9,26,1,0,0,0,18.9,18.3,97,1007,0,0,0
1986,9,26,2,0,0,0,18.3,17.8,97,1007,1.5,300,0
1986,9,26,3,0,0,0,17.8,17.2,97,1007,0,0,0
1986,9,26,4,0,0,0,17.2,16.7,97,1007,0,0,0
1986,9,26,5,0,0,0,16.7,16.1,97,1008,0,0,0
1986,9,26,6,51,189,31,17.8,17.2,97,1009,0,0,0
1986,9,26,7,157,223,93,21.7,19.4,87,1009,0,0,0
1986,9,26,8,415,764,63,24.4,20,76,1009,2.1,200,0
1986,9,26,9,578,827,77,28.3,21.1,65,1008,3.1,180,0
1986,9,26,10,697,863,86,31.1,25.6,72,1007,4.1,210,0
1986,9,26,11,685,685,165,32.8,20.6,49,1007,5.2,280,0
1986,9,26,12,647,570,214,31.7,20,50,1006,3.1,270,0
1986,9,26,13,607,537,226,32.8,20.6,49,1005,4.6,240,0
1986,9,26,14,403,234,260,32.2,21.1,52,1004,4.1,190,0
1986,9,26,15,327,355,161,30.6,21.1,57,1004,4.6,220,0
1986,9,26,16,200,188,145,30,20.6,57,1004,4.1,190,0
1986,9,26,17,40,22,38,26.7,21.1,72,1004,4.1,200,0
1986,9,26,18,0,0,0,25.6,20,72,1004,3.6,190,0
1986,9,26,19,0,0,0,24.4,15.6,58,1004,4.6,180,0
1986,9,26,20,0,0,0,23.9,21.7,87,1005,3.6,200,0
1986,9,26,21,0,0,0,22.8,20.6,87,1004,2.1,190,0
1986,9,26,22,0,0,0,22.8,20.6,87,1004,3.1,220,0
1986,9,26,23,0,0,0,21.7,20,90,1003,0,0,0
1986,9,27,0,0,0,0,20.6,20,97,1003,2.1,150,0
1986,9,27,1,0,0,0,20,19.4,97,1004,2.6,90,0
1986,9,27,2,0,0,0,20.6,19.4,93,1004,1.5,60,0
1986,9,27,3,0,0,0,23.3,18.3,74,1003,0,0,0
1986,9,27,4,0,0,0,22.2,18.3,79,1003,4.1,260,0
1986,9,27,5,0,0,0,23.3,17.8,71,1004,3.1,320,0
1986,9,27,6,28,28,25,22.8,17.8,74,1005,2.1,350,0
1986,9,27,7,130,37,119,22.8,18.3,76,1005,0,0,0
1986,9,27,8,338,336,184,25,17.8,64,1006,3.6,320,0
1986,9,27,9,506,459,230,26.7,17.8,58,1006,5.2,330,0
1986,9,27,10,311,84,252,26.7,16.7,54,1006,4.6,340,0
1986,9,27,11,323,65,274,27.8,17.8,55,1005,4.1,340,0
1986,9,27,12,624,545,212,28.9,16.7,48,1005,4.1,330,0
1986,9,27,13,648,605,221,29.4,16.7,46,1004,6.2,320,0
1986,9,27,14,516,474,230,29.4,16.7,46,1004,5.2,330,0
1986,9,27,15,412,551,158,28.9,16.7,48,1004,3.6,340,0
1986,9,27,16,154,119,120,28.3,16.7,49,1005,3.6,340,0
1986,9,27,17,44,76,36,22.8,18.3,76,1006,5.7,80,0
1986,9,27,18,0,0,0,20.6,17.8,84,1007,5.2,70,0
1986,9,27,19,0,0,0,20,17.2,84,1008,4.6,80,0
1986,9,27,20,0,0,0,19.4,17.2,87,1009,3.6,80,0
1986,9,27,21,0,0,0,18.9,14.4,76,1009,3.6,130,0
1986,9,27,22,0,0,0,18.3,16.7,90,1009,3.6,90,0
1986,9,27,23,0,0,0,18.3,16.7,90,1010,2.6,70,0
1986,9,28,0,0,0,0,18.3,16.7,90,1010,3.6,60,0
1986,9,28,1,0,0,0,17.8,16.7,93,1010,3.6,70,0
1986,9,28,2,0,0,0,17.2,16.7,97,1010,2.1,40,0
1986,9,28,3,0,0,0,17.2,16.7,97,1010,2.6,70,0
1986,9,28,4,0,0,0,17.2,17.2,100,1011,1.5,50,0
1986,9,28,5,0,0,0,17.2,17.2,100,1012,2.1,30,0
1986,9,28,6,16,1,15,17.8,17.2,97,1012,2.6,60,0
1986,9,28,7,100,3,99,17.8,17.2,97,1012,1.5,100,0
1986,9,28,8,224,7,221,18.3,17.2,93,1013,3.1,100,0
1986,9,28,9,215,5,212,18.3,17.2,93,1013,3.1,90,0
1986,9,28,10,275,1,274,18.9,17.2,90,1013,3.1,120,0
1986,9,28,11,314,3,312,20,17.8,87,1013,2.6,120,0
1986,9,28,12,303,3,301,20,17.8,87,1013,2.6,100,0
1986,9,28,13,292,2,291,20.6,18.3,87,1012,3.1,110,0
1986,9,28,14,254,0,253,20.6,17.8,84,1012,2.6,120,0
1986,9,28,15,198,0,198,20.6,17.8,84,1012,2.6,160,0
1986,9,28,16,116,0,116,20.6,18.3,87,1012,2.6,140,0
1986,9,28,17,34,0,34,20,18.3,90,1012,2.6,140,0
1986,9,28,18,0,0,0,20,18.3,90,1012,2.1,140,0
1986,9,28,19,0,0,0,20,18.3,90,1013,2.1,170,0
1986,9,28,20,0,0,0,20,18.3,90,1013,2.6,180,0
1986,9,28,21,0,0,0,20,17.8,87,1013,2.6,200,0
1986,9,28,22,0,0,0,20,18.9,93,1013,2.6,170,0
1986,9,28,23,0,0,0,20,17.8,87,1012,3.1,190,0
1986,9,29,0,0,0,0,20,18.3,90,1012,3.1,190,0
1986,9,29,1,0,0,0,20,18.3,90,1012,2.1,180,0
1986,9,29,2,0,0,0,20,18.3,90,1013,2.1,160,0
1986,9,29,3,0,0,0,20,18.3,90,1013,3.1,170,0
1986,9,29,4,0,0,0,20,18.3,90,1013,3.1,170,0
1986,9,29,5,0,0,0,20,18.3,90,1013,3.1,170,0
1986,9,29,6,34,0,34,20.6,18.3,87,1013,3.1,180,0
1986,9,29,7,101,0,101,21.1,18.9,87,1013,3.6,180,0
1986,9,29,8,196,1,195,21.7,18.9,84,1014,3.6,210,0
1986,9,29,9,283,1,282,23.3,19.4,79,1013,3.6,220,0
1986,9,29,10,480,176,357,25.6,20,72,1013,5.2,160,0
1986,9,29,11,414,134,314,26.1,19.4,67,1012,4.6,190,0
1986,9,29,12,560,413,251,28.3,19.4,59,1011,7.2,200,0
1986,9,29,13,432,295,227,28.9,19.4,57,1010,6.2,170,0
1986,9,29,14,449,413,204,28.9,19.4,57,1010,6.2,190,0
1986,9,29,15,352,506,124,28.3,18.9,57,1010,5.2,200,0
1986,9,29,16,132,186,81,27.8,18.9,59,1010,4.6,210,0
1986,9,29,17,42,102,31,25.6,19.4,69,1010,2.6,170,0
1986,9,29,18,0,0,0,23.9,20,79,1010,3.6,160,0
1986,9,29,19,0,0,0,23.3,20,82,1011,3.1,170,0
1986,9,29,20,0,0,0,22.8,20,84,1010,4.1,170,0
1986,9,29,21,0,0,0,22.2,19.4,84,1010,3.6,190,0
1986,9,29,22,0,0,0,21.7,20,90,1010,4.6,190,0
1986,9,29,23,0,0,0,21.1,20,93,1010,4.6,180,0
1986,9,30,0,0,0,0,20.6,20,97,1010,4.1,180,0
1986,9,30,1,0,0,0,21.1,20,93,1009,4.1,180,0
1986,9,30,2,0,0,0,20.6,19.4,93,1009,3.6,200,0
1986,9,30,3,0,0,0,20,19.4,97,1009,2.6,180,0
1986,9,30,4,0,0,0,20,19.4,97,1009,4.1,180,0
1986,9,30,5,0,0,0,20,19.4,97,1009,4.1,170,0
1986,9,30,6,48,217,25,20,19.4,97,1009,3.6,190,0
1986,9,30,7,105,45,93,21.7,20,90,1009,3.6,190,0
1986,9,30,8,402,745,68,23.9,20.6,82,1009,4.6,200,0
1986,9,30,9,569,823,83,26.7,21.1,72,1009,4.6,220,0
1986,9,30,10,690,864,93,29.4,20.6,59,1008,4.1,210,0
1986,9,30,11,747,874,98,31.1,21.1,55,1007,4.1,200,0
1986,9,30,12,753,881,98,32.2,21.1,52,1007,5.2,170,0
1986,9,30,13,586,588,180,32.8,20.6,49,1006,5.2,220,0
1986,9,30,14,522,685,119,32.8,20.6,49,1005,4.6,200,0
1986,9,30,15,362,610,91,32.2,20,48,1004,4.6,190,0
1986,9,30,16,208,593,48,30.6,21.1,57,1004,5.2,200,0
1986,9,30,17,46,219,24,28.9,20.6,61,1005,3.6,190,0
1986,9,30,18,0,0,0,27.2,21.1,69,1005,4.1,190,0
1986,9,30,19,0,0,0,26.1,21.1,74,1005,4.1,190,0
1986,9,30,20,0,0,0,25,20.6,76,1005,4.1,190,0
1986,9,30,21,0,0,0,23.3,19.3,82,1005,4,190,0
1986,9,30,22,0,0,0,21.5,18.1,90,1005,3.8,200,0
1986,9,30,23,0,0,0,19.8,16.8,90,1005,3.7,190,0
1980,10,1,0,0,0,0,18,15.5,93,1002,3.5,340,0
1980,10,1,1,0,0,0,16.3,14.2,96,1002,3.4,350,0
1980,10,1,2,0,0,0,14.5,13,93,1001,3.2,350,0
1980,10,1,3,0,0,0,12.8,11.7,93,1001,3.1,350,0
1980,10,1,4,0,0,0,11.7,11.1,96,1001,2.6,350,0
1980,10,1,5,0,0,0,12.8,11.7,93,1002,2.6,350,0
1980,10,1,6,11,0,10,13.3,12.2,93,1002,3.1,330,0
1980,10,1,7,102,118,70,15,13.3,90,1002,3.1,350,0
1980,10,1,8,201,57,181,17.2,13.9,81,1002,2.6,360,0
1980,10,1,9,258,47,237,18.9,13.9,73,1002,2.1,350,0
1980,10,1,10,163,0,174,20,13.9,68,1002,3.1,340,0
1980,10,1,11,239,1,255,21.7,13.9,61,1001,2.1,360,0
1980,10,1,12,589,417,281,23.9,15.6,60,1000,2.1,340,0
1980,10,1,13,580,592,180,24.4,15,56,999,1.5,120,0
1980,10,1,14,545,728,134,26.1,13.9,47,999,4.1,50,0
1980,10,1,15,234,305,106,23.9,13.3,52,998,2.1,150,0
1980,10,1,16,142,183,98,23.3,14.4,58,998,3.1,160,0
1980,10,1,17,15,8,14,22.2,14.4,62,999,1.5,160,0
1980,10,1,18,0,0,0,21.1,15.6,71,999,3.6,160,0
1980,10,1,19,0,0,0,20,14.4,71,1000,3.1,150,0
1980,10,1,20,0,0,0,18.9,13.3,70,1000,2.6,190,0
1980,10,1,21,0,0,0,18.9,13.9,73,999,2.1,170,0
1980,10,1,22,0,0,0,18.3,13.9,75,999,2.1,160,0
1980,10,1,23,0,0,0,17.2,13.9,81,999,0,0,0
1980,10,2,0,0,0,0,16.7,13.9,84,998,0,0,0
1980,10,2,1,0,0,0,17.2,13.9,81,998,0,0,0
1980,10,2,2,0,0,0,16.1,13.9,87,997,2.6,130,0
1980,10,2,3,0,0,0,16.1,13.9,87,997,2.1,170,0
1980,10,2,4,0,0,0,16.7,13.9,84,997,2.6,170,0
1980,10,2,5,0,0,0,16.1,13.9,87,997,2.6,200,0
1980,10,2,6,15,0,15,16.1,13.9,87,997,3.6,170,0
1980,10,2,7,94,1,99,17.2,13.9,81,997,4.1,180,0
1980,10,2,8,236,63,213,20.6,13.9,66,997,4.1,200,0
1980,10,2,9,198,6,202,21.7,15,66,997,3.1,200,0
1980,10,2,10,394,185,260,24.4,16.7,62,996,4.1,200,0
1980,10,2,11,695,686,198,25.6,16.7,58,996,5.2,200,0
1980,10,2,12,662,650,179,27.2,16.7,53,995,6.2,160,0
1980,10,2,13,424,239,259,26.7,15,49,994,5.7,180,0
1980,10,2,14,367,227,238,26.7,14.4,47,994,4.6,160,0
1980,10,2,15,66,3,65,19.4,13.3,68,995,8.2,320,0
1980,10,2,16,30,0,31,16.1,12.8,81,997,5.7,310,0
1980,10,2,17,8,0,8,16.1,12.8,81,997,4.1,350,0
1980,10,2,18,0,0,0,15.6,11.7,78,998,5.2,340,0
1980,10,2,19,0,0,0,14.4,10.6,78,999,6.2,330,0
1980,10,2,20,0,0,0,13.3,11.1,87,1000,3.6,340,0
1980,10,2,21,0,0,0,13.3,12.2,93,1000,2.6,340,0
1980,10,2,22,0,0,0,13.3,12.2,93,1000,0,0,0
1980,10,2,23,0,0,0,13.3,12.2,93,1000,0,0,0
1980,10,3,0,0,0,0,13.9,12.2,90,1000,0,0,0
1980,10,3,1,0,0,0,13.3,12.2,93,1000,0,0,0
1980,10,3,2,0,0,0,11.7,11.1,96,999,0,0,0
1980,10,3,3,0,0,0,11.1,10,93,999,0,0,0
1980,10,3,4,0,0,0,11.1,10,93,1000,2.1,320,0
1980,10,3,5,0,0,0,12.2,11.1,93,999,2.6,340,0
1980,10,3,6,5,0,5,12.2,11.1,93,999,2.1,40,0
1980,10,3,7,22,0,24,12.2,11.1,93,1000,0,0,0
1980,10,3,8,67,0,72,12.8,11.1,90,1001,2.6,330,0
1980,10,3,9,94,0,100,13.3,11.7,90,1000,0,0,0
1980,10,3,10,183,0,195,13.9,11.1,83,999,2.6,40,0
1980,10,3,11,186,0,200,14.4,11.7,84,998,2.1,340,0
1980,10,3,12,236,0,244,15.6,12.2,81,997,3.1,50,0
1980,10,3,13,112,0,121,14.4,11.1,81,997,3.1,170,0
1980,10,3,14,59,0,63,13.9,11.1,83,996,2.1,140,0
1980,10,3,15,25,0,27,13.3,10.6,83,996,2.1,190,0
1980,10,3,16,30,0,31,13.3,11.1,87,996,3.1,110,0
1980,10,3,17,10,0,10,12.2,10.6,90,996,2.1,190,0
1980,10,3,18,0,0,0,11.7,10.6,93,995,0,0,0
1980,10,3,19,0,0,0,10.6,9.4,93,996,2.1,240,0
1980,10,3,20,0,0,0,11.1,10,93,997,2.1,220,0
1980,10,3,21,0,0,0,12.2,10,86,997,2.6,280,0
1980,10,3,22,0,0,0,11.7,10,90,996,2.1,280,0
1980,10,3,23,0,0,0,9.4,8.9,96,996,0,0,0
1980,10,4,0,0,0,0,8.3,7.8,96,997,2.1,190,0
1980,10,4,1,0,0,0,9.4,8.3,93,997,3.1,180,0
1980,10,4,2,0,0,0,10,8.9,93,997,3.1,190,0
1980,10,4,3,0,0,0,10,8.9,93,997,2.1,220,0
1980,10,4,4,0,0,0,10,8.9,93,997,0,0,0
1980,10,4,5,0,0,0,9.4,8.3,93,997,0,0,0
1980,10,4,6,13,0,14,9.4,8.3,93,998,1.5,170,0
1980,10,4,7,97,19,94,11.1,9.4,90,999,3.1,200,0
1980,10,4,8,344,468,146,13.9,8.3,69,1000,4.1,250,0
1980,10,4,9,465,506,187,15,5,51,1000,3.6,290,0
1980,10,4,10,331,88,277,15,5.6,54,1001,5.2,300,0
1980,10,4,11,579,545,185,16.1,4.4,46,1001,4.1,300,0
1980,10,4,12,523,451,198,17.8,3.3,38,1001,5.2,310,0
1980,10,4,13,559,546,206,16.7,2.8,40,1001,5.2,280,0
1980,10,4,14,458,492,180,16.1,2.8,41,1002,5.2,310,0
1980,10,4,15,394,684,119,16.7,2.8,40,1002,5.2,300,0
1980,10,4,16,153,272,81,15,2.8,44,1003,6.2,320,0
1980,10,4,17,17,0,17,12.8,3.3,53,1004,2.6,320,0
1980,10,4,18,0,0,0,11.7,3.3,57,1005,3.1,320,0
1980,10,4,19,0,0,0,11.7,3.9,59,1006,2.6,320,0
1980,10,4,20,0,0,0,10.6,3.9,64,1006,2.6,320,0
1980,10,4,21,0,0,0,10,4.4,69,1007,0,0,0
1980,10,4,22,0,0,0,10,4.4,69,1007,1.5,330,0
1980,10,4,23,0,0,0,10,5,71,1007,2.1,340,0
1980,10,5,0,0,0,0,10,5,71,1008,2.1,320,0
1980,10,5,1,0,0,0,10,4.4,69,1008,3.6,340,0
1980,10,5,2,0,0,0,9.4,4.4,71,1009,4.1,340,0
1980,10,5,3,0,0,0,10,4.4,69,1009,4.1,340,0
1980,10,5,4,0,0,0,9.4,5,74,1009,2.6,20,0
1980,10,5,5,0,0,0,9.4,4.4,71,1010,2.1,360,0
1980,10,5,6,8,0,8,9.4,5,74,1011,2.6,360,0
1980,10,5,7,63,0,66,10,5.6,74,1011,3.1,350,0
1980,10,5,8,285,332,167,12.2,4.4,59,1012,4.1,20,0
1980,10,5,9,509,580,183,14.4,3.9,49,1012,4.1,30,0
1980,10,5,10,596,468,275,16.1,3.3,43,1012,2.1,360,0
1980,10,5,11,639,406,340,16.7,4.4,45,1012,5.2,330,0
1980,10,5,12,705,715,191,17.8,3.9,40,1011,2.6,360,0
1980,10,5,13,626,668,184,16.7,2.8,40,1011,4.1,340,0
1980,10,5,14,401,253,245,16.7,3.3,41,1011,4.1,30,0
1980,10,5,15,244,109,197,16.1,2.8,41,1011,3.1,340,0
1980,10,5,16,100,43,88,15,3.3,46,1011,2.6,330,0
1980,10,5,17,18,0,19,13.3,6.1,62,1012,2.6,310,0
1980,10,5,18,0,0,0,12.8,5,59,1012,3.6,330,0
1980,10,5,19,0,0,0,12.8,4.4,57,1012,3.6,340,0
1980,10,5,20,0,0,0,12.2,3.9,57,1013,4.1,350,0
1980,10,5,21,0,0,0,11.7,3.9,59,1013,3.6,340,0
1980,10,5,22,0,0,0,10.6,4.4,66,1013,2.1,360,0
1980,10,5,23,0,0,0,10,4.4,69,1013,2.1,310,0
1980,10,6,0,0,0,0,10,4.4,69,1013,2.6,340,0
1980,10,6,1,0,0,0,10,3.9,66,1013,2.6,340,0
1980,10,6,2,0,0,0,9.4,3.3,66,1013,3.1,340,0
1980,10,6,3,0,0,0,7.2,2.2,71,1013,1.5,340,0
1980,10,6,4,0,0,0,6.1,2.2,76,1014,4.1,320,0
1980,10,6,5,0,0,0,5.6,1.1,73,1014,2.1,320,0
1980,10,6,6,30,181,14,5.6,1.1,73,1014,0,0,0
1980,10,6,7,185,638,46,10,2.2,59,1015,3.6,330,0
1980,10,6,8,368,779,66,12.2,2.2,51,1015,4.6,330,0
1980,10,6,9,537,856,78,13.9,2.2,46,1015,5.2,330,0
1980,10,6,10,660,892,85,15,1.1,39,1015,4.1,340,0
1980,10,6,11,716,891,93,16.1,1.7,38,1014,4.1,340,0
1980,10,6,12,710,884,94,17.2,2.8,38,1013,5.2,360,0
1980,10,6,13,645,865,89,17.2,2.8,38,1012,3.6,320,0
1980,10,6,14,526,826,79,17.8,2.2,35,1012,5.2,310,0
1980,10,6,15,357,740,66,16.7,1.7,37,1011,5.2,300,0
1980,10,6,16,171,571,46,15.6,1.1,38,1011,4.1,300,0
1980,10,6,17,25,155,13,12.2,1.1,47,1011,2.1,340,0
1980,10,6,18,0,0,0,8.9,1.7,61,1011,0,0,0
1980,10,6,19,0,0,0,5.6,2.8,83,1011,0,0,0
1980,10,6,20,0,0,0,4.4,2.2,86,1011,0,0,0
1980,10,6,21,0,0,0,3.3,1.7,89,1011,1.5,160,0
1980,10,6,22,0,0,0,3.9,2.2,89,1011,0,0,0
1980,10,6,23,0,0,0,2.8,1.7,92,1010,0,0,0
1980,10,7,0,0,0,0,3.3,2.2,93,1011,0,0,0
1980,10,7,1,0,0,0,3.3,1.7,89,1011,0,0,0
1980,10,7,2,0,0,0,2.8,1.7,92,1010,0,0,0
1980,10,7,3,0,0,0,1.7,1.7,100,1010,0,0,0
1980,10,7,4,0,0,0,4.4,3.3,93,1010,0,0,0
1980,10,7,5,0,0,0,6.1,3.9,86,1009,0,0,0
1980,10,7,6,6,0,7,6.7,5,89,1009,0,0,0
1980,10,7,7,56,0,60,7.8,6.1,89,1009,0,0,0
1980,10,7,8,305,388,147,11.7,7.2,74,1009,0,0,0
1980,10,7,9,491,710,112,15,5,51,1009,2.6,210,0
1980,10,7,10,617,753,131,17.8,3.9,40,1008,5.2,190,0
1980,10,7,11,671,745,148,18.3,3.9,39,1008,4.1,200,0
1980,10,7,12,665,721,160,19.4,3.9,36,1006,5.2,180,0
1980,10,7,13,603,695,156,20,4.4,36,1005,6.2,210,0
1980,10,7,14,490,681,124,20,4.4,36,1004,3.6,230,0
1980,10,7,15,331,598,98,20,5,38,1004,3.6,210,0
1980,10,7,16,133,244,75,18.3,5.6,43,1004,3.1,160,0
1980,10,7,17,20,15,21,13.9,6.7,62,1004,3.1,140,0
1980,10,7,18,0,0,0,12.8,7.2,69,1004,3.6,150,0
1980,10,7,19,0,0,0,12.2,6.7,69,1004,2.6,170,0
1980,10,7,20,0,0,0,10.6,6.7,77,1005,2.6,180,0
1980,10,7,21,0,0,0,9.4,6.1,80,1005,1.5,160,0
1980,10,7,22,0,0,0,8.3,6.1,86,1005,0,0,0
1980,10,7,23,0,0,0,6.7,5.6,93,1005,0,0,0
1980,10,8,0,0,0,0,5.6,4.4,93,1005,0,0,0
1980,10,8,1,0,0,0,5,3.9,93,1004,0,0,0
1980,10,8,2,0,0,0,3.9,2.8,93,1004,0,0,0
1980,10,8,3,0,0,0,3.9,2.8,93,1004,0,0,0
1980,10,8,4,0,0,0,3.3,2.2,93,1004,0,0,0
1980,10,8,5,0,0,0,4.4,3.3,93,1004,0,0,0
1980,10,8,6,20,43,13,4.4,3.3,93,1004,0,0,0
1980,10,8,7,163,499,51,8.9,7.2,89,1004,0,0,0
1980,10,8,8,340,695,70,13.9,8.9,72,1003,2.1,180,0
1980,10,8,9,503,783,83,18.9,8.3,51,1003,3.6,180,0
1980,10,8,10,621,825,91,21.1,8.9,46,1003,2.1,170,0
1980,10,8,11,681,841,97,22.2,8.3,41,1002,4.1,230,0
1980,10,8,12,655,758,128,23.3,8.3,38,1001,0,0,0
1980,10,8,13,608,781,112,23.3,8.3,38,1000,3.1,270,0
1980,10,8,14,479,683,113,23.9,8.3,37,1000,2.6,220,0
1980,10,8,15,318,622,81,23.9,8.3,37,999,5.2,230,0
1980,10,8,16,147,463,51,22.8,8.9,41,999,3.1,220,0
1980,10,8,17,18,85,13,18.3,8.9,54,999,3.1,150,0
1980,10,8,18,0,0,0,16.7,10,65,999,3.1,160,0
1980,10,8,19,0,0,0,13.3,10,80,999,0,0,0
1980,10,8,20,0,0,0,12.8,10,83,999,0,0,0
1980,10,8,21,0,0,0,11.7,9.4,86,999,0,0,0
1980,10,8,22,0,0,0,11.7,10,90,999,0,0,0
1980,10,8,23,0,0,0,10,8.9,93,999,0,0,0
1980,10,9,0,0,0,0,8.3,7.8,96,999,0,0,0
1980,10,9,1,0,0,0,8.3,7.8,96,999,0,0,0
1980,10,9,2,0,0,0,9.4,8.9,96,999,0,0,0
1980,10,9,3,0,0,0,10.6,10,96,999,0,0,0
1980,10,9,4,0,0,0,10.6,9.4,93,999,0,0,0
1980,10,9,5,0,0,0,11.1,10,93,999,1.5,190,0
1980,10,9,6,22,64,15,11.7,10.6,93,999,0,0,0
1980,10,9,7,149,394,60,15.6,13.3,87,1000,2.1,190,0
1980,10,9,8,317,588,91,20,13.9,68,1000,1.5,230,0
1980,10,9,9,462,639,120,23.3,14.4,58,1000,1.5,180,0
1980,10,9,10,586,668,160,26.7,15.6,51,1000,0,0,0
1980,10,9,11,643,638,202,27.2,15,47,1000,0,0,0
1980,10,9,12,521,368,264,27.2,15,47,1000,3.1,320,0
1980,10,9,13,375,201,256,26.1,15.6,52,999,3.6,360,0
1980,10,9,14,365,229,250,26.1,15.6,52,1000,5.2,30,0
1980,10,9,15,212,134,172,25.6,15,52,1000,5.2,40,0
1980,10,9,16,105,128,80,23.9,14.4,56,1000,3.1,50,0
1980,10,9,17,12,7,13,21.1,14.4,66,1001,2.6,30,0
1980,10,9,18,0,0,0,20,15,73,1001,1.5,60,0
1980,10,9,19,0,0,0,20,15,73,1002,2.6,90,0
1980,10,9,20,0,0,0,18.3,13.9,75,1003,2.6,60,0
1980,10,9,21,0,0,0,17.2,12.8,75,1004,3.6,20,0
1980,10,9,22,0,0,0,15,10,72,1004,2.1,10,0
1980,10,9,23,0,0,0,13.9,10,78,1004,2.1,360,0
1980,10,10,0,0,0,0,14.4,9.4,72,1005,5.2,50,0
1980,10,10,1,0,0,0,14.4,6.7,60,1005,3.1,40,0
1980,10,10,2,0,0,0,14.4,6.7,60,1006,3.1,40,0
1980,10,10,3,0,0,0,13.9,2.8,47,1006,4.6,50,0
1980,10,10,4,0,0,0,13.3,2.2,47,1006,4.1,40,0
1980,10,10,5,0,0,0,12.8,2.2,49,1007,3.6,40,0
1980,10,10,6,11,0,12,12.2,2.8,53,1007,3.1,40,0
1980,10,10,7,52,0,56,12.8,3.3,53,1007,3.1,40,0
1980,10,10,8,65,0,70,12.8,4.4,57,1007,3.1,80,0
1980,10,10,9,83,0,89,13.3,5,57,1007,2.1,360,0
1980,10,10,10,86,0,92,13.3,5.6,60,1007,3.6,40,0
1980,10,10,11,115,0,123,13.9,6.1,60,1006,2.1,360,0
1980,10,10,12,141,0,150,14.4,6.7,60,1005,0,0,0
1980,10,10,13,96,0,101,13.9,7.2,64,1004,2.1,30,0
1980,10,10,14,67,0,71,13.3,8.3,72,1004,2.1,30,0
1980,10,10,15,43,0,46,12.8,8.9,77,1003,0,0,0
1980,10,10,16,14,0,14,12.2,9.4,83,1003,1.5,50,0
1980,10,10,17,1,0,1,11.7,9.4,86,1002,2.6,30,0
1980,10,10,18,0,0,0,11.7,10,90,1003,2.1,340,0
1980,10,10,19,0,0,0,11.1,10,93,1002,2.1,320,0
1980,10,10,20,0,0,0,10.6,10,96,1002,0,0,0
1980,10,10,21,0,0,0,11.1,10,93,1001,0,0,0
1980,10,10,22,0,0,0,11.7,10,90,1001,0,0,0
1980,10,10,23,0,0,0,10,9.4,96,1000,0,0,0
1980,10,11,0,0,0,0,9.4,8.9,96,999,0,0,0
1980,10,11,1,0,0,0,10,9.4,96,998,0,0,0
1980,10,11,2,0,0,0,10,9.4,96,997,2.6,200,0
1980,10,11,3,0,0,0,10.6,10,96,997,2.6,330,0
1980,10,11,4,0,0,0,10,9.4,96,997,0,0,0
1980,10,11,5,0,0,0,10,9.4,96,996,2.1,140,0
1980,10,11,6,16,1,16,11.1,10.6,96,996,0,0,0
1980,10,11,7,84,5,82,11.7,11.1,96,996,0,0,0
1980,10,11,8,140,6,137,12.8,12.2,96,996,0,0,0
1980,10,11,9,299,120,241,15.6,13.3,87,996,1.5,360,0
1980,10,11,10,407,165,308,20.6,12.2,59,996,4.6,310,0
1980,10,11,11,546,378,289,22.8,10,44,995,3.6,330,0
1980,10,11,12,231,48,206,20,9.4,51,994,0,0,0
1980,10,11,13,429,329,227,22.8,8.3,40,993,1.5,360,0
1980,10,11,14,454,640,120,25,6.7,31,992,7.2,290,0
1980,10,11,15,326,687,68,24.4,1.7,23,992,7.2,290,0
1980,10,11,16,147,508,45,22.2,0.6,24,993,7.7,310,0
1980,10,11,17,16,74,12,18.9,1.1,31,994,3.1,310,0
1980,10,11,18,0,0,0,16.7,0.6,34,994,4.1,310,0
1980,10,11,19,0,0,0,13.9,1.1,42,995,5.7,290,0
1980,10,11,20,0,0,0,16.1,2.8,41,997,8.2,310,0
1980,10,11,21,0,0,0,14.4,2.8,46,998,4.6,320,0
1980,10,11,22,0,0,0,13.3,2.2,47,998,4.1,310,0
1980,10,11,23,0,0,0,11.7,1.1,49,998,4.1,300,0
1980,10,12,0,0,0,0,11.1,1.1,50,998,7.7,310,0
1980,10,12,1,0,0,0,10.6,1.1,52,998,6.2,300,0
1980,10,12,2,0,0,0,9.4,1.1,56,999,3.6,290,0
1980,10,12,3,0,0,0,8.9,0.6,56,999,6.2,290,0
1980,10,12,4,0,0,0,8.3,0,56,1000,1.5,230,0
1980,10,12,5,0,0,0,8.9,0,54,1000,3.1,280,0
1980,10,12,6,28,188,15,7.8,1.1,63,1001,2.6,230,0
1980,10,12,7,109,174,83,11.1,1.1,50,1001,6.2,270,0
1980,10,12,8,313,579,92,13.3,1.1,44,1001,6.2,270,0
1980,10,12,9,320,409,106,13.3,1.1,44,1001,9.3,290,0
1980,10,12,10,306,183,185,13.9,1.1,42,1001,8.2,310,0
1980,10,12,11,456,408,179,13.9,0.6,40,1001,7.2,310,0
1980,10,12,12,591,596,193,16.1,1.7,38,1001,8.8,300,0
1980,10,12,13,567,632,180,14.4,0.6,39,1001,7.7,310,0
1980,10,12,14,231,130,174,13.3,1.1,44,1002,8.2,310,0
1980,10,12,15,130,103,102,12.2,-0.6,42,1002,6.7,280,0
1980,10,12,16,130,269,70,11.7,0.6,47,1002,4.1,280,0
1980,10,12,17,10,16,9,10.6,0,48,1003,6.7,290,0
1980,10,12,18,0,0,0,9.4,0.6,54,1004,5.7,290,0
1980,10,12,19,0,0,0,10,1.1,54,1004,6.2,290,0
1980,10,12,20,0,0,0,8.3,1.1,61,1005,2.6,290,0
1980,10,12,21,0,0,0,7.2,1.1,65,1005,2.1,240,0
1980,10,12,22,0,0,0,6.7,1.1,68,1005,2.1,230,0
1980,10,12,23,0,0,0,5,0.6,73,1005,2.6,260,0
1980,10,13,0,0,0,0,4.4,1.1,79,1006,1.5,150,0
1980,10,13,1,0,0,0,6.7,1.1,68,1006,5.2,300,0
1980,10,13,2,0,0,0,7.8,1.1,63,1006,6.2,290,0
1980,10,13,3,0,0,0,6.1,0.6,68,1006,2.1,310,0
1980,10,13,4,0,0,0,6.7,0.6,65,1007,5.2,300,0
1980,10,13,5,0,0,0,6.7,0.6,65,1007,5.2,300,0
1980,10,13,6,22,158,10,6.7,6.1,96,1008,5.2,300,0
1980,10,13,7,166,585,45,9.4,1.1,56,1009,3.6,300,0
1980,10,13,8,358,606,141,11.1,1.1,50,1009,6.2,320,0
1980,10,13,9,377,393,186,12.2,0,43,1009,9.3,320,0
1980,10,13,10,351,188,241,11.1,-1.1,43,1009,7.2,310,0
1980,10,13,11,466,416,191,12.2,-1.7,38,1009,9.3,290,0
1980,10,13,12,657,557,292,13.3,-2.8,33,1008,9.8,290,0
1980,10,13,13,387,300,209,13.9,-2.8,32,1007,8.2,310,0
1980,10,13,14,497,655,165,14.4,-3.3,29,1007,7.7,310,0
1980,10,13,15,215,302,96,12.8,-3.3,33,1007,6.7,310,0
1980,10,13,16,133,368,69,11.7,-3.3,35,1008,6.2,320,0
1980,10,13,17,12,50,9,10.6,-3.3,38,1008,6.7,320,0
1980,10,13,18,0,0,0,8.3,-4.4,41,1009,2.1,330,0
1980,10,13,19,0,0,0,6.7,-1.7,56,1010,3.6,320,0
1980,10,13,20,0,0,0,6.1,-1.7,58,1010,2.6,310,0
1980,10,13,21,0,0,0,2.2,-1.7,76,1010,0,0,0
1980,10,13,22,0,0,0,0,-2.2,85,1010,1.5,220,0
1980,10,13,23,0,0,0,1.1,-1.7,82,1010,1.5,160,0
1980,10,14,0,0,0,0,-0.6,-2.8,85,1011,0,0,0
1980,10,14,1,0,0,0,-1.1,-2.8,89,1011,1.5,250,0
1980,10,14,2,0,0,0,2.2,-1.7,76,1011,3.1,280,0
1980,10,14,3,0,0,0,-0.6,-2.2,89,1012,0,0,0
1980,10,14,4,0,0,0,-1.1,-3.3,85,1012,0,0,0
1980,10,14,5,0,0,0,-1.1,-3.3,85,1013,0,0,0
1980,10,14,6,20,117,11,-1.1,-3.3,85,1013,2.1,120,0
1980,10,14,7,148,486,48,5,1.1,76,1014,1.5,50,0
1980,10,14,8,325,686,73,8.3,0.6,58,1014,4.6,340,0
1980,10,14,9,495,818,78,11.1,0,47,1013,5.2,340,0
1980,10,14,10,614,868,85,12.2,0,43,1013,5.7,310,0
1980,10,14,11,662,853,97,13.3,0.6,42,1013,5.2,310,0
1980,10,14,12,650,832,101,15.6,0.6,36,1012,5.2,350,0
1980,10,14,13,582,775,115,16.7,0.6,34,1011,4.1,280,0
1980,10,14,14,440,615,127,16.7,0,32,1011,3.1,300,0
1980,10,14,15,280,499,99,16.1,0,34,1011,3.6,300,0
1980,10,14,16,114,299,56,13.9,-0.6,37,1010,2.6,60,0
1980,10,14,17,12,22,10,10.6,0.6,50,1010,0,0,0
1980,10,14,18,0,0,0,8.9,0,54,1010,0,0,0
1980,10,14,19,0,0,0,7.2,0.6,63,1010,0,0,0
1980,10,14,20,0,0,0,6.7,1.1,68,1011,0,0,0
1980,10,14,21,0,0,0,5.6,2.2,79,1011,0,0,0
1980,10,14,22,0,0,0,6.1,3.3,83,1010,0,0,0
1980,10,14,23,0,0,0,6.7,3.3,80,1010,0,0,0
1980,10,15,0,0,0,0,5,2.8,86,1010,0,0,0
1980,10,15,1,0,0,0,5,2.8,86,1010,2.6,340,0
1980,10,15,2,0,0,0,5.6,3.9,89,1010,0,0,0
1980,10,15,3,0,0,0,6.1,3.9,86,1010,0,0,0
1980,10,15,4,0,0,0,5,3.3,89,1010,0,0,0
1980,10,15,5,0,0,0,5,2.8,86,1011,0,0,0
1980,10,15,6,13,20,10,5,3.3,89,1011,0,0,0
1980,10,15,7,114,184,74,8.3,4.4,77,1011,2.1,310,0
1980,10,15,8,257,405,97,11.1,5,66,1011,0,0,0
1980,10,15,9,471,764,82,13.9,5.6,57,1012,1.5,360,0
1980,10,15,10,602,808,112,16.7,5.6,48,1011,2.1,310,0
1980,10,15,11,590,614,176,18.9,6.1,43,1011,2.1,110,0
1980,10,15,12,642,796,120,21.1,6.1,38,1010,3.1,200,0
1980,10,15,13,582,742,139,22.8,6.1,34,1009,2.6,190,0
1980,10,15,14,461,681,122,23.9,5,30,1009,3.1,160,0
1980,10,15,15,284,450,127,23.9,5.6,31,1009,3.6,170,0
1980,10,15,16,88,173,56,20,8.3,47,1009,4.6,150,0
1980,10,15,17,6,1,7,17.2,8.3,56,1009,2.6,130,0
1980,10,15,18,0,0,0,15,8.3,65,1009,2.6,140,0
1980,10,15,19,0,0,0,13.9,8.3,69,1010,0,0,0
1980,10,15,20,0,0,0,9.4,6.7,83,1010,2.1,280,0
1980,10,15,21,0,0,0,8.9,7.2,89,1010,0,0,0
1980,10,15,22,0,0,0,8.3,6.7,89,1010,0,0,0
1980,10,15,23,0,0,0,8.3,7.2,93,1010,0,0,0
1980,10,16,0,0,0,0,7.2,6.1,93,1011,0,0,0
1980,10,16,1,0,0,0,6.7,6.1,96,1011,0,0,0
1980,10,16,2,0,0,0,4.4,3.9,96,1011,0,0,0
1980,10,16,3,0,0,0,5.6,4.4,93,1011,0,0,0
1980,10,16,4,0,0,0,4.4,3.9,96,1011,0,0,0
1980,10,16,5,0,0,0,4.4,3.3,93,1012,0,0,0
1980,10,16,6,15,9,13,4.4,3.9,96,1012,1.5,50,0
1980,10,16,7,123,295,64,8.3,6.1,86,1013,1.5,300,0
1980,10,16,8,305,532,125,12.8,9.4,80,1013,2.6,10,0
1980,10,16,9,417,563,135,18.3,10,59,1013,0,0,0
1980,10,16,10,549,686,139,21.7,10,48,1013,0,0,0
1980,10,16,11,594,679,151,24.4,9.4,39,1012,3.6,140,0
1980,10,16,12,591,680,149,26.1,8.9,34,1011,4.1,220,0
1980,10,16,13,547,685,141,26.7,7.8,30,1011,2.6,140,0
1980,10,16,14,416,586,129,26.7,7.8,30,1011,1.5,170,0
1980,10,16,15,265,456,111,24.4,9.4,39,1010,4.1,130,0
1980,10,16,16,116,293,69,23.3,10.6,45,1010,4.6,130,0
1980,10,16,17,9,19,9,18.9,10.6,59,1011,3.6,140,0
1980,10,16,18,0,0,0,17.2,11.1,68,1011,3.6,150,0
1980,10,16,19,0,0,0,16.7,11.1,70,1011,0,0,0
1980,10,16,20,0,0,0,17.2,11.1,68,1011,2.6,170,0
1980,10,16,21,0,0,0,14.4,10.6,78,1012,2.6,190,0
1980,10,16,22,0,0,0,13.9,11.1,83,1012,2.1,180,0
1980,10,16,23,0,0,0,13.9,11.1,83,1012,2.1,160,0
1980,10,17,0,0,0,0,11.7,10.6,93,1011,2.1,200,0
1980,10,17,1,0,0,0,11.7,10.6,93,1011,0,0,0
1980,10,17,2,0,0,0,8.9,8.9,100,1011,0,0,0
1980,10,17,3,0,0,0,10,9.4,96,1011,0,0,0
1980,10,17,4,0,0,0,9.4,9.4,100,1011,2.1,160,0
1980,10,17,5,0,0,0,9.4,9.4,100,1011,2.6,200,0
1980,10,17,6,15,29,11,10,9.4,96,1011,2.6,180,0
1980,10,17,7,138,323,65,13.9,13.3,96,1011,2.1,190,0
1980,10,17,8,291,553,90,17.2,13.3,78,1011,4.1,170,0
1980,10,17,9,448,674,111,20.6,13.9,66,1011,4.1,150,0
1980,10,17,10,563,726,126,24.4,15,56,1010,5.7,160,0
1980,10,17,11,562,554,194,26.7,13.9,45,1009,7.7,190,0
1980,10,17,12,523,424,242,26.1,13.3,45,1008,7.7,170,0
1980,10,17,13,477,420,221,26.1,13.3,45,1007,8.2,210,0
1980,10,17,14,378,354,205,25.6,13.3,47,1007,6.2,210,0
1980,10,17,15,202,159,144,25,12.8,47,1007,7.2,180,0
1980,10,17,16,90,55,80,23.3,13.3,54,1006,5.2,180,0
1980,10,17,17,5,0,6,21.7,12.8,57,1006,3.6,150,0
1980,10,17,18,0,0,0,21.1,12.8,59,1006,3.6,160,0
1980,10,17,19,0,0,0,20.6,13.9,66,1006,5.2,170,0
1980,10,17,20,0,0,0,20.6,13.9,66,1006,4.1,170,0
1980,10,17,21,0,0,0,20.6,14.4,68,1006,4.6,170,0
1980,10,17,22,0,0,0,20.6,14.4,68,1005,4.6,180,0
1980,10,17,23,0,0,0,20.6,14.4,68,1004,5.2,190,0
1980,10,18,0,0,0,0,20.6,15,71,1004,5.2,200,0
1980,10,18,1,0,0,0,20,16.1,78,1003,6.7,200,0
1980,10,18,2,0,0,0,20,16.7,81,1003,7.2,210,0
1980,10,18,3,0,0,0,20.6,16.7,79,1002,7.7,200,0
1980,10,18,4,0,0,0,20.6,17.2,81,1002,7.2,180,0
1980,10,18,5,0,0,0,20.6,17.2,81,1002,6.2,190,0
1980,10,18,6,1,0,1,19.4,17.8,90,1002,6.2,190,0
1980,10,18,7,21,0,24,19.4,18.3,93,1002,6.2,170,0
1980,10,18,8,76,2,80,20,18.3,90,1002,5.7,180,0
1980,10,18,9,171,10,171,21.1,19.4,90,1001,7.2,180,0
1980,10,18,10,343,105,271,22.8,18.9,79,1001,9.8,200,0
1980,10,18,11,540,345,307,25,18.9,69,1000,9.3,200,0
1980,10,18,12,380,227,231,26.1,18.9,65,999,8.2,220,0
1980,10,18,13,269,107,203,26.1,18.3,62,999,8.8,220,0
1980,10,18,14,16,0,17,18.3,16.1,87,1000,4.6,300,0
1980,10,18,15,17,0,18,17.2,15.6,90,1000,0,0,0
1980,10,18,16,8,0,8,17.2,15.6,90,1000,2.1,140,0
1980,10,18,17,0,0,0,16.7,15.6,93,1000,0,0,0
1980,10,18,18,0,0,0,16.7,15.6,93,1000,0,0,0
1980,10,18,19,0,0,0,16.7,15.6,93,1000,0,0,0
1980,10,18,20,0,0,0,16.1,15.6,97,999,0,0,0
1980,10,18,21,0,0,0,15.6,15.6,100,1000,0,0,0
1980,10,18,22,0,0,0,15.6,15,97,1000,0,0,0
1980,10,18,23,0,0,0,15.6,15,97,999,0,0,0
1980,10,19,0,0,0,0,15.6,15,97,999,0,0,0
1980,10,19,1,0,0,0,15,15,100,999,0,0,0
1980,10,19,2,0,0,0,13.9,13.9,100,998,1.5,10,0
1980,10,19,3,0,0,0,13.3,12.8,96,998,2.6,70,0
1980,10,19,4,0,0,0,12.8,12.2,96,999,0,0,0
1980,10,19,5,0,0,0,12.8,11.7,93,999,2.1,180,0
1980,10,19,6,2,0,2,12.2,11.7,96,999,0,0,0
1980,10,19,7,19,0,20,13.9,10,78,999,0,0,0
1980,10,19,8,80,0,85,14.4,10,75,1000,2.6,320,0
1980,10,19,9,157,21,150,15.6,10,70,1000,2.6,310,0
1980,10,19,10,470,377,229,17.8,9.4,58,1000,3.1,320,0
1980,10,19,11,616,689,167,18.9,8.9,52,999,2.6,290,0
1980,10,19,12,591,749,106,20,7.2,43,997,2.6,340,0
1980,10,19,13,552,818,77,21.1,7.8,42,997,3.6,250,0
1980,10,19,14,444,800,66,21.7,6.7,38,996,2.1,270,0
1980,10,19,15,273,638,63,21.1,7.2,41,996,2.6,190,0
1980,10,19,16,59,74,44,20,7.2,44,996,4.1,210,0
1980,10,19,17,2,0,2,17.2,10,63,996,3.6,160,0
1980,10,19,18,0,0,0,15,10.6,75,997,2.1,340,0
1980,10,19,19,0,0,0,13.9,10.6,80,997,3.1,180,0
1980,10,19,20,0,0,0,13.3,10.6,83,997,0,0,0
1980,10,19,21,0,0,0,11.1,9.4,90,998,2.6,130,0
1980,10,19,22,0,0,0,12.2,8.3,77,998,2.1,310,0
1980,10,19,23,0,0,0,12.2,6.7,69,999,5.2,320,0
1980,10,20,0,0,0,0,11.7,5.6,66,1000,6.7,320,0
1980,10,20,1,0,0,0,10.6,2.8,59,1000,7.2,320,0
1980,10,20,2,0,0,0,9.4,1.1,56,1001,4.1,310,0
1980,10,20,3,0,0,0,7.8,1.1,63,1001,5.2,320,0
1980,10,20,4,0,0,0,6.1,0.6,68,1001,2.1,10,0
1980,10,20,5,0,0,0,5,0.6,73,1001,2.6,120,0
1980,10,20,6,17,82,13,5.6,0.6,71,1002,3.1,320,0
1980,10,20,7,133,479,45,9.4,1.7,59,1003,5.2,300,0
1980,10,20,8,312,715,66,11.7,0.6,47,1003,8.8,280,0
1980,10,20,9,472,835,69,12.8,0.6,43,1003,5.2,290,0
1980,10,20,10,585,874,76,15,0,36,1002,5.2,240,0
1980,10,20,11,597,576,233,15,-0.6,35,1002,4.6,240,0
1980,10,20,12,555,498,226,15.6,0,35,1001,5.2,270,0
1980,10,20,13,294,52,265,15.6,0.6,36,1001,5.2,290,0
1980,10,20,14,83,0,88,14.4,0.6,39,1001,4.6,290,0
1980,10,20,15,80,9,81,14.4,0.6,39,1001,2.6,260,0
1980,10,20,16,55,7,55,13.9,1.1,42,1001,4.6,320,0
1980,10,20,17,2,0,2,12.8,2.2,49,1001,4.1,330,0
1980,10,20,18,0,0,0,12.2,2.2,51,1002,3.1,320,0
1980,10,20,19,0,0,0,11.7,2.8,55,1003,2.6,310,0
1980,10,20,20,0,0,0,11.7,3.9,59,1003,2.1,310,0
1980,10,20,21,0,0,0,10,3.9,66,1003,2.1,150,0
1980,10,20,22,0,0,0,7.8,3.9,77,1003,0,0,0
1980,10,20,23,0,0,0,7.2,3.9,80,1003,0,0,0
1980,10,21,0,0,0,0,5.6,3.3,86,1003,3.1,180,0
1980,10,21,1,0,0,0,5.6,3.3,86,1002,3.1,180,0
1980,10,21,2,0,0,0,5.6,3.3,86,1002,3.6,180,0
1980,10,21,3,0,0,0,6.1,3.3,83,1003,3.1,190,0
1980,10,21,4,0,0,0,5.6,3.3,86,1003,4.1,180,0
1980,10,21,5,0,0,0,5.6,3.3,86,1003,4.1,180,0
1980,10,21,6,12,57,9,5.6,3.3,86,1003,3.6,190,0
1980,10,21,7,128,455,47,8.9,5.6,80,1003,5.7,200,0
1980,10,21,8,294,688,61,13.9,6.7,62,1004,5.7,220,0
1980,10,21,9,450,788,74,18.3,7.2,49,1004,6.2,220,0
1980,10,21,10,569,848,76,20.6,6.7,41,1003,8.2,250,0
1980,10,21,11,627,871,78,20.6,5,36,1003,8.2,280,0
1980,10,21,12,617,856,78,22.2,4.4,31,1002,6.2,260,0
1980,10,21,13,555,836,76,22.2,4.4,31,1001,5.2,260,0
1980,10,21,14,415,694,86,23.3,3.9,28,1001,6.7,240,0
1980,10,21,15,280,580,98,22.2,3.9,30,1001,5.2,230,0
1980,10,21,16,99,397,41,20.6,5,36,1001,3.6,240,0
1980,10,21,17,5,35,3,15.6,4.4,48,1002,2.6,230,0
1980,10,21,18,0,0,0,14.4,4.4,51,1002,2.1,180,0
1980,10,21,19,0,0,0,11.7,4.4,62,1003,0,0,0
1980,10,21,20,0,0,0,11.1,4.4,64,1003,0,0,0
1980,10,21,21,0,0,0,10.6,5.6,71,1004,2.1,180,0
1980,10,21,22,0,0,0,10,5.6,74,1004,2.1,180,0
1980,10,21,23,0,0,0,8.9,5.6,80,1004,0,0,0
1980,10,22,0,0,0,0,9.4,6.1,80,1005,2.1,80,0
1980,10,22,1,0,0,0,6.7,5.6,93,1005,2.6,270,0
1980,10,22,2,0,0,0,5.6,4.4,93,1005,0,0,0
1980,10,22,3,0,0,0,5,3.9,93,1006,0,0,0
1980,10,22,4,0,0,0,4.4,3.3,93,1006,0,0,0
1980,10,22,5,0,0,0,3.9,2.8,93,1007,1.5,310,0
1980,10,22,6,11,21,9,5,3.3,89,1008,0,0,0
1980,10,22,7,97,168,67,9.4,7.2,86,1009,2.1,360,0
1980,10,22,8,253,464,87,12.8,6.1,64,1010,2.6,330,0
1980,10,22,9,429,682,101,15.6,3.9,46,1010,2.1,60,0
1980,10,22,10,539,691,136,17.2,4.4,43,1010,1.5,340,0
1980,10,22,11,602,800,101,17.8,4.4,42,1010,2.1,330,0
1980,10,22,12,603,839,82,19.4,4.4,37,1009,2.6,150,0
1980,10,22,13,533,788,88,20,3.9,35,1009,3.1,340,0
1980,10,22,14,418,752,75,21.1,2.8,30,1009,5.7,340,0
1980,10,22,15,259,637,60,20,2.8,32,1009,3.1,320,0
1980,10,22,16,92,380,36,17.2,2.8,38,1010,3.1,20,0
1980,10,22,17,5,22,5,13.3,2.2,47,1011,3.1,30,0
1980,10,22,18,0,0,0,11.7,2.8,55,1012,3.1,340,0
1980,10,22,19,0,0,0,10.6,2.2,57,1013,1.5,360,0
1980,10,22,20,0,0,0,8.9,1.7,61,1014,2.6,20,0
1980,10,22,21,0,0,0,7.2,0.6,63,1015,0,0,0
1980,10,22,22,0,0,0,6.7,0.6,65,1016,2.1,330,0
1980,10,22,23,0,0,0,5.6,0.6,71,1017,1.5,350,0
1980,10,23,0,0,0,0,3.9,-0.6,73,1018,1.5,10,0
1980,10,23,1,0,0,0,3.9,-0.6,73,1019,1.5,360,0
1980,10,23,2,0,0,0,2.2,-1.1,79,1019,0,0,0
1980,10,23,3,0,0,0,1.1,-1.7,82,1020,3.1,350,0
1980,10,23,4,0,0,0,1.7,-1.7,79,1021,2.1,350,0
1980,10,23,5,0,0,0,1.1,-1.7,82,1021,2.1,340,0
1980,10,23,6,11,74,6,-0.6,-3.3,82,1022,1.5,350,0
1980,10,23,7,126,542,34,4.4,0.6,76,1024,2.1,330,0
1980,10,23,8,303,756,53,7.8,1.7,66,1024,3.1,360,0
1980,10,23,9,417,584,142,10,0,50,1024,3.6,40,0
1980,10,23,10,495,500,198,11.7,-1.7,40,1024,4.6,40,0
1980,10,23,11,486,296,300,11.7,-1.7,40,1024,5.2,60,0
1980,10,23,12,471,232,331,11.7,-0.6,43,1022,1.5,360,0
1980,10,23,13,437,224,311,12.2,-0.6,42,1021,1.5,60,0
1980,10,23,14,251,48,232,12.2,-1.7,38,1021,3.6,40,0
1980,10,23,15,132,0,138,11.7,-2.2,38,1022,3.1,70,0
1980,10,23,16,43,0,45,10,-1.7,44,1022,2.1,70,0
1980,10,23,17,1,0,0,8.3,-1.1,52,1022,2.1,90,0
1980,10,23,18,0,0,0,7.2,0.6,63,1022,0,0,0
1980,10,23,19,0,0,0,7.2,0.6,63,1022,3.6,110,0
1980,10,23,20,0,0,0,6.7,1.1,68,1023,0,0,0
1980,10,23,21,0,0,0,6.1,1.1,71,1022,0,0,0
1980,10,23,22,0,0,0,5,1.1,76,1022,1.5,30,0
1980,10,23,23,0,0,0,4.4,1.1,79,1022,0,0,0
1980,10,24,0,0,0,0,3.3,0.6,82,1022,0,0,0
1980,10,24,1,0,0,0,2.8,0,82,1022,0,0,0
1980,10,24,2,0,0,0,0.6,-1.1,89,1022,2.1,30,0
1980,10,24,3,0,0,0,1.7,0,89,1022,0,0,0
1980,10,24,4,0,0,0,1.7,0,89,1022,0,0,0
1980,10,24,5,0,0,0,0.6,-0.6,92,1022,0,0,0
1980,10,24,6,7,3,7,0.6,-0.6,92,1021,0,0,0
1980,10,24,7,94,65,81,3.3,1.1,86,1021,2.1,350,0
1980,10,24,8,280,519,94,7.2,2.2,71,1021,2.6,350,0
1980,10,24,9,449,790,75,11.7,2.8,55,1020,5.7,80,0
1980,10,24,10,548,807,84,13.9,3.9,51,1020,6.2,80,0
1980,10,24,11,578,681,140,13.9,3.9,51,1019,5.2,140,0
1980,10,24,12,488,578,122,15.6,4.4,48,1018,7.7,80,0
1980,10,24,13,263,4,268,14.4,5,53,1017,6.7,100,0
1980,10,24,14,293,48,271,14.4,5.6,55,1016,6.2,100,0
1980,10,24,15,163,27,157,13.9,6.1,60,1016,4.6,80,0
1980,10,24,16,56,0,58,12.8,6.1,64,1015,3.6,80,0
1980,10,24,17,0,0,0,12.8,6.1,64,1015,4.1,80,0
1980,10,24,18,0,0,0,12.2,7.2,72,1015,6.7,100,0
1980,10,24,19,0,0,0,11.7,6.7,72,1014,5.2,90,0
1980,10,24,20,0,0,0,11.7,7.2,74,1013,4.6,80,0
1980,10,24,21,0,0,0,11.7,7.2,74,1012,4.1,80,0
1980,10,24,22,0,0,0,11.1,7.8,80,1010,4.6,80,0
1980,10,24,23,0,0,0,10.6,7.2,80,1009,5.2,60,0
1980,10,25,0,0,0,0,10,7.8,86,1007,4.1,50,0
1980,10,25,1,0,0,0,10,8.9,93,1005,4.1,50,0
1980,10,25,2,0,0,0,10.6,9.4,93,1002,4.1,50,0
1980,10,25,3,0,0,0,11.1,10.6,96,1001,4.6,60,0
1980,10,25,4,0,0,0,12.2,11.1,93,998,5.2,70,0
1980,10,25,5,0,0,0,12.2,11.7,96,995,3.1,20,0
1980,10,25,6,0,0,0,12.8,12.2,96,993,4.1,40,0
1980,10,25,7,3,0,3,13.9,13.3,96,991,2.6,50,0
1980,10,25,8,39,0,42,14.4,13.3,93,987,6.2,40,0
1980,10,25,9,100,0,106,11.7,11.1,96,987,8.8,300,0
1980,10,25,10,145,0,155,10.6,9.4,93,985,5.2,310,0
1980,10,25,11,190,0,202,11.7,10,90,983,5.7,290,0
1980,10,25,12,66,0,69,11.1,9.4,90,983,4.1,300,0
1980,10,25,13,253,28,238,12.2,10,86,982,7.2,300,0
1980,10,25,14,40,0,41,11.7,8.3,80,983,7.2,270,0
1980,10,25,15,12,0,11,8.9,4.4,74,986,10.3,270,0
1980,10,25,16,8,0,7,8.3,1.7,63,987,10.3,290,0
1980,10,25,17,0,0,0,8.9,1.1,59,988,9.3,280,0
1980,10,25,18,0,0,0,8.3,-0.6,54,989,9.8,270,0
1980,10,25,19,0,0,0,8.3,-1.1,52,990,6.7,270,0
1980,10,25,20,0,0,0,7.8,-2.2,50,992,13.9,280,0
1980,10,25,21,0,0,0,6.7,-2.8,51,992,8.2,280,0
1980,10,25,22,0,0,0,6.1,-3.9,49,993,8.2,270,0
1980,10,25,23,0,0,0,6.1,-5,45,994,8.8,270,0
1980,10,26,0,0,0,0,5.6,-6.1,43,995,10.3,270,0
1980,10,26,1,0,0,0,5,-5.6,47,996,8.2,270,0
1980,10,26,2,0,0,0,5,-5,49,997,8.2,280,0
1980,10,26,3,0,0,0,5,-5.6,47,998,5.2,260,0
1980,10,26,4,0,0,0,5,-5.6,47,998,7.7,270,0
1980,10,26,5,0,0,0,5,-5.6,47,1000,8.2,270,0
1980,10,26,6,5,5,5,4.4,-6.1,47,1001,7.7,270,0
1980,10,26,7,81,196,51,6.1,-5.6,43,1002,6.2,270,0
1980,10,26,8,120,0,125,6.7,-5,44,1002,6.2,270,0
1980,10,26,9,201,31,187,6.7,-4.4,45,1003,6.2,280,0
1980,10,26,10,111,0,115,8.3,-3.9,42,1004,8.2,290,0
1980,10,26,11,381,170,275,10,-3.9,38,1004,7.7,270,0
1980,10,26,12,659,898,124,10,-3.3,39,1004,7.7,300,0
1980,10,26,13,548,785,117,11.1,-2.8,38,1004,8.2,290,0
1980,10,26,14,425,800,73,10.6,-3.3,38,1004,8.2,290,0
1980,10,26,15,259,700,53,10,-3.3,39,1005,7.2,320,0
1980,10,26,16,87,447,26,7.8,-3.3,46,1006,6.2,320,0
1980,10,26,17,2,23,0,5.6,-3.3,53,1007,4.1,310,0
1980,10,26,18,0,0,0,4.4,-3.3,57,1008,4.1,300,0
1980,10,26,19,0,0,0,4.4,-3.3,57,1009,4.1,310,0
1980,10,26,20,0,0,0,3.3,-3.9,60,1010,0,0,0
1980,10,26,21,0,0,0,0,-3.9,75,1010,2.6,270,0
1980,10,26,22,0,0,0,3.9,-3.3,60,1010,6.7,280,0
1980,10,26,23,0,0,0,3.9,-3.3,60,1011,2.6,290,0
1980,10,27,0,0,0,0,2.8,-2.8,67,1012,2.6,280,0
1980,10,27,1,0,0,0,2.8,-2.8,67,1012,2.6,320,0
1980,10,27,2,0,0,0,2.2,-3.3,67,1012,2.6,140,0
1980,10,27,3,0,0,0,2.8,-3.9,62,1013,0,0,0
1980,10,27,4,0,0,0,-1.1,-3.9,82,1013,2.1,230,0
1980,10,27,5,0,0,0,-0.6,-3.9,78,1013,2.6,250,0
1980,10,27,6,9,48,6,-0.6,-3.3,82,1013,2.1,270,0
1980,10,27,7,83,27,77,1.7,-2.2,76,1015,2.1,210,0
1980,10,27,8,252,271,157,6.1,-2.2,56,1015,5.7,290,0
1980,10,27,9,397,430,194,7.2,-3.9,46,1015,5.7,310,0
1980,10,27,10,443,241,305,7.8,-2.8,48,1015,4.6,260,0
1980,10,27,11,312,29,303,8.3,-3.3,44,1014,3.6,280,0
1980,10,27,12,605,783,141,10.6,-1.7,43,1012,3.6,260,0
1980,10,27,13,499,555,185,11.7,-1.7,40,1011,4.6,180,0
1980,10,27,14,357,452,169,11.7,-1.7,40,1010,3.6,240,0
1980,10,27,15,138,54,119,11.7,-1.1,41,1010,5.2,190,0
1980,10,27,16,45,9,45,10,-1.1,46,1010,3.6,180,0
1980,10,27,17,1,0,1,7.2,0,60,1009,2.6,150,0
1980,10,27,18,0,0,0,8.9,0,54,1009,3.1,180,0
1980,10,27,19,0,0,0,9.4,0,52,1009,2.6,170,0
1980,10,27,20,0,0,0,8.9,0.6,56,1009,2.6,150,0
1980,10,27,21,0,0,0,8.9,1.1,59,1008,2.6,160,0
1980,10,27,22,0,0,0,10,1.1,54,1006,3.6,170,0
1980,10,27,23,0,0,0,9.4,1.1,56,1005,4.1,150,0
1980,10,28,0,0,0,0,8.3,2.8,68,1004,2.1,150,0
1980,10,28,1,0,0,0,10,3.9,66,1003,3.1,170,0
1980,10,28,2,0,0,0,8.3,5,80,1002,4.1,160,0
1980,10,28,3,0,0,0,7.8,5.6,86,1001,5.2,160,0
1980,10,28,4,0,0,0,8.9,5,77,1001,5.2,170,0
1980,10,28,5,0,0,0,8.9,5.6,80,1001,4.1,200,0
1980,10,28,6,0,0,0,9.4,6.1,80,1000,4.1,200,0
1980,10,28,7,10,0,10,10.6,7.8,83,1001,4.6,200,0
1980,10,28,8,35,0,36,11.1,8.9,86,1001,4.6,180,0
1980,10,28,9,46,0,47,11.7,8.9,83,1000,3.6,190,0
1980,10,28,10,134,1,140,12.8,10,83,1000,4.1,190,0
1980,10,28,11,344,109,276,15,11.1,78,999,5.2,210,0
1980,10,28,12,413,231,267,16.7,11.7,73,998,6.2,200,0
1980,10,28,13,418,315,240,18.3,11.7,65,998,2.6,200,0
1980,10,28,14,255,109,207,18.9,11.7,63,998,0,0,0
1980,10,28,15,51,0,53,18.3,11.7,65,999,4.6,350,0
1980,10,28,16,11,0,10,14.4,10,75,1000,4.6,340,0
1980,10,28,17,0,0,0,13.3,11.1,87,1000,2.6,10,0
1980,10,28,18,0,0,0,12.8,10.6,86,1001,2.6,340,0
1980,10,28,19,0,0,0,12.2,10,86,1002,4.1,350,0
1980,10,28,20,0,0,0,12.2,8.3,77,1003,5.2,340,0
1980,10,28,21,0,0,0,10,5,71,1004,5.7,340,0
1980,10,28,22,0,0,0,8.9,3.9,71,1005,6.2,320,0
1980,10,28,23,0,0,0,8.3,2.8,68,1005,4.6,340,0
1980,10,29,0,0,0,0,7.8,2.2,68,1006,4.6,340,0
1980,10,29,1,0,0,0,7.2,2.2,71,1007,4.1,340,0
1980,10,29,2,0,0,0,6.7,-0.6,60,1008,4.1,350,0
1980,10,29,3,0,0,0,5.6,-2.2,58,1009,3.1,350,0
1980,10,29,4,0,0,0,3.9,-2.8,62,1010,2.1,360,0
1980,10,29,5,0,0,0,4.4,-3.3,57,1011,3.6,360,0
1980,10,29,6,4,0,3,3.9,-3.3,60,1011,4.1,360,0
1980,10,29,7,57,32,51,4.4,-3.9,55,1013,5.2,340,0
1980,10,29,8,286,430,144,6.7,-3.3,49,1013,5.2,330,0
1980,10,29,9,337,232,235,7.2,-3.9,46,1013,5.7,310,0
1980,10,29,10,369,226,238,7.8,-3.9,44,1013,6.2,330,0
1980,10,29,11,547,415,300,10,-3.3,39,1013,6.2,340,0
1980,10,29,12,533,441,273,10.6,-3.3,38,1012,8.2,320,0
1980,10,29,13,485,460,242,10.6,-3.3,38,1012,5.2,340,0
1980,10,29,14,385,392,226,11.7,-3.3,35,1012,4.6,310,0
1980,10,29,15,158,119,124,10,-2.8,41,1012,1.5,350,0
1980,10,29,16,33,0,35,8.9,-2.8,44,1012,3.1,40,0
1980,10,29,17,0,0,0,7.2,-1.7,54,1013,2.1,80,0
1980,10,29,18,0,0,0,4.4,-1.1,68,1013,0,0,0
1980,10,29,19,0,0,0,3.3,-0.6,76,1013,0,0,0
1980,10,29,20,0,0,0,3.3,0,79,1014,0,0,0
1980,10,29,21,0,0,0,3.9,1.1,82,1015,0,0,0
1980,10,29,22,0,0,0,3.3,1.1,86,1015,0,0,0
1980,10,29,23,0,0,0,3.3,0,79,1015,0,0,0
1980,10,30,0,0,0,0,2.8,0,82,1015,0,0,0
1980,10,30,1,0,0,0,2.2,0,85,1015,2.1,330,0
1980,10,30,2,0,0,0,2.8,1.1,89,1014,1.5,350,0
1980,10,30,3,0,0,0,2.2,0.6,89,1015,0,0,0
1980,10,30,4,0,0,0,2.2,0,85,1015,1.5,290,0
1980,10,30,5,0,0,0,2.2,0,85,1016,0,0,0
1980,10,30,6,3,0,3,2.2,0,85,1016,0,0,0
1980,10,30,7,57,41,52,3.3,1.1,86,1016,0,0,0
1980,10,30,8,101,34,84,5.6,0.6,71,1016,2.1,310,0
1980,10,30,9,398,682,95,7.2,0,60,1016,3.1,340,0
1980,10,30,10,509,700,128,10,-1.1,46,1016,3.6,320,0
1980,10,30,11,597,888,83,11.1,-1.7,41,1014,3.1,360,0
1980,10,30,12,586,879,79,11.7,-1.7,40,1013,2.6,340,0
1980,10,30,13,517,857,72,12.2,-1.7,38,1012,2.6,20,0
1980,10,30,14,395,803,62,13.3,-1.7,36,1012,1.5,340,0
1980,10,30,15,235,686,48,12.2,-2.2,37,1012,2.1,270,0
1980,10,30,16,70,390,25,11.1,-2.2,40,1011,1.5,280,0
1980,10,30,17,1,5,0,5.6,-1.7,60,1011,0,0,0
1980,10,30,18,0,0,0,3.3,-1.7,70,1012,0,0,0
1980,10,30,19,0,0,0,2.8,-1.7,73,1012,0,0,0
1980,10,30,20,0,0,0,2.2,-1.7,76,1012,0,0,0
1980,10,30,21,0,0,0,-0.6,-2.2,89,1011,2.1,170,0
1980,10,30,22,0,0,0,0.6,-2.2,82,1011,2.1,180,0
1980,10,30,23,0,0,0,0.6,-1.7,85,1010,2.1,170,0
1980,10,31,0,0,0,0,0.6,-0.6,92,1010,0,0,0
1980,10,31,1,0,0,0,0,-2.2,85,1010,0,0,0
1980,10,31,2,0,0,0,-1.1,-2.8,88,1009,0,0,0
1980,10,31,3,0,0,0,-2.2,-3.3,92,1009,1.5,290,0
1980,10,31,4,0,0,0,-2.2,-3.3,92,1009,0,0,0
1980,10,31,5,0,0,0,-2.2,-3.3,92,1009,0,0,0
1980,10,31,6,5,0,4,-2.8,-2.8,100,1009,0,0,0
1980,10,31,7,74,16,70,-1.1,-1.7,96,1009,0,0,0
1980,10,31,8,246,474,90,3.3,2.8,96,1009,2.1,210,0
1980,10,31,9,425,861,56,8.3,3.9,74,1008,2.1,230,0
1980,10,31,10,535,904,58,12.8,1.7,47,1007,0,0,0
1980,10,31,11,580,898,63,15.6,0.6,36,1006,1.5,260,0
1980,10,31,12,584,912,59,18.3,-2.8,24,1005,3.6,270,0
1980,10,31,13,520,867,67,18.9,-3.9,21,1004,6.2,290,0
1980,10,31,14,398,814,61,19.4,-3.9,20,1003,4.1,280,0
1980,10,31,15,234,704,46,18.9,-3.9,21,1002,4.1,250,0
1980,10,31,16,69,427,24,15.6,-2.8,28,1002,2.6,240,0
1980,10,31,17,1,7,1,11.7,-2.8,37,1002,2.1,230,0
1980,10,31,18,0,0,0,10,-3.9,38,1002,0,0,0
1980,10,31,19,0,0,0,7.2,-3.9,46,1002,2.1,160,0
1980,10,31,20,0,0,0,5,-3.9,53,1002,2.1,300,0
1980,10,31,21,0,0,0,4.8,-2.7,60,1002,2.1,110,0
1980,10,31,22,0,0,0,4.7,-1.6,49,1002,2.1,0,0
1980,10,31,23,0,0,0,4.5,-0.5,38,1002,2.1,250,0
1988,11,1,0,0,0,0,4.4,0.6,70,1008,2.1,0,0
1988,11,1,1,0,0,0,4.2,1.7,96,1008,2.1,220,0
1988,11,1,2,0,0,0,4.1,2.8,100,1007,2.1,270,0
1988,11,1,3,0,0,0,3.9,3.9,100,1006,2.1,340,0
1988,11,1,4,0,0,0,3.9,3.3,96,1005,2.1,350,0
1988,11,1,5,0,0,0,3.9,3.9,100,1004,2.1,20,0
1988,11,1,6,0,0,0,3.9,3.9,100,1004,2.1,350,0
1988,11,1,7,25,5,24,4.4,4.4,100,1003,2.1,10,0
1988,11,1,8,117,8,114,5,5,100,1003,3.6,320,0
1988,11,1,9,105,3,103,5.6,5.6,100,1002,3.1,340,0
1988,11,1,10,218,9,214,6.1,6.1,100,1001,3.1,340,0
1988,11,1,11,224,0,224,7.8,6.7,93,1000,3.1,350,0
1988,11,1,12,248,2,246,8.9,7.2,89,999,2.6,20,0
1988,11,1,13,230,4,228,8.9,7.2,89,998,2.1,350,0
1988,11,1,14,270,240,167,9.4,6.7,83,996,2.6,330,0
1988,11,1,15,133,14,129,9.4,6.7,83,996,2.1,350,0
1988,11,1,16,44,27,41,8.9,6.7,86,996,2.1,320,0
1988,11,1,17,2,4,2,6.7,5.6,93,996,2.1,270,0
1988,11,1,18,0,0,0,3.9,3.3,96,996,0,0,0
1988,11,1,19,0,0,0,2.8,2.8,100,994,1.5,270,0
1988,11,1,20,0,0,0,2.8,2.8,100,995,0,0,0
1988,11,1,21,0,0,0,1.1,1.1,100,995,0,0,0
1988,11,1,22,0,0,0,0.6,0.6,100,994,0,0,0
1988,11,1,23,0,0,0,0.6,0.6,100,993,2.1,170,0
1988,11,2,0,0,0,0,0.6,0.6,100,993,1.5,210,0
1988,11,2,1,0,0,0,-0.6,-0.6,100,993,0,0,0
1988,11,2,2,0,0,0,0,0,100,993,2.1,300,0
1988,11,2,3,0,0,0,2.8,2.2,96,993,3.6,320,0
1988,11,2,4,0,0,0,4.4,1.7,82,993,4.1,320,0
1988,11,2,5,0,0,0,3.9,1.1,82,993,3.6,300,0
1988,11,2,6,7,14,5,3.9,0.6,79,994,3.1,280,0
1988,11,2,7,77,135,57,6.1,1.1,71,995,4.1,280,0
1988,11,2,8,117,24,110,7.8,1.1,63,995,7.2,310,0
1988,11,2,9,331,395,154,8.3,0,56,995,7.7,290,0
1988,11,2,10,251,4,248,8.3,0,56,995,7.7,300,0
1988,11,2,11,375,241,234,10,0.6,52,995,8.8,300,0
1988,11,2,12,229,3,227,9.4,0.6,54,995,9.3,310,0
1988,11,2,13,274,169,185,9.4,0.6,54,995,9.8,300,0
1988,11,2,14,262,259,152,10,0.6,52,996,8.8,300,0
1988,11,2,15,82,39,72,9.4,0.6,54,996,6.7,310,0
1988,11,2,16,43,92,33,9.4,0.6,54,997,4.1,300,0
1988,11,2,17,0,0,0,9.4,0.6,54,998,7.2,300,0
1988,11,2,18,0,0,0,8.9,1.1,59,999,7.7,300,0
1988,11,2,19,0,0,0,8.9,0.6,56,999,5.2,290,0
1988,11,2,20,0,0,0,8.3,0,56,999,5.2,290,0
1988,11,2,21,0,0,0,8.3,0,56,1000,5.2,280,0
1988,11,2,22,0,0,0,8.3,-1.1,52,1000,6.7,300,0
1988,11,2,23,0,0,0,7.8,-1.1,54,1000,5.7,290,0
1988,11,3,0,0,0,0,6.1,-1.1,60,1001,3.6,280,0
1988,11,3,1,0,0,0,7.2,-1.1,56,1001,4.1,290,0
1988,11,3,2,0,0,0,6.1,-1.1,60,1001,4.1,280,0
1988,11,3,3,0,0,0,6.1,-1.7,58,1001,4.6,270,0
1988,11,3,4,0,0,0,6.1,-1.7,58,1002,3.1,270,0
1988,11,3,5,0,0,0,5,-1.7,62,1003,3.1,270,0
1988,11,3,6,1,0,1,5.6,-2.2,58,1004,0,0,0
1988,11,3,7,44,19,42,6.7,-0.6,60,1004,2.1,230,0
1988,11,3,8,221,317,122,8.9,-1.7,48,1005,3.6,300,0
1988,11,3,9,366,440,171,11.1,-1.1,43,1005,4.1,320,0
1988,11,3,10,479,565,175,12.8,-1.7,37,1005,3.6,350,0
1988,11,3,11,556,690,154,13.9,-2.2,33,1004,3.6,360,0
1988,11,3,12,539,592,197,15,-2.8,30,1004,3.6,270,0
1988,11,3,13,395,360,208,16.7,-4.4,23,1003,2.6,240,0
1988,11,3,14,306,346,161,16.7,-4.4,23,1003,1.5,240,0
1988,11,3,15,182,356,84,16.1,-2.2,29,1003,4.1,170,0
1988,11,3,16,48,90,39,13.9,-2.8,32,1003,2.1,170,0
1988,11,3,17,1,0,1,9.4,-2.2,44,1003,3.6,150,0
1988,11,3,18,0,0,0,9.4,-2.2,44,1003,3.6,150,0
1988,11,3,19,0,0,0,10.6,-1.7,43,1003,3.6,160,0
1988,11,3,20,0,0,0,10,-1.1,46,1003,2.6,170,0
1988,11,3,21,0,0,0,7.8,0.6,61,1003,0,0,0
1988,11,3,22,0,0,0,6.1,1.7,74,1003,0,0,0
1988,11,3,23,0,0,0,6.1,2.2,76,1003,0,0,0
1988,11,4,0,0,0,0,6.7,1.7,71,1002,0,0,0
1988,11,4,1,0,0,0,6.1,1.7,74,1002,2.1,200,0
1988,11,4,2,0,0,0,7.8,3.3,74,1001,3.1,170,0
1988,11,4,3,0,0,0,7.8,3.3,74,1001,2.1,170,0
1988,11,4,4,0,0,0,8.3,3.3,71,1002,1.5,220,0
1988,11,4,5,0,0,0,8.9,3.9,71,1002,3.1,150,0
1988,11,4,6,9,37,5,6.7,3.9,83,1002,1.5,140,0
1988,11,4,7,82,361,31,8.9,4.4,74,1002,2.6,190,0
1988,11,4,8,246,557,75,11.1,5,66,1002,4.6,210,0
1988,11,4,9,388,565,139,13.9,6.1,60,1002,4.1,180,0
1988,11,4,10,539,639,198,15.6,7.2,58,1001,4.6,190,0
1988,11,4,11,597,664,213,17.8,7.2,50,1000,4.1,190,0
1988,11,4,12,450,486,172,20,7.2,44,999,6.7,180,0
1988,11,4,13,385,337,211,20.6,9.4,49,998,8.2,190,0
1988,11,4,14,360,535,139,21.7,10,48,998,5.7,200,0
1988,11,4,15,147,167,102,20,10,53,997,3.1,180,0
1988,11,4,16,39,1,39,18.3,10,59,997,3.6,160,0
1988,11,4,17,2,1,1,17.2,10,63,996,3.6,140,0
1988,11,4,18,0,0,0,16.7,10.6,67,996,4.1,150,0
1988,11,4,19,0,0,0,17.2,11.7,70,996,4.6,140,0
1988,11,4,20,0,0,0,16.7,12.8,78,996,4.1,130,0
1988,11,4,21,0,0,0,16.1,13.3,84,995,3.6,150,0
1988,11,4,22,0,0,0,15.6,13.9,90,995,4.6,150,0
1988,11,4,23,0,0,0,16.1,14.4,90,994,5.7,130,0
1988,11,5,0,0,0,0,16.1,14.4,90,993,4.6,170,0
1988,11,5,1,0,0,0,16.1,14.4,90,993,4.1,170,0
1988,11,5,2,0,0,0,15.6,14.4,93,991,3.1,140,0
1988,11,5,3,0,0,0,15.6,14.4,93,991,3.6,140,0
1988,11,5,4,0,0,0,15.6,14.4,93,989,4.6,130,0
1988,11,5,5,0,0,0,16.1,14.4,90,988,4.1,140,0
1988,11,5,6,3,1,3,15.6,14.4,93,987,4.1,130,0
1988,11,5,7,38,2,38,15.6,14.4,93,987,6.7,140,0
1988,11,5,8,66,8,63,15.6,15,97,985,4.6,120,0
1988,11,5,9,167,8,164,16.1,16.1,100,984,5.7,140,0
1988,11,5,10,136,3,134,16.7,16.7,100,982,5.7,140,0
1988,11,5,11,278,3,277,17.2,16.7,97,980,5.2,150,0
1988,11,5,12,142,4,140,17.2,17.2,100,979,4.6,150,0
1988,11,5,13,322,225,206,16.7,16.1,97,978,3.6,180,0
1988,11,5,14,350,626,93,18.9,17.2,90,978,6.7,180,0
1988,11,5,15,175,328,87,20.6,16.1,76,978,5.7,210,0
1988,11,5,16,58,189,39,17.8,13.9,78,978,4.1,160,0
1988,11,5,17,1,0,1,15.6,13.9,90,979,1.5,90,0
1988,11,5,18,0,0,0,12.8,11.7,93,980,1.5,230,0
1988,11,5,19,0,0,0,11.7,11.1,96,981,3.1,190,0
1988,11,5,20,0,0,0,11.1,10.6,96,983,1.5,260,0
1988,11,5,21,0,0,0,11.1,10.6,96,983,2.6,230,0
1988,11,5,22,0,0,0,10.6,10,96,984,2.6,210,0
1988,11,5,23,0,0,0,8.9,8.3,96,985,3.1,190,0
1988,11,6,0,0,0,0,8.3,7.8,96,986,3.6,200,0
1988,11,6,1,0,0,0,8.3,7.2,93,987,3.6,210,0
1988,11,6,2,0,0,0,7.8,6.7,93,987,3.1,190,0
1988,11,6,3,0,0,0,6.7,5.6,93,987,3.1,190,0
1988,11,6,4,0,0,0,6.1,5.6,96,988,2.6,190,0
1988,11,6,5,0,0,0,6.7,5.6,93,988,2.6,190,0
1988,11,6,6,1,2,1,6.7,5,89,989,2.6,190,0
1988,11,6,7,56,94,43,7.8,6.1,89,990,3.6,170,0
1988,11,6,8,201,376,89,10,6.7,80,990,4.1,210,0
1988,11,6,9,345,552,106,11.7,7.2,74,990,4.1,200,0
1988,11,6,10,489,705,120,13.3,6.7,64,990,4.6,210,0
1988,11,6,11,529,644,162,15.6,6.1,54,989,4.6,200,0
1988,11,6,12,335,218,212,15,5,52,989,8.2,210,0
1988,11,6,13,292,113,234,15.6,4.4,48,989,8.8,210,0
1988,11,6,14,216,148,156,15.6,3.9,46,989,7.7,210,0
1988,11,6,15,138,51,125,14.4,3.9,49,989,4.1,210,0
1988,11,6,16,22,1,22,13.9,3.9,51,990,2.6,230,0
1988,11,6,17,0,0,0,11.1,5,66,991,2.6,230,0
1988,11,6,18,0,0,0,10.6,5.6,72,991,2.1,200,0
1988,11,6,19,0,0,0,11.1,5,66,991,2.1,190,0
1988,11,6,20,0,0,0,10.6,5.6,72,992,2.1,230,0
1988,11,6,21,0,0,0,11.1,3.3,59,993,3.6,260,0
1988,11,6,22,0,0,0,10.6,2.2,57,993,2.6,250,0
1988,11,6,23,0,0,0,10,1.1,54,993,2.1,220,0
1988,11,7,0,0,0,0,9.4,1.7,59,993,2.6,230,0
1988,11,7,1,0,0,0,8.9,1.1,59,993,2.6,230,0
1988,11,7,2,0,0,0,8.9,0.6,56,994,3.1,230,0
1988,11,7,3,0,0,0,8.3,0,56,995,2.6,230,0
1988,11,7,4,0,0,0,7.8,0.6,61,995,2.1,190,0
1988,11,7,5,0,0,0,7.8,1.1,63,996,1.5,220,0
1988,11,7,6,5,4,4,7.2,1.7,68,997,1.5,230,0
1988,11,7,7,40,42,34,7.2,2.2,71,998,2.1,310,0
1988,11,7,8,175,66,155,8.3,1.7,63,998,2.1,230,0
1988,11,7,9,264,183,186,10,1.7,57,999,2.1,220,0
1988,11,7,10,230,39,209,10,2.2,59,1000,2.1,230,0
1988,11,7,11,249,20,238,10,1.1,54,1000,2.6,330,0
1988,11,7,12,269,99,213,10.6,1.1,52,1000,3.1,320,0
1988,11,7,13,233,13,226,10.6,1.7,55,1001,2.1,360,0
1988,11,7,14,189,2,188,11.1,1.1,51,1001,2.6,300,0
1988,11,7,15,107,22,101,11.1,1.1,51,1001,2.6,300,0
1988,11,7,16,49,27,46,10,1.7,57,1002,2.1,310,0
1988,11,7,17,0,0,0,9.4,1.1,56,1004,2.6,310,0
1988,11,7,18,0,0,0,9.4,1.1,56,1005,3.1,330,0
1988,11,7,19,0,0,0,8.3,1.7,63,1005,0,0,0
1988,11,7,20,0,0,0,6.1,1.7,74,1005,2.1,30,0
1988,11,7,21,0,0,0,3.3,1.1,86,1006,1.5,220,0
1988,11,7,22,0,0,0,3.3,1.1,86,1006,0,0,0
1988,11,7,23,0,0,0,1.7,1.1,96,1006,0,0,0
1988,11,8,0,0,0,0,0.6,0,96,1006,2.1,230,0
1988,11,8,1,0,0,0,1.7,0.6,92,1006,0,0,0
1988,11,8,2,0,0,0,1.7,0.6,92,1007,1.5,170,0
1988,11,8,3,0,0,0,1.1,0.6,96,1007,0,0,0
1988,11,8,4,0,0,0,0,0,100,1007,2.6,160,0
1988,11,8,5,0,0,0,0,-0.6,96,1007,2.1,160,0
1988,11,8,6,5,13,3,0.6,-0.6,92,1007,0,0,0
1988,11,8,7,72,212,45,2.8,0.6,86,1007,1.5,170,0
1988,11,8,8,175,287,92,7.8,3.9,77,1007,3.6,210,0
1988,11,8,9,255,123,203,10,4.4,69,1006,3.1,190,0
1988,11,8,10,266,59,235,11.1,5,66,1006,3.6,180,0
1988,11,8,11,209,10,203,11.7,4.4,62,1004,2.6,190,0
1988,11,8,12,270,2,269,13.3,5,57,1003,3.1,210,0
1988,11,8,13,221,3,220,13.3,4.4,55,1003,4.1,230,0
1988,11,8,14,309,469,122,15,3.9,48,1002,3.6,230,0
1988,11,8,15,198,571,50,15,4.4,50,1002,2.6,220,0
1988,11,8,16,45,171,29,12.8,5,60,1003,2.1,220,0
1988,11,8,17,0,0,0,10.6,5,69,1004,2.6,330,0
1988,11,8,18,0,0,0,6.7,4.4,86,1005,0,0,0
1988,11,8,19,0,0,0,5,3.3,89,1006,1.5,20,0
1988,11,8,20,0,0,0,3.3,2.8,96,1007,2.1,350,0
1988,11,8,21,0,0,0,5.6,3.9,89,1007,2.1,110,0
1988,11,8,22,0,0,0,6.1,3.9,86,1008,3.1,320,0
1988,11,8,23,0,0,0,8.3,2.8,68,1010,6.7,320,0
1988,11,9,0,0,0,0,7.8,1.7,66,1010,3.6,290,0
1988,11,9,1,0,0,0,6.7,1.1,68,1010,2.1,300,0
1988,11,9,2,0,0,0,3.9,0.6,79,1010,1.5,150,0
1988,11,9,3,0,0,0,3.3,0.6,82,1011,3.1,310,0
1988,11,9,4,0,0,0,3.9,1.1,82,1011,2.6,310,0
1988,11,9,5,0,0,0,2.2,0.6,89,1012,1.5,100,0
1988,11,9,6,4,2,4,1.7,0.6,92,1012,1.5,120,0
1988,11,9,7,69,174,48,5,2.8,86,1013,2.1,100,0
1988,11,9,8,203,388,92,9.4,2.8,64,1014,3.6,320,0
1988,11,9,9,354,638,86,10,2.2,59,1014,3.6,320,0
1988,11,9,10,478,797,69,11.7,2.2,53,1014,2.6,350,0
1988,11,9,11,554,886,61,12.8,2.2,49,1013,2.1,360,0
1988,11,9,12,530,835,69,13.3,2.2,47,1012,1.5,10,0
1988,11,9,13,492,871,60,14.4,2.8,46,1011,2.6,20,0
1988,11,9,14,355,750,58,13.9,2.2,46,1012,3.1,30,0
1988,11,9,15,214,672,43,13.3,2.2,47,1011,1.5,210,0
1988,11,9,16,54,260,29,11.7,2.8,55,1011,1.5,140,0
1988,11,9,17,0,0,0,8.3,2.2,66,1011,2.1,100,0
1988,11,9,18,0,0,0,6.7,2.2,74,1011,2.1,120,0
1988,11,9,19,0,0,0,3.9,2.8,93,1011,1.5,230,0
1988,11,9,20,0,0,0,3.3,1.7,89,1011,1.5,270,0
1988,11,9,21,0,0,0,3.3,1.7,89,1011,0,0,0
1988,11,9,22,0,0,0,2.8,1.7,93,1011,0,0,0
1988,11,9,23,0,0,0,1.7,1.1,96,1010,2.1,270,0
1988,11,10,0,0,0,0,2.8,2.2,96,1009,2.6,190,0
1988,11,10,1,0,0,0,2.8,2.2,96,1009,1.5,230,0
1988,11,10,2,0,0,0,1.7,1.1,96,1008,0,0,0
1988,11,10,3,0,0,0,2.2,1.7,96,1008,1.5,300,0
1988,11,10,4,0,0,0,2.8,2.2,96,1007,2.6,130,0
1988,11,10,5,0,0,0,3.9,3.3,96,1005,2.6,140,0
1988,11,10,6,3,11,2,6.7,6.1,96,1004,5.2,160,0
1988,11,10,7,52,51,46,8.3,7.2,93,1003,4.6,170,0
1988,11,10,8,108,9,105,8.3,6.7,89,1004,3.1,190,0
1988,11,10,9,164,3,163,9.4,7.2,86,1003,3.6,160,0
1988,11,10,10,217,3,215,10.6,8.9,90,1001,5.2,180,0
1988,11,10,11,223,4,221,11.1,8.9,86,999,5.2,170,0
1988,11,10,12,300,8,296,12.2,10,86,998,4.6,190,0
1988,11,10,13,231,3,229,13.3,11.1,87,997,4.1,190,0
1988,11,10,14,194,4,192,15,12.8,87,997,7.7,210,0
1988,11,10,15,97,0,97,16.1,13.3,84,996,6.7,210,0
1988,11,10,16,30,0,30,16.1,12.8,81,997,5.2,220,0
1988,11,10,17,0,0,0,15,12.2,84,999,2.6,250,0
1988,11,10,18,0,0,0,15.6,10,70,1000,4.1,300,0
1988,11,10,19,0,0,0,13.3,5,57,1001,3.1,320,0
1988,11,10,20,0,0,0,11.7,4.4,62,1001,0,0,0
1988,11,10,21,0,0,0,11.7,3.9,59,1001,2.6,320,0
1988,11,10,22,0,0,0,10.6,3.3,61,1002,2.1,170,0
1988,11,10,23,0,0,0,11.7,3.3,57,1003,4.6,320,0
1988,11,11,0,0,0,0,10.6,2.2,57,1004,3.1,300,0
1988,11,11,1,0,0,0,10.6,0.6,50,1004,5.2,310,0
1988,11,11,2,0,0,0,7.8,0.6,61,1005,1.5,220,0
1988,11,11,3,0,0,0,5.6,0,68,1005,2.6,250,0
1988,11,11,4,0,0,0,6.7,0,63,1006,2.1,270,0
1988,11,11,5,0,0,0,7.8,1.1,63,1006,2.6,280,0
1988,11,11,6,3,3,2,6.7,0.6,65,1007,2.1,210,0
1988,11,11,7,52,2,52,7.8,0,58,1009,4.1,300,0
1988,11,11,8,135,52,120,8.9,0,54,1010,4.1,320,0
1988,11,11,9,300,248,198,9.4,-0.6,50,1010,4.1,300,0
1988,11,11,10,471,669,134,11.7,0,45,1011,5.2,310,0
1988,11,11,11,330,225,207,11.7,-0.6,43,1011,6.7,310,0
1988,11,11,12,467,367,267,11.1,-1.1,43,1011,5.7,320,0
1988,11,11,13,284,137,217,12.2,-2.2,37,1011,6.2,320,0
1988,11,11,14,269,199,192,12.2,-1.7,38,1011,6.7,330,0
1988,11,11,15,182,413,80,10,-1.1,46,1012,5.7,340,0
1988,11,11,16,50,156,35,8.3,-1.1,52,1013,3.6,350,0
1988,11,11,17,0,0,0,6.7,-2.2,54,1014,2.6,320,0
1988,11,11,18,0,0,0,5.6,-2.2,58,1014,2.1,350,0
1988,11,11,19,0,0,0,4.4,-1.7,65,1015,2.1,360,0
1988,11,11,20,0,0,0,3.3,-2.2,67,1016,2.6,350,0
1988,11,11,21,0,0,0,1.7,-2.8,73,1017,1.5,270,0
1988,11,11,22,0,0,0,-1.7,-3.9,85,1017,0,0,0
1988,11,11,23,0,0,0,-2.2,-4.4,85,1018,0,0,0
1988,11,12,0,0,0,0,-2.8,-4.4,89,1018,1.5,150,0
1988,11,12,1,0,0,0,-2.8,-3.9,92,1018,1.5,40,0
1988,11,12,2,0,0,0,-4.4,-4.4,100,1018,1.5,70,0
1988,11,12,3,0,0,0,-3.9,-4.4,96,1018,0,0,0
1988,11,12,4,0,0,0,-5,-6.1,92,1019,1.5,210,0
1988,11,12,5,0,0,0,-4.4,-5,96,1019,0,0,0
1988,11,12,6,2,2,1,-5,-5.6,96,1020,1.5,140,0
1988,11,12,7,60,241,33,-2.8,-3.9,92,1020,0,0,0
1988,11,12,8,207,516,66,2.8,-1.1,76,1021,1.5,310,0
1988,11,12,9,324,520,113,6.1,-0.6,63,1020,2.1,350,0
1988,11,12,10,483,772,97,8.9,-2.2,46,1020,2.6,120,0
1988,11,12,11,521,691,145,10,-2.2,43,1019,4.1,140,0
1988,11,12,12,483,569,175,11.1,-2.2,40,1018,3.1,130,0
1988,11,12,13,405,443,190,11.7,-1.7,40,1018,3.6,180,0
1988,11,12,14,318,439,149,11.1,-2.2,40,1017,2.6,170,0
1988,11,12,15,173,294,101,9.4,-1.7,46,1017,3.1,160,0
1988,11,12,16,41,67,34,7.8,-1.1,54,1017,2.1,160,0
1988,11,12,17,0,0,0,7.2,-0.6,58,1017,2.1,150,0
1988,11,12,18,0,0,0,7.2,-0.6,58,1016,2.1,140,0
1988,11,12,19,0,0,0,5.6,-0.6,65,1016,2.1,160,0
1988,11,12,20,0,0,0,6.7,0,63,1016,2.6,150,0
1988,11,12,21,0,0,0,5.6,0,68,1016,2.1,150,0
1988,11,12,22,0,0,0,5,0,70,1016,2.1,170,0
1988,11,12,23,0,0,0,5.6,-0.6,65,1015,2.1,160,0
1988,11,13,0,0,0,0,7.2,0,61,1014,2.1,170,0
1988,11,13,1,0,0,0,7.2,4.4,83,1013,2.6,180,0
1988,11,13,2,0,0,0,7.8,5,83,1012,2.1,190,0
1988,11,13,3,0,0,0,7.2,5,86,1011,1.5,170,0
1988,11,13,4,0,0,0,7.2,5,86,1011,2.1,190,0
1988,11,13,5,0,0,0,7.8,5.6,86,1010,2.1,190,0
1988,11,13,6,0,1,0,7.2,6.1,93,1009,2.6,180,0
1988,11,13,7,44,5,44,7.2,6.7,96,1008,2.6,210,0
1988,11,13,8,61,12,57,7.2,6.7,96,1007,1.5,170,0
1988,11,13,9,108,7,105,6.7,6.1,96,1009,2.6,220,0
1988,11,13,10,119,10,114,7.8,7.2,96,1007,2.6,180,0
1988,11,13,11,248,6,245,10,8.9,93,1006,4.6,200,0
1988,11,13,12,507,741,110,12.2,10,86,1006,3.6,220,0
1988,11,13,13,443,805,55,15.6,10,70,1005,3.6,230,0
1988,11,13,14,352,802,47,17.2,9.4,61,1005,3.1,230,0
1988,11,13,15,176,505,54,17.8,8.9,56,1006,3.6,220,0
1988,11,13,16,43,85,35,14.4,8.9,70,1006,3.1,210,0
1988,11,13,17,0,0,0,11.7,8.9,83,1006,1.5,280,0
1988,11,13,18,0,0,0,8.9,8.3,96,1007,1.5,300,0
1988,11,13,19,0,0,0,7.8,6.1,89,1009,2.1,290,0
1988,11,13,20,0,0,0,8.3,4.4,77,1009,2.6,310,0
1988,11,13,21,0,0,0,6.7,2.8,77,1010,2.1,310,0
1988,11,13,22,0,0,0,4.4,2.8,89,1010,1.5,260,0
1988,11,13,23,0,0,0,3.3,2.2,93,1010,2.1,130,0
1988,11,14,0,0,0,0,2.2,0.6,89,1010,2.6,100,0
1988,11,14,1,0,0,0,0.6,-0.6,92,1010,0,0,0
1988,11,14,2,0,0,0,0.6,0,96,1009,2.1,220,0
1988,11,14,3,0,0,0,0.6,0,96,1009,0,0,0
1988,11,14,4,0,0,0,-0.6,-1.1,96,1010,1.5,160,0
1988,11,14,5,0,0,0,-1.1,-1.7,96,1010,0,0,0
1988,11,14,6,2,3,1,-2.2,-2.2,100,1011,1.5,80,0
1988,11,14,7,58,268,30,0,-0.6,96,1012,2.1,220,0
1988,11,14,8,212,591,54,6.7,4.4,86,1012,1.5,220,0
1988,11,14,9,363,731,71,12.2,4.4,59,1012,3.1,190,0
1988,11,14,10,472,792,83,13.3,4.4,55,1012,5.7,190,0
1988,11,14,11,529,819,89,15,4.4,50,1011,6.2,210,0
1988,11,14,12,526,822,88,17.2,4.4,43,1010,4.1,190,0
1988,11,14,13,461,794,81,18.3,3.3,37,1009,4.6,190,0
1988,11,14,14,339,707,72,18.3,2.8,36,1009,4.1,230,0
1988,11,14,15,173,500,53,17.8,3.9,40,1009,3.6,220,0
1988,11,14,16,40,87,32,14.4,3.9,49,1009,3.1,180,0
1988,11,14,17,0,0,0,11.1,3.9,61,1009,0,0,0
1988,11,14,18,0,0,0,8.3,3.9,74,1010,0,0,0
1988,11,14,19,0,0,0,7.2,3.9,80,1010,2.1,150,0
1988,11,14,20,0,0,0,5.6,3.3,86,1010,0,0,0
1988,11,14,21,0,0,0,4.4,3.3,93,1010,0,0,0
1988,11,14,22,0,0,0,2.8,2.2,96,1011,0,0,0
1988,11,14,23,0,0,0,2.2,1.7,96,1011,0,0,0
1988,11,15,0,0,0,0,0,-0.6,96,1011,0,0,0
1988,11,15,1,0,0,0,0.6,0.6,100,1011,0,0,0
1988,11,15,2,0,0,0,0.6,0,96,1011,0,0,0
1988,11,15,3,0,0,0,0.6,0,96,1012,2.1,80,0
1988,11,15,4,0,0,0,-0.6,-0.6,100,1012,0,0,0
1988,11,15,5,0,0,0,-0.6,-0.6,100,1012,2.1,30,0
1988,11,15,6,2,5,1,0,0,100,1013,1.5,220,0
1988,11,15,7,60,321,28,1.1,0.6,96,1013,0,0,0
1988,11,15,8,207,632,41,7.2,4.4,83,1014,2.1,10,0
1988,11,15,9,365,794,51,11.1,5.6,69,1014,2.1,20,0
1988,11,15,10,484,866,62,15.6,2.2,41,1014,3.1,120,0
1988,11,15,11,521,853,66,17.2,2.8,38,1014,3.6,130,0
1988,11,15,12,540,897,66,17.8,3.9,40,1013,3.1,100,0
1988,11,15,13,446,801,65,18.3,3.3,37,1013,3.6,80,0
1988,11,15,14,326,703,63,18.3,3.3,37,1013,3.1,140,0
1988,11,15,15,130,156,93,15.6,3.3,44,1012,2.6,130,0
1988,11,15,16,45,184,27,12.8,3.9,55,1012,2.6,120,0
1988,11,15,17,0,0,0,11.1,4.4,64,1012,2.1,140,0
1988,11,15,18,0,0,0,8.9,4.4,74,1012,2.1,160,0
1988,11,15,19,0,0,0,6.1,3.9,86,1012,0,0,0
1988,11,15,20,0,0,0,5,3.3,89,1012,0,0,0
1988,11,15,21,0,0,0,5,3.9,93,1012,1.5,310,0
1988,11,15,22,0,0,0,4.4,3.3,93,1012,0,0,0
1988,11,15,23,0,0,0,4.4,3.3,93,1012,2.6,80,0
1988,11,16,0,0,0,0,5,4.4,96,1012,0,0,0
1988,11,16,1,0,0,0,5,4.4,96,1012,2.1,60,0
1988,11,16,2,0,0,0,6.7,6.1,96,1011,1.5,90,0
1988,11,16,3,0,0,0,8.3,6.7,89,1010,2.6,310,0
1988,11,16,4,0,0,0,8.3,6.7,89,1010,2.1,30,0
1988,11,16,5,0,0,0,8.9,6.7,86,1010,2.1,50,0
1988,11,16,6,1,0,1,8.3,7.2,93,1010,1.5,340,0
1988,11,16,7,27,7,27,8.9,8.3,96,1010,1.5,200,0
1988,11,16,8,117,5,115,8.3,7.8,96,1010,0,0,0
1988,11,16,9,154,2,153,11.7,10,90,1009,2.1,150,0
1988,11,16,10,201,3,200,13.3,11.1,87,1008,3.1,200,0
1988,11,16,11,368,329,194,15.6,11.7,78,1007,4.6,200,0
1988,11,16,12,469,601,153,18.3,11.7,65,1006,4.6,190,0
1988,11,16,13,361,463,143,20,11.1,57,1005,3.1,160,0
1988,11,16,14,273,479,95,21.1,10.6,51,1003,3.6,140,0
1988,11,16,15,133,92,111,19.4,11.1,59,1003,3.6,150,0
1988,11,16,16,50,344,17,17.2,11.7,70,1003,3.1,140,0
1988,11,16,17,0,0,0,16.7,10,65,1003,4.1,200,0
1988,11,16,18,0,0,0,18.3,8.9,54,1003,3.6,190,0
1988,11,16,19,0,0,0,17.8,8.9,56,1002,4.1,180,0
1988,11,16,20,0,0,0,17.2,10,63,1002,4.6,180,0
1988,11,16,21,0,0,0,17.8,11.1,65,1002,4.1,190,0
1988,11,16,22,0,0,0,17.8,11.7,68,1001,4.6,210,0
1988,11,16,23,0,0,0,17.8,12.2,70,1001,3.1,210,0
1988,11,17,0,0,0,0,16.7,13.3,81,1001,4.6,210,0
1988,11,17,1,0,0,0,15,14.4,97,1000,2.6,210,0
1988,11,17,2,0,0,0,15,14.4,97,1000,2.6,210,0
1988,11,17,3,0,0,0,15,15,100,1000,2.1,190,0
1988,11,17,4,0,0,0,13.9,13.3,97,1001,7.2,320,0
1988,11,17,5,0,0,0,11.7,10,90,1002,3.6,330,0
1988,11,17,6,0,0,0,10.6,10,96,1002,3.1,350,0
1988,11,17,7,14,15,12,10,7.8,86,1003,6.2,330,0
1988,11,17,8,118,35,109,10,4.4,69,1004,3.6,320,0
1988,11,17,9,237,46,219,10,2.8,61,1005,3.1,310,0
1988,11,17,10,397,469,172,11.7,2.2,53,1005,5.7,310,0
1988,11,17,11,491,692,127,11.7,0,45,1005,4.6,320,0
1988,11,17,12,505,789,94,12.2,-2.8,35,1005,6.2,320,0
1988,11,17,13,438,750,86,12.8,-3.9,31,1005,5.7,320,0
1988,11,17,14,320,671,72,12.8,-4.4,30,1006,5.7,330,0
1988,11,17,15,169,503,53,12.2,-5,30,1007,3.6,320,0
1988,11,17,16,38,143,25,9.4,-5.6,35,1007,3.6,320,0
1988,11,17,17,0,0,0,8.9,-6.1,34,1009,4.6,320,0
1988,11,17,18,0,0,0,7.8,-6.1,37,1009,4.1,320,0
1988,11,17,19,0,0,0,7.8,-6.7,36,1010,4.1,320,0
1988,11,17,20,0,0,0,4.4,-6.1,47,1011,2.6,230,0
1988,11,17,21,0,0,0,2.8,-6.1,52,1013,2.1,220,0
1988,11,17,22,0,0,0,2.8,-6.1,52,1013,0,0,0
1988,11,17,23,0,0,0,2.8,-5,57,1014,0,0,0
1988,11,18,0,0,0,0,1.1,-5,64,1014,2.1,140,0
1988,11,18,1,0,0,0,1.1,-3.9,70,1015,1.5,230,0
1988,11,18,2,0,0,0,1.1,-4.4,67,1015,1.5,180,0
1988,11,18,3,0,0,0,0.6,-5.6,64,1015,2.1,190,0
1988,11,18,4,0,0,0,2.8,-5.6,55,1016,3.1,320,0
1988,11,18,5,0,0,0,3.9,-6.1,49,1016,2.1,300,0
1988,11,18,6,0,0,0,0,-5.6,67,1018,1.5,180,0
1988,11,18,7,43,105,33,3.9,-5,53,1018,2.1,220,0
1988,11,18,8,175,415,71,7.2,-4.4,44,1019,2.6,320,0
1988,11,18,9,304,417,144,8.9,-4.4,39,1019,3.6,330,0
1988,11,18,10,411,573,139,10,-3.9,38,1020,4.1,340,0
1988,11,18,11,417,375,221,10.6,-3.9,36,1019,2.6,330,0
1988,11,18,12,447,531,172,11.7,-3.9,34,1018,2.6,10,0
1988,11,18,13,413,647,112,12.2,-3.9,33,1017,3.1,290,0
1988,11,18,14,251,371,115,12.8,-4.4,30,1017,2.6,330,0
1988,11,18,15,167,484,56,12.2,-5,30,1016,2.1,20,0
1988,11,18,16,36,122,25,10,-3.9,38,1017,2.1,340,0
1988,11,18,17,0,0,0,6.1,-3.3,51,1017,2.1,110,0
1988,11,18,18,0,0,0,2.2,-1.1,79,1018,1.5,220,0
1988,11,18,19,0,0,0,1.1,-2.2,79,1018,1.5,210,0
1988,11,18,20,0,0,0,0,-2.2,85,1018,2.1,120,0
1988,11,18,21,0,0,0,-0.6,-2.2,89,1018,0,0,0
1988,11,18,22,0,0,0,-1.7,-2.8,92,1018,0,0,0
1988,11,18,23,0,0,0,-2.2,-2.8,96,1018,0,0,0
1988,11,19,0,0,0,0,-1.7,-2.2,96,1018,0,0,0
1988,11,19,1,0,0,0,-0.6,-1.1,96,1018,0,0,0
1988,11,19,2,0,0,0,0.6,-0.6,92,1018,1.5,280,0
1988,11,19,3,0,0,0,1.7,0,89,1018,1.5,300,0
1988,11,19,4,0,0,0,2.2,0,85,1018,0,0,0
1988,11,19,5,0,0,0,2.2,0,85,1018,0,0,0
1988,11,19,6,0,0,0,2.8,0,82,1018,2.1,250,0
1988,11,19,7,30,1,30,3.3,-0.6,76,1018,1.5,310,0
1988,11,19,8,94,32,86,4.4,0,73,1018,1.5,270,0
1988,11,19,9,121,3,120,7.8,0,58,1018,2.6,150,0
1988,11,19,10,95,6,92,7.8,0,58,1017,2.6,140,0
1988,11,19,11,151,10,145,6.1,-0.6,63,1017,1.5,130,0
1988,11,19,12,160,8,156,6.1,-0.6,63,1016,2.1,70,0
1988,11,19,13,111,3,110,5.6,0,68,1015,2.1,60,0
1988,11,19,14,73,3,72,5.6,0,68,1015,2.1,60,0
1988,11,19,15,45,1,45,5,3.3,89,1015,1.5,140,0
1988,11,19,16,12,1,12,5,4.4,96,1014,1.5,40,0
1988,11,19,17,0,0,0,5,4.4,96,1014,2.1,50,0
1988,11,19,18,0,0,0,5,3.9,93,1015,2.1,90,0
1988,11,19,19,0,0,0,5,4.4,96,1015,0,0,0
1988,11,19,20,0,0,0,5,4.4,96,1014,2.6,90,0
1988,11,19,21,0,0,0,6.1,5,93,1013,1.5,100,0
1988,11,19,22,0,0,0,6.1,5,93,1011,2.6,120,0
1988,11,19,23,0,0,0,6.1,4.4,89,1010,2.6,50,0
1988,11,20,0,0,0,0,6.7,6.1,96,1009,0,0,0
1988,11,20,1,0,0,0,6.7,6.1,96,1008,1.5,50,0
1988,11,20,2,0,0,0,6.7,6.7,100,1008,2.1,320,0
1988,11,20,3,0,0,0,6.7,6.7,100,1006,2.1,50,0
1988,11,20,4,0,0,0,6.1,5.6,96,1005,2.1,80,0
1988,11,20,5,0,0,0,6.1,5.6,96,1003,0,0,0
1988,11,20,6,0,0,0,6.1,6.1,100,1002,2.1,180,0
1988,11,20,7,18,0,18,6.1,6.1,100,1002,2.1,220,0
1988,11,20,8,57,0,57,6.7,6.1,96,1002,1.5,220,0
1988,11,20,9,100,1,99,7.2,6.7,96,1001,3.1,190,0
1988,11,20,10,218,1,217,7.8,7.2,96,999,2.6,180,0
1988,11,20,11,155,1,154,8.9,8.3,96,997,2.6,190,0
1988,11,20,12,145,1,144,10,8.9,93,995,5.2,190,0
1988,11,20,13,220,1,219,10.6,9.4,93,993,6.7,180,0
1988,11,20,14,102,0,102,11.7,11.1,96,991,5.7,190,0
1988,11,20,15,50,0,50,11.7,11.1,96,990,5.2,230,0
1988,11,20,16,17,0,17,11.1,10.6,96,988,7.7,200,0
1988,11,20,17,0,0,0,11.7,10.6,93,988,5.2,190,0
1988,11,20,18,0,0,0,12.2,11.7,96,989,4.1,230,0
1988,11,20,19,0,0,0,14.4,12.8,90,991,3.1,250,0
1988,11,20,20,0,0,0,15.6,10.6,72,992,0,0,0
1988,11,20,21,0,0,0,13.9,7.8,67,993,2.1,230,0
1988,11,20,22,0,0,0,15.6,5,50,993,6.7,300,0
1988,11,20,23,0,0,0,15,3.9,48,995,9.8,290,0
1988,11,21,0,0,0,0,13.9,2.8,47,996,10.8,300,0
1988,11,21,1,0,0,0,12.2,4.4,59,998,9.8,300,0
1988,11,21,2,0,0,0,11.1,2.8,57,999,7.2,310,0
1988,11,21,3,0,0,0,10.6,3.3,61,1000,7.2,310,0
1988,11,21,4,0,0,0,10.6,2.2,57,1000,7.2,310,0
1988,11,21,5,0,0,0,10,2.2,59,1002,6.7,310,0
1988,11,21,6,0,0,0,10,2.8,61,1003,8.2,320,0
1988,11,21,7,37,32,34,9.4,-0.6,50,1004,7.2,300,0
1988,11,21,8,180,286,111,9.4,-1.7,46,1005,7.2,310,0
1988,11,21,9,170,80,140,8.9,-2.2,46,1006,5.2,300,0
1988,11,21,10,231,36,214,8.9,-2.2,46,1007,5.7,310,0
1988,11,21,11,257,8,253,9.4,-2.8,43,1007,6.7,310,0
1988,11,21,12,272,115,213,10,-2.2,43,1007,6.7,310,0
1988,11,21,13,247,119,193,10.6,-2.8,40,1008,5.2,320,0
1988,11,21,14,237,292,133,9.4,-2.2,44,1009,4.1,330,0
1988,11,21,15,155,289,91,8.9,-1.7,48,1010,5.2,330,0
1988,11,21,16,27,19,25,8.9,-1.1,50,1011,3.6,320,0
1988,11,21,17,0,0,0,8.3,-1.1,52,1012,3.1,340,0
1988,11,21,18,0,0,0,7.8,1.7,66,1012,3.1,330,0
1988,11,21,19,0,0,0,6.7,-2.8,51,1013,2.1,310,0
1988,11,21,20,0,0,0,6.1,-2.2,56,1013,2.6,320,0
1988,11,21,21,0,0,0,5.6,-2.8,55,1014,2.1,270,0
1988,11,21,22,0,0,0,2.8,-1.1,76,1014,2.1,300,0
1988,11,21,23,0,0,0,3.3,-1.1,73,1014,0,0,0
1988,11,22,0,0,0,0,3.3,-1.7,70,1015,0,0,0
1988,11,22,1,0,0,0,1.1,-2.2,79,1015,1.5,190,0
1988,11,22,2,0,0,0,0.6,-4.4,70,1016,2.1,100,0
1988,11,22,3,0,0,0,1.7,-3.3,70,1016,0,0,0
1988,11,22,4,0,0,0,0,-3.3,79,1016,1.5,360,0
1988,11,22,5,0,0,0,-0.6,-3.3,82,1017,0,0,0
1988,11,22,6,0,0,0,-0.6,-2.8,85,1018,0,0,0
1988,11,22,7,48,276,22,0.6,-2.2,82,1018,0,0,0
1988,11,22,8,178,544,49,2.2,-2.2,73,1018,2.6,30,0
1988,11,22,9,316,647,78,5,-2.2,60,1019,3.1,60,0
1988,11,22,10,396,593,122,6.1,-2.8,53,1019,2.6,50,0
1988,11,22,11,417,451,188,7.2,-3.3,47,1018,1.5,300,0
1988,11,22,12,452,603,147,8.9,0,54,1017,3.1,190,0
1988,11,22,13,404,561,149,8.9,0,54,1016,2.1,180,0
1988,11,22,14,293,398,151,9.4,0,52,1016,3.1,180,0
1988,11,22,15,135,214,88,10,-0.6,48,1015,2.1,170,0
1988,11,22,16,35,76,28,5.6,0,68,1015,2.6,150,0
1988,11,22,17,0,0,0,3.9,0,76,1015,2.6,150,0
1988,11,22,18,0,0,0,2.8,0,82,1015,2.1,140,0
1988,11,22,19,0,0,0,0,0,100,1015,1.5,230,0
1988,11,22,20,0,0,0,-1.1,-1.1,100,1015,1.5,240,0
1988,11,22,21,0,0,0,-1.1,-1.1,100,1015,1.5,200,0
1988,11,22,22,0,0,0,-2.2,-2.2,100,1015,0,0,0
1988,11,22,23,0,0,0,0,-1.7,89,1015,0,0,0
1988,11,23,0,0,0,0,-0.6,-2.2,89,1014,0,0,0
1988,11,23,1,0,0,0,-1.1,-2.8,89,1014,0,0,0
1988,11,23,2,0,0,0,-1.7,-3.3,89,1013,0,0,0
1988,11,23,3,0,0,0,-2.8,-3.9,92,1013,0,0,0
1988,11,23,4,0,0,0,-2.8,-3.9,92,1013,0,0,0
1988,11,23,5,0,0,0,-2.8,-3.3,96,1013,0,0,0
1988,11,23,6,0,0,0,-2.8,-3.3,96,1013,2.6,350,0
1988,11,23,7,42,188,24,-2.2,-2.8,96,1013,0,0,0
1988,11,23,8,181,557,50,-0.6,-2.2,89,1013,1.5,310,0
1988,11,23,9,332,723,68,2.8,-0.6,79,1012,2.1,350,0
1988,11,23,10,448,802,80,6.1,1.1,71,1012,1.5,360,0
1988,11,23,11,507,832,86,8.9,1.7,61,1010,2.6,340,0
1988,11,23,12,500,825,86,10,1.7,57,1010,2.1,360,0
1988,11,23,13,420,738,87,11.1,1.7,53,1009,2.1,340,0
1988,11,23,14,306,661,72,11.7,1.7,51,1008,2.1,360,0
1988,11,23,15,164,533,48,11.1,1.1,51,1007,2.6,360,0
1988,11,23,16,36,143,22,8.9,1.7,61,1006,2.6,20,0
1988,11,23,17,0,0,0,5.6,1.7,76,1007,0,0,0
1988,11,23,18,0,0,0,1.7,1.1,96,1006,0,0,0
1988,11,23,19,0,0,0,0.6,0.6,100,1007,0,0,0
1988,11,23,20,0,0,0,2.8,1.7,93,1007,2.1,10,0
1988,11,23,21,0,0,0,2.2,1.7,96,1007,3.1,350,0
1988,11,23,22,0,0,0,0,0,100,1006,2.1,20,0
1988,11,23,23,0,0,0,1.1,1.1,100,1006,2.1,10,0
1988,11,24,0,0,0,0,0,0,100,1006,2.6,20,0
1988,11,24,1,0,0,0,-0.6,-0.6,100,1006,2.6,10,0
1988,11,24,2,0,0,0,0,0,100,1006,2.6,20,0
1988,11,24,3,0,0,0,-1.1,-1.1,100,1006,2.6,350,0
1988,11,24,4,0,0,0,0,-1.7,89,1007,2.1,360,0
1988,11,24,5,0,0,0,0,-1.7,89,1007,2.1,360,0
1988,11,24,6,0,0,0,-0.6,-2.2,89,1007,2.1,360,0
1988,11,24,7,43,211,23,0,-3.3,79,1007,2.6,20,0
1988,11,24,8,181,585,46,1.7,-3.3,70,1008,2.6,360,0
1988,11,24,9,330,739,62,3.3,-3.3,62,1008,3.1,360,0
1988,11,24,10,445,816,74,5,-3.3,55,1008,3.6,10,0
1988,11,24,11,503,836,83,6.1,-3.3,51,1007,3.1,350,0
1988,11,24,12,501,835,84,6.7,-4.4,45,1007,4.6,350,0
1988,11,24,13,395,621,117,7.8,-3.9,44,1006,2.6,360,0
1988,11,24,14,318,712,68,8.3,-3.9,42,1006,3.6,340,0
1988,11,24,15,158,400,72,8.3,-3.9,42,1006,4.1,340,0
1988,11,24,16,37,166,21,7.8,-3.3,46,1006,2.1,350,0
1988,11,24,17,0,0,0,5.6,-2.2,58,1006,1.5,110,0
1988,11,24,18,0,0,0,4.4,0,73,1007,0,0,0
1988,11,24,19,0,0,0,3.3,-2.8,65,1007,2.6,280,0
1988,11,24,20,0,0,0,1.7,-1.7,79,1007,0,0,0
1988,11,24,21,0,0,0,0.6,-1.1,89,1007,0,0,0
1988,11,24,22,0,0,0,0,-1.7,89,1007,1.5,250,0
1988,11,24,23,0,0,0,0,-2.2,85,1007,1.5,190,0
1988,11,25,0,0,0,0,-0.6,-3.9,79,1008,0,0,0
1988,11,25,1,0,0,0,-0.6,-2.8,85,1008,0,0,0
1988,11,25,2,0,0,0,-2.2,-3.9,89,1009,1.5,240,0
1988,11,25,3,0,0,0,-1.7,-3.3,89,1009,2.1,130,0
1988,11,25,4,0,0,0,-1.7,-4.4,82,1009,2.1,40,0
1988,11,25,5,0,0,0,-2.2,-3.9,89,1009,2.1,260,0
1988,11,25,6,0,0,0,-2.8,-3.9,92,1009,2.1,250,0
1988,11,25,7,36,144,23,-1.1,-3.9,82,1009,1.5,210,0
1988,11,25,8,97,77,79,2.2,-1.7,76,1009,0,0,0
1988,11,25,9,246,237,161,6.1,-0.6,63,1010,1.5,320,0
1988,11,25,10,329,326,181,8.3,0,56,1010,2.6,170,0
1988,11,25,11,359,226,246,10,0,50,1008,4.1,180,0
1988,11,25,12,135,3,133,10.6,1.1,52,1007,2.6,230,0
1988,11,25,13,275,186,192,11.1,1.7,53,1007,2.1,190,0
1988,11,25,14,178,133,132,12.8,1.7,47,1007,2.6,190,0
1988,11,25,15,88,12,86,10,2.2,59,1006,1.5,180,0
1988,11,25,16,26,17,24,7.8,1.7,66,1007,2.6,180,0
1988,11,25,17,0,0,0,6.7,2.2,74,1007,2.1,150,0
1988,11,25,18,0,0,0,3.9,1.7,86,1007,0,0,0
1988,11,25,19,0,0,0,7.2,0.6,63,1007,2.1,250,0
1988,11,25,20,0,0,0,5,0,70,1006,1.5,150,0
1988,11,25,21,0,0,0,3.9,1.7,86,1006,0,0,0
1988,11,25,22,0,0,0,2.8,2.2,96,1006,0,0,0
1988,11,25,23,0,0,0,2.2,-0.6,82,1006,1.5,250,0
1988,11,26,0,0,0,0,1.1,-1.1,85,1006,0,0,0
1988,11,26,1,0,0,0,0,-1.1,92,1006,0,0,0
1988,11,26,2,0,0,0,-0.6,-2.2,89,1006,0,0,0
1988,11,26,3,0,0,0,-0.6,-2.2,89,1005,0,0,0
1988,11,26,4,0,0,0,-0.6,-2.2,89,1006,1.5,270,0
1988,11,26,5,0,0,0,-1.7,-2.8,92,1006,0,0,0
1988,11,26,6,0,0,0,-0.6,-2.8,85,1006,0,0,0
1988,11,26,7,37,155,23,-0.6,-2.8,85,1006,0,0,0
1988,11,26,8,125,196,81,3.3,0.6,82,1006,0,0,0
1988,11,26,9,251,363,122,7.2,1.7,68,1006,0,0,0
1988,11,26,10,392,579,132,10.6,3.9,64,1006,2.1,230,0
1988,11,26,11,438,587,147,13.9,3.9,51,1004,1.5,130,0
1988,11,26,12,409,380,221,15,4.4,50,1003,2.1,70,0
1988,11,26,13,307,384,137,15.6,4.4,48,1003,4.1,210,0
1988,11,26,14,210,176,149,15.6,5.6,52,1003,3.6,140,0
1988,11,26,15,109,92,89,14.4,5.6,56,1002,2.6,140,0
1988,11,26,16,34,29,31,13.3,6.1,62,1002,2.1,130,0
1988,11,26,17,0,0,0,12.8,6.1,64,1003,1.5,210,0
1988,11,26,18,0,0,0,12.2,7.2,72,1003,2.1,160,0
1988,11,26,19,0,0,0,12.2,8.3,77,1002,2.1,160,0
1988,11,26,20,0,0,0,15,9.4,70,1002,3.6,190,0
1988,11,26,21,0,0,0,14.4,10,75,1001,3.1,180,0
1988,11,26,22,0,0,0,14.4,10,75,1001,2.6,180,0
1988,11,26,23,0,0,0,13.9,12.8,93,1000,2.1,170,0
1988,11,27,0,0,0,0,13.9,12.2,90,1000,0,0,0
1988,11,27,1,0,0,0,13.9,12.2,90,1000,2.1,210,0
1988,11,27,2,0,0,0,14.4,12.2,87,1000,2.1,220,0
1988,11,27,3,0,0,0,15,12.2,84,999,4.1,190,0
1988,11,27,4,0,0,0,16.7,12.8,78,998,6.2,190,0
1988,11,27,5,0,0,0,17.2,12.8,75,998,6.2,170,0
1988,11,27,6,0,0,0,17.2,12.8,75,998,4.1,180,0
1988,11,27,7,17,3,17,17.8,13.9,78,999,3.6,180,0
1988,11,27,8,50,4,49,17.2,14.4,84,999,4.6,190,0
1988,11,27,9,164,6,162,17.2,14.4,84,999,5.2,200,0
1988,11,27,10,214,9,210,17.8,15.6,87,999,4.6,200,0
1988,11,27,11,234,9,229,18.9,16.1,84,998,4.1,200,0
1988,11,27,12,131,6,128,19.4,16.1,81,996,4.6,210,0
1988,11,27,13,136,5,134,17.8,14.4,81,996,5.7,190,0
1988,11,27,14,92,3,91,17.2,15,87,997,4.6,190,0
1988,11,27,15,61,2,61,16.7,13.9,84,997,3.6,220,0
1988,11,27,16,17,0,17,16.1,14.4,90,996,2.6,180,0
1988,11,27,17,0,0,0,16.1,14.4,90,996,3.1,170,0
1988,11,27,18,0,0,0,15.6,14.4,93,995,2.6,180,0
1988,11,27,19,0,0,0,15.6,14.4,93,994,2.6,200,0
1988,11,27,20,0,0,0,15.6,14.4,93,993,2.6,190,0
1988,11,27,21,0,0,0,15,15,100,994,1.5,180,0
1988,11,27,22,0,0,0,15,14.4,97,993,2.1,220,0
1988,11,27,23,0,0,0,13.9,13.3,97,993,0,0,0
1988,11,28,0,0,0,0,13.9,13.3,97,992,0,0,0
1988,11,28,1,0,0,0,13.3,12.8,97,992,3.6,320,0
1988,11,28,2,0,0,0,12.8,12.2,97,992,3.1,350,0
1988,11,28,3,0,0,0,11.7,11.7,100,992,2.1,340,0
1988,11,28,4,0,0,0,10.6,10.6,100,992,2.1,350,0
1988,11,28,5,0,0,0,10.6,10.6,100,992,2.1,350,0
1988,11,28,6,0,0,0,9.4,8.3,93,993,7.2,320,0
1988,11,28,7,14,0,14,7.8,5,83,994,4.1,310,0
1988,11,28,8,58,1,57,7.2,5,86,994,3.1,340,0
1988,11,28,9,92,0,92,7.2,2.8,74,995,5.2,320,0
1988,11,28,10,209,0,209,7.2,1.1,66,994,5.7,330,0
1988,11,28,11,246,68,212,7.2,-3.3,47,994,5.2,330,0
1988,11,28,12,185,90,141,7.8,-1.1,54,993,5.2,330,0
1988,11,28,13,306,346,155,10,-1.1,46,993,6.2,320,0
1988,11,28,14,285,421,140,9.4,-2.2,44,994,5.7,310,0
1988,11,28,15,119,139,90,8.3,-1.7,50,995,7.2,300,0
1988,11,28,16,30,72,23,6.7,-2.2,54,997,4.6,310,0
1988,11,28,17,0,0,0,6.1,-2.2,56,999,4.6,280,0
1988,11,28,18,0,0,0,4.4,-2.2,62,1000,3.6,290,0
1988,11,28,19,0,0,0,4.4,-1.7,65,1001,4.6,310,0
1988,11,28,20,0,0,0,3.9,-1.7,67,1002,2.6,320,0
1988,11,28,21,0,0,0,3.9,-1.7,67,1003,6.2,310,0
1988,11,28,22,0,0,0,3.9,-1.7,67,1004,7.7,320,0
1988,11,28,23,0,0,0,3.9,-2.2,65,1005,6.2,310,0
1988,11,29,0,0,0,0,3.3,-1.7,70,1007,4.6,290,0
1988,11,29,1,0,0,0,2.8,-2.2,70,1006,4.1,280,0
1988,11,29,2,0,0,0,2.2,-2.2,73,1007,2.6,270,0
1988,11,29,3,0,0,0,2.8,-2.2,70,1009,3.1,300,0
1988,11,29,4,0,0,0,3.3,-1.7,70,1010,2.1,270,0
1988,11,29,5,0,0,0,3.3,-1.7,70,1012,3.6,290,0
1988,11,29,6,0,0,0,2.8,-1.7,73,1013,2.1,270,0
1988,11,29,7,26,11,25,2.8,-1.7,73,1014,2.1,260,0
1988,11,29,8,127,324,58,4.4,-1.1,68,1015,3.6,240,0
1988,11,29,9,283,588,79,5,-2.2,60,1015,4.6,290,0
1988,11,29,10,396,686,95,6.1,-2.2,56,1015,3.1,310,0
1988,11,29,11,455,721,103,6.7,-1.1,58,1015,3.6,310,0
1988,11,29,12,454,723,103,7.2,-2.2,52,1014,3.6,340,0
1988,11,29,13,391,626,118,8.3,-2.2,48,1014,2.6,340,0
1988,11,29,14,265,434,117,8.9,-2.8,44,1013,2.6,350,0
1988,11,29,15,126,293,65,8.3,-3.3,44,1013,2.6,350,0
1988,11,29,16,29,71,23,6.1,-2.2,56,1013,0,0,0
1988,11,29,17,0,0,0,2.2,-1.7,76,1013,2.1,130,0
1988,11,29,18,0,0,0,0.6,-5,67,1013,1.5,170,0
1988,11,29,19,0,0,0,-0.6,-4.1,75,1013,1.5,170,0
1988,11,29,20,0,0,0,1.1,-3.8,67,1013,2.1,160,0
1988,11,29,21,0,0,0,0.6,-3.2,73,1013,2.1,190,0
1988,11,29,22,0,0,0,1.1,-2.8,73,1013,1.5,220,0
1988,11,29,23,0,0,0,0.6,-3.8,70,1012,2.1,180,0
1988,11,30,0,0,0,0,-1.1,-3.8,80,1011,2.1,190,0
1988,11,30,1,0,0,0,-2.2,-2.9,94,1011,0,0,0
1988,11,30,2,0,0,0,-2.2,-3.4,90,1010,0,0,0
1988,11,30,3,0,0,0,-0.6,-3.6,78,1009,1.5,210,0
1988,11,30,4,0,0,0,-0.6,-3,82,1009,2.1,200,0
1988,11,30,5,0,0,0,-0.6,-3.5,78,1008,2.1,200,0
1988,11,30,6,0,0,0,-0.6,-3.1,81,1007,2.1,190,0
1988,11,30,7,22,31,19,1.7,-2.8,73,1007,3.1,200,0
1988,11,30,8,91,106,69,2.2,-2.8,70,1007,3.6,210,0
1988,11,30,9,137,9,134,3.3,-2.2,67,1007,3.6,210,0
1988,11,30,10,143,11,138,5,-1.7,62,1006,2.6,190,0
1988,11,30,11,195,6,191,6.1,-2.2,56,1005,4.1,200,0
1988,11,30,12,216,5,214,7.2,0.6,63,1004,3.1,200,0
1988,11,30,13,405,751,78,10,-1.7,45,1002,5.7,190,0
1988,11,30,14,305,687,71,11.1,-2.2,40,1002,3.6,210,0
1988,11,30,15,154,523,46,11.7,-0.6,43,1002,4.1,220,0
1988,11,30,16,32,94,23,11.1,-0.6,45,1002,3.6,210,0
1988,11,30,17,0,0,0,10,0,50,1002,2.1,190,0
1988,11,30,18,0,0,0,9.4,0,52,1002,2.1,180,0
1988,11,30,19,0,0,0,8.3,0.6,58,1003,2.6,310,0
1988,11,30,20,0,0,0,8.3,0.6,58,1003,2.1,190,0
1988,11,30,21,0,0,0,7.7,1,59,1003,2.1,270,0
1988,11,30,22,0,0,0,7.2,1.4,56,1003,2.1,280,0
1988,11,30,23,0,0,0,6.6,1.8,52,1004,2.1,310,0
1977,12,1,0,0,0,0,6.1,2.1,93,999,2.1,20,0
1977,12,1,1,0,0,0,5.5,2.5,93,997,2.1,340,0
1977,12,1,2,0,0,0,5,2.9,93,997,2.1,320,0
1977,12,1,3,0,0,0,4.4,3.3,93,996,2.1,290,0
1977,12,1,4,0,0,0,4.4,3.3,93,995,2.6,280,0
1977,12,1,5,0,0,0,4.4,3.3,93,994,2.6,170,0
1977,12,1,6,0,0,0,5,3.3,89,994,2.1,130,0
1977,12,1,7,22,0,22,5,3.9,93,994,2.6,140,0
1977,12,1,8,87,1,87,5,3.9,93,994,2.1,140,0
1977,12,1,9,171,1,170,6.1,5.6,96,994,4.1,190,0
1977,12,1,10,206,1,205,7.2,6.7,96,993,5.2,180,0
1977,12,1,11,239,1,239,8.3,7.8,96,992,4.1,190,0
1977,12,1,12,260,1,260,10,8.9,93,991,5.7,220,0
1977,12,1,13,222,1,222,11.7,10,90,990,4.1,180,0
1977,12,1,14,164,1,164,12.8,10.6,86,990,5.2,190,0
1977,12,1,15,97,113,73,13.9,11.7,87,991,3.6,190,0
1977,12,1,16,18,1,18,13.3,10.6,83,993,2.1,300,0
1977,12,1,17,0,0,0,12.8,10,83,994,1.5,200,0
1977,12,1,18,0,0,0,11.1,8.9,86,995,2.6,330,0
1977,12,1,19,0,0,0,10,8.9,93,996,2.1,360,0
1977,12,1,20,0,0,0,7.8,7.2,96,997,3.1,340,0
1977,12,1,21,0,0,0,10.6,2.8,59,997,5.7,320,0
1977,12,1,22,0,0,0,10.6,2.2,57,998,5.7,320,0
1977,12,1,23,0,0,0,8.3,2.2,66,999,4.6,330,0
1977,12,2,0,0,0,0,7.2,1.1,65,999,2.1,360,0
1977,12,2,1,0,0,0,6.7,0,63,999,2.6,40,0
1977,12,2,2,0,0,0,6.1,-0.6,63,1000,2.6,60,0
1977,12,2,3,0,0,0,3.9,-0.6,73,1000,2.6,240,0
1977,12,2,4,0,0,0,6.7,-1.7,56,1000,2.6,320,0
1977,12,2,5,0,0,0,5,-1.1,65,1001,2.6,170,0
1977,12,2,6,0,0,0,2.8,-0.6,79,1001,2.1,190,0
1977,12,2,7,30,38,26,3.3,0,79,1002,0,0,0
1977,12,2,8,128,67,114,6.7,0,63,1002,3.6,270,0
1977,12,2,9,206,142,157,9.4,0.6,54,1003,4.6,240,0
1977,12,2,10,324,471,120,10,-2.2,43,1003,4.1,290,0
1977,12,2,11,328,218,223,10,-1.7,44,1002,3.6,240,0
1977,12,2,12,434,504,191,10.6,-1.7,43,1001,4.6,200,0
1977,12,2,13,313,204,225,10.6,-1.7,43,1001,5.2,220,0
1977,12,2,14,238,331,126,11.1,-1.1,43,1000,5.2,190,0
1977,12,2,15,97,60,84,10,-1.1,46,1001,4.6,200,0
1977,12,2,16,31,31,28,8.3,-0.6,54,1001,3.6,200,0
1977,12,2,17,0,0,0,6.1,-1.1,60,1001,3.6,190,0
1977,12,2,18,0,0,0,5.6,-1.7,60,1001,3.6,180,0
1977,12,2,19,0,0,0,5,-1.7,62,1002,3.1,170,0
1977,12,2,20,0,0,0,3.3,-1.7,70,1002,3.1,190,0
1977,12,2,21,0,0,0,2.2,-2.2,73,1001,2.6,210,0
1977,12,2,22,0,0,0,2.2,-1.7,76,1001,2.6,250,0
1977,12,2,23,0,0,0,0.6,-2.2,82,1001,3.1,160,0
1977,12,3,0,0,0,0,0.6,-2.8,79,1001,2.6,170,0
1977,12,3,1,0,0,0,0,-2.8,82,1001,2.6,170,0
1977,12,3,2,0,0,0,0.6,-2.8,79,1001,2.6,190,0
1977,12,3,3,0,0,0,-0.6,-2.8,85,1002,3.6,190,0
1977,12,3,4,0,0,0,-0.6,-3.3,82,1001,2.6,200,0
1977,12,3,5,0,0,0,0.6,-2.8,79,1001,3.1,150,0
1977,12,3,6,0,0,0,0.6,-2.2,82,1000,2.6,180,0
1977,12,3,7,28,8,28,1.7,-1.7,79,1001,4.6,190,0
1977,12,3,8,89,62,76,2.8,-1.1,76,1001,4.1,190,0
1977,12,3,9,126,82,99,4.4,-0.6,70,1000,4.1,170,0
1977,12,3,10,280,204,192,5,-0.6,68,999,3.6,190,0
1977,12,3,11,312,248,193,9.4,0.6,54,996,6.7,180,0
1977,12,3,12,293,128,232,11.7,-0.6,43,995,10.3,200,0
1977,12,3,13,387,466,186,12.2,-1.1,40,994,8.2,210,0
1977,12,3,14,149,95,117,12.8,0,42,995,4.1,200,0
1977,12,3,15,99,52,88,12.8,1.1,45,995,4.1,230,0
1977,12,3,16,15,8,14,11.7,1.1,49,996,4.1,280,0
1977,12,3,17,0,0,0,10,1.1,54,997,4.6,300,0
1977,12,3,18,0,0,0,8.9,0.6,56,998,5.2,320,0
1977,12,3,19,0,0,0,8.9,0.6,56,998,6.7,320,0
1977,12,3,20,0,0,0,6.7,0,63,999,2.1,340,0
1977,12,3,21,0,0,0,4.4,-1.1,68,1000,3.1,340,0
1977,12,3,22,0,0,0,2.8,-1.7,73,1000,5.2,30,0
1977,12,3,23,0,0,0,2.8,-1.7,73,1000,3.6,40,0
1977,12,4,0,0,0,0,3.3,-2.2,67,1000,3.1,30,0
1977,12,4,1,0,0,0,2.8,-2.2,70,1001,4.1,330,0
1977,12,4,2,0,0,0,2.8,-1.7,73,1001,4.1,340,0
1977,12,4,3,0,0,0,1.1,-2.8,76,1001,3.6,40,0
1977,12,4,4,0,0,0,0,-2.8,82,1001,2.1,260,0
1977,12,4,5,0,0,0,0.6,-2.2,82,1002,2.1,90,0
1977,12,4,6,0,0,0,1.7,-1.1,82,1003,2.1,180,0
1977,12,4,7,26,27,24,2.2,-0.6,82,1004,0,0,0
1977,12,4,8,115,100,95,3.9,-0.6,73,1004,0,0,0
1977,12,4,9,271,474,112,5.6,-1.7,60,1005,2.1,190,0
1977,12,4,10,286,54,263,6.1,-2.8,53,1005,0,0,0
1977,12,4,11,321,131,259,6.7,-2.2,53,1004,2.6,60,0
1977,12,4,12,394,461,174,7.8,-1.7,52,1004,2.1,70,0
1977,12,4,13,336,466,136,8.9,-1.1,50,1003,2.6,290,0
1977,12,4,14,245,273,153,9.4,-0.6,50,1003,3.1,340,0
1977,12,4,15,105,48,95,7.8,-0.6,56,1003,1.5,80,0
1977,12,4,16,26,0,26,6.1,-0.6,63,1004,2.1,100,0
1977,12,4,17,0,0,0,4.4,-0.6,70,1004,2.6,90,0
1977,12,4,18,0,0,0,4.4,-0.6,70,1005,1.5,90,0
1977,12,4,19,0,0,0,3.9,-0.6,73,1005,0,0,0
1977,12,4,20,0,0,0,3.3,-0.6,76,1005,2.1,140,0
1977,12,4,21,0,0,0,4.4,0,73,1006,0,0,0
1977,12,4,22,0,0,0,3.9,0.6,79,1005,2.1,340,0
1977,12,4,23,0,0,0,3.3,0.6,82,1006,1.5,310,0
1977,12,5,0,0,0,0,3.3,0.6,82,1004,2.6,40,0
1977,12,5,1,0,0,0,3.9,0,76,1004,5.2,70,0
1977,12,5,2,0,0,0,3.9,0,76,1004,4.1,90,0
1977,12,5,3,0,0,0,3.9,-1.7,67,1002,4.1,90,0
1977,12,5,4,0,0,0,3.9,-2.8,62,1003,4.1,110,0
1977,12,5,5,0,0,0,3.3,-1.7,70,1001,4.1,100,0
1977,12,5,6,0,0,0,2.2,-1.1,79,1002,3.6,80,0
1977,12,5,7,6,2,6,1.7,-0.6,85,1000,5.2,80,0
1977,12,5,8,40,7,39,1.7,-0.6,85,998,5.2,90,0
1977,12,5,9,67,4,66,2.2,0,85,996,4.1,120,0
1977,12,5,10,116,0,116,2.8,1.1,89,995,3.6,130,0
1977,12,5,11,115,4,113,3.3,1.7,89,992,3.6,90,0
1977,12,5,12,118,5,115,3.9,2.2,89,990,2.6,20,0
1977,12,5,13,125,4,123,3.9,2.8,93,988,6.2,310,0
1977,12,5,14,94,3,93,3.3,1.7,89,987,4.1,340,0
1977,12,5,15,51,0,51,2.8,1.1,89,985,4.6,20,0
1977,12,5,16,24,0,24,3.3,1.1,86,983,2.6,340,0
1977,12,5,17,0,0,0,3.3,1.7,89,983,3.1,280,0
1977,12,5,18,0,0,0,3.3,1.7,89,982,2.6,320,0
1977,12,5,19,0,0,0,3.3,1.7,89,982,2.1,280,0
1977,12,5,20,0,0,0,2.8,1.7,92,982,3.6,320,0
1977,12,5,21,0,0,0,2.8,1.7,92,983,3.6,350,0
1977,12,5,22,0,0,0,3.3,1.7,89,983,3.1,340,0
1977,12,5,23,0,0,0,3.3,1.7,89,983,2.6,10,0
1977,12,6,0,0,0,0,3.3,1.7,89,983,2.6,70,0
1977,12,6,1,0,0,0,3.3,1.7,89,983,3.1,340,0
1977,12,6,2,0,0,0,1.1,0,92,983,2.6,20,0
1977,12,6,3,0,0,0,1.1,-0.6,89,982,4.1,310,0
1977,12,6,4,0,0,0,3.3,0,79,982,5.2,330,0
1977,12,6,5,0,0,0,3.9,-0.6,73,982,7.2,320,0
1977,12,6,6,0,0,0,3.9,-1.1,70,982,6.7,320,0
1977,12,6,7,13,0,13,3.9,-2.2,65,983,7.2,330,0
1977,12,6,8,81,0,81,3.9,-2.8,62,983,6.2,320,0
1977,12,6,9,170,0,170,3.9,-3.3,60,984,8.2,310,0
1977,12,6,10,210,1,209,4.4,-2.8,60,984,6.2,300,0
1977,12,6,11,229,2,229,4.4,-3.9,55,984,8.2,280,0
1977,12,6,12,336,278,204,4.4,-6.7,45,985,9.8,290,0
1977,12,6,13,306,164,236,3.9,-6.7,46,985,11.3,300,0
1977,12,6,14,178,123,137,3.3,-7.2,46,986,11.3,290,0
1977,12,6,15,64,64,51,2.8,-7.8,46,987,8.2,290,0
1977,12,6,16,20,1,20,2.8,-8.3,44,988,7.7,290,0
1977,12,6,17,0,0,0,2.2,-8.3,46,989,9.3,300,0
1977,12,6,18,0,0,0,1.7,-8.3,48,990,9.3,300,0
1977,12,6,19,0,0,0,1.1,-7.8,52,991,9.3,300,0
1977,12,6,20,0,0,0,0.6,-8.9,50,991,10.3,290,0
1977,12,6,21,0,0,0,0,-9.4,49,992,9.3,290,0
1977,12,6,22,0,0,0,-0.6,-10.6,47,993,7.7,300,0
1977,12,6,23,0,0,0,-0.6,-11.1,45,994,11.3,300,0
1977,12,7,0,0,0,0,-1.7,-12.2,45,995,10.3,290,0
1977,12,7,1,0,0,0,-2.8,-12.8,47,996,6.7,290,0
1977,12,7,2,0,0,0,-3.9,-13.3,48,997,7.2,310,0
1977,12,7,3,0,0,0,-5,-13.3,52,998,7.7,310,0
1977,12,7,4,0,0,0,-6.1,-15,50,999,4.1,290,0
1977,12,7,5,0,0,0,-6.7,-15,52,1001,7.2,300,0
1977,12,7,6,0,0,0,-7.8,-15,57,1001,7.7,290,0
1977,12,7,7,27,61,21,-5,-13.9,50,1002,9.8,280,0
1977,12,7,8,117,164,85,-4.4,-13.9,48,1004,7.7,270,0
1977,12,7,9,281,693,54,-2.8,-13.3,44,1004,10.8,290,0
1977,12,7,10,387,759,67,-2.2,-13.3,43,1004,17,290,0
1977,12,7,11,460,827,70,-2.2,-13.9,41,1005,13.9,300,0
1977,12,7,12,453,803,73,-1.1,-13.3,39,1006,11.8,320,0
1977,12,7,13,393,778,62,-1.1,-13.3,39,1006,10.3,290,0
1977,12,7,14,299,735,54,-1.1,-13.3,39,1007,10.8,300,0
1977,12,7,15,149,541,40,-2.2,-12.8,45,1008,8.8,300,0
1977,12,7,16,34,166,19,-3.3,-13.3,46,1009,9.3,290,0
1977,12,7,17,0,0,0,-3.3,-13.3,46,1009,11.3,240,0
1977,12,7,18,0,0,0,-3.9,-13.3,48,1010,7.7,290,0
1977,12,7,19,0,0,0,-4.4,-13.3,50,1011,5.2,280,0
1977,12,7,20,0,0,0,-5,-13.9,50,1012,5.2,300,0
1977,12,7,21,0,0,0,-5.6,-13.9,52,1013,4.1,310,0
1977,12,7,22,0,0,0,-6.1,-13.3,57,1014,5.2,300,0
1977,12,7,23,0,0,0,-5.6,-13.3,55,1014,4.6,290,0
1977,12,8,0,0,0,0,-7.2,-12.2,68,1014,3.6,20,0
1977,12,8,1,0,0,0,-5.6,-12.2,60,1015,4.1,290,0
1977,12,8,2,0,0,0,-5.6,-12.2,60,1015,3.6,290,0
1977,12,8,3,0,0,0,-6.1,-12.2,62,1015,2.1,320,0
1977,12,8,4,0,0,0,-6.7,-12.2,65,1015,2.1,350,0
1977,12,8,5,0,0,0,-8.3,-12.2,74,1017,1.5,230,0
1977,12,8,6,0,0,0,-9.4,-12.8,77,1017,2.6,200,0
1977,12,8,7,23,37,20,-8.3,-11.7,77,1018,0,0,0
1977,12,8,8,126,387,52,-4.4,-10,66,1019,1.5,270,0
1977,12,8,9,263,581,74,-2.2,-10.6,53,1019,3.1,290,0
1977,12,8,10,375,581,132,-0.6,-10.6,47,1019,2.1,320,0
1977,12,8,11,404,495,172,1.1,-10.6,42,1017,3.1,90,0
1977,12,8,12,384,307,239,1.7,-10.6,40,1016,6.2,170,0
1977,12,8,13,375,469,177,1.1,-11.7,38,1015,6.7,160,0
1977,12,8,14,256,438,110,0.6,-11.7,40,1015,5.7,160,0
1977,12,8,15,87,46,77,0.6,-11.7,40,1014,4.1,160,0
1977,12,8,16,22,3,22,0,-11.1,43,1014,5.2,160,0
1977,12,8,17,0,0,0,-0.6,-9.4,51,1013,4.6,160,0
1977,12,8,18,0,0,0,-0.6,-8.9,54,1013,3.6,160,0
1977,12,8,19,0,0,0,-0.6,-10,49,1012,4.1,160,0
1977,12,8,20,0,0,0,-0.6,-9.4,51,1011,6.2,160,0
1977,12,8,21,0,0,0,0.6,-9.4,48,1009,7.2,160,0
1977,12,8,22,0,0,0,1.1,-10,44,1008,8.2,160,0
1977,12,8,23,0,0,0,1.7,-10,42,1006,7.2,180,0
1977,12,9,0,0,0,0,1.7,-10,42,1004,8.2,180,0
1977,12,9,1,0,0,0,1.7,-10,42,1003,7.7,180,0
1977,12,9,2,0,0,0,1.1,-9.4,46,1006,4.1,220,0
1977,12,9,3,0,0,0,1.7,-9.4,44,1004,7.7,160,0
1977,12,9,4,0,0,0,0,-5.6,67,1001,8.8,180,0
1977,12,9,5,0,0,0,0,-3.3,79,1001,8.8,180,0
1977,12,9,6,0,0,0,0.6,-2.8,79,1000,5.7,200,0
1977,12,9,7,11,2,11,1.1,-2.8,76,1000,4.1,220,0
1977,12,9,8,91,13,89,1.7,-2.2,76,999,4.6,180,0
1977,12,9,9,173,157,123,2.8,-1.1,76,998,5.2,200,0
1977,12,9,10,333,587,88,5,0.6,73,998,8.2,200,0
1977,12,9,11,165,68,133,5.6,-0.6,65,998,4.6,310,0
1977,12,9,12,235,75,200,6.1,-0.6,63,998,6.2,310,0
1977,12,9,13,401,820,54,7.2,-8.3,32,998,11.8,310,0
1977,12,9,14,308,799,44,6.7,-7.8,35,999,9.8,290,0
1977,12,9,15,161,641,32,3.9,-9.4,38,1000,9.8,300,0
1977,12,9,16,38,234,16,0,-10,47,1003,12.4,310,0
1977,12,9,17,0,0,0,-1.7,-15.6,34,1006,13.4,300,0
1977,12,9,18,0,0,0,-2.8,-15,39,1008,9.3,290,0
1977,12,9,19,0,0,0,-4.4,-17.8,35,1010,12.4,300,0
1977,12,9,20,0,0,0,-5,-17.2,38,1011,9.3,290,0
1977,12,9,21,0,0,0,-6.1,-16.7,43,1012,7.2,290,0
1977,12,9,22,0,0,0,-6.1,-16.7,43,1012,7.7,310,0
1977,12,9,23,0,0,0,-6.7,-16.1,47,1012,8.8,310,0
1977,12,10,0,0,0,0,-7.2,-16.7,47,1013,4.6,290,0
1977,12,10,1,0,0,0,-7.8,-16.7,49,1014,7.2,310,0
1977,12,10,2,0,0,0,-8.3,-16.7,51,1015,5.7,300,0
1977,12,10,3,0,0,0,-8.9,-16.7,54,1016,5.2,310,0
1977,12,10,4,0,0,0,-9.4,-16.7,56,1017,5.2,270,0
1977,12,10,5,0,0,0,-10,-16.1,61,1018,5.2,290,0
1977,12,10,6,0,0,0,-9.4,-16.1,59,1018,8.2,280,0
1977,12,10,7,33,222,13,-8.3,-16.7,51,1019,4.6,320,0
1977,12,10,8,148,646,27,-7.2,-15.6,52,1020,11.3,300,0
1977,12,10,9,296,807,38,-6.1,-15.6,48,1021,8.8,320,0
1977,12,10,10,410,878,45,-5,-15,46,1021,8.8,320,0
1977,12,10,11,473,910,49,-3.9,-14.4,44,1021,8.8,330,0
1977,12,10,12,477,915,50,-2.8,-14.4,41,1020,9.8,310,0
1977,12,10,13,424,897,46,-2.8,-15,39,1020,9.8,310,0
1977,12,10,14,315,837,38,-2.8,-16.1,35,1020,6.2,320,0
1977,12,10,15,167,695,28,-3.3,-16.7,35,1020,6.7,330,0
1977,12,10,16,41,284,14,-5,-16.7,40,1020,4.6,310,0
1977,12,10,17,0,0,0,-6.1,-16.7,43,1021,6.2,300,0
1977,12,10,18,0,0,0,-6.7,-16.7,45,1021,6.2,300,0
1977,12,10,19,0,0,0,-7.8,-16.1,52,1021,4.6,300,0
1977,12,10,20,0,0,0,-8.3,-16.1,54,1021,4.6,300,0
1977,12,10,21,0,0,0,-8.9,-16.1,56,1021,5.7,310,0
1977,12,10,22,0,0,0,-8.9,-16.1,56,1022,4.1,270,0
1977,12,10,23,0,0,0,-8.9,-15.6,59,1022,2.6,290,0
1977,12,11,0,0,0,0,-10,-15,67,1022,3.6,260,0
1977,12,11,1,0,0,0,-9.4,-15,64,1022,3.1,320,0
1977,12,11,2,0,0,0,-8.9,-14.4,64,1022,3.6,330,0
1977,12,11,3,0,0,0,-8.3,-13.3,68,1021,4.1,340,0
1977,12,11,4,0,0,0,-7.8,-13.3,65,1021,2.6,320,0
1977,12,11,5,0,0,0,-7.8,-13.3,65,1021,2.6,10,0
1977,12,11,6,0,0,0,-8.3,-13.3,68,1022,2.1,360,0
1977,12,11,7,33,224,12,-7.8,-13.3,65,1022,2.6,340,0
1977,12,11,8,154,681,28,-6.1,-12.8,60,1023,3.6,350,0
1977,12,11,9,285,776,38,-4.4,-12.8,53,1024,5.2,340,0
1977,12,11,10,398,780,75,-3.9,-13.9,46,1024,7.2,310,0
1977,12,11,11,489,944,51,-3.3,-13.9,44,1023,3.6,290,0
1977,12,11,12,469,841,76,-2.2,-13.9,41,1022,6.2,300,0
1977,12,11,13,414,855,54,-2.8,-13.9,43,1022,4.6,300,0
1977,12,11,14,301,786,42,-2.2,-13.9,41,1022,7.2,300,0
1977,12,11,15,154,600,35,-2.8,-14.4,41,1023,3.6,320,0
1977,12,11,16,38,214,18,-3.9,-14.4,44,1023,3.1,320,0
1977,12,11,17,0,0,0,-5.6,-13.9,52,1023,0,0,0
1977,12,11,18,0,0,0,-7.8,-13.9,62,1023,0,0,0
1977,12,11,19,0,0,0,-8.3,-13.9,65,1024,2.6,10,0
1977,12,11,20,0,0,0,-8.9,-13.9,67,1024,2.6,340,0
1977,12,11,21,0,0,0,-9.4,-13.9,70,1024,3.6,30,0
1977,12,11,22,0,0,0,-10.6,-13.9,77,1024,0,0,0
1977,12,11,23,0,0,0,-11.7,-14.4,80,1024,2.1,190,0
1977,12,12,0,0,0,0,-11.7,-13.9,84,1024,1.5,160,0
1977,12,12,1,0,0,0,-11.7,-14.4,80,1022,3.1,170,0
1977,12,12,2,0,0,0,-12.2,-14.4,84,1023,2.1,130,0
1977,12,12,3,0,0,0,-11.7,-14.4,80,1022,2.1,160,0
1977,12,12,4,0,0,0,-11.7,-13.9,84,1022,2.1,150,0
1977,12,12,5,0,0,0,-11.7,-13.9,84,1022,1.5,180,0
1977,12,12,6,0,0,0,-12.2,-13.9,88,1022,2.1,170,0
1977,12,12,7,32,210,13,-11.7,-13.9,84,1022,2.1,270,0
1977,12,12,8,147,653,28,-7.8,-11.1,77,1022,2.6,210,0
1977,12,12,9,300,828,38,-3.9,-9.4,66,1021,3.1,190,0
1977,12,12,10,417,902,45,-2.2,-10,56,1020,5.7,190,0
1977,12,12,11,454,844,63,0.6,-10,45,1018,9.3,200,0
1977,12,12,12,433,708,103,1.7,-10.6,40,1017,7.7,180,0
1977,12,12,13,409,711,110,3.3,-11.1,34,1016,7.2,200,0
1977,12,12,14,249,494,86,3.9,-10.6,34,1016,6.7,190,0
1977,12,12,15,76,93,57,3.3,-11.1,34,1015,6.2,180,0
1977,12,12,16,28,19,26,2.8,-11.1,36,1015,4.1,180,0
1977,12,12,17,0,0,0,2.8,-11.1,36,1014,5.2,170,0
1977,12,12,18,0,0,0,2.8,-11.1,36,1014,4.6,170,0
1977,12,12,19,0,0,0,2.8,-10.6,37,1014,6.2,170,0
1977,12,12,20,0,0,0,2.8,-10.6,37,1014,5.2,180,0
1977,12,12,21,0,0,0,1.7,-7.2,52,1013,4.1,180,0
1977,12,12,22,0,0,0,1.7,-6.7,54,1013,4.1,190,0
1977,12,12,23,0,0,0,1.7,-6.7,54,1013,3.1,190,0
1977,12,13,0,0,0,0,2.2,-7.2,50,1013,2.1,190,0
1977,12,13,1,0,0,0,2.2,-6.1,55,1013,2.1,150,0
1977,12,13,2,0,0,0,2.8,-5.6,55,1013,1.5,170,0
1977,12,13,3,0,0,0,2.2,-4.4,62,1013,2.1,180,0
1977,12,13,4,0,0,0,1.7,-2.2,76,1013,2.6,140,0
1977,12,13,5,0,0,0,1.7,-2.2,76,1013,2.6,150,0
1977,12,13,6,0,0,0,1.7,-2.8,73,1013,2.6,180,0
1977,12,13,7,17,1,17,1.7,-3.3,70,1013,0,0,0
1977,12,13,8,92,65,80,2.8,-3.3,65,1013,2.1,160,0
1977,12,13,9,252,413,122,4.4,-4.4,53,1013,3.6,220,0
1977,12,13,10,255,151,193,6.1,-5.6,43,1013,2.6,120,0
1977,12,13,11,262,61,234,7.2,-5.6,40,1012,2.6,140,0
1977,12,13,12,351,475,130,8.9,-5,37,1012,2.6,110,0
1977,12,13,13,405,830,57,10,-4.4,36,1011,3.6,190,0
1977,12,13,14,272,571,84,10,-5,35,1011,4.1,110,0
1977,12,13,15,143,449,54,9.4,-5,36,1011,2.6,110,0
1977,12,13,16,36,185,18,6.1,-5,45,1011,2.1,80,0
1977,12,13,17,0,0,0,3.9,-5.6,51,1011,2.6,60,0
1977,12,13,18,0,0,0,2.2,-5.6,57,1012,2.1,80,0
1977,12,13,19,0,0,0,0.6,-5,67,1012,0,0,0
1977,12,13,20,0,0,0,0,-5,69,1011,2.1,340,0
1977,12,13,21,0,0,0,-1.7,-5,78,1011,0,0,0
1977,12,13,22,0,0,0,-2.2,-5,82,1011,2.1,310,0
1977,12,13,23,0,0,0,-1.7,-5,78,1011,2.1,360,0
1977,12,14,0,0,0,0,-1.7,-4.4,82,1010,1.5,70,0
1977,12,14,1,0,0,0,-0.6,-3.9,78,1010,0,0,0
1977,12,14,2,0,0,0,0.6,-2.8,79,1009,0,0,0
1977,12,14,3,0,0,0,1.7,-3.3,70,1009,0,0,0
1977,12,14,4,0,0,0,1.7,-2.8,73,1007,0,0,0
1977,12,14,5,0,0,0,2.2,-2.8,70,1007,0,0,0
1977,12,14,6,0,0,0,2.8,-2.8,67,1007,0,0,0
1977,12,14,7,17,8,17,2.8,-2.2,70,1006,2.6,140,0
1977,12,14,8,24,2,23,3.3,-0.6,76,1006,0,0,0
1977,12,14,9,69,1,69,3.3,1.7,89,1005,2.1,170,0
1977,12,14,10,99,3,98,4.4,3.3,93,1005,3.1,290,0
1977,12,14,11,114,9,109,6.1,5,93,1003,2.6,160,0
1977,12,14,12,131,8,128,6.7,5.6,93,1001,2.1,120,0
1977,12,14,13,133,5,131,6.7,6.1,96,1000,3.6,180,0
1977,12,14,14,84,4,83,7.8,7.2,96,1000,2.6,220,0
1977,12,14,15,52,1,52,8.3,7.8,96,1000,2.6,240,0
1977,12,14,16,12,0,12,10,8.9,93,999,2.6,180,0
1977,12,14,17,0,0,0,12.8,11.7,93,998,4.6,180,0
1977,12,14,18,0,0,0,13.9,12.8,93,998,6.7,180,0
1977,12,14,19,0,0,0,13.3,12.2,93,998,2.6,220,0
1977,12,14,20,0,0,0,12.2,11.1,93,997,2.1,360,0
1977,12,14,21,0,0,0,11.7,10.6,93,996,2.6,120,0
1977,12,14,22,0,0,0,11.7,10.6,93,996,0,0,0
1977,12,14,23,0,0,0,10.6,10,96,996,0,0,0
1977,12,15,0,0,0,0,10.6,10,96,996,3.6,330,0
1977,12,15,1,0,0,0,9.4,8.9,96,996,3.6,310,0
1977,12,15,2,0,0,0,10.6,7.8,83,997,5.7,300,0
1977,12,15,3,0,0,0,10,6.7,80,998,3.6,290,0
1977,12,15,4,0,0,0,10,5.6,74,999,4.6,310,0
1977,12,15,5,0,0,0,10,5,71,1000,2.6,210,0
1977,12,15,6,0,0,0,8.9,4.4,74,1001,5.7,320,0
1977,12,15,7,26,47,21,8.3,3.3,71,1003,6.2,320,0
1977,12,15,8,111,142,86,8.3,2.2,66,1003,7.7,310,0
1977,12,15,9,276,777,35,8.9,2.2,63,1004,6.2,320,0
1977,12,15,10,355,725,60,9.4,1.7,59,1004,7.2,330,0
1977,12,15,11,374,653,75,10.6,1.7,54,1004,7.2,320,0
1977,12,15,12,443,855,46,10.6,1.1,52,1003,7.2,320,0
1977,12,15,13,401,854,43,11.1,1.7,53,1003,6.2,280,0
1977,12,15,14,298,796,36,11.1,1.1,50,1004,6.7,320,0
1977,12,15,15,157,642,28,10.6,1.1,52,1005,6.2,320,0
1977,12,15,16,38,264,14,6.7,-0.6,60,1005,2.1,360,0
1977,12,15,17,0,0,0,4.4,-0.6,70,1005,3.6,40,0
1977,12,15,18,0,0,0,2.8,-1.1,76,1006,3.6,30,0
1977,12,15,19,0,0,0,2.2,-1.7,76,1006,3.6,340,0
1977,12,15,20,0,0,0,1.1,-1.7,82,1007,2.6,40,0
1977,12,15,21,0,0,0,-0.6,-2.8,85,1008,2.6,260,0
1977,12,15,22,0,0,0,-1.1,-3.3,85,1008,3.1,80,0
1977,12,15,23,0,0,0,-2.8,-4.4,88,1008,2.1,160,0
1977,12,16,0,0,0,0,-2.2,-3.3,92,1009,2.1,90,0
1977,12,16,1,0,0,0,-2.2,-3.9,89,1009,0,0,0
1977,12,16,2,0,0,0,-2.8,-4.4,88,1010,0,0,0
1977,12,16,3,0,0,0,-3.3,-5,88,1009,0,0,0
1977,12,16,4,0,0,0,-3.3,-5.6,85,1010,0,0,0
1977,12,16,5,0,0,0,-3.9,-5.6,88,1010,1.5,60,0
1977,12,16,6,0,0,0,-3.3,-6.1,81,1011,0,0,0
1977,12,16,7,23,108,13,-3.9,-6.1,85,1011,0,0,0
1977,12,16,8,128,526,36,-1.1,-3.3,85,1011,0,0,0
1977,12,16,9,273,723,50,2.8,-0.6,79,1011,0,0,0
1977,12,16,10,389,810,60,5.6,1.1,73,1011,2.6,200,0
1977,12,16,11,453,845,66,7.8,1.1,63,1010,5.2,170,0
1977,12,16,12,458,847,67,8.9,1.1,59,1010,4.1,220,0
1977,12,16,13,405,820,62,10,1.1,54,1009,4.6,170,0
1977,12,16,14,298,746,52,10,1.7,57,1009,4.1,170,0
1977,12,16,15,155,580,39,10,1.1,54,1008,3.6,160,0
1977,12,16,16,34,182,18,6.1,-0.6,63,1008,3.1,130,0
1977,12,16,17,0,0,0,4.4,-1.1,68,1008,3.1,140,0
1977,12,16,18,0,0,0,3.9,-1.1,70,1009,2.1,170,0
1977,12,16,19,0,0,0,3.3,-1.1,73,1009,1.5,240,0
1977,12,16,20,0,0,0,0.6,-1.1,89,1009,0,0,0
1977,12,16,21,0,0,0,0,-2.2,85,1009,0,0,0
1977,12,16,22,0,0,0,-1.1,-3.3,85,1009,0,0,0
1977,12,16,23,0,0,0,-2.2,-3.9,89,1008,0,0,0
1977,12,17,0,0,0,0,-1.7,-3.3,89,1008,0,0,0
1977,12,17,1,0,0,0,-1.7,-3.9,85,1008,1.5,50,0
1977,12,17,2,0,0,0,-2.8,-5,85,1008,2.1,80,0
1977,12,17,3,0,0,0,-2.2,-3.9,89,1007,0,0,0
1977,12,17,4,0,0,0,-1.1,-2.8,89,1007,2.1,340,0
1977,12,17,5,0,0,0,-0.6,-2.2,89,1007,0,0,0
1977,12,17,6,0,0,0,0,-1.7,89,1007,2.1,340,0
1977,12,17,7,6,0,6,0.6,-1.1,89,1007,2.6,330,0
1977,12,17,8,54,4,53,1.1,-0.6,89,1007,2.6,70,0
1977,12,17,9,147,5,146,2.8,0.6,85,1007,3.1,20,0
1977,12,17,10,186,3,185,3.9,1.1,82,1007,3.1,330,0
1977,12,17,11,186,7,182,5,1.7,79,1006,3.1,330,0
1977,12,17,12,190,2,189,5.6,2.2,79,1005,4.1,340,0
1977,12,17,13,185,5,183,6.1,2.2,76,1005,3.1,360,0
1977,12,17,14,141,4,139,6.1,2.2,76,1005,3.6,320,0
1977,12,17,15,104,42,96,7.2,2.8,74,1004,4.6,60,0
1977,12,17,16,27,1,27,6.7,2.2,74,1004,4.1,30,0
1977,12,17,17,0,0,0,6.7,2.2,74,1005,3.6,50,0
1977,12,17,18,0,0,0,6.1,2.2,76,1005,3.1,60,0
1977,12,17,19,0,0,0,5.6,2.8,83,1004,3.6,70,0
1977,12,17,20,0,0,0,5,3.3,89,1004,3.1,30,0
1977,12,17,21,0,0,0,5,3.3,89,1003,2.6,30,0
1977,12,17,22,0,0,0,4.4,3.3,93,1003,3.6,360,0
1977,12,17,23,0,0,0,4.4,2.8,89,1003,3.6,10,0
1977,12,18,0,0,0,0,4.4,2.8,89,1002,3.1,350,0
1977,12,18,1,0,0,0,4.4,3.3,93,1002,0,0,0
1977,12,18,2,0,0,0,5.6,3.9,89,1000,3.1,70,0
1977,12,18,3,0,0,0,5.6,3.9,89,1000,4.1,70,0
1977,12,18,4,0,0,0,5.6,3.3,86,1000,5.2,70,0
1977,12,18,5,0,0,0,5,3.3,89,1000,4.1,20,0
1977,12,18,6,0,0,0,5,3.3,89,1000,4.1,30,0
1977,12,18,7,8,2,8,4.4,3.3,93,1000,3.6,10,0
1977,12,18,8,31,5,30,4.4,2.8,89,999,6.7,40,0
1977,12,18,9,67,7,64,5,3.3,89,999,3.1,80,0
1977,12,18,10,99,1,98,5,2.8,86,999,6.2,40,0
1977,12,18,11,112,2,111,5,3.3,89,998,3.6,10,0
1977,12,18,12,211,6,209,5,3.3,89,997,3.6,350,0
1977,12,18,13,119,5,117,5,3.9,93,997,4.1,330,0
1977,12,18,14,92,3,91,5.6,3.9,89,997,5.7,40,0
1977,12,18,15,56,0,56,5.6,3.9,89,997,5.2,360,0
1977,12,18,16,13,0,13,4.4,2.8,89,997,4.1,360,0
1977,12,18,17,0,0,0,4.4,3.3,93,996,4.1,10,0
1977,12,18,18,0,0,0,5,3.9,93,997,5.2,20,0
1977,12,18,19,0,0,0,5,3.3,89,998,6.2,340,0
1977,12,18,20,0,0,0,3.3,1.1,86,998,7.2,340,0
1977,12,18,21,0,0,0,3.3,1.1,86,998,7.7,340,0
1977,12,18,22,0,0,0,2.8,1.1,89,998,6.7,340,0
1977,12,18,23,0,0,0,2.8,1.1,89,998,7.7,320,0
1977,12,19,0,0,0,0,2.2,0.6,89,999,6.7,340,0
1977,12,19,1,0,0,0,1.7,0,89,999,5.7,340,0
1977,12,19,2,0,0,0,1.1,-0.6,89,1000,6.2,340,0
1977,12,19,3,0,0,0,1.1,-0.6,89,1000,6.2,330,0
1977,12,19,4,0,0,0,1.7,0,89,1000,5.7,340,0
1977,12,19,5,0,0,0,1.7,0,89,1001,4.6,340,0
1977,12,19,6,0,0,0,1.7,0,89,1001,6.2,330,0
1977,12,19,7,8,0,8,1.7,0,89,1002,5.2,320,0
1977,12,19,8,40,1,40,2.2,0.6,89,1002,4.1,350,0
1977,12,19,9,132,1,132,2.8,1.1,89,1003,5.2,340,0
1977,12,19,10,109,1,109,3.3,1.7,89,1003,4.1,350,0
1977,12,19,11,128,1,127,3.9,1.7,86,1003,4.6,340,0
1977,12,19,12,137,1,136,3.9,2.2,89,1003,4.1,350,0
1977,12,19,13,218,0,218,3.9,1.7,86,1003,4.6,350,0
1977,12,19,14,169,0,169,3.9,1.7,86,1003,3.1,350,0
1977,12,19,15,88,0,88,3.9,1.7,86,1004,3.6,340,0
1977,12,19,16,23,0,23,3.3,1.1,86,1005,4.1,340,0
1977,12,19,17,0,0,0,3.3,1.1,86,1006,4.1,20,0
1977,12,19,18,0,0,0,3.3,1.1,86,1006,4.1,10,0
1977,12,19,19,0,0,0,2.8,0.6,85,1006,3.6,10,0
1977,12,19,20,0,0,0,2.2,0,85,1007,3.1,360,0
1977,12,19,21,0,0,0,2.2,0,85,1007,3.1,10,0
1977,12,19,22,0,0,0,2.8,0.6,85,1007,2.6,320,0
1977,12,19,23,0,0,0,2.8,0,82,1007,3.1,10,0
1977,12,20,0,0,0,0,2.2,0,85,1007,3.1,20,0
1977,12,20,1,0,0,0,2.2,0,85,1007,3.1,20,0
1977,12,20,2,0,0,0,2.2,0,85,1007,2.6,10,0
1977,12,20,3,0,0,0,2.2,0,85,1007,2.6,310,0
1977,12,20,4,0,0,0,1.7,-0.6,85,1006,1.5,10,0
1977,12,20,5,0,0,0,1.7,-0.6,85,1006,3.1,80,0
1977,12,20,6,0,0,0,1.7,-0.6,85,1006,2.6,110,0
1977,12,20,7,18,0,18,1.7,0,89,1006,2.6,90,0
1977,12,20,8,83,0,83,1.7,0,89,1006,3.1,80,0
1977,12,20,9,150,0,150,2.2,0.6,89,1006,3.6,110,0
1977,12,20,10,119,1,119,2.8,0.6,85,1005,4.6,110,0
1977,12,20,11,222,1,222,2.8,0.6,85,1005,3.1,150,0
1977,12,20,12,140,2,139,2.2,0.6,89,1004,0,0,0
1977,12,20,13,127,1,127,1.7,0,89,1003,0,0,0
1977,12,20,14,96,2,95,1.7,0,89,1003,2.1,300,0
1977,12,20,15,60,1,59,1.7,0,89,1003,2.6,320,0
1977,12,20,16,19,1,18,1.7,0,89,1003,2.1,340,0
1977,12,20,17,0,0,0,1.7,0.6,92,1003,2.1,20,0
1977,12,20,18,0,0,0,1.7,0.6,92,1003,2.1,330,0
1977,12,20,19,0,0,0,1.7,0.6,92,1003,1.5,290,0
1977,12,20,20,0,0,0,1.7,0.6,92,1002,2.1,310,0
1977,12,20,21,0,0,0,1.7,0.6,92,1001,2.1,20,0
1977,12,20,22,0,0,0,2.2,0.6,89,1001,1.5,320,0
1977,12,20,23,0,0,0,2.2,0.6,89,1000,2.1,350,0
1977,12,21,0,0,0,0,2.2,0.6,89,999,2.6,330,0
1977,12,21,1,0,0,0,2.2,1.1,92,998,3.1,340,0
1977,12,21,2,0,0,0,2.2,1.1,92,998,1.5,360,0
1977,12,21,3,0,0,0,2.8,1.7,92,996,3.6,320,0
1977,12,21,4,0,0,0,2.8,1.7,92,996,4.6,320,0
1977,12,21,5,0,0,0,2.8,1.7,92,994,4.6,340,0
1977,12,21,6,0,0,0,2.8,1.7,92,994,4.1,340,0
1977,12,21,7,9,0,9,2.8,1.7,92,994,3.6,340,0
1977,12,21,8,47,1,47,3.3,1.7,89,994,3.1,320,0
1977,12,21,9,136,1,136,3.3,1.7,89,995,4.6,320,0
1977,12,21,10,306,488,111,3.9,2.2,89,994,5.2,320,0
1977,12,21,11,398,649,103,5.6,1.1,73,994,7.2,310,0
1977,12,21,12,328,374,156,5.6,0.6,71,994,5.2,330,0
1977,12,21,13,289,153,225,5,-0.6,68,994,4.1,330,0
1977,12,21,14,142,52,125,5.6,-1.1,63,994,4.6,330,0
1977,12,21,15,67,7,65,5,-1.7,62,994,3.6,310,0
1977,12,21,16,16,1,16,4.4,-2.2,62,995,3.6,310,0
1977,12,21,17,0,0,0,3.3,-3.3,62,996,5.7,310,0
1977,12,21,18,0,0,0,2.8,-3.9,62,996,4.6,320,0
1977,12,21,19,0,0,0,2.2,-5,59,997,4.1,320,0
1977,12,21,20,0,0,0,2.2,-5.6,57,997,4.1,310,0
1977,12,21,21,0,0,0,1.7,-6.1,57,998,3.6,320,0
1977,12,21,22,0,0,0,0,-6.1,64,998,3.6,320,0
1977,12,21,23,0,0,0,-1.1,-6.1,69,998,2.1,310,0
1977,12,22,0,0,0,0,-1.7,-5.6,75,999,1.5,260,0
1977,12,22,1,0,0,0,-2.2,-5.6,78,999,1.5,260,0
1977,12,22,2,0,0,0,-3.9,-6.1,85,1000,1.5,180,0
1977,12,22,3,0,0,0,-3.9,-6.1,85,1000,1.5,240,0
1977,12,22,4,0,0,0,-3.3,-6.1,81,1001,2.6,270,0
1977,12,22,5,0,0,0,-1.7,-7.8,63,1002,1.5,330,0
1977,12,22,6,0,0,0,-3.3,-7.8,72,1002,2.1,250,0
1977,12,22,7,21,94,12,-3.9,-8.3,72,1004,2.1,220,0
1977,12,22,8,116,496,34,-1.1,-5.6,72,1005,2.6,190,0
1977,12,22,9,261,704,49,1.1,-5.6,62,1006,4.1,240,0
1977,12,22,10,375,792,59,2.8,-6.7,50,1007,5.2,290,0
1977,12,22,11,444,835,65,3.3,-6.1,50,1006,6.2,290,0
1977,12,22,12,452,838,66,3.9,-5.6,51,1006,5.2,280,0
1977,12,22,13,365,662,88,4.4,-5.6,49,1006,7.2,270,0
1977,12,22,14,222,488,60,5,-5.6,47,1007,5.2,290,0
1977,12,22,15,121,188,82,4.4,-5.6,49,1008,8.8,290,0
1977,12,22,16,34,166,19,2.8,-6.7,50,1009,4.1,290,0
1977,12,22,17,0,0,0,0.6,-6.7,59,1009,2.1,220,0
1977,12,22,18,0,0,0,0,-6.7,61,1010,2.6,210,0
1977,12,22,19,0,0,0,-0.6,-6.7,64,1010,2.6,220,0
1977,12,22,20,0,0,0,-0.6,-6.7,64,1011,1.5,240,0
1977,12,22,21,0,0,0,-3.3,-7.2,75,1011,3.1,150,0
1977,12,22,22,0,0,0,-3.3,-7.2,75,1011,0,0,0
1977,12,22,23,0,0,0,-2.2,-6.7,72,1012,3.6,180,0
1977,12,23,0,0,0,0,-2.8,-6.7,75,1012,4.1,190,0
1977,12,23,1,0,0,0,-2.8,-6.7,75,1012,2.6,150,0
1977,12,23,2,0,0,0,-3.9,-7.2,78,1012,3.6,150,0
1977,12,23,3,0,0,0,-3.9,-7.2,78,1011,4.1,150,0
1977,12,23,4,0,0,0,-3.3,-6.7,78,1011,2.1,230,0
1977,12,23,5,0,0,0,-3.9,-7.2,78,1011,1.5,160,0
1977,12,23,6,0,0,0,-3.3,-6.7,78,1011,2.1,160,0
1977,12,23,7,9,4,9,-3.3,-6.1,81,1011,2.1,150,0
1977,12,23,8,79,96,63,-1.7,-5,78,1011,3.1,180,0
1977,12,23,9,207,116,172,-1.1,-4.4,78,1011,4.1,220,0
1977,12,23,10,253,186,179,0.6,-3.9,72,1011,5.2,180,0
1977,12,23,11,157,12,152,2.8,-3.3,65,1008,5.7,180,0
1977,12,23,12,182,12,176,4.4,-2.8,60,1007,3.6,180,0
1977,12,23,13,148,1,148,5.6,-3.3,53,1006,6.7,200,0
1977,12,23,14,136,2,136,5.6,-3.9,51,1006,5.7,190,0
1977,12,23,15,99,8,98,6.1,-3.9,49,1005,7.2,200,0
1977,12,23,16,25,13,23,5.6,-3.9,51,1005,6.7,190,0
1977,12,23,17,0,0,0,5.6,-3.9,51,1005,6.7,200,0
1977,12,23,18,0,0,0,5,-3.9,53,1005,8.2,180,0
1977,12,23,19,0,0,0,4.4,-3.9,55,1006,6.7,200,0
1977,12,23,20,0,0,0,4.4,-3.9,55,1006,7.2,210,0
1977,12,23,21,0,0,0,4.4,-3.9,55,1006,6.2,200,0
1977,12,23,22,0,0,0,3.9,-3.3,60,1006,5.2,210,0
1977,12,23,23,0,0,0,2.8,-3.3,65,1007,3.6,200,0
1977,12,24,0,0,0,0,1.7,-3.3,70,1007,2.1,170,0
1977,12,24,1,0,0,0,1.7,-3.3,70,1007,3.1,180,0
1977,12,24,2,0,0,0,0.6,-3.9,72,1007,3.1,170,0
1977,12,24,3,0,0,0,0.6,-3.9,72,1007,3.1,180,0
1977,12,24,4,0,0,0,-0.6,-3.9,78,1007,2.1,180,0
1977,12,24,5,0,0,0,-1.7,-4.4,82,1007,1.5,350,0
1977,12,24,6,0,0,0,-2.2,-4.4,85,1008,0,0,0
1977,12,24,7,25,168,9,-2.8,-5,85,1009,2.1,300,0
1977,12,24,8,127,631,24,-0.6,-2.8,85,1009,0,0,0
1977,12,24,9,278,810,35,3.9,-0.6,73,1009,3.6,190,0
1977,12,24,10,397,890,42,7.2,0,60,1008,3.1,210,0
1977,12,24,11,465,921,47,9.4,1.1,56,1006,3.6,180,0
1977,12,24,12,460,880,54,11.7,1.7,51,1005,3.6,190,0
1977,12,24,13,349,409,177,12.8,1.7,47,1004,5.2,170,0
1977,12,24,14,153,93,122,12.8,2.2,49,1003,5.2,130,0
1977,12,24,15,106,50,95,11.1,1.7,53,1002,4.6,130,0
1977,12,24,16,28,2,27,9.4,1.7,59,1002,3.6,150,0
1977,12,24,17,0,0,0,8.3,1.7,63,1001,5.7,140,0
1977,12,24,18,0,0,0,7.2,1.7,68,1000,5.2,140,0
1977,12,24,19,0,0,0,8.9,2.8,66,999,7.7,150,0
1977,12,24,20,0,0,0,10,3.9,66,997,8.2,160,0
1977,12,24,21,0,0,0,10,5,71,996,8.8,170,0
1977,12,24,22,0,0,0,10.6,6.1,74,996,6.2,180,0
1977,12,24,23,0,0,0,11.1,7.2,77,995,6.2,180,0
1977,12,25,0,0,0,0,11.1,7.8,80,994,6.7,180,0
1977,12,25,1,0,0,0,10.6,7.8,83,992,8.2,180,0
1977,12,25,2,0,0,0,10.6,8.3,86,991,7.2,180,0
1977,12,25,3,0,0,0,10.6,8.3,86,990,8.8,180,0
1977,12,25,4,0,0,0,10.6,8.3,86,989,5.7,180,0
1977,12,25,5,0,0,0,11.1,8.3,83,989,7.2,200,0
1977,12,25,6,0,0,0,11.1,8.3,83,989,6.7,200,0
1977,12,25,7,12,1,11,10.6,7.8,83,989,5.7,230,0
1977,12,25,8,36,5,35,10.6,7.8,83,990,7.2,320,0
1977,12,25,9,105,3,104,8.9,1.7,61,991,7.2,320,0
1977,12,25,10,192,9,188,8.9,0.6,56,991,8.2,310,0
1977,12,25,11,252,1,252,8.9,0.6,56,990,5.2,330,0
1977,12,25,12,306,206,211,8.3,-1.1,52,990,8.2,330,0
1977,12,25,13,325,521,105,7.2,-2.2,51,990,8.2,310,0
1977,12,25,14,228,327,118,6.1,-5,45,991,8.2,320,0
1977,12,25,15,153,453,58,4.4,-7.2,43,992,9.3,310,0
1977,12,25,16,38,119,27,3.3,-7.8,44,992,8.8,320,0
1977,12,25,17,0,0,0,1.7,-8.9,46,993,7.7,320,0
1977,12,25,18,0,0,0,1.1,-9.4,46,994,7.7,310,0
1977,12,25,19,0,0,0,0,-10,47,994,6.2,320,0
1977,12,25,20,0,0,0,-0.6,-11.1,45,995,11.8,310,0
1977,12,25,21,0,0,0,-2.2,-12.2,47,997,9.3,310,0
1977,12,25,22,0,0,0,-3.3,-13.9,44,998,8.8,310,0
1977,12,25,23,0,0,0,-3.9,-15.6,40,998,8.2,310,0
1977,12,26,0,0,0,0,-5,-14.4,48,998,9.3,310,0
1977,12,26,1,0,0,0,-6.1,-17.2,41,999,5.7,310,0
1977,12,26,2,0,0,0,-6.7,-17.2,43,999,6.2,310,0
1977,12,26,3,0,0,0,-6.7,-17.8,41,999,7.7,310,0
1977,12,26,4,0,0,0,-7.2,-17.2,45,999,6.7,310,0
1977,12,26,5,0,0,0,-7.8,-16.7,49,1000,4.1,310,0
1977,12,26,6,0,0,0,-8.3,-16.1,54,1000,3.6,310,0
1977,12,26,7,23,123,11,-8.3,-16.1,54,1001,4.1,310,0
1977,12,26,8,119,559,28,-7.2,-16.1,49,1002,6.2,300,0
1977,12,26,9,248,674,47,-6.1,-16.7,43,1003,7.2,310,0
1977,12,26,10,358,792,43,-5.6,-16.7,42,1003,7.2,320,0
1977,12,26,11,419,719,93,-5,-16.7,40,1002,6.7,310,0
1977,12,26,12,427,778,67,-4.4,-17.8,35,1001,8.2,290,0
1977,12,26,13,383,809,42,-3.9,-17.8,33,1001,6.2,290,0
1977,12,26,14,314,807,43,-3.9,-17.8,33,1002,7.2,290,0
1977,12,26,15,173,669,32,-4.4,-18.3,33,1002,7.7,310,0
1977,12,26,16,43,287,17,-6.1,-18.3,38,1003,4.1,320,0
1977,12,26,17,0,0,0,-7.2,-17.8,43,1004,4.6,330,0
1977,12,26,18,0,0,0,-7.8,-17.2,47,1006,4.1,320,0
1977,12,26,19,0,0,0,-8.3,-17.2,49,1006,6.2,330,0
1977,12,26,20,0,0,0,-9.4,-17.2,54,1006,3.1,10,0
1977,12,26,21,0,0,0,-9.4,-17.2,54,1007,4.1,320,0
1977,12,26,22,0,0,0,-9.4,-16.7,56,1007,4.1,310,0
1977,12,26,23,0,0,0,-10,-16.7,59,1007,2.6,290,0
1977,12,27,0,0,0,0,-10.6,-15.6,67,1008,3.1,140,0
1977,12,27,1,0,0,0,-11.7,-15.6,73,1008,0,0,0
1977,12,27,2,0,0,0,-12.8,-15.6,80,1009,0,0,0
1977,12,27,3,0,0,0,-12.8,-15,84,1009,0,0,0
1977,12,27,4,0,0,0,-13.3,-15.6,84,1009,1.5,180,0
1977,12,27,5,0,0,0,-12.8,-15.6,80,1009,2.6,180,0
1977,12,27,6,0,0,0,-12.8,-15.6,80,1009,2.1,180,0
1977,12,27,7,24,147,10,-12.8,-15.6,80,1009,2.6,130,0
1977,12,27,8,128,628,27,-10,-13.3,77,1010,4.1,220,0
1977,12,27,9,282,821,38,-7.2,-12.2,68,1010,6.2,170,0
1977,12,27,10,408,907,47,-5,-12.2,57,1010,5.7,230,0
1977,12,27,11,443,812,74,-3.3,-12.2,51,1009,6.2,210,0
1977,12,27,12,490,714,159,-2.2,-12.8,45,1008,4.6,160,0
1977,12,27,13,310,317,176,-2.2,-13.3,43,1007,4.1,180,0
1977,12,27,14,174,155,121,-2.2,-12.8,45,1008,5.2,200,0
1977,12,27,15,82,49,72,-1.1,-12.8,41,1008,3.6,220,0
1977,12,27,16,34,6,33,-2.2,-12.2,47,1009,0,0,0
1977,12,27,17,0,0,0,-2.2,-11.7,49,1010,2.6,300,0
1977,12,27,18,0,0,0,-2.8,-10.6,55,1011,4.6,320,0
1977,12,27,19,0,0,0,-3.3,-10,60,1011,3.6,310,0
1977,12,27,20,0,0,0,-5,-10.6,65,1012,0,0,0
1977,12,27,21,0,0,0,-5,-9.4,71,1012,0,0,0
1977,12,27,22,0,0,0,-5,-12.2,57,1013,4.1,310,0
1977,12,27,23,0,0,0,-6.7,-12.8,62,1013,3.6,310,0
1977,12,28,0,0,0,0,-7.2,-13.3,62,1013,3.6,320,0
1977,12,28,1,0,0,0,-8.3,-13.3,68,1013,2.6,340,0
1977,12,28,2,0,0,0,-9.4,-13.3,74,1014,3.1,330,0
1977,12,28,3,0,0,0,-10,-13.3,77,1014,3.1,20,0
1977,12,28,4,0,0,0,-10,-13.3,77,1014,2.1,350,0
1977,12,28,5,0,0,0,-10,-13.9,74,1015,2.1,10,0
1977,12,28,6,0,0,0,-12.8,-15,84,1015,0,0,0
1977,12,28,7,15,19,13,-11.7,-13.9,84,1015,0,0,0
1977,12,28,8,99,194,67,-7.8,-12.2,71,1015,2.6,340,0
1977,12,28,9,252,617,69,-6.7,-13.9,57,1015,4.6,350,0
1977,12,28,10,354,637,100,-5,-13.9,50,1015,3.6,350,0
1977,12,28,11,400,418,210,-5,-15,46,1014,4.1,310,0
1977,12,28,12,279,90,237,-4.4,-14.4,46,1012,5.2,300,0
1977,12,28,13,287,143,227,-4.4,-14.4,46,1012,4.6,270,0
1977,12,28,14,105,0,105,-3.9,-14.4,44,1012,4.1,250,0
1977,12,28,15,69,20,64,-3.9,-14.4,44,1012,2.1,250,0
1977,12,28,16,15,4,14,-4.4,-14.4,46,1011,2.1,160,0
1977,12,28,17,0,0,0,-6.1,-13.9,55,1012,0,0,0
1977,12,28,18,0,0,0,-8.3,-13.9,65,1011,0,0,0
1977,12,28,19,0,0,0,-10,-13.3,77,1011,0,0,0
1977,12,28,20,0,0,0,-11.1,-13.9,80,1011,0,0,0
1977,12,28,21,0,0,0,-11.1,-13.3,84,1011,0,0,0
1977,12,28,22,0,0,0,-11.1,-13.3,84,1011,0,0,0
1977,12,28,23,0,0,0,-12.2,-13.9,88,1012,0,0,0
1977,12,29,0,0,0,0,-12.2,-13.9,88,1012,0,0,0
1977,12,29,1,0,0,0,-13.3,-15.6,84,1012,2.6,190,0
1977,12,29,2,0,0,0,-13.3,-15,87,1012,2.1,180,0
1977,12,29,3,0,0,0,-12.2,-13.9,88,1012,2.1,180,0
1977,12,29,4,0,0,0,-12.2,-13.9,88,1012,2.6,180,0
1977,12,29,5,0,0,0,-12.2,-14.4,84,1013,2.6,170,0
1977,12,29,6,0,0,0,-11.1,-13.3,84,1013,2.6,160,0
1977,12,29,7,16,25,14,-10.6,-12.8,84,1013,0,0,0
1977,12,29,8,109,416,43,-8.9,-11.1,84,1014,3.1,180,0
1977,12,29,9,260,726,44,-4.4,-8.3,75,1014,4.1,230,0
1977,12,29,10,377,799,60,-0.6,-7.8,59,1014,4.6,200,0
1977,12,29,11,444,852,57,1.7,-8.3,48,1013,6.7,190,0
1977,12,29,12,483,911,60,2.2,-10,40,1013,7.2,220,0
1977,12,29,13,406,824,55,3.3,-9.4,39,1012,5.7,240,0
1977,12,29,14,315,789,47,3.3,-10,37,1012,5.7,210,0
1977,12,29,15,168,556,49,3.3,-10,37,1012,4.1,210,0
1977,12,29,16,41,172,26,0.6,-10.6,44,1012,3.1,200,0
1977,12,29,17,0,0,0,-1.1,-10.6,49,1013,3.1,160,0
1977,12,29,18,0,0,0,-2.2,-10.6,53,1013,3.6,150,0
1977,12,29,19,0,0,0,-2.2,-10.6,53,1013,3.1,160,0
1977,12,29,20,0,0,0,-1.7,-10,53,1013,3.1,180,0
1977,12,29,21,0,0,0,-2.2,-10,56,1013,2.6,220,0
1977,12,29,22,0,0,0,-2.2,-10,56,1013,0,0,0
1977,12,29,23,0,0,0,-4.4,-10.6,63,1013,1.5,170,0
1977,12,30,0,0,0,0,-3.9,-10,63,1013,2.1,180,0
1977,12,30,1,0,0,0,-3.3,-9.4,63,1013,2.1,180,0
1977,12,30,2,0,0,0,-3.3,-9.4,63,1013,0,0,0
1977,12,30,3,0,0,0,-3.9,-8.9,69,1014,0,0,0
1977,12,30,4,0,0,0,-5.6,-8.9,78,1013,0,0,0
1977,12,30,5,0,0,0,-5,-8.9,74,1013,2.1,180,0
1977,12,30,6,0,0,0,-5,-9.4,71,1013,1.5,190,0
1977,12,30,7,20,46,16,-3.9,-8.9,69,1014,2.1,180,0
1977,12,30,8,85,107,68,-2.2,-7.2,69,1014,2.1,190,0
1977,12,30,9,121,65,102,0,-6.1,64,1014,4.6,190,0
1977,12,30,10,238,212,154,2.8,-6.1,52,1014,5.7,200,0
1977,12,30,11,290,173,211,4.4,-6.1,47,1013,6.7,190,0
1977,12,30,12,249,64,219,5.6,-6.1,43,1012,5.2,180,0
1977,12,30,13,204,9,201,5.6,-6.1,43,1012,7.7,190,0
1977,12,30,14,158,9,155,2.2,-1.7,76,1012,4.6,180,0
1977,12,30,15,98,6,97,1.1,-1.1,85,1012,4.1,180,0
1977,12,30,16,28,1,28,1.1,-1.1,85,1012,2.1,160,0
1977,12,30,17,0,0,0,1.1,-0.6,89,1012,2.1,170,0
1977,12,30,18,0,0,0,1.1,-0.6,89,1011,2.6,120,0
1977,12,30,19,0,0,0,1.1,-0.6,89,1011,1.5,60,0
1977,12,30,20,0,0,0,1.1,-0.6,89,1011,0,0,0
1977,12,30,21,0,0,0,1.1,-0.6,89,1011,2.1,10,0
1977,12,30,22,0,0,0,1.1,0,92,1011,2.1,20,0
1977,12,30,23,0,0,0,1.1,0,92,1010,2.1,340,0
1977,12,31,0,0,0,0,0.6,-0.6,92,1009,3.1,330,0
1977,12,31,1,0,0,0,1.1,-0.6,89,1009,2.6,350,0
1977,12,31,2,0,0,0,1.1,-0.6,89,1009,3.6,30,0
1977,12,31,3,0,0,0,1.1,-0.6,89,1009,4.1,330,0
1977,12,31,4,0,0,0,1.1,-0.6,89,1009,3.1,340,0
1977,12,31,5,0,0,0,1.1,-0.6,89,1009,3.1,350,0
1977,12,31,6,0,0,0,1.1,-0.6,89,1010,3.6,330,0
1977,12,31,7,9,1,9,1.1,-1.1,85,1010,4.1,350,0
1977,12,31,8,66,21,63,1.7,-1.1,82,1010,3.6,340,0
1977,12,31,9,158,13,154,3.3,-1.1,73,1011,4.1,350,0
1977,12,31,10,154,7,151,4.4,-0.6,70,1011,3.6,340,0
1977,12,31,11,231,71,199,6.1,-0.6,63,1010,6.2,10,0
1977,12,31,12,419,630,125,7.2,-0.6,58,1009,5.7,10,0
1977,12,31,13,391,778,58,7.8,-1.7,52,1009,5.2,360,0
1977,12,31,14,322,821,40,8.3,-1.7,50,1009,4.1,360,0
1977,12,31,15,181,691,30,7.8,-2.8,48,1009,5.2,20,0
1977,12,31,16,48,342,16,4.4,-3.3,57,1009,3.1,20,0
1977,12,31,17,0,0,0,2.8,-3.3,65,1009,2.1,350,0
1977,12,31,18,0,0,0,1.1,-3.9,70,1010,2.1,360,0
1977,12,31,19,0,0,0,1.1,-3.9,70,1011,2.6,340,0
1977,12,31,20,0,0,0,0,-4.4,72,1011,4.1,20,0
1977,12,31,21,0,0,0,-0.6,-4.4,75,1010,2.1,10,0
1977,12,31,22,0,0,0,-1.1,-5,75,1009,2.1,360,0
1977,12,31,23,0,0,0,-1.7,-5.6,75,1009,2.1,360,0
=======
Source,Location ID,City,State,Country,Latitude,Longitude,Time Zone,Elevation
TMY3,724030,Washington Dc Dulles Int'l Ar [sterling - Isis],VA,USA,38.980000,-77.470000,-5,82
Year,Month,Day,Hour,GHI,DNI,DHI,Tdry,Tdew,RH,Pres,Wspd,Wdir,Albedo
1997,1,1,0,0,0,0,0,-5,66,1017,5.2,20,0
1997,1,1,1,0,0,0,0,-5.6,62,1017,3.6,60,0
1997,1,1,2,0,0,0,-0.6,-5.6,66,1017,3.1,30,0
1997,1,1,3,0,0,0,-0.6,-5.6,66,1017,3.1,40,0
1997,1,1,4,0,0,0,-0.6,-6.1,63,1017,3.1,80,0
1997,1,1,5,0,0,0,-0.6,-6.7,60,1017,2.6,100,0
1997,1,1,6,0,0,0,-1.1,-7.8,57,1018,3.1,120,0
1997,1,1,7,3,0,3,-1.1,-7.2,60,1017,3.1,100,0
1997,1,1,8,32,0,32,-1.1,-7.2,60,1017,3.1,130,0
1997,1,1,9,73,0,73,-0.6,-7.2,57,1017,4.1,160,0
1997,1,1,10,108,0,108,0,-6.1,60,1016,4.1,140,0
1997,1,1,11,129,0,129,0,-5.6,62,1015,4.6,150,0
1997,1,1,12,133,0,133,0,-5.6,62,1013,3.1,170,0
1997,1,1,13,120,0,120,0,-5,66,1012,4.1,180,0
1997,1,1,14,91,0,91,0,-3.9,72,1011,3.6,170,0
1997,1,1,15,51,0,51,0,-3.9,72,1011,4.1,170,0
1997,1,1,16,16,0,16,-0.6,-2.8,83,1010,4.6,170,0
1997,1,1,17,0,0,0,-0.6,-2.8,83,1010,4.1,170,0
1997,1,1,18,0,0,0,0,-2.2,83,1009,4.1,170,0
1997,1,1,19,0,0,0,0,-1.7,87,1008,4.6,180,0
1997,1,1,20,0,0,0,0.6,-1.1,87,1007,3.6,190,0
1997,1,1,21,0,0,0,0.6,-1.1,87,1006,1.5,190,0
1997,1,1,22,0,0,0,0.6,-0.6,91,1006,4.1,190,0
1997,1,1,23,0,0,0,1.1,-0.6,88,1004,3.6,200,0
1997,1,2,0,0,0,0,1.1,-0.6,88,1004,3.1,190,0
1997,1,2,1,0,0,0,1.1,0,92,1003,3.6,190,0
1997,1,2,2,0,0,0,1.7,0,88,1002,2.6,220,0
1997,1,2,3,0,0,0,1.7,0.6,92,1002,1.5,240,0
1997,1,2,4,0,0,0,1.7,1.1,96,1001,2.1,220,0
1997,1,2,5,0,0,0,1.7,1.1,96,1001,3.1,210,0
1997,1,2,6,0,0,0,1.7,1.7,100,1001,3.6,210,0
1997,1,2,7,2,0,2,2.2,1.7,96,1001,2.6,210,0
1997,1,2,8,31,0,31,2.8,2.8,100,1001,3.1,200,0
1997,1,2,9,64,0,64,3.3,3.3,100,1001,3.1,210,0
1997,1,2,10,88,0,88,4.4,3.9,97,1001,4.1,200,0
1997,1,2,11,183,0,183,7,5,87,1000,4.6,200,0
1997,1,2,12,188,0,188,8.3,5.6,83,999,4.1,200,0
1997,1,2,13,172,0,172,8.9,5.6,80,998,1.5,190,0
1997,1,2,14,137,0,137,9.4,6.1,80,998,3.1,240,0
1997,1,2,15,85,0,85,10,6.1,77,998,2.6,190,0
1997,1,2,16,23,0,23,9.4,6.7,83,998,2.1,210,0
1997,1,2,17,0,0,0,10,7.2,83,997,0,0,0
1997,1,2,18,0,0,0,8.9,7.2,89,998,0,0,0
1997,1,2,19,0,0,0,8.9,7.8,93,997,2.1,140,0
1997,1,2,20,0,0,0,7.8,7.8,100,997,0,0,0
1997,1,2,21,0,0,0,7.8,7.8,100,996,0,0,0
1997,1,2,22,0,0,0,9.4,8.3,93,996,2.1,200,0
1997,1,2,23,0,0,0,9.4,8.3,93,995,3.1,210,0
1997,1,3,0,0,0,0,10,8.3,89,994,3.6,200,0
1997,1,3,1,0,0,0,10,8.9,93,994,3.6,210,0
1997,1,3,2,0,0,0,10,8.9,93,994,4.1,210,0
1997,1,3,3,0,0,0,9.4,8.9,97,994,3.1,200,0
1997,1,3,4,0,0,0,9.4,8.3,93,993,4.6,200,0
1997,1,3,5,0,0,0,9.4,8.9,97,993,4.1,210,0
1997,1,3,6,0,0,0,9.4,8.3,93,994,2.6,200,0
1997,1,3,7,3,0,3,9.4,8.9,97,995,2.6,200,0
1997,1,3,8,35,0,35,10.6,8.9,89,995,3.6,200,0
1997,1,3,9,78,0,78,11.1,9.4,89,995,4.1,200,0
1997,1,3,10,113,0,113,11.7,9.4,86,995,3.6,210,0
1997,1,3,11,134,0,134,12.8,10,83,995,4.1,210,0
1997,1,3,12,139,0,139,13.9,10.6,80,994,4.1,200,0
1997,1,3,13,126,0,126,13.9,10.6,80,994,3.6,210,0
1997,1,3,14,97,0,97,14.4,11.1,81,994,0,0,0
1997,1,3,15,56,0,56,15.6,11.1,75,995,0,0,0
1997,1,3,16,15,0,15,16.7,10.6,67,995,2.1,290,0
1997,1,3,17,0,0,0,16.1,11.1,72,997,2.6,270,0
1997,1,3,18,0,0,0,15,11.1,77,997,2.1,230,0
1997,1,3,19,0,0,0,13.9,11.1,83,997,0,0,0
1997,1,3,20,0,0,0,13.9,11.1,83,998,2.1,210,0
1997,1,3,21,0,0,0,14.4,11.1,81,998,0,0,0
1997,1,3,22,0,0,0,13.9,11.1,83,999,2.1,200,0
1997,1,3,23,0,0,0,14.4,11.1,81,999,1.5,200,0
1997,1,4,0,0,0,0,13.3,11.1,87,998,0,0,0
1997,1,4,1,0,0,0,10.6,10,96,999,0,0,0
1997,1,4,2,0,0,0,11.1,10,93,1000,0,0,0
1997,1,4,3,0,0,0,11.1,10.6,97,1000,0,0,0
1997,1,4,4,0,0,0,12.2,10.6,90,1000,0,0,0
1997,1,4,5,0,0,0,11.1,10.6,97,1001,0,0,0
1997,1,4,6,0,0,0,11.7,10.6,93,1001,0,0,0
1997,1,4,7,3,0,3,11.7,10.6,93,1001,0,0,0
1997,1,4,8,46,3,45,12.8,11.1,89,1001,0,0,0
1997,1,4,9,132,56,115,16.1,11.1,72,1002,1.5,200,0
1997,1,4,10,176,189,100,19.4,11.1,59,1001,4.1,200,0
1997,1,4,11,352,122,295,20.6,11.1,54,1000,3.6,210,0
1997,1,4,12,344,260,221,21.1,11.7,55,999,3.6,200,0
1997,1,4,13,347,582,93,22.2,11.7,51,998,4.1,180,0
1997,1,4,14,318,733,59,22.8,11.7,50,998,4.6,150,0
1997,1,4,15,166,511,48,21.7,11.1,51,998,4.1,150,0
1997,1,4,16,43,152,30,19.4,10.6,57,998,3.1,150,0
1997,1,4,17,0,0,0,17.8,10.6,63,998,3.6,150,0
1997,1,4,18,0,0,0,16.7,10.6,67,998,3.6,150,0
1997,1,4,19,0,0,0,16.1,11.1,72,998,2.6,150,0
1997,1,4,20,0,0,0,13.9,10.6,80,998,0,0,0
1997,1,4,21,0,0,0,14.4,10.6,78,997,2.6,130,0
1997,1,4,22,0,0,0,13.9,11.1,83,996,3.1,130,0
1997,1,4,23,0,0,0,12.2,10.6,90,995,2.6,110,0
1997,1,5,0,0,0,0,11.7,10.6,93,995,0,0,0
1997,1,5,1,0,0,0,10,10,100,994,2.1,90,0
1997,1,5,2,0,0,0,9.4,9.4,100,994,1.5,110,0
1997,1,5,3,0,0,0,12.2,11.7,97,993,3.1,150,0
1997,1,5,4,0,0,0,13.3,11.7,90,992,2.6,170,0
1997,1,5,5,0,0,0,13.9,12.2,89,991,2.6,180,0
1997,1,5,6,0,0,0,14.4,13.3,93,990,4.6,200,0
1997,1,5,7,3,0,3,15.6,13.9,90,990,5.2,200,0
1997,1,5,8,35,0,35,15.6,15,96,990,4.1,230,0
1997,1,5,9,79,0,79,16.1,15,93,990,4.1,210,0
1997,1,5,10,157,64,131,16.1,15,93,988,5.7,170,0
1997,1,5,11,123,63,94,17.8,13.9,78,988,7.2,220,0
1997,1,5,12,273,195,181,18.9,13.9,73,987,6.7,220,0
1997,1,5,13,320,404,143,20,12.2,61,986,7.2,220,0
1997,1,5,14,182,52,163,19.4,10.6,57,986,6.2,230,0
1997,1,5,15,114,305,42,19.4,8.9,51,987,5.2,250,0
1997,1,5,16,42,122,32,18.3,7.8,50,987,5.2,220,0
1997,1,5,17,0,0,0,14.4,7.8,65,988,3.1,210,0
1997,1,5,18,0,0,0,13.9,8.3,69,988,2.6,220,0
1997,1,5,19,0,0,0,12.8,6.7,66,989,1.5,200,0
1997,1,5,20,0,0,0,13.9,3.3,49,990,2.1,290,0
1997,1,5,21,0,0,0,13.9,0.6,40,991,4.6,290,0
1997,1,5,22,0,0,0,12.8,0.6,43,991,5.2,290,0
1997,1,5,23,0,0,0,11.1,0.6,48,992,2.1,310,0
1997,1,6,0,0,0,0,11.1,0,46,992,5.7,290,0
1997,1,6,1,0,0,0,8.9,-0.6,51,993,2.6,260,0
1997,1,6,2,0,0,0,9.4,-1.1,47,994,5.2,280,0
1997,1,6,3,0,0,0,8.9,-1.7,47,994,4.6,270,0
1997,1,6,4,0,0,0,7.2,-2.2,50,994,3.1,290,0
1997,1,6,5,0,0,0,7.2,-2.2,50,995,3.1,270,0
1997,1,6,6,0,0,0,3.3,-2.2,66,996,1.5,280,0
1997,1,6,7,9,86,6,7.8,-5,38,997,5.2,270,0
1997,1,6,8,100,230,63,8.9,-5.6,33,998,5.7,260,0
1997,1,6,9,212,277,129,9.4,-6.1,31,998,3.6,260,0
1997,1,6,10,250,302,128,11.1,-7.2,25,999,8.2,250,0
1997,1,6,11,334,460,121,11.7,-6.1,27,998,8.2,280,0
1997,1,6,12,494,889,71,12.8,-5,27,997,6.7,270,0
1997,1,6,13,337,550,94,13.3,-5,26,997,7.7,290,0
1997,1,6,14,331,702,79,13.3,-6.1,24,997,7.7,290,0
1997,1,6,15,206,689,43,12.8,-6.7,23,998,8.2,290,0
1997,1,6,16,55,225,37,11.1,-6.7,26,999,3.6,300,0
1997,1,6,17,0,7,0,8.3,-4.4,39,1000,4.1,320,0
1997,1,6,18,0,0,0,7.2,-4.4,42,1000,3.6,330,0
1997,1,6,19,0,0,0,6.7,-5.6,39,1001,0,0,0
1997,1,6,20,0,0,0,4.4,-5,48,1002,0,0,0
1997,1,6,21,0,0,0,5,-5.6,44,1002,2.6,320,0
1997,1,6,22,0,0,0,2.8,-5.6,51,1003,0,0,0
1997,1,6,23,0,0,0,3.3,-5,52,1002,2.6,340,0
1997,1,7,0,0,0,0,2.2,-4.4,59,1002,2.6,330,0
1997,1,7,1,0,0,0,2.8,-4.4,57,1003,3.6,320,0
1997,1,7,2,0,0,0,3.3,-4.4,55,1003,4.1,340,0
1997,1,7,3,0,0,0,2.8,-5.6,51,1003,5.2,320,0
1997,1,7,4,0,0,0,2.2,-6.1,51,1003,2.1,330,0
1997,1,7,5,0,0,0,1.7,-6.1,53,1004,5.2,330,0
1997,1,7,6,0,0,0,1.7,-7.8,46,1005,2.1,330,0
1997,1,7,7,4,11,4,0.6,-8.3,47,1006,4.6,320,0
1997,1,7,8,51,34,46,0.6,-9.4,43,1007,6.7,320,0
1997,1,7,9,261,611,78,1.1,-10,39,1007,6.2,320,0
1997,1,7,10,312,400,151,2.2,-11.7,31,1007,7.7,290,0
1997,1,7,11,326,461,111,3.3,-11.1,30,1006,7.2,300,0
1997,1,7,12,342,457,124,4.4,-10.6,29,1006,7.2,310,0
1997,1,7,13,413,739,86,4.4,-11.7,27,1005,9.3,290,0
1997,1,7,14,315,671,73,4.4,-13.3,23,1005,7.7,310,0
1997,1,7,15,193,603,49,3.3,-14.4,23,1006,5.2,310,0
1997,1,7,16,49,294,24,2.2,-15.6,22,1006,4.6,300,0
1997,1,7,17,0,11,0,1.7,-15,24,1007,4.1,290,0
1997,1,7,18,0,0,0,0.6,-14.4,27,1008,5.2,300,0
1997,1,7,19,0,0,0,0.6,-13.9,29,1008,6.2,300,0
1997,1,7,20,0,0,0,-0.6,-13.9,31,1009,5.7,320,0
1997,1,7,21,0,0,0,-0.6,-13.9,31,1010,5.2,310,0
1997,1,7,22,0,0,0,-1.1,-13.9,33,1010,6.2,330,0
1997,1,7,23,0,0,0,-2.2,-12.2,42,1010,4.6,340,0
1997,1,8,0,0,0,0,-2.2,-12.8,40,1010,3.6,330,0
1997,1,8,1,0,0,0,-3.3,-13.3,42,1011,8.8,320,0
1997,1,8,2,0,0,0,-3.9,-13.9,41,1011,6.7,330,0
1997,1,8,3,0,0,0,-4.4,-13.9,43,1011,5.2,320,0
1997,1,8,4,0,0,0,-5,-13.9,46,1012,3.6,300,0
1997,1,8,5,0,0,0,-5,-13.3,48,1012,6.2,300,0
1997,1,8,6,0,0,0,-5,-12.8,50,1013,2.1,300,0
1997,1,8,7,11,183,3,-5,-12.8,50,1013,5.7,300,0
1997,1,8,8,84,282,39,-3.9,-12.8,46,1013,5.2,310,0
1997,1,8,9,253,537,92,-2.2,-12.2,42,1013,6.2,310,0
1997,1,8,10,378,790,58,-1.7,-12.2,40,1013,4.6,300,0
1997,1,8,11,430,794,60,0,-11.7,37,1013,4.6,310,0
1997,1,8,12,475,724,127,1.1,-11.7,34,1012,5.2,300,0
1997,1,8,13,446,799,90,2.2,-11.7,31,1011,5.2,310,0
1997,1,8,14,142,0,142,2.8,-11.1,32,1011,3.1,320,0
1997,1,8,15,90,0,90,2.8,-11.7,30,1011,3.6,300,0
1997,1,8,16,28,0,28,1.1,-11.7,34,1011,3.1,320,0
1997,1,8,17,0,0,0,-0.6,-11.1,41,1011,0,0,0
1997,1,8,18,0,0,0,0,-11.1,39,1012,2.6,310,0
1997,1,8,19,0,0,0,0,-11.1,39,1011,2.6,330,0
1997,1,8,20,0,0,0,0.6,-11.1,37,1011,1.5,340,0
1997,1,8,21,0,0,0,-0.6,-10,45,1011,2.6,360,0
1997,1,8,22,0,0,0,0,-11.1,39,1011,2.6,360,0
1997,1,8,23,0,0,0,-0.6,-9.4,47,1010,2.1,330,0
1997,1,9,0,0,0,0,-1.1,-9.4,49,1010,1.5,80,0
1997,1,9,1,0,0,0,-0.6,-8.3,52,1009,2.1,40,0
1997,1,9,2,0,0,0,-0.6,-9.4,47,1008,2.1,40,0
1997,1,9,3,0,0,0,0,-9.4,45,1007,0,0,0
1997,1,9,4,0,0,0,-0.6,-7.2,57,1007,1.5,220,0
1997,1,9,5,0,0,0,-0.6,-7.8,54,1007,0,0,0
1997,1,9,6,0,0,0,-2.8,-3.9,91,1006,2.1,90,0
1997,1,9,7,2,0,2,-2.8,-3.9,91,1005,2.6,110,0
1997,1,9,8,34,0,34,-2.2,-3.3,91,1004,0,0,0
1997,1,9,9,87,0,87,-2.2,-3.9,87,1003,0,0,0
1997,1,9,10,103,0,103,-2,-3,92,1001,1.5,80,0
1997,1,9,11,121,0,121,-1.7,-2.8,91,999,2.1,40,0
1997,1,9,12,105,0,105,-1.7,-2.8,91,998,0,0,0
1997,1,9,13,115,0,115,-1.1,-2.2,91,996,0,0,0
1997,1,9,14,92,0,92,-0.6,-2.2,88,995,1.5,90,0
1997,1,9,15,57,0,57,-0.6,-1.7,91,994,3.1,140,0
1997,1,9,16,17,0,17,-1.1,-1.7,95,988,5.7,110,0
1997,1,9,17,0,0,0,-1.1,-1.7,95,988,2.6,150,0
1997,1,9,18,0,0,0,-0.6,-1.7,91,990,4.6,300,0
1997,1,9,19,0,0,0,-0.6,-1.1,96,988,1.5,340,0
1997,1,9,20,0,0,0,-0.6,-1.1,96,986,0,0,0
1997,1,9,21,0,0,0,-0.6,-1.1,96,985,1.5,130,0
1997,1,9,22,0,0,0,-1,-1,100,985,1.5,140,0
1997,1,9,23,0,0,0,-1,-1,100,984,2.6,180,0
1997,1,10,0,0,0,0,-0.6,-0.6,100,983,2.6,190,0
1997,1,10,1,0,0,0,-0.6,-0.6,100,984,2.1,250,0
1997,1,10,2,0,0,0,0,0,100,984,3.6,210,0
1997,1,10,3,0,0,0,0,0,100,984,3.6,210,0
1997,1,10,4,0,0,0,0,0,100,984,3.1,210,0
1997,1,10,5,0,0,0,0,0,100,984,5.2,210,0
1997,1,10,6,0,0,0,0,-0.6,95,984,3.6,210,0
1997,1,10,7,3,0,3,0,-0.6,95,985,2.1,230,0
1997,1,10,8,86,23,82,0,-1,92,987,3.1,230,0
1997,1,10,9,163,222,96,1.1,-2.2,77,987,3.6,250,0
1997,1,10,10,346,572,113,2.8,-6.1,49,988,5.7,230,0
1997,1,10,11,366,532,116,2.8,-7.2,44,987,6.2,240,0
1997,1,10,12,457,629,152,3.3,-8.3,39,987,5.7,230,0
1997,1,10,13,124,0,124,2.8,-6.1,49,987,5.2,230,0
1997,1,10,14,276,437,114,3.9,-10,32,987,7.7,260,0
1997,1,10,15,181,442,71,4.4,-9.4,33,988,5.2,250,0
1997,1,10,16,50,185,33,2.8,-5.6,51,989,4.1,210,0
1997,1,10,17,0,1,0,1.1,-5.6,58,989,2.1,200,0
1997,1,10,18,0,0,0,0.6,-4.4,66,990,2.6,220,0
1997,1,10,19,0,0,0,-1.1,-4.4,76,990,0,0,0
1997,1,10,20,0,0,0,-1.7,-4.4,80,989,1.5,160,0
1997,1,10,21,0,0,0,-1.1,-3.9,79,989,0,0,0
1997,1,10,22,0,0,0,0,-2.2,83,989,2.1,270,0
1997,1,10,23,0,0,0,-2.2,-2.8,95,989,5.2,360,0
1997,1,11,0,0,0,0,-2.8,-3.9,91,990,6.7,350,0
1997,1,11,1,0,0,0,-3.3,-5.6,82,990,5.7,340,0
1997,1,11,2,0,0,0,-3.3,-6.1,79,990,2.1,350,0
1997,1,11,3,0,0,0,-3.3,-7.2,72,991,4.6,330,0
1997,1,11,4,0,0,0,-5,-11.7,56,993,5.7,290,0
1997,1,11,5,0,0,0,-5.6,-14.4,46,995,5.2,310,0
1997,1,11,6,0,0,0,-6.1,-15,45,996,9.3,290,0
1997,1,11,7,9,107,4,-7.2,-15.6,47,997,1.5,240,0
1997,1,11,8,120,547,31,-6.1,-15,45,999,5.7,270,0
1997,1,11,9,276,760,46,-5,-14.4,43,1000,4.6,270,0
1997,1,11,10,406,852,57,-3.9,-14.4,40,1001,6.2,270,0
1997,1,11,11,485,892,63,-2.8,-13.9,38,1001,4.6,280,0
1997,1,11,12,374,500,130,-2.2,-13.9,36,1001,5.2,290,0
1997,1,11,13,422,697,106,-1.7,-13.3,36,1001,7.2,300,0
1997,1,11,14,336,668,87,-1.7,-13.3,36,1001,5.2,310,0
1997,1,11,15,193,496,69,-1.7,-13.3,36,1003,5.7,310,0
1997,1,11,16,49,248,25,-3.3,-13.3,42,1003,3.6,310,0
1997,1,11,17,0,12,0,-4.4,-13.9,43,1004,1.5,230,0
1997,1,11,18,0,0,0,-4.4,-13.9,43,1005,3.6,290,0
1997,1,11,19,0,0,0,-5.6,-14.4,46,1005,2.1,250,0
1997,1,11,20,0,0,0,-7.2,-13.3,58,1006,1.5,250,0
1997,1,11,21,0,0,0,-9.4,-13.9,67,1007,2.6,320,0
1997,1,11,22,0,0,0,-11.1,-14.4,74,1007,0,0,0
1997,1,11,23,0,0,0,-12.2,-14.4,82,1008,0,0,0
1997,1,12,0,0,0,0,-10,-14.4,67,1008,0,0,0
1997,1,12,1,0,0,0,-13.3,-15,86,1009,0,0,0
1997,1,12,2,0,0,0,-13.9,-15.6,86,1010,0,0,0
1997,1,12,3,0,0,0,-14.4,-16.1,85,1010,0,0,0
1997,1,12,4,0,0,0,-15.6,-17.2,86,1011,2.1,310,0
1997,1,12,5,0,0,0,-15,-16.7,85,1011,1.5,290,0
1997,1,12,6,0,0,0,-11.1,-14.4,74,1012,0,0,0
1997,1,12,7,5,0,5,-10.6,-14.4,71,1012,0,0,0
1997,1,12,8,62,29,57,-8.9,-13.3,67,1013,0,0,0
1997,1,12,9,147,172,95,-7.2,-15,50,1013,0,0,0
1997,1,12,10,402,807,70,-5.6,-15,43,1013,3.6,320,0
1997,1,12,11,482,851,78,-4.4,-15,39,1013,3.6,290,0
1997,1,12,12,501,861,80,-3.9,-15,37,1012,3.6,300,0
1997,1,12,13,458,838,76,-2.8,-15,34,1012,3.1,340,0
1997,1,12,14,356,775,66,-2.8,-15,34,1012,4.6,330,0
1997,1,12,15,212,637,50,-3.3,-15,36,1013,4.1,360,0
1997,1,12,16,60,314,28,-3.9,-15.6,35,1013,4.1,320,0
1997,1,12,17,0,9,0,-5,-16.1,37,1014,3.1,310,0
1997,1,12,18,0,0,0,-6.1,-16.7,39,1015,1.5,300,0
1997,1,12,19,0,0,0,-6.7,-16.7,41,1016,4.6,320,0
1997,1,12,20,0,0,0,-6.7,-16.1,43,1017,6.2,310,0
1997,1,12,21,0,0,0,-7.2,-16.7,42,1017,6.2,320,0
1997,1,12,22,0,0,0,-7.2,-16.1,45,1017,7.7,330,0
1997,1,12,23,0,0,0,-7.2,-16.1,45,1017,8.2,320,0
1997,1,13,0,0,0,0,-7.8,-16.7,45,1017,3.6,320,0
1997,1,13,1,0,0,0,-7.2,-17.2,41,1017,2.6,330,0
1997,1,13,2,0,0,0,-7.8,-16.7,45,1018,3.1,360,0
1997,1,13,3,0,0,0,-7.8,-17.2,43,1018,3.6,320,0
1997,1,13,4,0,0,0,-7.8,-17.2,43,1018,3.1,340,0
1997,1,13,5,0,0,0,-8.3,-17.2,45,1018,3.6,350,0
1997,1,13,6,0,0,0,-8.9,-16.7,49,1018,2.1,340,0
1997,1,13,7,6,13,5,-8.9,-16.7,49,1019,3.1,330,0
1997,1,13,8,99,262,56,-7.2,-16.1,45,1019,2.6,320,0
1997,1,13,9,259,616,70,-6.7,-16.1,43,1019,5.7,310,0
1997,1,13,10,389,729,88,-5.6,-15.6,41,1020,5.7,320,0
1997,1,13,11,469,779,98,-5,-15,41,1019,5.7,330,0
1997,1,13,12,489,790,100,-3.9,-15,37,1018,6.7,320,0
1997,1,13,13,446,766,95,-3.3,-14.4,38,1018,6.7,340,0
1997,1,13,14,346,696,82,-3.3,-13.9,39,1018,6.7,330,0
1997,1,13,15,203,547,62,-3.3,-15,36,1018,5.2,310,0
1997,1,13,16,56,225,33,-3.9,-14.4,40,1018,3.6,300,0
1997,1,13,17,0,3,0,-4.4,-14.4,41,1018,3.1,300,0
1997,1,13,18,0,0,0,-5,-14.4,43,1019,2.1,290,0
1997,1,13,19,0,0,0,-5.6,-14.4,46,1019,2.6,340,0
1997,1,13,20,0,0,0,-6.7,-13.9,53,1019,2.6,360,0
1997,1,13,21,0,0,0,-7.8,-14.4,55,1020,2.1,30,0
1997,1,13,22,0,0,0,-8.9,-14.4,61,1019,1.5,70,0
1997,1,13,23,0,0,0,-8.3,-14.4,58,1019,3.1,360,0
1997,1,14,0,0,0,0,-8.9,-14.4,61,1019,2.1,10,0
1997,1,14,1,0,0,0,-10,-14.4,67,1019,0,0,0
1997,1,14,2,0,0,0,-9.4,-14.4,64,1019,2.1,10,0
1997,1,14,3,0,0,0,-9.4,-14.4,64,1018,2.1,50,0
1997,1,14,4,0,0,0,-11.7,-14.4,78,1018,1.5,20,0
1997,1,14,5,0,0,0,-6.7,-12.2,61,1018,3.1,10,0
1997,1,14,6,0,0,0,-9.4,-13.3,70,1018,0,0,0
1997,1,14,7,8,40,6,-8.3,-12.8,67,1019,0,0,0
1997,1,14,8,97,263,54,-6.1,-11.7,61,1019,0,0,0
1997,1,14,9,241,397,118,-3.9,-11.1,53,1020,2.6,350,0
1997,1,14,10,236,199,153,-2.8,-10,54,1020,6.7,340,0
1997,1,14,11,484,842,81,-1.7,-10,49,1019,5.2,330,0
1997,1,14,12,504,852,83,-1.1,-10,47,1018,4.1,320,0
1997,1,14,13,462,830,78,0,-10,43,1017,5.2,350,0
1997,1,14,14,361,768,68,0.6,-10.6,39,1017,3.6,350,0
1997,1,14,15,217,633,52,1.1,-10,39,1017,5.7,310,0
1997,1,14,16,64,320,30,0.6,-10.6,39,1018,2.1,310,0
1997,1,14,17,0,11,0,-0.6,-11.1,41,1018,2.1,310,0
1997,1,14,18,0,0,0,-2.8,-11.1,49,1018,2.6,310,0
1997,1,14,19,0,0,0,-3.9,-10.6,56,1019,1.5,260,0
1997,1,14,20,0,0,0,-3.3,-11.7,48,1019,2.1,150,0
1997,1,14,21,0,0,0,-6.1,-11.1,64,1019,0,0,0
1997,1,14,22,0,0,0,-8.3,-11.7,74,1019,1.5,80,0
1997,1,14,23,0,0,0,-8.9,-11.7,78,1018,0,0,0
1997,1,15,0,0,0,0,-10,-12.8,78,1018,0,0,0
1997,1,15,1,0,0,0,-10.6,-12.2,87,1018,0,0,0
1997,1,15,2,0,0,0,-11.7,-13.3,87,1018,0,0,0
1997,1,15,3,0,0,0,-12.2,-13.9,86,1017,0,0,0
1997,1,15,4,0,0,0,-13.3,-14.4,90,1017,1.5,210,0
1997,1,15,5,0,0,0,-13.3,-15,86,1017,0,0,0
1997,1,15,6,0,0,0,-13.3,-15,86,1017,0,0,0
1997,1,15,7,9,28,8,-13.3,-15,86,1017,0,0,0
1997,1,15,8,100,251,58,-8.9,-11.7,78,1017,0,0,0
1997,1,15,9,192,94,163,-4.4,-10,61,1017,2.6,190,0
1997,1,15,10,304,54,281,-1.1,-10,47,1016,5.2,200,0
1997,1,15,11,290,186,200,1.1,-10.6,37,1014,3.6,190,0
1997,1,15,12,455,646,133,2.8,-9.4,37,1012,5.2,190,0
1997,1,15,13,430,628,138,3.9,-8.3,37,1011,6.2,190,0
1997,1,15,14,137,48,119,4.4,-7.8,38,1010,6.2,200,0
1997,1,15,15,169,106,141,5.6,-7.2,37,1008,4.6,180,0
1997,1,15,16,41,32,37,4.4,-7.8,38,1007,2.6,170,0
1997,1,15,17,0,0,0,3.3,-7.2,43,1007,4.1,170,0
1997,1,15,18,0,0,0,3.3,-7.2,43,1006,4.6,170,0
1997,1,15,19,0,0,0,2.8,-7.2,44,1005,4.1,150,0
1997,1,15,20,0,0,0,3.3,-7.8,41,1004,5.7,170,0
1997,1,15,21,0,0,0,2.8,-7.8,42,1003,4.6,170,0
1997,1,15,22,0,0,0,3.3,-7.8,41,1002,4.1,170,0
1997,1,15,23,0,0,0,3.3,-7.2,43,999,5.7,180,0
1997,1,16,0,0,0,0,2.8,-6.7,46,998,4.1,170,0
1997,1,16,1,0,0,0,2.8,-6.1,49,997,3.6,180,0
1997,1,16,2,0,0,0,1.1,-2.8,73,997,3.1,290,0
1997,1,16,3,0,0,0,0,-0.6,95,994,2.6,140,0
1997,1,16,4,0,0,0,0.6,-1.1,87,990,5.2,150,0
1997,1,16,5,0,0,0,0.6,-0.6,91,990,4.6,290,0
1997,1,16,6,0,0,0,0.6,-0.6,91,989,2.6,160,0
1997,1,16,7,3,0,3,1,-1,86,988,4.1,190,0
1997,1,16,8,26,0,26,2,1,93,989,3.6,240,0
1997,1,16,9,179,356,68,2.2,1.7,96,989,1.5,270,0
1997,1,16,10,385,671,103,6.7,1.1,67,989,5.7,300,0
1997,1,16,11,403,604,111,5.6,-6.7,38,989,9.8,290,0
1997,1,16,12,359,517,100,6.1,-6.1,39,988,6.2,290,0
1997,1,16,13,305,224,200,5.6,-5,44,988,7.2,300,0
1997,1,16,14,261,148,203,5,-5,46,990,7.2,300,0
1997,1,16,15,169,379,68,5,-6.1,42,990,5.7,290,0
1997,1,16,16,56,99,45,1.1,-3.9,67,992,10.3,310,0
1997,1,16,17,0,12,0,0,-8.9,47,994,11.8,310,0
1997,1,16,18,0,0,0,-1.7,-11.7,42,996,9.8,310,0
1997,1,16,19,0,0,0,-2.8,-13.3,40,997,7.7,310,0
1997,1,16,20,0,0,0,-3.9,-16.1,34,998,10.3,290,0
1997,1,16,21,0,0,0,-5,-16.7,35,998,6.7,300,0
1997,1,16,22,0,0,0,-6.1,-17.2,37,999,8.2,320,0
1997,1,16,23,0,0,0,-7.2,-21.1,28,1001,11.3,310,0
1997,1,17,0,0,0,0,-8.3,-21.1,31,1002,7.2,310,0
1997,1,17,1,0,0,0,-9.4,-22.2,30,1003,6.7,300,0
1997,1,17,2,0,0,0,-10.6,-22.2,34,1004,8.2,320,0
1997,1,17,3,0,0,0,-11.1,-21.7,37,1005,7.2,310,0
1997,1,17,4,0,0,0,-11.7,-22.2,37,1005,6.7,320,0
1997,1,17,5,0,0,0,-12.2,-22.2,39,1007,10.3,310,0
1997,1,17,6,0,0,0,-12.2,-23.9,33,1007,9.8,310,0
1997,1,17,7,12,143,6,-12.8,-23.9,35,1008,6.7,320,0
1997,1,17,8,105,389,40,-12.2,-26.7,25,1008,7.7,310,0
1997,1,17,9,252,621,57,-11.7,-23.3,34,1010,7.2,300,0
1997,1,17,10,365,659,87,-10.6,-23.3,30,1010,7.2,310,0
1997,1,17,11,309,259,182,-10.6,-23.3,30,1008,4.6,290,0
1997,1,17,12,399,467,163,-9.4,-22.8,29,1008,4.1,300,0
1997,1,17,13,422,731,77,-8.9,-22.8,27,1007,5.2,280,0
1997,1,17,14,384,693,113,-7.8,-22.2,26,1006,5.7,300,0
1997,1,17,15,212,596,51,-7.8,-22.8,25,1006,3.1,300,0
1997,1,17,16,85,554,21,-7.8,-22.2,26,1006,3.1,270,0
1997,1,17,17,1,69,0,-9.4,-20.6,36,1006,0,0,0
1997,1,17,18,0,0,0,-11.1,-18.9,49,1006,3.6,50,0
1997,1,17,19,0,0,0,-11.1,-19.4,46,1006,2.1,60,0
1997,1,17,20,0,0,0,-11.1,-20,44,1006,1.5,350,0
1997,1,17,21,0,0,0,-13.3,-17.8,66,1005,1.5,300,0
1997,1,17,22,0,0,0,-14.4,-18.3,70,1005,2.1,200,0
1997,1,17,23,0,0,0,-11.1,-20,44,1004,2.6,230,0
1997,1,18,0,0,0,0,-10.6,-21.1,38,1004,3.1,270,0
1997,1,18,1,0,0,0,-12.8,-19.4,54,1003,0,0,0
1997,1,18,2,0,0,0,-12.2,-20,48,1003,1.5,330,0
1997,1,18,3,0,0,0,-11.1,-22.2,35,1003,2.1,300,0
1997,1,18,4,0,0,0,-11.7,-21.1,42,1003,2.1,290,0
1997,1,18,5,0,0,0,-11.1,-22.8,33,1004,2.1,280,0
1997,1,18,6,0,0,0,-11.7,-22.8,35,1004,2.6,290,0
1997,1,18,7,11,94,7,-14.4,-18.9,66,1004,0,0,0
1997,1,18,8,71,72,58,-10,-25.6,23,1004,1.5,320,0
1997,1,18,9,266,395,141,-8.9,-22.2,29,1005,5.2,330,0
1997,1,18,10,271,355,120,-8.3,-23.3,25,1005,5.7,320,0
1997,1,18,11,272,67,239,-8.9,-23.3,26,1005,6.7,310,0
1997,1,18,12,114,14,107,-7.8,-22.8,25,1005,9.8,310,0
1997,1,18,13,143,0,143,-8.9,-22.2,29,1005,7.7,310,0
1997,1,18,14,255,91,219,-8.9,-21.1,32,1006,7.2,300,0
1997,1,18,15,130,68,111,-8.9,-22.2,29,1007,7.2,300,0
1997,1,18,16,65,260,34,-10,-22.2,32,1008,7.7,320,0
1997,1,18,17,1,28,0,-10.6,-22.8,32,1009,6.2,320,0
1997,1,18,18,0,0,0,-11.1,-22.2,35,1011,4.1,310,0
1997,1,18,19,0,0,0,-11.7,-21.7,39,1011,2.1,310,0
1997,1,18,20,0,0,0,-11.1,-21.1,39,1012,5.2,300,0
1997,1,18,21,0,0,0,-11.7,-20.6,44,1012,3.6,310,0
1997,1,18,22,0,0,0,-11.7,-20.6,44,1013,3.1,300,0
1997,1,18,23,0,0,0,-12.2,-20.6,46,1013,2.6,320,0
1997,1,19,0,0,0,0,-13.3,-19.4,57,1013,2.1,300,0
1997,1,19,1,0,0,0,-13.3,-18.9,59,1012,0,0,0
1997,1,19,2,0,0,0,-15,-18.9,69,1012,0,0,0
1997,1,19,3,0,0,0,-13.9,-18.9,63,1012,0,0,0
1997,1,19,4,0,0,0,-13.9,-20,56,1012,2.1,290,0
1997,1,19,5,0,0,0,-16.1,-18.9,77,1012,1.5,170,0
1997,1,19,6,0,0,0,-16.1,-18.9,77,1013,2.1,230,0
1997,1,19,7,13,186,5,-15.6,-18.3,78,1013,0,0,0
1997,1,19,8,140,658,27,-12.2,-21.1,44,1013,2.1,190,0
1997,1,19,9,307,845,39,-10,-19.4,42,1013,3.1,180,0
1997,1,19,10,443,924,48,-8.3,-18.9,38,1012,4.1,220,0
1997,1,19,11,526,959,54,-7.2,-18.9,35,1011,4.1,210,0
1997,1,19,12,548,966,55,-6.1,-18.9,31,1011,4.1,200,0
1997,1,19,13,506,949,52,-5.6,-18.3,32,1009,4.6,210,0
1997,1,19,14,405,901,46,-4.4,-17.8,30,1009,3.6,190,0
1997,1,19,15,257,798,35,-3.9,-17.8,29,1008,3.6,200,0
1997,1,19,16,90,546,22,-4.4,-17.2,32,1008,3.6,220,0
1997,1,19,17,2,71,0,-5.6,-17.8,33,1008,2.1,190,0
1997,1,19,18,0,0,0,-7.2,-17.2,41,1008,2.6,160,0
1997,1,19,19,0,0,0,-7.8,-16.7,45,1008,2.6,160,0
1997,1,19,20,0,0,0,-7.8,-16.7,45,1007,1.5,160,0
1997,1,19,21,0,0,0,-9.4,-15,60,1007,0,0,0
1997,1,19,22,0,0,0,-8.9,-15,58,1006,2.6,190,0
1997,1,19,23,0,0,0,-8.3,-16.1,49,1006,0,0,0
1997,1,20,0,0,0,0,-10,-14.4,67,1005,0,0,0
1997,1,20,1,0,0,0,-9.4,-12.8,74,1005,0,0,0
1997,1,20,2,0,0,0,-10.6,-12.8,82,1005,0,0,0
1997,1,20,3,0,0,0,-10,-12.8,78,1005,0,0,0
1997,1,20,4,0,0,0,-11.1,-13.3,82,1004,0,0,0
1997,1,20,5,0,0,0,-12.2,-13.9,86,1004,0,0,0
1997,1,20,6,0,0,0,-11.7,-13.9,82,1005,0,0,0
1997,1,20,7,7,10,7,-10,-12.8,78,1004,2.1,190,0
1997,1,20,8,62,0,62,-6.1,-12.2,58,1004,3.1,210,0
1997,1,20,9,239,228,166,-5,-10,65,1004,3.6,200,0
1997,1,20,10,169,0,169,-1.7,-8.3,57,1003,4.1,190,0
1997,1,20,11,330,26,317,0.6,-7.2,52,1003,5.7,190,0
1997,1,20,12,345,360,160,2.2,-6.1,51,1001,4.6,210,0
1997,1,20,13,218,231,106,5.6,-5.6,42,1001,6.7,210,0
1997,1,20,14,292,258,188,6.7,-5,41,1000,5.2,240,0
1997,1,20,15,224,334,130,6.7,-5,41,1001,3.1,260,0
1997,1,20,16,81,242,50,5,-5,46,1002,2.1,300,0
1997,1,20,17,2,61,1,0.6,-5.6,60,1003,2.1,40,0
1997,1,20,18,0,0,0,3.3,-4.4,55,1005,3.6,340,0
1997,1,20,19,0,0,0,2.2,-4.4,59,1005,2.6,330,0
1997,1,20,20,0,0,0,-1.1,-4.4,76,1005,0,0,0
1997,1,20,21,0,0,0,-0.6,-3.9,76,1006,0,0,0
1997,1,20,22,0,0,0,1.7,-3.9,64,1007,4.6,340,0
1997,1,20,23,0,0,0,2.2,-4.4,59,1008,4.6,350,0
1997,1,21,0,0,0,0,2.2,-6.7,48,1009,6.2,350,0
1997,1,21,1,0,0,0,1.1,-7.8,48,1011,3.1,360,0
1997,1,21,2,0,0,0,0,-7.8,52,1011,3.6,330,0
1997,1,21,3,0,0,0,-0.6,-7.2,57,1012,2.6,10,0
1997,1,21,4,0,0,0,-1.1,-7.2,60,1014,3.1,10,0
1997,1,21,5,0,0,0,-2.2,-8.3,59,1016,2.6,340,0
1997,1,21,6,0,0,0,-5,-8.3,75,1018,0,0,0
1997,1,21,7,15,208,5,-7.2,-9.4,82,1019,0,0,0
1997,1,21,8,143,664,26,-0.6,-8.3,52,1020,2.1,340,0
1997,1,21,9,308,838,37,1.7,-8.3,44,1021,3.6,360,0
1997,1,21,10,441,913,46,2.8,-8.3,40,1021,2.6,360,0
1997,1,21,11,523,946,52,4.4,-8.3,36,1021,2.1,10,0
1997,1,21,12,302,465,62,5.6,-9.4,30,1020,2.6,10,0
1997,1,21,13,476,751,112,6.1,-10.6,26,1019,2.6,10,0
1997,1,21,14,353,661,85,6.7,-11.1,24,1018,0,0,0
1997,1,21,15,261,798,34,7.2,-11.1,23,1019,2.1,90,0
1997,1,21,16,96,569,22,6.1,-11.7,24,1019,2.6,170,0
1997,1,21,17,3,97,1,2.8,-11.1,32,1019,2.6,150,0
1997,1,21,18,0,0,0,2.2,-10,36,1019,3.1,150,0
1997,1,21,19,0,0,0,1.7,-10,38,1019,2.6,150,0
1997,1,21,20,0,0,0,1.1,-8.9,43,1019,3.1,170,0
1997,1,21,21,0,0,0,1.1,-8.3,46,1018,4.1,160,0
1997,1,21,22,0,0,0,1.1,-7.8,48,1018,3.6,170,0
1997,1,21,23,0,0,0,0,-7.2,54,1018,1.5,170,0
1997,1,22,0,0,0,0,-0.6,-7.8,54,1017,2.6,190,0
1997,1,22,1,0,0,0,0,-6.7,57,1017,4.6,180,0
1997,1,22,2,0,0,0,0,-6.1,60,1016,4.1,180,0
1997,1,22,3,0,0,0,0.6,-5,63,1016,5.7,200,0
1997,1,22,4,0,0,0,1.1,-5,61,1014,4.6,190,0
1997,1,22,5,0,0,0,1.7,-4.4,61,1013,5.2,180,0
1997,1,22,6,0,0,0,2.2,-3.9,62,1013,5.2,190,0
1997,1,22,7,6,0,6,3.3,-3.9,57,1012,6.2,190,0
1997,1,22,8,43,0,43,3.9,-2.8,60,1012,6.7,200,0
1997,1,22,9,90,0,90,4.4,-1.7,63,1012,4.6,190,0
1997,1,22,10,129,0,129,6,-1,60,1010,4.6,180,0
1997,1,22,11,152,0,152,7.8,0.6,60,1008,6.7,200,0
1997,1,22,12,158,0,158,9.4,2.8,63,1006,6.7,190,0
1997,1,22,13,147,0,147,10,3.3,63,1005,7.7,200,0
1997,1,22,14,119,0,119,10.6,4.4,65,1004,6.2,200,0
1997,1,22,15,78,0,78,10.6,5,68,1004,4.6,210,0
1997,1,22,16,30,0,30,10,5.6,74,1004,4.6,220,0
1997,1,22,17,1,0,1,8.3,7.2,93,1003,5.7,200,0
1997,1,22,18,0,0,0,8.3,7.2,93,1003,4.1,210,0
1997,1,22,19,0,0,0,8.9,7.8,93,1001,6.2,190,0
1997,1,22,20,0,0,0,8.3,7.2,93,1001,5.2,200,0
1997,1,22,21,0,0,0,8.9,7.8,93,1001,4.6,220,0
1997,1,22,22,0,0,0,8.3,7.2,93,1001,2.1,220,0
1997,1,22,23,0,0,0,7.8,7.2,96,1000,3.6,190,0
1997,1,23,0,0,0,0,7.8,7.2,96,1000,4.1,200,0
1997,1,23,1,0,0,0,7.2,6.7,97,1000,3.6,200,0
1997,1,23,2,0,0,0,7.2,6.1,93,1000,2.6,210,0
1997,1,23,3,0,0,0,6.7,6.1,96,1000,3.1,190,0
1997,1,23,4,0,0,0,7.2,6.1,93,1000,3.1,200,0
1997,1,23,5,0,0,0,6.7,6.1,96,1001,0,0,0
1997,1,23,6,0,0,0,5,5,100,1002,1.5,190,0
1997,1,23,7,10,69,7,3.3,2.8,97,1002,2.1,200,0
1997,1,23,8,140,348,77,5.6,5.6,100,1003,2.6,200,0
1997,1,23,9,202,418,65,8.9,6.7,86,1004,2.1,240,0
1997,1,23,10,119,41,101,11.7,6.7,71,1005,2.1,220,0
1997,1,23,11,365,347,189,13.3,3.9,53,1004,2.6,300,0
1997,1,23,12,362,303,203,13.9,1.1,42,1005,4.6,310,0
1997,1,23,13,328,251,204,12.2,-0.6,41,1005,6.2,350,0
1997,1,23,14,364,421,190,11.7,-0.6,42,1006,6.2,340,0
1997,1,23,15,173,154,128,9.4,-1.7,45,1008,8.2,340,0
1997,1,23,16,56,32,52,6.1,-3.9,47,1009,6.7,350,0
1997,1,23,17,1,3,1,3.9,-5,50,1011,5.7,360,0
1997,1,23,18,0,0,0,3.3,-6.7,45,1013,4.6,350,0
1997,1,23,19,0,0,0,3.3,-6.7,45,1013,4.6,340,0
1997,1,23,20,0,0,0,2.8,-6.1,49,1015,4.1,350,0
1997,1,23,21,0,0,0,2.2,-5.6,53,1015,2.1,340,0
1997,1,23,22,0,0,0,1.7,-5.6,55,1016,2.6,350,0
1997,1,23,23,0,0,0,0,-5.6,62,1017,2.1,360,0
1997,1,24,0,0,0,0,-0.6,-5,69,1017,2.1,20,0
1997,1,24,1,0,0,0,-1.1,-4.4,76,1017,2.1,30,0
1997,1,24,2,0,0,0,-2.2,-5,79,1018,2.1,50,0
1997,1,24,3,0,0,0,-2.8,-5.6,79,1017,3.1,40,0
1997,1,24,4,0,0,0,-2.2,-5.6,75,1018,3.1,30,0
1997,1,24,5,0,0,0,-2.8,-5.6,79,1017,2.6,50,0
1997,1,24,6,0,0,0,-1.7,-5.6,72,1018,3.1,70,0
1997,1,24,7,6,0,6,-0.6,-5.6,66,1019,1.5,80,0
1997,1,24,8,53,0,53,-0.6,-6.1,63,1019,2.6,80,0
1997,1,24,9,102,0,102,0,-5.6,62,1019,3.6,70,0
1997,1,24,10,140,0,140,0.6,-5,63,1018,3.1,90,0
1997,1,24,11,163,0,163,0.6,-4.4,66,1016,4.1,90,0
1997,1,24,12,169,0,169,1.1,-3.9,67,1014,3.1,80,0
1997,1,24,13,158,0,158,1.7,-2.8,70,1011,3.6,100,0
1997,1,24,14,131,0,131,1.7,-0.6,84,1010,0,0,0
1997,1,24,15,75,0,75,1,1,100,1009,0,0,0
1997,1,24,16,27,0,27,1.1,0.6,96,1007,0,0,0
1997,1,24,17,1,0,1,1.1,0.6,96,1006,2.6,320,0
1997,1,24,18,0,0,0,0.6,0.6,100,1006,4.1,310,0
1997,1,24,19,0,0,0,0.6,0,96,1005,2.6,320,0
1997,1,24,20,0,0,0,1.1,1.1,100,1004,0,0,0
1997,1,24,21,0,0,0,1.7,1.1,96,1003,0,0,0
1997,1,24,22,0,0,0,2.2,1.7,96,1002,0,0,0
1997,1,24,23,0,0,0,2.2,1.7,96,1001,0,0,0
1997,1,25,0,0,0,0,1.7,1.7,100,999,0,0,0
1997,1,25,1,0,0,0,1.7,1.1,96,998,0,0,0
1997,1,25,2,0,0,0,1.7,1.1,96,997,1.5,290,0
1997,1,25,3,0,0,0,1.7,1.1,96,996,0,0,0
1997,1,25,4,0,0,0,2.8,2.8,100,996,3.1,220,0
1997,1,25,5,0,0,0,4.4,4.4,100,996,7.2,220,0
1997,1,25,6,0,0,0,4.4,3.9,97,995,5.2,200,0
1997,1,25,7,3,0,3,5,4.4,96,996,4.1,220,0
1997,1,25,8,34,0,34,5.6,5,96,996,5.2,210,0
1997,1,25,9,68,0,68,6.1,5,93,996,5.7,220,0
1997,1,25,10,173,40,155,6.7,5.6,93,996,5.7,230,0
1997,1,25,11,250,0,250,8,6,87,996,3.6,210,0
1997,1,25,12,280,114,219,8.9,5,77,997,4.6,320,0
1997,1,25,13,209,51,184,9.4,-1.7,45,997,6.2,310,0
1997,1,25,14,319,484,115,10,-5,33,999,7.2,280,0
1997,1,25,15,205,361,97,8.9,-5,35,1000,7.2,320,0
1997,1,25,16,89,214,58,7.2,-6.1,36,1001,6.2,300,0
1997,1,25,17,2,10,2,5.6,-6.1,40,1003,7.2,300,0
1997,1,25,18,0,0,0,3.9,-6.7,43,1004,4.6,300,0
1997,1,25,19,0,0,0,2.2,-6.7,48,1005,2.1,260,0
1997,1,25,20,0,0,0,2.2,-6.7,48,1005,4.1,310,0
1997,1,25,21,0,0,0,2.2,-6.7,48,1005,5.7,310,0
1997,1,25,22,0,0,0,2.2,-7.8,44,1006,6.7,300,0
1997,1,25,23,0,0,0,1.1,-7.8,48,1007,5.7,320,0
1997,1,26,0,0,0,0,0.6,-8.3,47,1009,7.7,320,0
1997,1,26,1,0,0,0,-0.6,-10,45,1010,6.7,310,0
1997,1,26,2,0,0,0,-1.1,-11.7,40,1011,9.3,320,0
1997,1,26,3,0,0,0,-2.2,-12.8,40,1012,6.7,310,0
1997,1,26,4,0,0,0,-2.8,-11.7,46,1013,7.2,310,0
1997,1,26,5,0,0,0,-3.3,-12.2,46,1015,7.2,310,0
1997,1,26,6,0,0,0,-4.4,-12.2,50,1017,2.1,290,0
1997,1,26,7,15,60,12,-4.4,-11.7,53,1018,2.1,260,0
1997,1,26,8,135,347,69,-3.3,-11.7,48,1019,4.1,300,0
1997,1,26,9,196,186,134,-1.7,-11.7,42,1020,4.1,290,0
1997,1,26,10,274,219,176,-1.1,-11.7,40,1021,3.6,290,0
1997,1,26,11,438,513,173,0,-11.1,39,1021,4.1,310,0
1997,1,26,12,200,0,200,0,-11.1,39,1020,5.7,320,0
1997,1,26,13,186,0,186,-0.6,-10.6,42,1019,4.1,340,0
1997,1,26,14,151,0,151,-0.6,-10.6,42,1019,4.1,340,0
1997,1,26,15,99,0,99,-0.6,-10,45,1020,4.6,350,0
1997,1,26,16,51,13,49,-0.6,-11.1,41,1020,2.6,360,0
1997,1,26,17,2,9,2,-1.7,-10.6,46,1021,2.6,30,0
1997,1,26,18,0,0,0,-1.1,-10,47,1022,2.6,40,0
1997,1,26,19,0,0,0,-1.1,-10,47,1022,2.1,60,0
1997,1,26,20,0,0,0,-1.7,-9.4,52,1022,0,0,0
1997,1,26,21,0,0,0,-1.7,-8.9,54,1023,2.1,170,0
1997,1,26,22,0,0,0,-2.2,-8.3,59,1023,1.5,60,0
1997,1,26,23,0,0,0,-2.2,-6.7,68,1023,0,0,0
1997,1,27,0,0,0,0,-2.2,-7.8,62,1023,0,0,0
1997,1,27,1,0,0,0,-1.7,-8.9,54,1024,0,0,0
1997,1,27,2,0,0,0,-1.7,-8.3,57,1024,0,0,0
1997,1,27,3,0,0,0,-1.7,-9.4,52,1024,2.1,140,0
1997,1,27,4,0,0,0,-1.7,-9.4,52,1024,2.1,180,0
1997,1,27,5,0,0,0,-2.2,-8.3,59,1024,2.6,140,0
1997,1,27,6,0,0,0,-1.7,-8.3,57,1024,2.1,150,0
1997,1,27,7,9,0,9,-1.7,-8.3,57,1024,3.1,150,0
1997,1,27,8,57,0,57,-1.1,-8.9,51,1024,3.6,160,0
1997,1,27,9,106,0,106,-1,-8,55,1024,3.6,150,0
1997,1,27,10,145,0,145,0,-7.8,52,1024,3.6,150,0
1997,1,27,11,168,0,168,0.6,-6.7,54,1023,3.6,160,0
1997,1,27,12,174,0,174,1.1,-6.1,55,1021,4.1,170,0
1997,1,27,13,164,0,164,2.2,-5.6,53,1020,4.1,150,0
1997,1,27,14,137,0,137,2.8,-5,54,1019,4.1,150,0
1997,1,27,15,96,0,96,2.8,-3.9,59,1019,3.6,170,0
1997,1,27,16,44,0,44,2.8,-3.9,59,1018,4.1,180,0
1997,1,27,17,2,0,2,3.3,-3.3,60,1017,4.6,160,0
1997,1,27,18,0,0,0,3.3,-1.7,69,1017,4.1,180,0
1997,1,27,19,0,0,0,3.3,-1.1,72,1015,3.6,180,0
1997,1,27,20,0,0,0,3.3,-1.1,72,1014,3.6,170,0
1997,1,27,21,0,0,0,3.3,-1.1,72,1013,4.1,170,0
1997,1,27,22,0,0,0,2.8,0.6,85,1012,3.6,190,0
1997,1,27,23,0,0,0,2.8,1.1,89,1010,4.6,190,0
1997,1,28,0,0,0,0,2.8,0.6,85,1009,4.1,210,0
1997,1,28,1,0,0,0,2.8,1.1,89,1008,4.6,190,0
1997,1,28,2,0,0,0,2.8,1.7,92,1006,6.2,200,0
1997,1,28,3,0,0,0,3.3,2.8,97,1005,6.2,200,0
1997,1,28,4,0,0,0,4.4,3.9,97,1004,7.2,190,0
1997,1,28,5,0,0,0,5.6,4.4,92,1003,8.8,200,0
1997,1,28,6,0,0,0,6.7,5.6,93,1004,5.7,210,0
1997,1,28,7,6,0,6,7.2,6.1,93,1004,4.6,220,0
1997,1,28,8,55,0,55,7.8,6.7,93,1006,3.1,280,0
1997,1,28,9,105,0,105,7.2,2.2,70,1009,4.6,320,0
1997,1,28,10,143,0,143,6.1,-0.6,62,1008,8.2,320,0
1997,1,28,11,208,0,208,5.6,-1.7,58,1009,7.2,330,0
1997,1,28,12,217,0,217,5.6,-3.3,51,1009,6.7,320,0
1997,1,28,13,204,0,204,4.4,-4.4,51,1010,9.8,320,0
1997,1,28,14,170,0,170,4.4,-4.4,51,1010,6.2,340,0
1997,1,28,15,118,0,118,3.9,-6.7,43,1011,5.2,330,0
1997,1,28,16,54,0,54,2.8,-6.7,46,1012,3.6,310,0
1997,1,28,17,3,0,3,1.7,-7.2,48,1013,2.6,310,0
1997,1,28,18,0,0,0,1.1,-7.2,50,1014,4.6,320,0
1997,1,28,19,0,0,0,1.1,-7.2,50,1015,5.7,320,0
1997,1,28,20,0,0,0,0.6,-7.2,52,1016,3.6,310,0
1997,1,28,21,0,0,0,0,-7.8,52,1017,2.6,310,0
1997,1,28,22,0,0,0,-2.2,-7.8,62,1017,2.1,230,0
1997,1,28,23,0,0,0,-0.6,-8.9,49,1018,4.1,290,0
1997,1,29,0,0,0,0,-1.1,-9.4,49,1018,4.1,300,0
1997,1,29,1,0,0,0,-1.7,-10.6,46,1019,3.1,280,0
1997,1,29,2,0,0,0,-2.2,-11.1,46,1019,3.1,300,0
1997,1,29,3,0,0,0,-2.8,-11.7,46,1019,4.6,300,0
1997,1,29,4,0,0,0,-3.9,-11.7,51,1020,3.6,320,0
1997,1,29,5,0,0,0,-4.4,-11.1,56,1021,0,0,0
1997,1,29,6,0,0,0,-4.4,-11.7,53,1023,3.1,350,0
1997,1,29,7,20,236,7,-4.4,-11.7,53,1024,3.1,10,0
1997,1,29,8,167,722,25,-2.8,-12.8,42,1025,3.6,350,0
1997,1,29,9,340,879,36,-2.2,-13.3,38,1025,4.1,10,0
1997,1,29,10,479,947,45,-1.7,-13.3,36,1025,4.6,10,0
1997,1,29,11,493,775,85,-0.6,-12.8,35,1024,3.1,330,0
1997,1,29,12,566,852,101,0,-12.8,33,1024,2.1,350,0
1997,1,29,13,460,708,95,0.6,-12.8,32,1022,2.6,20,0
1997,1,29,14,325,582,71,0.6,-12.8,32,1022,1.5,50,0
1997,1,29,15,229,370,112,1.1,-12.2,32,1022,2.1,40,0
1997,1,29,16,75,100,59,0,-11.7,37,1022,3.6,30,0
1997,1,29,17,8,106,4,-1.7,-11.7,42,1022,3.1,50,0
1997,1,29,18,0,0,0,-2.8,-11.7,46,1022,3.1,40,0
1997,1,29,19,0,0,0,-3.3,-11.7,48,1022,2.1,50,0
1997,1,29,20,0,0,0,-3.9,-9.4,62,1022,1.5,30,0
1997,1,29,21,0,0,0,-5.6,-10,68,1022,0,0,0
1997,1,29,22,0,0,0,-6.7,-9.4,79,1022,0,0,0
1997,1,29,23,0,0,0,-6.1,-9.4,75,1022,0,0,0
1997,1,30,0,0,0,0,-7.2,-9.4,82,1022,0,0,0
1997,1,30,1,0,0,0,-7.2,-9.4,82,1021,0,0,0
1997,1,30,2,0,0,0,-7.8,-9.4,87,1021,0,0,0
1997,1,30,3,0,0,0,-7.8,-8.9,91,1020,0,0,0
1997,1,30,4,0,0,0,-7.2,-8.9,86,1021,1.5,10,0
1997,1,30,5,0,0,0,-6.7,-9.4,79,1020,1.5,100,0
1997,1,30,6,0,0,0,-6.7,-9.4,79,1020,0,0,0
1997,1,30,7,11,0,11,-6.7,-8.3,87,1019,0,0,0
1997,1,30,8,74,0,74,-3.9,-8.9,65,1019,1.5,60,0
1997,1,30,9,284,449,127,-2.2,-9.4,54,1018,2.1,110,0
1997,1,30,10,353,545,102,-0.6,-9.4,47,1018,0,0,0
1997,1,30,11,457,500,191,1.1,-9.4,41,1017,3.1,150,0
1997,1,30,12,363,513,80,1.7,-10,38,1015,2.6,160,0
1997,1,30,13,432,646,97,2.2,-10,36,1013,3.6,160,0
1997,1,30,14,268,55,243,2.8,-10.6,33,1012,2.6,160,0
1997,1,30,15,162,211,94,3.3,-10,34,1012,2.6,160,0
1997,1,30,16,70,108,52,2.8,-10,35,1011,2.1,150,0
1997,1,30,17,3,0,3,1.1,-9.4,41,1011,0,0,0
1997,1,30,18,0,0,0,-0.6,-8.9,49,1011,0,0,0
1997,1,30,19,0,0,0,-1.1,-8.3,54,1010,0,0,0
1997,1,30,20,0,0,0,-1.7,-6.7,65,1010,0,0,0
1997,1,30,21,0,0,0,-1.1,-6.1,66,1009,0,0,0
1997,1,30,22,0,0,0,-1.1,-5,72,1009,1.5,50,0
1997,1,30,23,0,0,0,-1.1,-4.4,76,1008,0,0,0
1997,1,31,0,0,0,0,0,-3.3,76,1008,1.5,180,0
1997,1,31,1,0,0,0,0,-2.8,79,1008,0,0,0
1997,1,31,2,0,0,0,0,-3.3,76,1007,0,0,0
1997,1,31,3,0,0,0,0,-3.3,76,1006,0,0,0
1997,1,31,4,0,0,0,0,-3.3,76,1006,0,0,0
1997,1,31,5,0,0,0,-0.6,-3.3,80,1006,0,0,0
1997,1,31,6,0,0,0,-0.6,-2.8,83,1005,0,0,0
1997,1,31,7,8,0,8,0,-3.3,76,1005,0,0,0
1997,1,31,8,58,0,58,0.6,-2.2,80,1005,1.5,280,0
1997,1,31,9,108,0,108,2.2,-2.8,68,1004,3.1,200,0
1997,1,31,10,183,0,183,2.8,-1.7,71,1003,5.7,200,0
1997,1,31,11,213,0,213,4.4,-1.1,67,1001,4.6,190,0
1997,1,31,12,221,0,221,5.6,-0.6,64,1000,4.1,180,0
1997,1,31,13,208,0,208,6.7,0,62,999,4.6,200,0
1997,1,31,14,174,0,174,7.2,-0.6,57,998,4.6,210,0
1997,1,31,15,122,0,122,7.8,-1.1,53,999,5.2,200,0
1997,1,31,16,46,0,46,6.1,0,65,997,2.6,150,0
1997,1,31,17,3,0,3,6.7,0,62,997,3.1,190,0
1997,1,31,18,0,0,0,6.1,0.6,68,997,3.6,190,0
1997,1,31,19,0,0,0,5.6,0.6,70,996,5.2,200,0
1997,1,31,20,0,0,0,5,1.1,76,996,5.2,200,0
1997,1,31,21,0,0,0,6,2.2,82,994,5.2,180,0
1997,1,31,22,0,0,0,7.1,3.3,86,993,5.2,200,0
1997,1,31,23,0,0,0,8.1,4.4,79,992,5.2,200,0
1988,2,1,0,0,0,0,9.1,5.6,83,1014,5.2,180,0
1988,2,1,1,0,0,0,10.1,6.7,83,1014,5.2,190,0
1988,2,1,2,0,0,0,11.2,7.8,80,1013,5.2,200,0
1988,2,1,3,0,0,0,12.2,8.9,80,1013,5.2,210,0
1988,2,1,4,0,0,0,12.2,9.4,83,1013,6.2,220,0
1988,2,1,5,0,0,0,12.2,10,86,1013,4.6,200,0
1988,2,1,6,0,0,0,11.7,11.1,96,1013,4.1,200,0
1988,2,1,7,11,6,10,12.2,12.2,100,1013,4.1,190,0
1988,2,1,8,41,1,41,12.8,12.8,100,1014,5.2,200,0
1988,2,1,9,130,19,124,13.3,13.3,100,1013,5.7,190,0
1988,2,1,10,257,70,225,15.6,13.3,87,1013,5.7,200,0
1988,2,1,11,378,278,229,17.2,13.9,81,1013,5.7,220,0
1988,2,1,12,445,425,209,19.4,13.9,70,1011,6.2,210,0
1988,2,1,13,504,784,93,20.6,13.3,63,1010,5.2,220,0
1988,2,1,14,382,501,159,21.1,12.8,59,1010,6.7,220,0
1988,2,1,15,241,382,118,21.1,12.8,59,1009,7.2,190,0
1988,2,1,16,104,284,57,20,12.8,63,1010,5.7,210,0
1988,2,1,17,13,11,12,17.8,12.8,73,1009,5.2,200,0
1988,2,1,18,0,0,0,17.2,12.8,75,1009,4.6,200,0
1988,2,1,19,0,0,0,16.7,12.2,75,1009,5.7,190,0
1988,2,1,20,0,0,0,16.1,12.2,78,1010,6.2,200,0
1988,2,1,21,0,0,0,15.6,12.2,81,1010,5.2,190,0
1988,2,1,22,0,0,0,15.6,12.8,84,1009,5.7,210,0
1988,2,1,23,0,0,0,16.1,12.8,81,1009,6.7,210,0
1988,2,2,0,0,0,0,16.1,12.8,81,1008,6.2,210,0
1988,2,2,1,0,0,0,15.6,12.8,84,1008,5.2,210,0
1988,2,2,2,0,0,0,16.1,12.8,81,1007,6.2,220,0
1988,2,2,3,0,0,0,16.1,12.8,81,1007,6.2,200,0
1988,2,2,4,0,0,0,15.6,12.8,84,1007,6.7,200,0
1988,2,2,5,0,0,0,15.6,12.8,84,1006,7.2,200,0
1988,2,2,6,0,0,0,15.6,13.3,87,1006,4.6,190,0
1988,2,2,7,13,2,13,15.6,13.3,87,1006,6.2,200,0
1988,2,2,8,40,10,38,16.1,13.9,87,1006,6.2,210,0
1988,2,2,9,91,4,89,15.6,14.4,93,1006,5.2,210,0
1988,2,2,10,116,8,112,15.6,15,97,1005,4.1,210,0
1988,2,2,11,252,4,250,16.1,15.6,97,1005,4.6,210,0
1988,2,2,12,247,5,244,17.8,15,84,1004,5.7,220,0
1988,2,2,13,142,3,140,17.2,15,87,1004,5.7,250,0
1988,2,2,14,124,2,124,15.6,15.6,100,1004,3.1,320,0
1988,2,2,15,82,1,82,13.9,13.9,100,1006,3.1,360,0
1988,2,2,16,42,1,42,11.1,10.6,96,1007,5.2,360,0
1988,2,2,17,7,0,7,10,9.4,96,1008,5.2,350,0
1988,2,2,18,0,0,0,8.9,8.9,100,1010,4.6,30,0
1988,2,2,19,0,0,0,7.2,7.2,100,1011,4.1,30,0
1988,2,2,20,0,0,0,6.1,6.1,100,1012,5.2,30,0
1988,2,2,21,0,0,0,5,4.4,96,1013,6.2,40,0
1988,2,2,22,0,0,0,3.3,2.8,96,1014,3.6,30,0
1988,2,2,23,0,0,0,2.8,2.2,96,1014,5.7,30,0
1988,2,3,0,0,0,0,2.2,1.7,96,1015,3.6,30,0
1988,2,3,1,0,0,0,1.7,1.1,96,1015,3.1,20,0
1988,2,3,2,0,0,0,1.1,1.1,100,1016,3.1,360,0
1988,2,3,3,0,0,0,1.1,0.6,96,1016,3.1,30,0
1988,2,3,4,0,0,0,1.1,0,92,1016,3.1,10,0
1988,2,3,5,0,0,0,1.1,-0.6,89,1017,3.6,20,0
1988,2,3,6,0,0,0,0.6,-0.6,92,1018,2.6,10,0
1988,2,3,7,22,0,22,0.6,-0.6,92,1018,2.1,360,0
1988,2,3,8,96,1,96,1.1,-0.6,89,1018,3.1,20,0
1988,2,3,9,184,0,183,1.7,-0.6,85,1018,2.6,40,0
1988,2,3,10,221,1,220,2.2,0,85,1018,2.1,10,0
1988,2,3,11,261,0,261,3.3,0,79,1018,2.1,90,0
1988,2,3,12,276,0,276,3.3,0,79,1017,2.1,150,0
1988,2,3,13,286,1,285,3.3,0.6,82,1016,3.1,150,0
1988,2,3,14,215,0,215,3.3,1.1,86,1016,3.6,140,0
1988,2,3,15,161,0,161,2.8,1.7,93,1016,3.1,140,0
1988,2,3,16,70,0,70,2.8,1.7,93,1016,3.6,160,0
1988,2,3,17,8,0,8,2.2,2.2,100,1016,2.6,160,0
1988,2,3,18,0,0,0,2.2,2.2,100,1015,3.1,150,0
1988,2,3,19,0,0,0,2.2,2.2,100,1014,3.6,140,0
1988,2,3,20,0,0,0,2.2,2.2,100,1013,3.6,170,0
1988,2,3,21,0,0,0,2.2,2.2,100,1013,3.6,160,0
1988,2,3,22,0,0,0,2.2,2.2,100,1012,3.6,160,0
1988,2,3,23,0,0,0,2.8,2.8,100,1010,3.6,180,0
1988,2,4,0,0,0,0,2.8,2.8,100,1008,4.1,180,0
1988,2,4,1,0,0,0,2.8,2.8,100,1007,4.1,180,0
1988,2,4,2,0,0,0,2.8,2.8,100,1005,4.1,180,0
1988,2,4,3,0,0,0,2.8,2.8,100,1004,5.2,190,0
1988,2,4,4,0,0,0,3.3,3.3,100,1002,5.2,190,0
1988,2,4,5,0,0,0,3.3,3.3,100,1000,6.2,170,0
1988,2,4,6,0,0,0,3.9,3.9,100,1002,3.1,200,0
1988,2,4,7,13,0,13,3.9,3.9,100,1000,4.1,180,0
1988,2,4,8,57,1,57,3.9,3.9,100,1000,3.6,210,0
1988,2,4,9,100,1,99,4.4,4.4,100,999,2.1,250,0
1988,2,4,10,132,1,132,5,5,100,1000,3.1,260,0
1988,2,4,11,153,1,153,5.6,5.6,100,1000,3.6,340,0
1988,2,4,12,288,61,253,6.1,2.2,76,1000,7.2,320,0
1988,2,4,13,422,330,246,5,-0.6,68,1001,7.2,320,0
1988,2,4,14,254,66,224,4.4,-1.1,68,1003,6.7,330,0
1988,2,4,15,140,113,102,2.8,-3.3,65,1004,6.2,340,0
1988,2,4,16,96,139,72,2.2,-3.9,64,1005,5.2,350,0
1988,2,4,17,13,12,12,1.1,-4.4,67,1007,6.2,340,0
1988,2,4,18,0,0,0,0.6,-7.2,56,1008,5.7,320,0
1988,2,4,19,0,0,0,0,-6.7,61,1008,4.6,320,0
1988,2,4,20,0,0,0,0,-7.8,56,1010,6.2,320,0
1988,2,4,21,0,0,0,-1.1,-8.3,58,1011,6.2,310,0
1988,2,4,22,0,0,0,-1.7,-7.8,64,1011,5.2,320,0
1988,2,4,23,0,0,0,-2.2,-7.8,66,1011,4.6,320,0
1988,2,5,0,0,0,0,-2.2,-9.4,58,1011,5.2,330,0
1988,2,5,1,0,0,0,-3.3,-9.4,63,1011,2.6,60,0
1988,2,5,2,0,0,0,-3.3,-9.4,63,1012,4.1,310,0
1988,2,5,3,0,0,0,-3.3,-9.4,63,1011,2.6,310,0
1988,2,5,4,0,0,0,-4.4,-8.9,72,1011,3.1,320,0
1988,2,5,5,0,0,0,-4.4,-8.9,72,1011,3.1,330,0
1988,2,5,6,0,0,0,-3.9,-9.4,66,1012,4.1,330,0
1988,2,5,7,30,36,26,-3.9,-8.9,69,1012,2.6,310,0
1988,2,5,8,124,145,93,-2.2,-8.3,63,1013,0,0,0
1988,2,5,9,143,17,137,-0.6,-8.9,54,1013,4.1,290,0
1988,2,5,10,241,3,240,-0.6,-8.9,54,1013,2.6,250,0
1988,2,5,11,394,230,267,-0.6,-8.3,56,1012,2.6,250,0
1988,2,5,12,479,467,212,0.6,-8.9,50,1011,5.2,260,0
1988,2,5,13,405,467,153,1.7,-8.3,48,1010,2.6,360,0
1988,2,5,14,452,709,124,2.8,-8.9,42,1010,4.1,300,0
1988,2,5,15,280,543,96,1.1,-9.4,46,1010,6.2,340,0
1988,2,5,16,151,583,45,0,-11.1,43,1011,6.2,340,0
1988,2,5,17,26,72,18,-1.1,-11.7,45,1012,6.2,320,0
1988,2,5,18,0,0,0,-2.8,-12.8,47,1013,5.2,320,0
1988,2,5,19,0,0,0,-3.9,-13.3,48,1013,3.1,330,0
1988,2,5,20,0,0,0,-4.4,-12.8,53,1014,8.8,320,0
1988,2,5,21,0,0,0,-5,-11.7,60,1015,4.1,340,0
1988,2,5,22,0,0,0,-5.6,-12.8,57,1015,5.2,330,0
1988,2,5,23,0,0,0,-6.7,-13.3,60,1015,7.2,330,0
1988,2,6,0,0,0,0,-7.8,-17.2,47,1016,8.2,330,0
1988,2,6,1,0,0,0,-8.9,-21.1,37,1017,7.2,310,0
1988,2,6,2,0,0,0,-10,-18.9,49,1017,7.7,320,0
1988,2,6,3,0,0,0,-10.6,-20,46,1018,7.2,310,0
1988,2,6,4,0,0,0,-10.6,-20,46,1018,5.7,310,0
1988,2,6,5,0,0,0,-11.1,-20,48,1018,5.2,300,0
1988,2,6,6,0,0,0,-11.7,-18.9,55,1019,3.6,320,0
1988,2,6,7,34,141,20,-12.2,-19.4,55,1019,3.1,310,0
1988,2,6,8,167,541,47,-11.1,-19.4,51,1020,5.2,300,0
1988,2,6,9,345,746,67,-10,-18.9,49,1020,5.2,300,0
1988,2,6,10,495,850,82,-9.4,-20,42,1019,5.2,300,0
1988,2,6,11,586,892,90,-8.3,-19.4,41,1019,4.6,290,0
1988,2,6,12,613,904,92,-7.2,-19.4,37,1018,2.6,300,0
1988,2,6,13,573,888,89,-5.6,-18.9,35,1017,4.6,310,0
1988,2,6,14,471,841,79,-4.4,-19.4,30,1016,5.2,270,0
1988,2,6,15,316,739,63,-3.9,-20,28,1015,5.2,300,0
1988,2,6,16,133,444,51,-4.4,-20.6,28,1016,4.6,300,0
1988,2,6,17,21,77,13,-5.6,-19.4,33,1017,4.1,340,0
1988,2,6,18,0,0,0,-6.7,-20,34,1019,5.2,330,0
1988,2,6,19,0,0,0,-7.8,-18.9,41,1020,6.2,320,0
1988,2,6,20,0,0,0,-8.3,-19.4,41,1021,7.7,310,0
1988,2,6,21,0,0,0,-8.9,-18.3,47,1022,4.6,320,0
1988,2,6,22,0,0,0,-9.4,-17.8,51,1022,4.1,320,0
1988,2,6,23,0,0,0,-9.4,-17.2,54,1022,5.2,330,0
1988,2,7,0,0,0,0,-10,-16.7,59,1023,4.6,330,0
1988,2,7,1,0,0,0,-11.1,-17.2,61,1023,4.1,350,0
1988,2,7,2,0,0,0,-11.7,-18.3,58,1024,3.6,350,0
1988,2,7,3,0,0,0,-12.2,-17.8,64,1025,3.1,350,0
1988,2,7,4,0,0,0,-13.3,-16.7,76,1025,2.6,60,0
1988,2,7,5,0,0,0,-12.2,-18.3,61,1025,3.1,60,0
1988,2,7,6,0,0,0,-12.8,-17.2,70,1025,2.1,40,0
1988,2,7,7,37,84,29,-11.7,-15,77,1025,2.1,220,0
1988,2,7,8,180,631,39,-10,-18.3,51,1025,1.5,140,0
1988,2,7,9,370,839,54,-8.9,-17.8,49,1025,4.1,140,0
1988,2,7,10,511,907,66,-7.2,-16.7,47,1025,4.6,190,0
1988,2,7,11,602,946,72,-5.6,-15.6,46,1023,5.2,220,0
1988,2,7,12,631,960,74,-4.4,-15,44,1022,4.1,220,0
1988,2,7,13,558,882,73,-2.8,-14.4,41,1020,6.7,210,0
1988,2,7,14,444,629,148,-1.1,-14.4,36,1019,6.2,210,0
1988,2,7,15,232,312,124,-1.7,-15.6,34,1018,6.2,190,0
1988,2,7,16,119,191,83,-1.1,-15.6,33,1017,3.6,210,0
1988,2,7,17,19,28,16,-2.2,-15.6,36,1017,4.6,190,0
1988,2,7,18,0,0,0,-2.2,-16.1,34,1017,4.6,180,0
1988,2,7,19,0,0,0,-2.8,-15.6,37,1016,3.6,180,0
1988,2,7,20,0,0,0,-2.8,-15.6,37,1016,6.2,180,0
1988,2,7,21,0,0,0,-2.2,-15,37,1015,6.7,180,0
1988,2,7,22,0,0,0,-2.2,-14.4,39,1014,6.2,200,0
1988,2,7,23,0,0,0,-2.2,-13.9,41,1014,6.7,190,0
1988,2,8,0,0,0,0,-1.1,-13.3,39,1014,5.7,220,0
1988,2,8,1,0,0,0,-1.1,-13.3,39,1014,5.2,210,0
1988,2,8,2,0,0,0,-2.8,-13.3,45,1014,3.1,210,0
1988,2,8,3,0,0,0,-3.9,-12.8,51,1014,2.6,180,0
1988,2,8,4,0,0,0,-4.4,-11.1,60,1014,4.1,200,0
1988,2,8,5,0,0,0,-4.4,-12.2,55,1014,1.5,180,0
1988,2,8,6,0,0,0,-6.1,-11.7,65,1015,1.5,220,0
1988,2,8,7,33,112,22,-6.1,-10,74,1015,1.5,320,0
1988,2,8,8,165,403,73,-1.7,-11.1,49,1017,2.6,310,0
1988,2,8,9,341,651,93,1.7,-8.9,46,1016,3.6,340,0
1988,2,8,10,453,593,159,4.4,-6.1,47,1017,4.1,360,0
1988,2,8,11,581,684,195,4.4,-5.6,49,1017,2.1,360,0
1988,2,8,12,380,255,231,4.4,-5.6,49,1016,4.1,350,0
1988,2,8,13,367,210,251,5.6,-5,47,1015,3.6,340,0
1988,2,8,14,247,144,178,5,-5.6,47,1015,4.6,340,0
1988,2,8,15,158,93,125,4.4,-5.6,49,1015,2.1,10,0
1988,2,8,16,84,20,80,2.8,-6.7,50,1016,2.6,20,0
1988,2,8,17,24,14,22,1.1,-7.2,54,1016,3.1,40,0
1988,2,8,18,0,0,0,-0.6,-6.7,64,1016,3.1,40,0
1988,2,8,19,0,0,0,-0.6,-7.2,61,1017,2.6,50,0
1988,2,8,20,0,0,0,-1.1,-6.7,66,1017,2.6,70,0
1988,2,8,21,0,0,0,-2.2,-7.2,69,1017,0,0,0
1988,2,8,22,0,0,0,-3.9,-6.7,81,1017,0,0,0
1988,2,8,23,0,0,0,-5,-6.7,88,1017,0,0,0
1988,2,9,0,0,0,0,-6.1,-6.7,96,1017,0,0,0
1988,2,9,1,0,0,0,-7.2,-7.2,100,1017,0,0,0
1988,2,9,2,0,0,0,-7.8,-7.8,100,1016,0,0,0
1988,2,9,3,0,0,0,-8.3,-8.3,100,1016,0,0,0
1988,2,9,4,0,0,0,-8.3,-8.3,100,1016,0,0,0
1988,2,9,5,0,0,0,-8.3,-8.3,100,1016,0,0,0
1988,2,9,6,0,0,0,-8.3,-8.3,100,1016,0,0,0
1988,2,9,7,43,224,20,-7.2,-7.2,100,1015,0,0,0
1988,2,9,8,181,542,55,-4.4,-4.4,100,1015,0,0,0
1988,2,9,9,336,538,129,-1.1,-4.4,78,1015,0,0,0
1988,2,9,10,402,404,200,0.6,-4.4,70,1015,2.1,230,0
1988,2,9,11,373,224,246,2.2,-3.3,67,1014,3.1,210,0
1988,2,9,12,361,91,307,3.3,-2.8,65,1013,2.6,210,0
1988,2,9,13,419,175,321,4.4,-1.1,68,1012,3.1,210,0
1988,2,9,14,338,278,205,4.4,-1.1,68,1011,2.1,210,0
1988,2,9,15,187,76,160,4.4,-2.2,62,1011,2.6,230,0
1988,2,9,16,100,104,79,4.4,-1.1,68,1011,0,0,0
1988,2,9,17,13,2,12,2.8,-1.1,76,1011,0,0,0
1988,2,9,18,0,0,0,1.1,-1.1,85,1011,2.1,120,0
1988,2,9,19,0,0,0,0,-1.7,89,1011,1.5,130,0
1988,2,9,20,0,0,0,-1.7,-2.2,96,1011,1.5,320,0
1988,2,9,21,0,0,0,-2.8,-2.8,100,1012,1.5,10,0
1988,2,9,22,0,0,0,-3.3,-3.3,100,1012,0,0,0
1988,2,9,23,0,0,0,-4.4,-4.4,100,1012,0,0,0
1988,2,10,0,0,0,0,-5,-5,100,1012,0,0,0
1988,2,10,1,0,0,0,-5.6,-5.6,100,1012,0,0,0
1988,2,10,2,0,0,0,-5.6,-5.6,100,1012,0,0,0
1988,2,10,3,0,0,0,-5.6,-5.6,100,1012,0,0,0
1988,2,10,4,0,0,0,-5.6,-5.6,100,1013,2.1,260,0
1988,2,10,5,0,0,0,-6.7,-7.2,96,1013,2.1,160,0
1988,2,10,6,0,0,0,-5.6,-5.6,100,1014,2.6,150,0
1988,2,10,7,41,128,29,0.6,-1.1,89,1015,0,0,0
1988,2,10,8,185,548,56,0.6,-1.1,89,1016,0,0,0
1988,2,10,9,339,511,141,3.9,-2.8,62,1017,2.6,350,0
1988,2,10,10,466,626,151,5.6,-3.9,51,1018,4.6,340,0
1988,2,10,11,534,658,157,6.7,-3.9,47,1017,4.1,360,0
1988,2,10,12,602,796,130,7.2,-4.4,44,1017,3.1,360,0
1988,2,10,13,579,871,89,7.2,-5,42,1016,2.6,10,0
1988,2,10,14,439,620,140,8.3,-5,39,1016,2.6,350,0
1988,2,10,15,310,661,72,7.2,-5.6,40,1016,2.6,360,0
1988,2,10,16,142,411,59,6.7,-4.4,45,1016,2.6,340,0
1988,2,10,17,29,98,19,3.3,-4.4,57,1016,1.5,360,0
1988,2,10,18,0,0,0,0.6,-4.4,70,1017,0,0,0
1988,2,10,19,0,0,0,-0.6,-5,72,1017,2.6,110,0
1988,2,10,20,0,0,0,-0.6,-4.4,75,1017,0,0,0
1988,2,10,21,0,0,0,-2.8,-4.4,89,1017,0,0,0
1988,2,10,22,0,0,0,-3.3,-4.4,92,1018,2.1,50,0
1988,2,10,23,0,0,0,-2.2,-5,82,1018,0,0,0
1988,2,11,0,0,0,0,-4.4,-5.6,92,1018,0,0,0
1988,2,11,1,0,0,0,-5,-5.6,96,1018,0,0,0
1988,2,11,2,0,0,0,-3.9,-4.4,96,1018,2.6,350,0
1988,2,11,3,0,0,0,-6.7,-6.7,100,1018,2.1,320,0
1988,2,11,4,0,0,0,-6.1,-6.7,96,1018,0,0,0
1988,2,11,5,0,0,0,-5.6,-6.1,96,1018,0,0,0
1988,2,11,6,0,0,0,-6.1,-6.7,96,1019,0,0,0
1988,2,11,7,37,36,34,-3.3,-3.3,100,1019,2.1,30,0
1988,2,11,8,145,183,101,0.6,-2.8,79,1019,3.6,110,0
1988,2,11,9,328,404,169,2.8,-2.8,67,1019,3.1,80,0
1988,2,11,10,420,289,273,4.4,-1.7,65,1019,4.1,120,0
1988,2,11,11,539,556,217,5,-2.8,58,1018,3.6,130,0
1988,2,11,12,484,430,226,5.6,-3.9,51,1017,3.1,130,0
1988,2,11,13,401,289,237,6.7,-3.9,47,1016,4.6,100,0
1988,2,11,14,435,440,221,7.2,-3.3,47,1014,5.2,120,0
1988,2,11,15,140,85,109,5,-3.9,53,1014,4.1,120,0
1988,2,11,16,44,19,40,3.9,-2.2,65,1013,3.6,120,0
1988,2,11,17,17,1,17,1.1,0.6,96,1013,2.6,110,0
1988,2,11,18,0,0,0,0.6,0.6,100,1012,3.1,50,0
1988,2,11,19,0,0,0,0.6,0.6,100,1011,3.1,80,0
1988,2,11,20,0,0,0,1.1,1.1,100,1009,4.1,70,0
1988,2,11,21,0,0,0,1.1,1.1,100,1007,4.1,70,0
1988,2,11,22,0,0,0,1.7,1.1,96,1005,4.1,90,0
1988,2,11,23,0,0,0,1.7,1.1,96,1004,3.1,90,0
1988,2,12,0,0,0,0,1.7,1.1,96,1002,3.1,30,0
1988,2,12,1,0,0,0,1.1,1.1,100,1001,3.6,340,0
1988,2,12,2,0,0,0,1.1,1.1,100,1000,3.6,340,0
1988,2,12,3,0,0,0,1.1,1.1,100,998,3.6,340,0
1988,2,12,4,0,0,0,1.1,1.1,100,997,3.1,350,0
1988,2,12,5,0,0,0,1.7,1.7,100,996,3.1,350,0
1988,2,12,6,0,0,0,1.7,1.7,100,996,3.1,340,0
1988,2,12,7,19,4,19,1.7,1.7,100,995,3.1,350,0
1988,2,12,8,86,6,85,1.7,1.7,100,995,3.1,340,0
1988,2,12,9,182,4,181,2.2,2.2,100,994,3.1,330,0
1988,2,12,10,155,8,150,2.2,2.2,100,994,3.6,310,0
1988,2,12,11,284,2,283,2.2,2.2,100,994,3.1,310,0
1988,2,12,12,273,5,270,2.8,2.2,96,993,3.6,310,0
1988,2,12,13,313,3,311,2.8,-0.6,79,992,5.2,330,0
1988,2,12,14,267,1,266,1.1,-4.4,67,992,7.7,320,0
1988,2,12,15,171,1,170,-0.6,-4.4,75,992,7.7,320,0
1988,2,12,16,94,1,94,-1.1,-6.1,69,992,8.8,320,0
1988,2,12,17,22,0,22,-1.7,-8.9,58,993,9.3,310,0
1988,2,12,18,0,0,0,-2.2,-10,56,994,7.7,300,0
1988,2,12,19,0,0,0,-2.8,-10.6,56,994,9.3,300,0
1988,2,12,20,0,0,0,-3.3,-11.1,55,995,8.2,320,0
1988,2,12,21,0,0,0,-4.4,-12.2,55,996,8.8,300,0
1988,2,12,22,0,0,0,-5,-13.3,53,996,9.8,320,0
1988,2,12,23,0,0,0,-5.6,-13.9,52,996,8.8,290,0
1988,2,13,0,0,0,0,-6.1,-13.9,55,997,7.7,300,0
1988,2,13,1,0,0,0,-6.7,-14.4,54,997,7.7,300,0
1988,2,13,2,0,0,0,-6.7,-15,52,997,6.7,290,0
1988,2,13,3,0,0,0,-6.7,-14.4,54,997,6.2,290,0
1988,2,13,4,0,0,0,-6.7,-16.1,47,997,8.2,290,0
1988,2,13,5,0,0,0,-7.2,-16.7,47,998,8.8,300,0
1988,2,13,6,0,0,0,-7.2,-16.7,47,998,7.7,300,0
1988,2,13,7,44,240,21,-7.2,-16.7,47,999,6.2,320,0
1988,2,13,8,205,663,41,-6.1,-16.1,46,999,10.8,300,0
1988,2,13,9,379,751,78,-5,-16.7,40,1000,10.3,300,0
1988,2,13,10,393,459,156,-5,-16.1,42,1000,7.7,290,0
1988,2,13,11,567,779,109,-4.4,-16.1,40,1000,7.7,300,0
1988,2,13,12,604,721,166,-3.9,-15.6,40,1000,7.7,270,0
1988,2,13,13,465,516,167,-3.3,-15.6,39,999,10.3,310,0
1988,2,13,14,418,560,140,-2.2,-15,37,999,9.8,310,0
1988,2,13,15,315,533,116,-2.8,-15.6,37,999,8.8,310,0
1988,2,13,16,162,467,62,-3.3,-15,41,1001,10.3,280,0
1988,2,13,17,28,89,19,-4.4,-15,44,1002,7.7,320,0
1988,2,13,18,0,0,0,-5,-15,46,1003,6.2,300,0
1988,2,13,19,0,0,0,-5,-14.4,48,1003,6.7,300,0
1988,2,13,20,0,0,0,-5,-15,46,1005,5.7,310,0
1988,2,13,21,0,0,0,-5,-15,46,1005,7.2,330,0
1988,2,13,22,0,0,0,-5,-15.6,44,1006,7.7,310,0
1988,2,13,23,0,0,0,-5.6,-16.1,44,1007,5.2,330,0
1988,2,14,0,0,0,0,-6.1,-16.1,46,1008,5.7,320,0
1988,2,14,1,0,0,0,-6.1,-16.7,43,1008,4.6,320,0
1988,2,14,2,0,0,0,-6.7,-16.7,45,1009,4.1,310,0
1988,2,14,3,0,0,0,-7.8,-17.8,45,1010,1.5,190,0
1988,2,14,4,0,0,0,-7.2,-17.8,43,1011,2.1,310,0
1988,2,14,5,0,0,0,-10,-15.6,64,1011,2.6,150,0
1988,2,14,6,0,0,0,-10.6,-14.4,73,1012,0,0,0
1988,2,14,7,47,238,24,-8.9,-13.3,71,1012,2.1,140,0
1988,2,14,8,206,633,47,-4.4,-10,66,1013,2.6,20,0
1988,2,14,9,387,777,73,-2.2,-16.7,33,1013,2.6,340,0
1988,2,14,10,506,783,98,0.6,-16.7,27,1013,2.6,150,0
1988,2,14,11,617,877,98,2.2,-15.6,26,1011,3.1,100,0
1988,2,14,12,643,907,88,2.8,-14.4,27,1011,2.6,110,0
1988,2,14,13,614,910,85,3.9,-16.1,22,1010,4.6,170,0
1988,2,14,14,465,712,108,6.1,-15.6,20,1009,2.6,170,0
1988,2,14,15,341,556,131,6.1,-14.4,22,1009,3.6,150,0
1988,2,14,16,149,282,88,5,-16.7,19,1009,3.6,160,0
1988,2,14,17,29,15,28,2.8,-13.3,30,1008,3.1,150,0
1988,2,14,18,0,0,0,2.2,-12.8,32,1008,3.6,160,0
1988,2,14,19,0,0,0,1.7,-11.7,37,1008,3.1,180,0
1988,2,14,20,0,0,0,1.7,-11.1,39,1007,3.1,170,0
1988,2,14,21,0,0,0,1.1,-8.9,48,1007,3.6,170,0
1988,2,14,22,0,0,0,1.1,-7.8,52,1005,3.6,180,0
1988,2,14,23,0,0,0,2.2,-7.8,48,1004,5.2,180,0
1988,2,15,0,0,0,0,2.2,-7.8,48,1003,3.1,180,0
1988,2,15,1,0,0,0,0.6,-7.8,54,1002,3.1,180,0
1988,2,15,2,0,0,0,1.7,-6.7,54,1001,4.1,180,0
1988,2,15,3,0,0,0,1.7,-5.6,59,1001,4.1,190,0
1988,2,15,4,0,0,0,1.7,-4.4,64,1001,4.6,180,0
1988,2,15,5,0,0,0,1.7,-2.8,73,1000,3.1,180,0
1988,2,15,6,0,0,0,3.3,-0.6,76,999,6.2,180,0
1988,2,15,7,32,25,30,4.4,0.6,76,999,6.7,180,0
1988,2,15,8,131,35,122,5,1.1,76,999,6.2,180,0
1988,2,15,9,100,9,96,5.6,2.2,79,998,5.2,190,0
1988,2,15,10,276,11,270,6.7,2.8,77,997,3.6,180,0
1988,2,15,11,225,7,222,9.4,5.6,77,996,5.2,210,0
1988,2,15,12,239,3,237,10,5.6,74,995,5.7,190,0
1988,2,15,13,231,5,228,10.6,3.9,64,994,7.2,210,0
1988,2,15,14,225,2,224,11.1,7.2,77,993,6.7,190,0
1988,2,15,15,142,2,142,10.6,7.2,80,993,4.6,190,0
1988,2,15,16,89,3,88,9.4,7.2,86,992,1.5,90,0
1988,2,15,17,16,1,16,8.9,7.8,93,992,2.1,70,0
1988,2,15,18,0,0,0,7.2,7.2,100,992,1.5,270,0
1988,2,15,19,0,0,0,6.7,6.7,100,991,2.6,310,0
1988,2,15,20,0,0,0,6.7,6.7,100,991,2.1,10,0
1988,2,15,21,0,0,0,6.7,6.7,100,991,2.6,340,0
1988,2,15,22,0,0,0,6.7,6.7,100,991,3.1,330,0
1988,2,15,23,0,0,0,6.1,6.1,100,990,3.1,350,0
1988,2,16,0,0,0,0,6.1,6.1,100,990,3.1,350,0
1988,2,16,1,0,0,0,5.6,4.4,93,990,4.6,350,0
1988,2,16,2,0,0,0,5,2.8,86,991,5.2,350,0
1988,2,16,3,0,0,0,4.4,2.2,86,992,6.2,330,0
1988,2,16,4,0,0,0,3.3,-0.6,76,994,6.7,320,0
1988,2,16,5,0,0,0,2.8,-1.1,76,995,7.7,330,0
1988,2,16,6,0,0,0,2.8,-2.2,70,997,5.7,320,0
1988,2,16,7,40,113,28,2.2,-2.8,70,998,6.2,320,0
1988,2,16,8,177,346,87,2.8,-3.9,62,1000,7.2,320,0
1988,2,16,9,361,585,119,4.4,-2.8,60,1000,6.7,320,0
1988,2,16,10,517,743,123,4.4,-2.8,60,1001,9.3,320,0
1988,2,16,11,307,131,228,3.9,-3.9,57,1001,7.7,320,0
1988,2,16,12,680,819,171,4.4,-3.9,55,1001,7.2,320,0
1988,2,16,13,501,565,168,6.1,-3.9,49,1001,7.2,320,0
1988,2,16,14,513,898,54,6.7,-3.3,49,1002,6.7,320,0
1988,2,16,15,356,808,44,6.1,-3.9,49,1003,6.7,320,0
1988,2,16,16,184,677,31,5.6,-4.4,49,1003,5.2,310,0
1988,2,16,17,42,254,16,3.9,-5,53,1004,2.6,340,0
1988,2,16,18,0,0,0,2.8,-5,57,1005,3.6,330,0
1988,2,16,19,0,0,0,1.1,-5.6,62,1006,2.1,110,0
1988,2,16,20,0,0,0,1.7,-5,62,1007,2.6,320,0
1988,2,16,21,0,0,0,-0.6,-4.4,75,1007,2.1,10,0
1988,2,16,22,0,0,0,-1.7,-3.9,85,1008,0,0,0
1988,2,16,23,0,0,0,-3.9,-5,92,1008,2.1,190,0
1988,2,17,0,0,0,0,-3.9,-4.4,96,1009,0,0,0
1988,2,17,1,0,0,0,-4.4,-4.4,100,1009,1.5,100,0
1988,2,17,2,0,0,0,-5,-5,100,1009,2.1,110,0
1988,2,17,3,0,0,0,-5.6,-5.6,100,1009,1.5,190,0
1988,2,17,4,0,0,0,-5.6,-5.6,100,1010,0,0,0
1988,2,17,5,0,0,0,-6.1,-6.1,100,1010,2.1,170,0
1988,2,17,6,0,0,0,-5.6,-5.6,100,1011,2.1,40,0
1988,2,17,7,58,405,18,-3.9,-3.9,100,1012,0,0,0
1988,2,17,8,228,737,33,-0.6,-1.7,92,1012,2.1,320,0
1988,2,17,9,408,866,45,4.4,-2.2,62,1012,0,0,0
1988,2,17,10,551,928,55,7.8,-2.2,50,1012,3.1,120,0
1988,2,17,11,639,956,60,9.4,-2.2,44,1011,0,0,0
1988,2,17,12,669,969,62,11.7,-1.7,40,1010,3.1,220,0
1988,2,17,13,624,923,74,12.8,-2.2,36,1009,2.1,340,0
1988,2,17,14,479,669,135,12.8,-2.2,36,1009,2.1,220,0
1988,2,17,15,215,233,124,12.8,-2.2,36,1008,2.1,190,0
1988,2,17,16,152,254,94,12.2,-2.8,35,1008,3.6,170,0
1988,2,17,17,34,35,31,8.9,-3.9,41,1008,2.6,140,0
1988,2,17,18,0,0,0,6.7,-3.9,47,1008,0,0,0
1988,2,17,19,0,0,0,4.4,-2.8,60,1008,0,0,0
1988,2,17,20,0,0,0,2.8,-2.2,70,1008,2.1,200,0
1988,2,17,21,0,0,0,0.6,-1.7,85,1008,1.5,260,0
1988,2,17,22,0,0,0,0,-1.7,89,1008,1.5,60,0
1988,2,17,23,0,0,0,-0.6,-2.2,89,1007,2.6,150,0
1988,2,18,0,0,0,0,-1.7,-2.2,96,1007,0,0,0
1988,2,18,1,0,0,0,-1.7,-1.7,100,1007,0,0,0
1988,2,18,2,0,0,0,-1.7,-2.2,96,1007,0,0,0
1988,2,18,3,0,0,0,-2.2,-2.2,100,1007,0,0,0
1988,2,18,4,0,0,0,-1.1,-1.7,96,1007,0,0,0
1988,2,18,5,0,0,0,-1.7,-2.2,96,1007,1.5,30,0
1988,2,18,6,0,0,0,-2.2,-2.8,96,1008,1.5,80,0
1988,2,18,7,36,77,28,1.1,-0.6,89,1008,0,0,0
1988,2,18,8,146,99,119,3.3,0,79,1009,2.6,340,0
1988,2,18,9,207,84,172,5.6,-0.6,65,1010,0,0,0
1988,2,18,10,494,475,238,7.2,0.6,63,1011,3.1,340,0
1988,2,18,11,406,69,364,8.3,1.1,61,1011,3.1,360,0
1988,2,18,12,585,602,205,10,1.7,57,1010,3.1,360,0
1988,2,18,13,620,770,158,11.1,1.7,53,1009,3.1,350,0
1988,2,18,14,346,335,172,11.7,0.6,47,1009,2.1,40,0
1988,2,18,15,295,338,162,11.1,-0.6,45,1009,2.6,360,0
1988,2,18,16,144,185,101,9.4,0,52,1010,2.6,40,0
1988,2,18,17,23,20,21,8.9,0,54,1010,3.1,50,0
1988,2,18,18,0,0,0,5.6,-0.6,65,1010,2.6,70,0
1988,2,18,19,0,0,0,4.4,-1.1,68,1010,3.6,50,0
1988,2,18,20,0,0,0,5,-0.6,68,1011,2.6,90,0
1988,2,18,21,0,0,0,5.6,0.6,71,1011,1.5,270,0
1988,2,18,22,0,0,0,6.1,-0.6,63,1011,2.6,90,0
1988,2,18,23,0,0,0,5,-0.6,68,1010,2.6,50,0
1988,2,19,0,0,0,0,5.6,-2.8,55,1010,2.1,50,0
1988,2,19,1,0,0,0,3.3,0,79,1009,0,0,0
1988,2,19,2,0,0,0,2.2,0,85,1009,1.5,310,0
1988,2,19,3,0,0,0,2.2,0,85,1009,0,0,0
1988,2,19,4,0,0,0,2.2,0.6,89,1009,0,0,0
1988,2,19,5,0,0,0,2.2,0.6,89,1009,0,0,0
1988,2,19,6,0,0,0,2.2,0.6,89,1009,0,0,0
1988,2,19,7,25,8,24,3.9,-1.1,70,1007,3.1,40,0
1988,2,19,8,107,29,99,5,-2.2,60,1007,2.1,120,0
1988,2,19,9,204,7,200,6.1,-2.2,56,1006,2.6,120,0
1988,2,19,10,256,6,253,6.7,-0.6,60,1005,3.1,130,0
1988,2,19,11,245,0,245,7.8,1.1,63,1004,3.1,120,0
1988,2,19,12,168,3,166,6.7,2.2,74,1002,2.6,130,0
1988,2,19,13,160,6,156,5,3.9,93,1000,2.6,130,0
1988,2,19,14,135,1,134,4.4,4.4,100,999,2.1,60,0
1988,2,19,15,116,2,115,4.4,4.4,100,997,2.6,70,0
1988,2,19,16,62,0,62,4.4,4.4,100,996,2.1,20,0
1988,2,19,17,17,0,17,4.4,4.4,100,994,2.1,50,0
1988,2,19,18,0,0,0,4.4,4.4,100,993,2.1,330,0
1988,2,19,19,0,0,0,3.9,3.9,100,992,2.1,330,0
1988,2,19,20,0,0,0,3.9,3.9,100,992,4.1,300,0
1988,2,19,21,0,0,0,3.9,3.9,100,990,2.1,340,0
1988,2,19,22,0,0,0,3.9,3.9,100,990,1.5,310,0
1988,2,19,23,0,0,0,3.3,3.3,100,989,2.1,190,0
1988,2,20,0,0,0,0,3.3,3.3,100,988,3.6,210,0
1988,2,20,1,0,0,0,3.9,3.9,100,988,3.1,230,0
1988,2,20,2,0,0,0,4.4,4.4,100,988,2.1,240,0
1988,2,20,3,0,0,0,5,5,100,988,2.1,260,0
1988,2,20,4,0,0,0,5,5,100,988,2.6,220,0
1988,2,20,5,0,0,0,5,5,100,989,2.6,210,0
1988,2,20,6,0,0,0,5.6,5.6,100,989,3.6,210,0
1988,2,20,7,38,1,38,5.6,5.6,100,989,1.5,230,0
1988,2,20,8,128,1,127,6.1,6.1,100,990,3.6,210,0
1988,2,20,9,209,2,208,7.2,7.2,100,989,3.1,210,0
1988,2,20,10,271,1,271,9.4,7.8,90,989,3.6,230,0
1988,2,20,11,326,1,325,11.7,8.3,80,988,4.6,220,0
1988,2,20,12,324,2,323,11.7,8.3,80,988,4.1,220,0
1988,2,20,13,335,1,334,11.7,6.7,72,987,4.1,230,0
1988,2,20,14,262,1,262,11.7,7.8,77,987,4.6,220,0
1988,2,20,15,194,0,194,10.6,1.7,55,987,2.6,340,0
1988,2,20,16,117,45,106,10.6,1.7,55,988,2.6,310,0
1988,2,20,17,30,46,25,9.4,0.6,54,988,2.1,300,0
1988,2,20,18,0,0,0,8.3,-0.6,54,989,3.6,300,0
1988,2,20,19,0,0,0,7.8,-0.6,56,990,5.7,310,0
1988,2,20,20,0,0,0,6.7,-1.1,58,991,4.1,300,0
1988,2,20,21,0,0,0,5.6,-3.3,53,992,3.6,270,0
1988,2,20,22,0,0,0,5,-4.4,51,992,3.6,300,0
1988,2,20,23,0,0,0,4.4,-3.3,57,992,4.1,290,0
1988,2,21,0,0,0,0,3.9,-2.2,65,993,4.6,310,0
1988,2,21,1,0,0,0,3.3,-2.8,65,993,4.1,310,0
1988,2,21,2,0,0,0,2.2,-3.3,67,994,6.2,320,0
1988,2,21,3,0,0,0,1.1,-6.1,59,995,6.7,320,0
1988,2,21,4,0,0,0,0.6,-6.1,61,996,6.2,310,0
1988,2,21,5,0,0,0,0,-7.2,59,998,7.7,320,0
1988,2,21,6,0,0,0,-1.1,-12.2,43,1000,8.2,310,0
1988,2,21,7,52,189,32,-1.7,-8.3,61,1001,7.2,320,0
1988,2,21,8,210,547,55,-2.2,-10.6,53,1003,8.2,320,0
1988,2,21,9,398,759,66,-3.3,-15,41,1004,9.3,310,0
1988,2,21,10,532,823,76,-3.3,-15,41,1004,8.8,330,0
1988,2,21,11,626,858,89,-2.8,-13.9,43,1004,6.2,330,0
1988,2,21,12,673,914,83,-2.2,-14.4,39,1004,6.7,320,0
1988,2,21,13,638,908,80,-1.1,-14.4,36,1004,6.2,320,0
1988,2,21,14,531,862,72,-0.6,-13.9,36,1005,6.7,280,0
1988,2,21,15,387,804,59,-0.6,-15,33,1005,5.2,290,0
1988,2,21,16,202,648,42,-0.6,-15.6,32,1005,5.2,300,0
1988,2,21,17,45,236,21,-1.7,-15,36,1006,5.2,310,0
1988,2,21,18,0,0,0,-2.8,-13.9,43,1007,3.1,330,0
1988,2,21,19,0,0,0,-3.3,-13.9,44,1007,2.6,320,0
1988,2,21,20,0,0,0,-4.4,-13.9,48,1008,2.1,320,0
1988,2,21,21,0,0,0,-5,-13.3,53,1008,2.6,310,0
1988,2,21,22,0,0,0,-8.3,-12.2,74,1009,2.6,140,0
1988,2,21,23,0,0,0,-9.4,-11.7,84,1009,3.1,170,0
1988,2,22,0,0,0,0,-9.4,-11.7,84,1009,2.1,180,0
1988,2,22,1,0,0,0,-8.3,-12.2,74,1009,1.5,180,0
1988,2,22,2,0,0,0,-10,-11.7,88,1009,1.5,150,0
1988,2,22,3,0,0,0,-8.9,-11.7,81,1009,1.5,170,0
1988,2,22,4,0,0,0,-10,-12.2,84,1010,2.1,180,0
1988,2,22,5,0,0,0,-9.4,-11.1,88,1010,0,0,0
1988,2,22,6,5,11,1,-10.6,-11.1,96,1011,1.5,130,0
1988,2,22,7,74,506,20,-5.6,-9.4,74,1011,3.6,190,0
1988,2,22,8,268,812,35,-1.7,-8.9,58,1011,5.2,200,0
1988,2,22,9,459,931,48,2.2,-10,40,1010,7.2,200,0
1988,2,22,10,607,974,63,5,-10,33,1009,6.7,190,0
1988,2,22,11,504,567,147,6.7,-10,30,1007,9.3,190,0
1988,2,22,12,583,442,296,8.3,-8.9,29,1006,9.3,220,0
1988,2,22,13,567,532,238,10,-7.2,29,1004,6.2,220,0
1988,2,22,14,541,697,167,11.1,-6.7,28,1003,9.3,180,0
1988,2,22,15,307,436,127,11.7,-6.1,29,1002,9.8,220,0
1988,2,22,16,165,259,100,11.1,-5.6,31,1001,8.2,210,0
1988,2,22,17,45,115,33,10,-5.6,33,1002,5.7,190,0
1988,2,22,18,0,0,0,8.9,-5,37,1002,6.7,200,0
1988,2,22,19,0,0,0,8.9,-4.4,39,1001,6.2,200,0
1988,2,22,20,0,0,0,8.9,-3.3,42,1001,8.2,210,0
1988,2,22,21,0,0,0,8.9,-2.8,44,1001,9.3,200,0
1988,2,22,22,0,0,0,8.9,-2.8,44,1000,9.3,190,0
1988,2,22,23,0,0,0,8.3,-2.2,48,1000,7.2,210,0
1988,2,23,0,0,0,0,8.3,-2.2,48,1000,7.7,210,0
1988,2,23,1,0,0,0,8.9,-1.1,50,1000,9.3,220,0
1988,2,23,2,0,0,0,8.9,-1.1,50,999,8.2,220,0
1988,2,23,3,0,0,0,8.3,-1.1,52,999,7.2,210,0
1988,2,23,4,0,0,0,8.3,-0.6,54,999,9.3,210,0
1988,2,23,5,0,0,0,7.8,-0.6,56,999,6.7,210,0
1988,2,23,6,5,15,1,7.2,0,61,999,7.2,210,0
1988,2,23,7,75,445,26,8.3,0.6,58,999,7.2,210,0
1988,2,23,8,241,490,98,10,1.1,54,999,8.8,220,0
1988,2,23,9,423,805,63,11.7,2.2,53,998,9.3,210,0
1988,2,23,10,486,686,100,13.9,2.8,47,997,8.2,210,0
1988,2,23,11,627,793,123,15.6,3.9,46,997,7.7,220,0
1988,2,23,12,553,463,250,10.6,3.3,61,999,8.8,320,0
1988,2,23,13,408,163,307,8.9,2.8,66,999,7.7,320,0
1988,2,23,14,131,11,125,5.6,4.4,93,1000,5.2,350,0
1988,2,23,15,91,2,90,4.4,4.4,100,1000,3.1,360,0
1988,2,23,16,97,4,96,4.4,4.4,100,1000,1.5,150,0
1988,2,23,17,21,3,20,4.4,4.4,100,1001,0,0,0
1988,2,23,18,0,0,0,3.9,3.9,100,1001,1.5,10,0
1988,2,23,19,0,0,0,3.3,3.3,100,1001,2.1,270,0
1988,2,23,20,0,0,0,5,1.7,79,1002,4.1,330,0
1988,2,23,21,0,0,0,4.4,0.6,76,1002,2.1,10,0
1988,2,23,22,0,0,0,3.3,0.6,82,1003,0,0,0
1988,2,23,23,0,0,0,2.2,1.1,93,1002,0,0,0
1988,2,24,0,0,0,0,1.7,1.7,100,1003,0,0,0
1988,2,24,1,0,0,0,1.7,1.7,100,1003,0,0,0
1988,2,24,2,0,0,0,3.3,-0.6,76,1004,4.1,320,0
1988,2,24,3,0,0,0,2.8,-1.7,73,1004,4.1,320,0
1988,2,24,4,0,0,0,1.7,-4.4,64,1005,5.2,320,0
1988,2,24,5,0,0,0,0.6,-6.7,59,1005,5.7,320,0
1988,2,24,6,2,2,2,-0.6,-8.3,56,1006,9.3,320,0
1988,2,24,7,73,412,26,-0.6,-7.8,59,1007,4.6,320,0
1988,2,24,8,251,698,44,0.6,-8.9,50,1007,3.6,240,0
1988,2,24,9,413,772,64,1.1,-7.8,52,1007,5.7,330,0
1988,2,24,10,540,680,154,1.7,-7.8,50,1007,5.2,330,0
1988,2,24,11,550,500,230,3.3,-6.7,48,1007,6.2,340,0
1988,2,24,12,686,822,144,3.9,-8.3,41,1007,6.2,300,0
1988,2,24,13,517,580,152,3.9,-8.3,41,1006,6.7,310,0
1988,2,24,14,522,783,94,3.3,-11.1,34,1005,6.2,310,0
1988,2,24,15,326,507,113,3.3,-10,37,1005,6.7,310,0
1988,2,24,16,206,550,63,2.8,-10,39,1006,5.2,310,0
1988,2,24,17,50,178,32,1.7,-10.6,40,1006,5.7,310,0
1988,2,24,18,0,0,0,0.6,-10,46,1007,5.2,320,0
1988,2,24,19,0,0,0,-0.6,-10,49,1007,4.1,310,0
1988,2,24,20,0,0,0,0,-10.6,45,1008,4.1,300,0
1988,2,24,21,0,0,0,-1.7,-10.6,51,1008,2.1,240,0
1988,2,24,22,0,0,0,-2.2,-10,56,1008,3.1,280,0
1988,2,24,23,0,0,0,-3.3,-10,60,1008,1.5,290,0
1988,2,25,0,0,0,0,-1.7,-7.8,64,1008,4.1,310,0
1988,2,25,1,0,0,0,-1.7,-7.8,64,1008,4.1,290,0
1988,2,25,2,0,0,0,-3.3,-8.3,69,1008,3.1,260,0
1988,2,25,3,0,0,0,-3.9,-8.3,72,1008,2.1,240,0
1988,2,25,4,0,0,0,-4.4,-8.3,75,1008,3.1,220,0
1988,2,25,5,0,0,0,-3.9,-8.3,72,1008,2.1,280,0
1988,2,25,6,3,11,1,-5.6,-8.3,81,1008,2.1,250,0
1988,2,25,7,74,326,35,-2.8,-7.2,72,1008,2.1,260,0
1988,2,25,8,235,562,66,-2.2,-7.2,69,1009,2.6,270,0
1988,2,25,9,299,197,209,-0.6,-10.6,47,1009,5.2,290,0
1988,2,25,10,294,114,229,0,-10,47,1009,4.6,250,0
1988,2,25,11,247,10,241,0,-9.4,50,1008,4.6,310,0
1988,2,25,12,354,12,345,1.1,-10,44,1007,5.2,290,0
1988,2,25,13,482,320,279,1.7,-8.3,48,1006,4.1,340,0
1988,2,25,14,400,212,284,2.2,-8.3,46,1006,5.7,310,0
1988,2,25,15,381,530,156,1.7,-9.4,44,1006,6.2,290,0
1988,2,25,16,155,220,98,1.1,-8.3,50,1007,4.6,310,0
1988,2,25,17,39,23,37,0,-8.9,52,1007,4.1,320,0
1988,2,25,18,0,0,0,0,-10,47,1008,3.6,320,0
1988,2,25,19,0,0,0,-1.1,-9.4,54,1009,3.1,320,0
1988,2,25,20,0,0,0,-1.7,-8.3,61,1009,3.6,300,0
1988,2,25,21,0,0,0,-2.2,-8.3,63,1010,3.6,310,0
1988,2,25,22,0,0,0,-2.2,-8.9,61,1010,3.1,310,0
1988,2,25,23,0,0,0,-3.3,-8.3,69,1011,3.1,310,0
1988,2,26,0,0,0,0,-5,-8.3,78,1011,1.5,290,0
1988,2,26,1,0,0,0,-6.7,-8.3,88,1011,1.5,280,0
1988,2,26,2,0,0,0,-4.4,-7.2,81,1011,3.1,290,0
1988,2,26,3,0,0,0,-4.4,-7.8,78,1011,2.1,340,0
1988,2,26,4,0,0,0,-5.6,-7.8,85,1011,1.5,310,0
1988,2,26,5,0,0,0,-4.4,-8.3,75,1012,3.1,330,0
1988,2,26,6,8,33,3,-5,-10,68,1012,2.6,360,0
1988,2,26,7,74,261,41,-4.4,-8.3,75,1012,3.1,320,0
1988,2,26,8,276,690,64,-1.7,-9.4,56,1013,2.6,360,0
1988,2,26,9,419,728,83,-1.1,-10,51,1012,3.1,300,0
1988,2,26,10,571,802,107,0,-10,47,1012,1.5,300,0
1988,2,26,11,672,891,93,1.1,-9.4,46,1010,2.1,270,0
1988,2,26,12,682,930,60,3.3,-8.9,41,1009,4.1,220,0
1988,2,26,13,463,381,221,3.3,-9.4,39,1007,5.2,270,0
1988,2,26,14,467,381,255,4.4,-8.9,38,1006,5.2,240,0
1988,2,26,15,225,81,190,4.4,-9.4,36,1005,4.1,220,0
1988,2,26,16,136,32,127,5,-10,33,1004,4.6,200,0
1988,2,26,17,37,53,31,4.4,-10.6,33,1003,4.6,190,0
1988,2,26,18,0,0,0,2.8,-11.7,34,1003,3.6,180,0
1988,2,26,19,0,0,0,0.6,-10.6,44,1002,3.1,160,0
1988,2,26,20,0,0,0,0.6,-9.4,48,1002,3.6,170,0
1988,2,26,21,0,0,0,0,-10,47,1002,3.6,150,0
1988,2,26,22,0,0,0,-1.7,-8.3,61,1001,2.6,140,0
1988,2,26,23,0,0,0,-1.7,-7.2,66,1001,1.5,130,0
1988,2,27,0,0,0,0,-2.2,-6.1,75,1001,2.1,120,0
1988,2,27,1,0,0,0,-2.8,-6.1,78,1000,0,0,0
1988,2,27,2,0,0,0,-1.7,-4.4,82,1000,2.1,360,0
1988,2,27,3,0,0,0,-1.7,-3.3,89,999,1.5,190,0
1988,2,27,4,0,0,0,-1.7,-4.4,82,998,2.1,300,0
1988,2,27,5,0,0,0,-0.6,-4.4,75,998,2.1,320,0
1988,2,27,6,0,0,0,-0.6,-4.4,75,997,0,0,0
1988,2,27,7,36,4,36,-0.6,-3.3,82,997,2.1,340,0
1988,2,27,8,119,6,117,0.6,-2.8,79,996,2.6,340,0
1988,2,27,9,237,8,233,0.6,-2.8,79,995,3.6,30,0
1988,2,27,10,217,3,215,2.2,-3.3,67,995,3.1,330,0
1988,2,27,11,287,8,282,3.9,-4.4,55,995,3.6,40,0
1988,2,27,12,316,6,312,5,-5.6,47,994,2.6,20,0
1988,2,27,13,284,4,282,4.4,-3.3,57,995,4.6,350,0
1988,2,27,14,237,0,237,3.3,0.6,82,995,3.1,20,0
1988,2,27,15,194,0,194,5,-0.6,68,996,4.6,340,0
1988,2,27,16,112,1,112,4.4,0,73,998,3.1,350,0
1988,2,27,17,17,0,17,3.3,0.6,82,999,5.2,330,0
1988,2,27,18,0,0,0,2.8,1.1,89,1000,3.6,10,0
1988,2,27,19,0,0,0,2.2,0.6,89,1001,5.2,330,0
1988,2,27,20,0,0,0,2.2,0,85,1002,5.2,330,0
1988,2,27,21,0,0,0,1.7,-0.6,85,1002,6.2,340,0
1988,2,27,22,0,0,0,1.7,-0.6,85,1003,5.2,340,0
1988,2,27,23,0,0,0,1.1,0,92,1003,4.1,340,0
1988,2,28,0,0,0,0,1.1,0,92,1004,3.6,340,0
1988,2,28,1,0,0,0,1.1,0,92,1005,4.1,350,0
1988,2,28,2,0,0,0,1.1,0,92,1005,3.1,350,0
1988,2,28,3,0,0,0,0.6,-1.1,89,1006,4.1,350,0
1988,2,28,4,0,0,0,0.6,-1.1,89,1007,4.6,350,0
1988,2,28,5,0,0,0,0.6,-1.1,89,1007,2.6,350,0
1988,2,28,6,3,0,3,0,-2.8,82,1008,3.1,350,0
1988,2,28,7,49,0,49,0,-3.3,79,1009,3.1,350,0
1988,2,28,8,101,40,89,0,-2.2,85,1009,3.6,340,0
1988,2,28,9,164,8,161,0.6,-2.2,82,1009,3.1,310,0
1988,2,28,10,256,9,251,1.7,-3.3,70,1009,2.6,350,0
1988,2,28,11,215,1,214,2.8,-3.3,65,1008,3.6,330,0
1988,2,28,12,449,90,387,3.3,-3.9,60,1007,3.6,320,0
1988,2,28,13,490,363,256,4.4,-4.4,53,1006,3.1,40,0
1988,2,28,14,545,682,161,5.6,-4.4,49,1006,2.6,20,0
1988,2,28,15,397,687,97,6.1,-5.6,43,1005,1.5,250,0
1988,2,28,16,209,512,69,5.6,-5.6,45,1005,2.1,150,0
1988,2,28,17,45,142,31,3.3,-5,55,1005,2.6,140,0
1988,2,28,18,0,0,0,1.1,-4.4,67,1005,2.6,160,0
1988,2,28,19,0,0,0,-0.6,-3.9,79,1005,2.6,160,0
1988,2,28,20,0,0,0,-1.1,-3.9,82,1005,2.6,170,0
1988,2,28,21,0,0,0,-1,-4,82,1005,2.7,170,0
1988,2,28,22,0,0,0,-1,-4.3,89,1005,2.9,220,0
1988,2,28,23,0,0,0,-1,-4.5,92,1005,3,180,0
1985,3,1,0,0,0,0,-1,-4.8,67,1012,3.2,170,0
1985,3,1,1,0,0,0,-1,-5,69,1012,3.3,170,0
1985,3,1,2,0,0,0,-1,-5.3,75,1011,3.5,180,0
1985,3,1,3,0,0,0,-1.1,-5.6,72,1010,3.6,170,0
1985,3,1,4,0,0,0,-1.7,-5.6,75,1011,3.6,180,0
1985,3,1,5,0,0,0,-1.7,-5,78,1011,3.1,180,0
1985,3,1,6,10,43,5,-1.7,-5,78,1011,3.6,180,0
1985,3,1,7,86,283,46,-0.6,-4.4,75,1011,2.6,240,0
1985,3,1,8,265,618,67,2.8,-3.3,65,1011,5.7,190,0
1985,3,1,9,431,672,111,6.1,-2.2,56,1010,7.7,190,0
1985,3,1,10,584,711,162,10,-2.2,43,1009,7.7,190,0
1985,3,1,11,601,571,222,12.8,-1.1,39,1009,7.2,210,0
1985,3,1,12,692,726,195,13.9,-1.7,34,1007,8.2,200,0
1985,3,1,13,605,544,250,15.6,-2.8,29,1005,7.2,270,0
1985,3,1,14,321,188,214,15,-3.9,27,1005,7.2,180,0
1985,3,1,15,248,99,205,14.4,-4.4,27,1004,6.2,180,0
1985,3,1,16,131,52,116,13.3,-4.4,29,1003,4.1,180,0
1985,3,1,17,30,1,30,11.7,-4.4,32,1003,3.6,210,0
1985,3,1,18,0,0,0,11.1,-4.4,34,1003,1.5,190,0
1985,3,1,19,0,0,0,10.6,-4.4,35,1002,3.1,150,0
1985,3,1,20,0,0,0,8.9,-3.9,41,1002,3.1,200,0
1985,3,1,21,0,0,0,9.4,-2.8,43,1001,1.5,190,0
1985,3,1,22,0,0,0,8.9,-2.8,44,1001,2.1,200,0
1985,3,1,23,0,0,0,7.2,-2.2,52,1000,2.1,140,0
1985,3,2,0,0,0,0,3.9,-1.7,67,999,0,0,0
1985,3,2,1,0,0,0,2.2,-1.7,76,999,0,0,0
1985,3,2,2,0,0,0,1.1,-1.7,82,999,1.5,310,0
1985,3,2,3,0,0,0,-0.6,-2.2,89,999,1,80,0
1985,3,2,4,0,0,0,0,-2.2,85,1000,1.5,80,0
1985,3,2,5,0,0,0,-1.1,-2.2,92,1001,2.1,70,0
1985,3,2,6,11,50,5,0,-2.2,85,1001,1.5,220,0
1985,3,2,7,98,503,26,3.3,0,79,1001,1.5,170,0
1985,3,2,8,313,694,87,12.2,3.3,55,1003,4.1,310,0
1985,3,2,9,169,61,139,12.8,3.9,55,1003,6.7,310,0
1985,3,2,10,522,549,193,12.8,3.9,55,1004,6.2,310,0
1985,3,2,11,584,493,254,15,3.3,46,1004,6.7,300,0
1985,3,2,12,747,933,104,16.1,2.2,40,1003,6.2,300,0
1985,3,2,13,650,852,91,17.8,-1.1,28,1003,7.7,320,0
1985,3,2,14,583,891,72,17.8,-1.7,27,1003,7.2,320,0
1985,3,2,15,431,851,52,16.7,-1.7,29,1003,6.7,330,0
1985,3,2,16,243,726,38,14.4,-1.7,33,1005,6.2,10,0
1985,3,2,17,62,398,21,11.1,-1.7,41,1006,4.1,360,0
1985,3,2,18,0,0,0,9.4,-2.2,44,1007,3.6,360,0
1985,3,2,19,0,0,0,7.2,-2.2,52,1009,3.6,340,0
1985,3,2,20,0,0,0,7.2,-2.2,52,1009,2.1,330,0
1985,3,2,21,0,0,0,6.7,-2.2,54,1010,6.7,320,0
1985,3,2,22,0,0,0,5.6,-2.8,55,1011,2.6,350,0
1985,3,2,23,0,0,0,6.1,-4.4,47,1012,4.1,340,0
1985,3,3,0,0,0,0,4.4,-3.9,55,1013,3.1,350,0
1985,3,3,1,0,0,0,4.4,-6.1,47,1013,3.1,350,0
1985,3,3,2,0,0,0,2.2,-5.6,57,1013,2.6,350,0
1985,3,3,3,0,0,0,1.1,-5.6,62,1014,2.6,360,0
1985,3,3,4,0,0,0,0.6,-5,67,1014,2.6,20,0
1985,3,3,5,0,0,0,-1.1,-5.6,72,1015,2.6,350,0
1985,3,3,6,7,8,6,-1.7,-5.6,75,1015,4.1,30,0
1985,3,3,7,88,268,48,1.1,-5,64,1016,3.1,20,0
1985,3,3,8,281,653,65,3.3,-5,55,1017,5.7,20,0
1985,3,3,9,472,720,122,5,-5,49,1017,5.2,30,0
1985,3,3,10,588,704,163,6.7,-5,44,1017,2.6,40,0
1985,3,3,11,679,728,188,8.3,-5,39,1017,3.6,260,0
1985,3,3,12,711,683,238,9.4,-5,36,1016,2.1,30,0
1985,3,3,13,653,736,167,11.1,-7.2,27,1016,2.6,350,0
1985,3,3,14,554,658,174,11.1,-7.2,27,1015,2.1,80,0
1985,3,3,15,383,636,98,12.2,-7.2,25,1015,1.5,20,0
1985,3,3,16,234,613,59,11.7,-7.8,25,1015,1.5,240,0
1985,3,3,17,56,249,30,8.9,-7.2,32,1015,3.1,120,0
1985,3,3,18,0,0,0,6.1,-7.2,38,1015,2.6,100,0
1985,3,3,19,0,0,0,5.6,-5,47,1015,4.1,110,0
1985,3,3,20,0,0,0,4.4,-4.4,53,1016,3.6,100,0
1985,3,3,21,0,0,0,3.9,-5,53,1016,2.6,130,0
1985,3,3,22,0,0,0,1.1,-4.4,67,1015,2.6,180,0
1985,3,3,23,0,0,0,1.7,-5.6,59,1015,2.1,130,0
1985,3,4,0,0,0,0,1.7,-3.9,67,1015,2.6,150,0
1985,3,4,1,0,0,0,0.6,-2.8,79,1015,1,120,0
1985,3,4,2,0,0,0,1.7,-0.6,85,1015,2.1,80,0
1985,3,4,3,0,0,0,2.2,0,85,1015,0,0,0
1985,3,4,4,0,0,0,2.8,0.6,86,1015,2.1,110,0
1985,3,4,5,0,0,0,3.3,-0.6,76,1015,2.6,110,0
1985,3,4,6,8,3,7,3.3,0.6,82,1015,2.6,100,0
1985,3,4,7,42,16,40,3.3,1.7,89,1015,4.1,110,0
1985,3,4,8,149,7,147,3.9,1.1,82,1015,5.7,120,0
1985,3,4,9,145,11,139,3.9,1.1,82,1015,4.1,120,0
1985,3,4,10,180,9,175,3.3,2.8,96,1014,3.1,90,0
1985,3,4,11,190,5,186,3.3,2.8,96,1013,3.1,70,0
1985,3,4,12,184,8,178,3.3,3.3,100,1012,3.1,130,0
1985,3,4,13,194,5,191,3.9,3.3,96,1010,1.5,110,0
1985,3,4,14,157,1,156,3.9,3.3,96,1009,1.5,150,0
1985,3,4,15,210,1,210,4.4,3.9,96,1007,2.6,140,0
1985,3,4,16,142,1,141,4.4,3.9,96,1005,4.1,170,0
1985,3,4,17,44,0,44,5,4.4,96,1004,4.1,190,0
1985,3,4,18,0,0,0,5,4.4,96,1003,4.1,180,0
1985,3,4,19,0,0,0,5,4.4,96,1002,5.2,170,0
1985,3,4,20,0,0,0,5,4.4,96,1000,6.7,190,0
1985,3,4,21,0,0,0,5.6,5.6,100,1000,5.2,220,0
1985,3,4,22,0,0,0,6.1,6.1,100,999,5.2,180,0
1985,3,4,23,0,0,0,6.1,6.1,100,998,3.6,210,0
1985,3,5,0,0,0,0,7.2,7.2,100,998,5.2,180,0
1985,3,5,1,0,0,0,9.4,8.9,96,998,5.7,210,0
1985,3,5,2,0,0,0,10,9.4,96,998,0,0,0
1985,3,5,3,0,0,0,10,9.4,96,997,2.1,130,0
1985,3,5,4,0,0,0,11.1,10.6,96,997,3.6,190,0
1985,3,5,5,0,0,0,11.1,10.6,96,998,3.1,320,0
1985,3,5,6,6,9,4,10.6,10,96,999,3.6,260,0
1985,3,5,7,95,311,46,13.9,5,55,999,5.7,270,0
1985,3,5,8,278,590,77,16.1,4.4,46,999,3.6,260,0
1985,3,5,9,458,718,102,18.9,0.6,29,1000,8.8,290,0
1985,3,5,10,606,793,119,17.8,2.2,36,999,7.2,280,0
1985,3,5,11,692,823,129,18.9,0.6,29,999,8.8,290,0
1985,3,5,12,715,830,131,20,-2.2,22,999,7.7,310,0
1985,3,5,13,675,818,127,20,-1.7,23,999,7.7,310,0
1985,3,5,14,573,780,115,19.4,-2.8,22,999,9.3,320,0
1985,3,5,15,417,700,96,14.4,-4.4,27,1001,10.8,330,0
1985,3,5,16,228,539,69,14.4,-4.4,27,1002,10.8,330,0
1985,3,5,17,54,191,34,11.1,-3.9,35,1004,6.7,340,0
1985,3,5,18,1,0,1,8.9,-3.9,41,1006,8.2,320,0
1985,3,5,19,0,0,0,6.1,-4.4,47,1008,9.3,320,0
1985,3,5,20,0,0,0,4.4,-5.6,49,1010,9.3,330,0
1985,3,5,21,0,0,0,3.9,-6.7,47,1012,9.3,340,0
1985,3,5,22,0,0,0,2.8,-6.7,50,1013,9.3,330,0
1985,3,5,23,0,0,0,1.7,-7.8,50,1013,6.2,330,0
1985,3,6,0,0,0,0,1.1,-7.8,52,1014,6.2,310,0
1985,3,6,1,0,0,0,1.1,-7.8,52,1015,5.2,300,0
1985,3,6,2,0,0,0,1.1,-7.2,54,1015,5.7,310,0
1985,3,6,3,0,0,0,0.6,-7.2,56,1016,7.2,310,0
1985,3,6,4,0,0,0,0.6,-7.2,56,1017,7.2,300,0
1985,3,6,5,0,0,0,-0.6,-8.9,54,1018,5.2,310,0
1985,3,6,6,7,17,5,-1.7,-8.9,58,1019,6.7,340,0
1985,3,6,7,107,403,42,-0.6,-8.3,56,1020,7.7,340,0
1985,3,6,8,292,648,67,0,-10,47,1021,8.8,320,0
1985,3,6,9,490,801,88,1.1,-10,44,1022,8.2,330,0
1985,3,6,10,637,864,103,2.2,-9.4,42,1022,7.2,330,0
1985,3,6,11,723,888,111,2.8,-9.4,41,1023,6.2,10,0
1985,3,6,12,754,904,113,3.9,-10,36,1023,5.7,360,0
1985,3,6,13,710,890,109,5,-9.4,35,1022,5.7,330,0
1985,3,6,14,604,854,100,5.6,-10,32,1023,4.1,340,0
1985,3,6,15,445,782,83,5.6,-10,32,1023,4.1,360,0
1985,3,6,16,248,630,60,5,-9.4,35,1024,5.2,330,0
1985,3,6,17,62,275,32,2.8,-10,39,1024,4.1,330,0
1985,3,6,18,2,1,1,0.6,-10,46,1025,2.6,40,0
1985,3,6,19,0,0,0,-1.7,-9.4,56,1025,3.6,50,0
1985,3,6,20,0,0,0,-2.2,-8.9,61,1025,2.6,50,0
1985,3,6,21,0,0,0,-3.3,-9.4,63,1026,0,0,0
1985,3,6,22,0,0,0,-6.1,-8.9,81,1026,2.1,240,0
1985,3,6,23,0,0,0,-6.1,-8.9,81,1027,0,0,0
1985,3,7,0,0,0,0,-7.2,-9.4,84,1027,0,0,0
1985,3,7,1,0,0,0,-6.7,-9.4,81,1027,2.1,60,0
1985,3,7,2,0,0,0,-8.9,-10,92,1027,1.5,280,0
1985,3,7,3,0,0,0,-8.3,-9.4,92,1027,1.5,350,0
1985,3,7,4,0,0,0,-7.8,-9.4,88,1027,2.1,90,0
1985,3,7,5,0,0,0,-8.3,-9.4,92,1028,0,0,0
1985,3,7,6,17,61,10,-8.9,-10,92,1028,0,0,0
1985,3,7,7,124,439,50,-4.4,-7.2,81,1028,0,0,0
1985,3,7,8,273,361,146,-2.2,-5.6,78,1028,1.5,220,0
1985,3,7,9,337,274,198,2.2,-5.6,57,1028,5.2,190,0
1985,3,7,10,500,346,284,3.3,-6.7,48,1027,5.7,200,0
1985,3,7,11,478,123,393,6.1,-6.7,40,1026,6.7,190,0
1985,3,7,12,319,5,316,6.1,-7.2,38,1024,5.7,170,0
1985,3,7,13,363,191,233,7.2,-7.2,35,1022,7.2,210,0
1985,3,7,14,450,214,322,8.3,-7.2,33,1020,5.2,190,0
1985,3,7,15,297,173,217,8.9,-7.2,32,1019,6.7,200,0
1985,3,7,16,145,44,132,8.9,-7.2,32,1018,6.2,170,0
1985,3,7,17,53,26,50,8.3,-7.2,33,1018,4.1,160,0
1985,3,7,18,0,0,0,7.8,-7.2,34,1018,3.6,160,0
1985,3,7,19,0,0,0,8.3,-7.2,33,1017,4.6,160,0
1985,3,7,20,0,0,0,7.8,-5,40,1017,4.1,170,0
1985,3,7,21,0,0,0,7.8,-4.4,42,1016,4.1,150,0
1985,3,7,22,0,0,0,7.2,-2.8,49,1014,6.2,180,0
1985,3,7,23,0,0,0,7.2,-1.1,56,1014,4.1,180,0
1985,3,8,0,0,0,0,8.3,-0.6,54,1013,4.1,160,0
1985,3,8,1,0,0,0,8.3,0,56,1012,5.7,180,0
1985,3,8,2,0,0,0,7.8,1.1,63,1011,5.7,190,0
1985,3,8,3,0,0,0,7.2,2.8,74,1010,3.1,160,0
1985,3,8,4,0,0,0,6.7,3.3,80,1009,3.6,170,0
1985,3,8,5,0,0,0,6.1,3.9,86,1010,3.1,160,0
1985,3,8,6,10,0,10,6.7,2.8,77,1009,3.1,170,0
1985,3,8,7,49,2,48,7.2,1.1,66,1009,5.7,180,0
1985,3,8,8,111,5,109,7.2,1.1,66,1009,4.6,190,0
1985,3,8,9,201,4,200,8.3,1.1,61,1008,5.7,190,0
1985,3,8,10,338,83,286,8.9,1.7,61,1007,5.7,190,0
1985,3,8,11,233,8,228,10,3.3,64,1007,5.2,190,0
1985,3,8,12,232,2,231,10.6,3.9,64,1006,5.7,180,0
1985,3,8,13,334,5,331,12.2,3.9,57,1005,5.7,200,0
1985,3,8,14,299,10,293,13.3,4.4,55,1005,5.2,210,0
1985,3,8,15,156,1,155,13.9,5,55,1005,3.1,200,0
1985,3,8,16,124,2,123,13.3,5.6,60,1005,3.6,200,0
1985,3,8,17,35,0,35,12.8,6.7,67,1005,4.1,200,0
1985,3,8,18,1,0,1,12.8,7.2,69,1005,3.1,180,0
1985,3,8,19,0,0,0,12.8,7.8,72,1006,3.6,270,0
1985,3,8,20,0,0,0,15,3.9,48,1007,3.6,250,0
1985,3,8,21,0,0,0,13.9,3.3,49,1007,4.6,280,0
1985,3,8,22,0,0,0,12.8,3.3,53,1007,4.1,290,0
1985,3,8,23,0,0,0,12.8,2.8,51,1007,4.6,290,0
1985,3,9,0,0,0,0,11.7,2.8,55,1007,2.6,300,0
1985,3,9,1,0,0,0,11.7,2.8,55,1008,4.1,300,0
1985,3,9,2,0,0,0,11.1,1.1,51,1008,5.2,310,0
1985,3,9,3,0,0,0,10,0.6,52,1008,4.1,290,0
1985,3,9,4,0,0,0,8.9,-1.1,50,1009,6.2,320,0
1985,3,9,5,0,0,0,6.7,-1.7,56,1010,3.6,310,0
1985,3,9,6,11,8,10,5,-2.2,60,1011,4.1,300,0
1985,3,9,7,98,212,60,6.7,-1.1,58,1012,4.1,300,0
1985,3,9,8,276,446,114,9.4,-2.2,44,1012,5.2,320,0
1985,3,9,9,507,849,69,11.7,-2.8,37,1012,6.2,320,0
1985,3,9,10,620,797,115,12.2,-3.3,34,1012,5.7,310,0
1985,3,9,11,736,924,86,13.9,-4.4,28,1011,6.2,340,0
1985,3,9,12,748,915,87,15.6,-3.9,26,1010,6.7,310,0
1985,3,9,13,723,928,85,16.1,-3.9,25,1009,5.2,310,0
1985,3,9,14,619,898,77,17.2,-4.4,23,1008,6.2,280,0
1985,3,9,15,422,681,99,17.8,-5.6,20,1007,5.2,310,0
1985,3,9,16,269,716,48,16.7,-6.1,21,1007,6.7,320,0
1985,3,9,17,78,416,27,13.9,-5,27,1008,6.2,320,0
1985,3,9,18,5,12,2,12.2,-5,30,1009,6.7,330,0
1985,3,9,19,0,0,0,10.6,-5.6,32,1010,5.2,320,0
1985,3,9,20,0,0,0,8.3,-5.6,37,1010,3.1,300,0
1985,3,9,21,0,0,0,7.2,-5.6,40,1011,2.6,260,0
1985,3,9,22,0,0,0,3.3,-4.4,57,1011,1.5,260,0
1985,3,9,23,0,0,0,1.7,-4.4,64,1011,1.5,230,0
1985,3,10,0,0,0,0,1.1,-3.9,70,1011,1.5,240,0
1985,3,10,1,0,0,0,5,-3.9,53,1011,4.1,310,0
1985,3,10,2,0,0,0,7.2,-2.8,49,1011,4.6,320,0
1985,3,10,3,0,0,0,6.1,-2.2,56,1011,4.1,330,0
1985,3,10,4,0,0,0,3.3,-2.2,67,1012,4.1,330,0
1985,3,10,5,0,0,0,6.1,-2.2,56,1012,2.1,320,0
1985,3,10,6,22,112,10,3.9,-2.8,62,1012,3.1,300,0
1985,3,10,7,144,620,29,7.2,-1.7,54,1013,2.6,220,0
1985,3,10,8,348,826,45,10.6,-2.2,41,1013,4.1,280,0
1985,3,10,9,538,918,59,12.2,-2.8,35,1013,4.6,310,0
1985,3,10,10,686,967,68,14.4,-3.3,29,1012,7.7,290,0
1985,3,10,11,774,989,73,14.4,-2.8,31,1012,6.7,290,0
1985,3,10,12,794,990,75,16.1,-3.3,26,1011,7.2,300,0
1985,3,10,13,752,982,72,16.7,-3.9,24,1010,6.2,320,0
1985,3,10,14,645,954,65,17.2,-3.9,24,1009,7.7,310,0
1985,3,10,15,483,896,55,17.8,-6.1,19,1009,6.2,310,0
1985,3,10,16,285,782,40,16.7,-7.2,19,1009,5.2,290,0
1985,3,10,17,85,494,24,14.4,-7.2,22,1009,3.1,300,0
1985,3,10,18,7,25,2,10.6,-5.6,32,1010,2.6,280,0
1985,3,10,19,0,0,0,6.7,-5,44,1010,2.1,80,0
1985,3,10,20,0,0,0,2.8,-4.4,59,1010,0,0,0
1985,3,10,21,0,0,0,2.2,-3.9,64,1011,2.6,110,0
1985,3,10,22,0,0,0,2.2,-3.9,64,1011,0,0,0
1985,3,10,23,0,0,0,0.6,-3.9,73,1011,0,0,0
1985,3,11,0,0,0,0,-0.6,-3.9,79,1011,1.5,220,0
1985,3,11,1,0,0,0,-1.7,-3.9,85,1011,1.5,160,0
1985,3,11,2,0,0,0,0.6,-4.4,70,1010,2.6,160,0
1985,3,11,3,0,0,0,0.6,-4.4,70,1010,1,150,0
1985,3,11,4,0,0,0,-1.7,-3.3,89,1010,1.5,260,0
1985,3,11,5,0,0,0,-1.1,-3.3,85,1010,0,0,0
1985,3,11,6,24,15,22,-1.1,-2.8,89,1010,1.5,100,0
1985,3,11,7,108,182,74,3.9,0,76,1010,0,0,0
1985,3,11,8,305,501,119,7.2,0.6,63,1010,3.6,200,0
1985,3,11,9,471,412,254,11.7,-0.6,43,1010,4.6,190,0
1985,3,11,10,465,212,329,15.6,-1.1,32,1009,5.7,170,0
1985,3,11,11,325,17,313,14.4,-1.7,33,1009,7.2,210,0
1985,3,11,12,328,7,323,12.8,-0.6,40,1009,7.7,240,0
1985,3,11,13,165,1,164,12.2,2.2,51,1007,8.2,190,0
1985,3,11,14,200,12,192,10.6,4.4,66,1006,6.2,210,0
1985,3,11,15,119,1,118,10.6,5.6,72,1004,6.7,180,0
1985,3,11,16,78,2,77,10.6,4.4,66,1003,6.7,170,0
1985,3,11,17,30,3,29,9.4,5.6,77,1002,5.2,170,0
1985,3,11,18,1,0,1,9.4,5,74,1002,6.2,170,0
1985,3,11,19,0,0,0,10,5,71,1000,6.7,170,0
1985,3,11,20,0,0,0,9.4,6.1,80,1000,5.7,170,0
1985,3,11,21,0,0,0,8.9,7.2,89,1000,7.2,180,0
1985,3,11,22,0,0,0,8.9,7.8,93,998,5.7,190,0
1985,3,11,23,0,0,0,8.9,7.8,93,996,5.2,180,0
1985,3,12,0,0,0,0,9.4,7.8,90,994,6.2,180,0
1985,3,12,1,0,0,0,9.4,7.2,86,992,6.7,160,0
1985,3,12,2,0,0,0,9.4,7.2,86,990,6.7,170,0
1985,3,12,3,0,0,0,9.4,7.2,86,988,4.6,180,0
1985,3,12,4,0,0,0,10.6,6.1,74,987,6.7,200,0
1985,3,12,5,0,0,0,12.2,6.1,67,986,7.7,200,0
1985,3,12,6,13,0,13,12.8,6.1,64,985,8.2,210,0
1985,3,12,7,78,1,78,13.3,7.2,67,986,7.7,230,0
1985,3,12,8,186,0,186,13.3,7.2,67,987,4.6,270,0
1985,3,12,9,376,257,239,13.9,0.6,40,989,11.3,300,0
1985,3,12,10,621,653,198,13.9,-0.6,37,990,10.3,300,0
1985,3,12,11,600,579,185,13.9,-2.8,32,991,13.4,280,0
1985,3,12,12,565,343,313,12.8,-2.8,34,991,14.4,290,0
1985,3,12,13,616,596,198,12.8,-2.2,36,991,15.4,310,0
1985,3,12,14,487,433,220,12.2,-2.2,37,993,10.3,290,0
1985,3,12,15,233,184,144,12.2,-2.2,37,993,11.3,300,0
1985,3,12,16,212,253,131,11.7,-1.7,40,993,11.3,290,0
1985,3,12,17,65,162,44,10,-1.7,45,994,8.2,310,0
1985,3,12,18,4,6,3,9.4,-1.1,48,995,11.3,300,0
1985,3,12,19,0,0,0,9.4,-0.6,50,995,10.3,300,0
1985,3,12,20,0,0,0,9.4,-0.6,50,996,8.8,290,0
1985,3,12,21,0,0,0,10,0,50,998,5.7,280,0
1985,3,12,22,0,0,0,9.4,0,52,998,6.7,300,0
1985,3,12,23,0,0,0,9.4,0,52,998,7.2,310,0
1985,3,13,0,0,0,0,9.4,0,52,998,10.3,310,0
1985,3,13,1,0,0,0,8.3,0,56,999,4.6,300,0
1985,3,13,2,0,0,0,8.3,-0.6,54,1000,6.2,300,0
1985,3,13,3,0,0,0,6.1,0,65,1000,6.2,290,0
1985,3,13,4,0,0,0,5.6,-0.6,65,1001,4.6,270,0
1985,3,13,5,0,0,0,6.1,0,65,1002,6.2,300,0
1985,3,13,6,19,19,17,3.9,-0.6,73,1003,4.6,270,0
1985,3,13,7,125,289,67,7.8,0,58,1004,7.7,310,0
1985,3,13,8,282,318,161,9.4,-0.6,50,1004,7.2,320,0
1985,3,13,9,480,479,222,10.6,-0.6,47,1005,6.7,320,0
1985,3,13,10,610,580,231,12.2,0,43,1005,7.2,310,0
1985,3,13,11,729,713,214,13.3,-0.6,39,1004,8.8,280,0
1985,3,13,12,452,92,384,13.3,-1.1,37,1004,5.7,300,0
1985,3,13,13,441,144,340,13.9,-1.7,34,1003,6.2,300,0
1985,3,13,14,452,302,265,15,-1.7,32,1002,3.1,260,0
1985,3,13,15,212,72,176,15.6,-1.7,31,1001,2.6,310,0
1985,3,13,16,206,174,150,15,-2.8,30,1001,2.1,260,0
1985,3,13,17,50,28,46,13.3,-1.7,36,1001,2.1,210,0
1985,3,13,18,2,2,2,11.7,-2.2,38,1000,2.1,170,0
1985,3,13,19,0,0,0,11.1,0,47,1001,0,0,0
1985,3,13,20,0,0,0,10.6,1.1,52,1001,0,0,0
1985,3,13,21,0,0,0,10.6,1.7,55,1000,2.1,140,0
1985,3,13,22,0,0,0,10,1.7,57,1000,2.1,340,0
1985,3,13,23,0,0,0,11.1,-1.1,43,1000,5.7,340,0
1985,3,14,0,0,0,0,10.6,-0.6,47,1000,4.1,330,0
1985,3,14,1,0,0,0,10.6,0.6,50,1000,6.2,320,0
1985,3,14,2,0,0,0,10,1.1,54,1000,7.7,320,0
1985,3,14,3,0,0,0,9.4,1.7,59,1000,8.2,330,0
1985,3,14,4,0,0,0,8.9,1.7,61,1000,6.2,330,0
1985,3,14,5,0,0,0,8.9,1.7,61,1001,7.2,330,0
1985,3,14,6,10,3,10,8.3,1.7,63,1001,8.2,330,0
1985,3,14,7,94,34,87,8.9,1.7,61,1001,7.2,330,0
1985,3,14,8,177,149,119,10.6,2.2,57,1001,8.8,330,0
1985,3,14,9,430,278,280,11.1,2.2,55,1003,9.3,330,0
1985,3,14,10,498,398,236,12.8,2.2,49,1003,8.8,320,0
1985,3,14,11,624,487,269,13.9,1.7,44,1002,8.2,320,0
1985,3,14,12,339,3,337,13.3,0,40,1002,8.2,310,0
1985,3,14,13,313,10,307,12.8,-0.6,40,1001,8.8,310,0
1985,3,14,14,210,6,207,12.8,-0.6,40,1001,6.7,310,0
1985,3,14,15,187,9,182,12.2,-1.7,38,1001,5.7,310,0
1985,3,14,16,108,3,107,10.6,-2.2,41,1001,4.1,300,0
1985,3,14,17,38,2,38,10,-1.7,45,1002,2.6,280,0
1985,3,14,18,2,0,2,8.9,-1.7,48,1002,1.5,230,0
1985,3,14,19,0,0,0,7.2,-1.1,56,1003,0,0,0
1985,3,14,20,0,0,0,6.7,-1.1,58,1004,2.6,260,0
1985,3,14,21,0,0,0,6.1,-1.7,58,1004,2.6,330,0
1985,3,14,22,0,0,0,5.6,-2.8,55,1004,2.6,290,0
1985,3,14,23,0,0,0,3.9,-3.3,60,1004,2.6,280,0
1985,3,15,0,0,0,0,4.4,-3.3,57,1004,3.6,280,0
1985,3,15,1,0,0,0,6.1,-2.8,53,1004,5.2,310,0
1985,3,15,2,0,0,0,6.1,-2.2,56,1004,5.7,300,0
1985,3,15,3,0,0,0,2.8,-2.8,67,1004,4.1,300,0
1985,3,15,4,0,0,0,5,-2.8,58,1004,5.7,310,0
1985,3,15,5,0,0,0,4.4,-3.9,55,1005,6.7,360,0
1985,3,15,6,25,90,16,4.4,-3.9,55,1006,7.2,300,0
1985,3,15,7,156,538,43,5.6,-5,47,1007,9.3,310,0
1985,3,15,8,360,753,65,6.1,-5,45,1007,10.8,310,0
1985,3,15,9,531,807,89,7.2,-5.6,40,1008,10.3,300,0
1985,3,15,10,652,769,142,8.3,-6.1,36,1008,11.3,300,0
1985,3,15,11,802,930,121,8.9,-6.7,33,1009,10.8,310,0
1985,3,15,12,810,943,103,10,-7.2,29,1009,8.8,320,0
1985,3,15,13,761,926,100,10,-7.2,29,1008,7.7,310,0
1985,3,15,14,651,892,91,10.6,-8.9,25,1008,10.3,320,0
1985,3,15,15,494,840,77,10.6,-8.9,25,1008,10.8,320,0
1985,3,15,16,293,712,57,9.4,-9.4,26,1008,7.7,300,0
1985,3,15,17,93,413,34,8.3,-9.4,28,1009,6.2,310,0
1985,3,15,18,6,18,4,5,-9.4,35,1010,3.6,340,0
1985,3,15,19,0,0,0,4.4,-8.9,38,1011,4.1,310,0
1985,3,15,20,0,0,0,3.3,-8.3,43,1011,3.1,310,0
1985,3,15,21,0,0,0,1.1,-8.9,48,1012,3.1,290,0
1985,3,15,22,0,0,0,0,-7.8,56,1013,2.6,150,0
1985,3,15,23,0,0,0,-1.1,-7.8,61,1013,3.6,150,0
1985,3,16,0,0,0,0,0.6,-8.3,52,1013,3.1,300,0
1985,3,16,1,0,0,0,-1.7,-7.8,64,1013,2.1,360,0
1985,3,16,2,0,0,0,-1.7,-7.8,64,1013,3.1,340,0
1985,3,16,3,0,0,0,-2.2,-7.8,66,1013,0,0,0
1985,3,16,4,0,0,0,-4.4,-7.8,78,1014,2.6,310,0
1985,3,16,5,0,0,0,-4.4,-7.8,78,1014,1.5,160,0
1985,3,16,6,22,18,20,-5,-7.2,85,1014,0,0,0
1985,3,16,7,135,314,68,1.1,-5,64,1015,0,0,0
1985,3,16,8,336,558,114,4.4,-6.7,45,1015,1.5,150,0
1985,3,16,9,519,603,186,7.2,-6.7,37,1014,1.5,350,0
1985,3,16,10,651,659,210,9.4,-5.6,35,1014,2.6,240,0
1985,3,16,11,726,590,291,10.6,-6.1,31,1012,6.7,200,0
1985,3,16,12,743,598,291,10.6,-6.1,31,1011,5.2,200,0
1985,3,16,13,675,566,269,12.8,-5.6,28,1009,5.7,200,0
1985,3,16,14,618,532,282,13.3,-6.7,25,1008,8.8,200,0
1985,3,16,15,397,286,254,13.3,-6.1,26,1007,6.2,180,0
1985,3,16,16,245,302,144,13.3,-6.7,25,1006,5.2,190,0
1985,3,16,17,68,85,56,11.7,-6.7,27,1005,4.1,190,0
1985,3,16,18,3,0,3,10,-7.2,29,1004,4.1,120,0
1985,3,16,19,0,0,0,7.2,-2.8,49,1004,4.1,140,0
1985,3,16,20,0,0,0,7.2,-2.8,49,1003,4.6,150,0
1985,3,16,21,0,0,0,7.8,-1.7,52,1002,5.2,170,0
1985,3,16,22,0,0,0,7.2,-1.7,54,1002,6.2,180,0
1985,3,16,23,0,0,0,7.2,-1.7,54,1001,5.7,170,0
1985,3,17,0,0,0,0,6.7,-1.1,58,1000,5.2,180,0
1985,3,17,1,0,0,0,6.7,-0.6,60,999,4.1,180,0
1985,3,17,2,0,0,0,5.6,-0.6,65,999,2.6,200,0
1985,3,17,3,0,0,0,4.4,-0.6,70,998,3.1,190,0
1985,3,17,4,0,0,0,4.4,-1.1,68,997,1.5,180,0
1985,3,17,5,0,0,0,2.2,-1.1,79,997,0,0,0
1985,3,17,6,24,13,22,2.8,-1.1,76,998,0,0,0
1985,3,17,7,95,68,80,7.2,-2.2,52,998,6.2,330,0
1985,3,17,8,219,165,152,9.4,-0.6,50,998,5.7,320,0
1985,3,17,9,274,125,204,10.6,-1.7,43,998,9.3,310,0
1985,3,17,10,531,553,158,10.6,-2.8,40,998,7.2,310,0
1985,3,17,11,747,773,174,10.6,-4.4,35,997,8.8,310,0
1985,3,17,12,790,906,103,11.7,-4.4,32,996,8.8,310,0
1985,3,17,13,726,820,133,11.7,-5.6,30,995,9.3,320,0
1985,3,17,14,650,791,147,11.7,-6.7,27,995,8.2,330,0
1985,3,17,15,466,706,110,10.6,-7.8,27,995,8.8,310,0
1985,3,17,16,202,111,165,9.4,-7.8,29,996,10.8,330,0
1985,3,17,17,103,481,32,7.8,-8.9,30,997,4.6,320,0
1985,3,17,18,11,50,5,5.6,-8.3,36,997,6.2,330,0
1985,3,17,19,0,0,0,3.3,-6.7,48,998,5.2,330,0
1985,3,17,20,0,0,0,2.2,-6.1,55,999,5.2,330,0
1985,3,17,21,0,0,0,0.6,-6.1,61,999,3.6,320,0
1985,3,17,22,0,0,0,0.6,-6.1,61,999,6.2,320,0
1985,3,17,23,0,0,0,0,-6.7,61,999,7.7,340,0
1985,3,18,0,0,0,0,0,-7.8,56,1000,8.2,340,0
1985,3,18,1,0,0,0,-1.1,-8.3,58,1000,9.3,340,0
1985,3,18,2,0,0,0,-2.2,-8.9,61,1000,7.2,330,0
1985,3,18,3,0,0,0,-2.8,-8.9,63,1001,6.2,330,0
1985,3,18,4,0,0,0,-3.3,-9.4,63,1001,5.7,320,0
1985,3,18,5,0,0,0,-3.9,-9.4,66,1002,4.1,330,0
1985,3,18,6,33,123,19,-3.9,-10,63,1003,5.2,310,0
1985,3,18,7,169,561,42,-2.8,-9.4,61,1004,8.8,310,0
1985,3,18,8,324,553,98,-1.1,-10,51,1004,8.8,330,0
1985,3,18,9,554,851,75,0.6,-10.6,44,1004,9.3,350,0
1985,3,18,10,695,906,81,1.7,-11.1,39,1004,7.2,320,0
1985,3,18,11,821,984,87,2.8,-12.2,33,1003,10.3,320,0
1985,3,18,12,839,984,88,3.3,-12.2,31,1003,7.2,330,0
1985,3,18,13,796,978,85,4.4,-13.3,27,1003,10.8,330,0
1985,3,18,14,680,941,78,5,-13.9,24,1002,11.3,340,0
1985,3,18,15,516,886,66,4.4,-13.9,25,1003,10.8,340,0
1985,3,18,16,315,778,49,4.4,-13.3,27,1004,8.8,330,0
1985,3,18,17,108,509,30,2.8,-14.4,27,1005,8.8,340,0
1985,3,18,18,11,43,6,1.7,-15,28,1006,7.2,330,0
1985,3,18,19,0,0,0,1.1,-15,29,1007,6.7,330,0
1985,3,18,20,0,0,0,0.6,-15,30,1008,5.7,330,0
1985,3,18,21,0,0,0,-0.6,-15,33,1009,6.2,320,0
1985,3,18,22,0,0,0,-1.1,-15,34,1010,5.2,340,0
1985,3,18,23,0,0,0,-1.7,-15,36,1011,4.6,330,0
1985,3,19,0,0,0,0,-2.2,-15,37,1011,4.6,340,0
1985,3,19,1,0,0,0,-3.3,-15,41,1011,3.1,330,0
1985,3,19,2,0,0,0,-5,-15,46,1011,2.6,340,0
1985,3,19,3,0,0,0,-4.4,-15,44,1011,2.6,340,0
1985,3,19,4,0,0,0,-5.6,-14.4,50,1012,2.1,360,0
1985,3,19,5,0,0,0,-6.1,-13.9,55,1013,1.5,350,0
1985,3,19,6,32,125,19,-8.9,-11.7,81,1013,1.5,230,0
1985,3,19,7,182,582,47,-2.2,-12.2,47,1014,0,0,0
1985,3,19,8,395,785,70,1.7,-12.8,34,1014,2.1,340,0
1985,3,19,9,588,880,88,3.9,-12.2,30,1014,2.6,300,0
1985,3,19,10,736,930,100,5,-11.1,30,1013,2.1,20,0
1985,3,19,11,824,954,107,7.8,-10.6,26,1012,3.6,250,0
1985,3,19,12,854,920,148,8.3,-10,26,1011,4.1,170,0
1985,3,19,13,717,758,163,10,-10,24,1009,5.7,220,0
1985,3,19,14,544,498,223,12.8,-10,20,1008,5.2,160,0
1985,3,19,15,323,245,197,12.8,-9.4,21,1007,5.7,200,0
1985,3,19,16,233,285,135,12.8,-10,20,1007,5.7,210,0
1985,3,19,17,103,248,65,11.7,-9.4,22,1006,5.2,180,0
1985,3,19,18,9,20,6,10,-9.4,25,1006,3.6,160,0
1985,3,19,19,0,0,0,9.4,-9.4,26,1006,5.2,180,0
1985,3,19,20,0,0,0,8.9,-8.9,28,1006,5.2,190,0
1985,3,19,21,0,0,0,8.3,-8.3,30,1006,6.7,200,0
1985,3,19,22,0,0,0,7.8,-7.8,33,1005,6.2,190,0
1985,3,19,23,0,0,0,7.2,-7.2,35,1005,5.7,190,0
1985,3,20,0,0,0,0,7.2,-6.7,37,1005,5.7,180,0
1985,3,20,1,0,0,0,8.3,-6.7,34,1005,6.2,200,0
1985,3,20,2,0,0,0,7.2,-6.7,37,1005,5.7,200,0
1985,3,20,3,0,0,0,6.1,-6.7,40,1004,6.2,180,0
1985,3,20,4,0,0,0,5,-6.1,45,1004,5.2,200,0
1985,3,20,5,0,0,0,5,-5.6,47,1005,5.7,190,0
1985,3,20,6,32,55,26,5.6,-5.6,45,1005,5.2,210,0
1985,3,20,7,135,141,102,8.3,-5,39,1005,5.2,210,0
1985,3,20,8,266,299,141,10,-3.9,38,1005,6.7,210,0
1985,3,20,9,381,198,267,12.8,-2.2,36,1005,5.2,220,0
1985,3,20,10,651,464,332,16.1,0,34,1004,6.2,220,0
1985,3,20,11,484,142,377,18.3,0.6,30,1004,6.2,220,0
1985,3,20,12,391,13,381,18.9,1.1,31,1003,5.2,260,0
1985,3,20,13,183,28,162,16.1,5.6,50,1003,9.3,330,0
1985,3,20,14,252,10,245,15.6,6.1,54,1003,3.6,320,0
1985,3,20,15,449,600,139,18.3,6.7,47,1003,4.6,290,0
1985,3,20,16,274,508,96,19.4,1.7,31,1002,7.2,270,0
1985,3,20,17,88,172,61,17.8,1.7,34,1003,5.2,270,0
1985,3,20,18,6,3,5,15.6,3.3,44,1004,6.7,340,0
1985,3,20,19,0,0,0,12.2,3.3,55,1006,2.1,350,0
1985,3,20,20,0,0,0,10.6,2.8,59,1006,3.1,340,0
1985,3,20,21,0,0,0,11.1,-2.2,40,1007,7.7,360,0
1985,3,20,22,0,0,0,8.9,-6.1,34,1009,4.6,340,0
1985,3,20,23,0,0,0,6.7,-6.7,38,1010,4.1,350,0
1985,3,21,0,0,0,0,5.6,-8.3,36,1011,6.2,340,0
1985,3,21,1,0,0,0,3.9,-9.4,38,1012,5.2,330,0
1985,3,21,2,0,0,0,2.8,-8.9,42,1012,2.6,360,0
1985,3,21,3,0,0,0,1.7,-7.8,50,1013,2.1,350,0
1985,3,21,4,0,0,0,-0.6,-7.2,61,1014,2.6,310,0
1985,3,21,5,0,0,0,-1.7,-7.2,66,1015,0,0,0
1985,3,21,6,18,2,18,0.6,-7.2,56,1015,4.1,350,0
1985,3,21,7,117,41,107,2.8,-7.2,48,1016,5.2,10,0
1985,3,21,8,214,123,161,3.9,-7.2,45,1016,6.7,20,0
1985,3,21,9,474,382,253,5,-8.3,38,1017,6.2,30,0
1985,3,21,10,586,359,337,6.1,-9.4,32,1017,4.6,10,0
1985,3,21,11,705,489,333,6.7,-11.1,27,1017,2.6,360,0
1985,3,21,12,679,396,372,8.9,-11.7,22,1017,4.1,30,0
1985,3,21,13,528,301,306,9.4,-12.8,20,1015,4.1,30,0
1985,3,21,14,396,179,279,8.3,-13.9,19,1015,3.1,360,0
1985,3,21,15,269,153,190,8.3,-13.9,19,1015,2.1,360,0
1985,3,21,16,177,9,174,8.3,-12.8,21,1015,1.5,40,0
1985,3,21,17,48,13,45,6.1,-11.7,27,1014,3.1,30,0
1985,3,21,18,4,1,4,4.4,-10.6,33,1014,3.6,40,0
1985,3,21,19,0,0,0,3.9,-10.6,34,1014,3.6,50,0
1985,3,21,20,0,0,0,2.8,-10.6,37,1014,3.6,70,0
1985,3,21,21,0,0,0,1.7,-8.9,46,1015,1.5,120,0
1985,3,21,22,0,0,0,2.2,-7.8,48,1015,0,0,0
1985,3,21,23,0,0,0,0.6,-6.1,61,1015,0,0,0
1985,3,22,0,0,0,0,0.6,-5.6,64,1015,1.5,200,0
1985,3,22,1,0,0,0,0.6,-4.4,70,1014,1.5,130,0
1985,3,22,2,0,0,0,0.6,-5,67,1014,0,0,0
1985,3,22,3,0,0,0,0.6,-2.2,82,1013,0,0,0
1985,3,22,4,0,0,0,1.1,-3.3,73,1014,1.5,340,0
1985,3,22,5,0,0,0,1.7,-3.9,67,1014,2.1,350,0
1985,3,22,6,14,2,14,2.2,-3.3,67,1014,0,0,0
1985,3,22,7,63,2,63,3.3,-4.4,57,1014,2.6,20,0
1985,3,22,8,186,1,186,3.9,-2.8,62,1014,3.6,40,0
1985,3,22,9,216,3,214,3.9,-4.4,55,1014,3.1,50,0
1985,3,22,10,195,3,193,3.9,-2.8,62,1013,4.1,30,0
1985,3,22,11,366,9,359,1.7,0,89,1013,2.6,40,0
1985,3,22,12,364,5,360,2.2,1.1,93,1012,2.6,360,0
1985,3,22,13,196,5,192,3.3,1.7,89,1011,3.6,50,0
1985,3,22,14,204,1,203,3.9,2.2,89,1010,4.6,60,0
1985,3,22,15,145,1,145,3.9,2.8,93,1009,4.1,50,0
1985,3,22,16,95,1,95,3.3,2.2,93,1008,4.6,50,0
1985,3,22,17,36,0,35,3.3,2.2,93,1008,4.1,50,0
1985,3,22,18,5,0,5,2.8,2.2,96,1008,4.1,60,0
1985,3,22,19,0,0,0,2.8,2.2,96,1007,4.1,50,0
1985,3,22,20,0,0,0,2.8,2.2,96,1007,3.6,40,0
1985,3,22,21,0,0,0,2.8,2.2,96,1006,3.1,10,0
1985,3,22,22,0,0,0,2.8,2.8,100,1006,2.6,10,0
1985,3,22,23,0,0,0,2.8,2.8,100,1005,3.6,10,0
1985,3,23,0,0,0,0,2.2,2.2,100,1004,4.1,20,0
1985,3,23,1,0,0,0,2.2,2.2,100,1004,3.6,10,0
1985,3,23,2,0,0,0,2.2,2.2,100,1003,3.6,360,0
1985,3,23,3,0,0,0,2.2,2.2,100,1002,4.1,20,0
1985,3,23,4,0,0,0,2.2,2.2,100,1001,4.1,20,0
1985,3,23,5,0,0,0,2.2,2.2,100,1001,4.6,350,0
1985,3,23,6,19,0,19,1.7,1.7,100,1001,6.2,350,0
1985,3,23,7,64,1,64,1.7,1.7,100,1001,5.7,350,0
1985,3,23,8,123,0,123,2.2,2.2,100,1002,5.7,360,0
1985,3,23,9,171,0,171,2.8,2.8,100,1001,5.2,360,0
1985,3,23,10,214,2,213,3.3,3.3,100,1001,4.1,350,0
1985,3,23,11,369,2,367,3.9,3.9,100,1001,5.7,350,0
1985,3,23,12,234,2,233,3.9,3.9,100,1001,4.6,350,0
1985,3,23,13,231,2,230,4.4,3.9,96,1000,4.6,360,0
1985,3,23,14,187,0,186,4.4,3.9,96,1001,4.1,340,0
1985,3,23,15,167,1,166,4.4,3.9,96,1001,3.6,10,0
1985,3,23,16,99,0,99,5,4.4,96,1001,4.1,360,0
1985,3,23,17,41,0,41,5,4.4,96,1001,3.6,360,0
1985,3,23,18,6,0,6,4.4,3.9,96,1001,3.1,350,0
1985,3,23,19,0,0,0,4.4,3.9,96,1001,3.1,350,0
1985,3,23,20,0,0,0,4.4,3.9,96,1001,3.1,350,0
1985,3,23,21,0,0,0,5,5,100,1001,2.6,350,0
1985,3,23,22,0,0,0,5,5,100,1001,3.6,350,0
1985,3,23,23,0,0,0,5,5,100,1001,2.1,360,0
1985,3,24,0,0,0,0,5,5,100,1001,2.6,340,0
1985,3,24,1,0,0,0,5,5,100,1000,3.1,40,0
1985,3,24,2,0,0,0,5,5,100,1000,2.6,50,0
1985,3,24,3,0,0,0,5,4.4,96,1000,1.5,10,0
1985,3,24,4,0,0,0,5,4.4,96,1000,1.5,350,0
1985,3,24,5,0,0,0,4.4,3.9,96,999,1.5,360,0
1985,3,24,6,26,0,26,5,3.9,93,1000,2.1,320,0
1985,3,24,7,110,1,110,5,3.9,93,1000,1.5,20,0
1985,3,24,8,116,2,116,5,3.9,93,999,0,0,0
1985,3,24,9,174,0,173,5,4.4,96,1000,2.6,100,0
1985,3,24,10,222,1,221,5,3.9,93,999,1.5,360,0
1985,3,24,11,222,0,222,5,4.4,96,999,2.1,360,0
1985,3,24,12,234,2,233,5,4.4,96,999,2.6,360,0
1985,3,24,13,231,1,230,5,3.9,93,998,3.6,10,0
1985,3,24,14,213,1,212,4.4,3.9,96,998,3.1,30,0
1985,3,24,15,149,2,148,4.4,3.3,93,998,5.2,50,0
1985,3,24,16,155,1,154,4.4,3.3,93,998,3.6,10,0
1985,3,24,17,73,1,72,4.4,3.3,93,999,2.6,350,0
1985,3,24,18,11,0,11,3.9,3.3,96,999,3.6,20,0
1985,3,24,19,0,0,0,3.3,2.8,96,1000,2.6,10,0
1985,3,24,20,0,0,0,3.9,3.3,96,1001,2.1,360,0
1985,3,24,21,0,0,0,3.9,3.3,96,1001,2.1,340,0
1985,3,24,22,0,0,0,3.9,3.3,96,1001,2.1,360,0
1985,3,24,23,0,0,0,3.9,3.3,96,1000,2.1,20,0
1985,3,25,0,0,0,0,3.9,3.3,96,1002,2.1,320,0
1985,3,25,1,0,0,0,3.9,3.3,96,1003,2.1,350,0
1985,3,25,2,0,0,0,3.3,2.8,96,1003,2.6,350,0
1985,3,25,3,0,0,0,3.3,2.2,93,1003,2.6,340,0
1985,3,25,4,0,0,0,3.3,2.2,93,1003,2.1,330,0
1985,3,25,5,0,0,0,3.3,2.2,93,1004,2.6,350,0
1985,3,25,6,17,0,17,3.3,2.8,96,1005,3.1,20,0
1985,3,25,7,66,0,66,3.9,2.8,93,1006,3.1,360,0
1985,3,25,8,252,75,218,5,2.8,86,1007,5.7,20,0
1985,3,25,9,516,569,176,7.2,1.7,68,1009,6.2,30,0
1985,3,25,10,334,32,312,6.7,2.2,74,1009,5.7,350,0
1985,3,25,11,328,6,323,6.1,1.7,74,1010,5.7,360,0
1985,3,25,12,668,484,284,8.3,1.7,63,1010,5.7,360,0
1985,3,25,13,710,637,229,9.4,0.6,54,1010,6.2,340,0
1985,3,25,14,639,768,128,10.6,-1.1,45,1010,5.2,340,0
1985,3,25,15,532,877,64,10.6,-2.8,40,1010,6.7,340,0
1985,3,25,16,330,772,48,10,-4.4,36,1010,6.2,350,0
1985,3,25,17,127,549,31,8.9,-5,37,1011,5.2,360,0
1985,3,25,18,19,76,10,5.6,-3.9,51,1011,3.1,350,0
1985,3,25,19,0,0,0,3.3,-2.8,65,1012,2.1,330,0
1985,3,25,20,0,0,0,1.1,-3.3,73,1013,0,0,0
1985,3,25,21,0,0,0,0,-3.3,79,1013,1.5,250,0
1985,3,25,22,0,0,0,-0.6,-3.9,79,1014,0,0,0
1985,3,25,23,0,0,0,-2.8,-3.9,92,1014,2.1,260,0
1985,3,26,0,0,0,0,-2.2,-3.9,89,1015,0,0,0
1985,3,26,1,0,0,0,-4.4,-5,96,1015,0,0,0
1985,3,26,2,0,0,0,-5.6,-6.1,96,1015,0,0,0
1985,3,26,3,0,0,0,-6.1,-6.1,100,1016,0,0,0
1985,3,26,4,0,0,0,-5,-6.1,92,1017,0,0,0
1985,3,26,5,0,0,0,-6.7,-7.2,96,1017,0,0,0
1985,3,26,6,47,196,27,-2.8,-6.1,78,1018,3.1,350,0
1985,3,26,7,220,606,58,2.8,-4.4,59,1019,3.1,10,0
1985,3,26,8,436,791,80,6.1,-7.8,37,1019,4.6,350,0
1985,3,26,9,625,891,88,8.9,-8.3,29,1019,3.6,320,0
1985,3,26,10,771,937,99,10.6,-7.8,27,1019,4.1,350,0
1985,3,26,11,856,959,106,12.2,-7.2,25,1018,3.1,330,0
1985,3,26,12,876,965,107,13.3,-7.8,23,1017,2.6,120,0
1985,3,26,13,822,947,103,15,-7.2,21,1015,3.6,340,0
1985,3,26,14,708,917,95,15,-6.1,23,1014,4.6,260,0
1985,3,26,15,541,858,81,16.1,-4.4,24,1014,3.1,240,0
1985,3,26,16,335,745,61,15.6,-5,24,1013,4.6,180,0
1985,3,26,17,126,490,39,13.3,-0.6,39,1013,4.1,200,0
1985,3,26,18,16,48,11,10.6,-1.7,43,1012,3.1,150,0
1985,3,26,19,0,0,0,8.9,-1.7,48,1012,2.6,170,0
1985,3,26,20,0,0,0,6.1,-1.7,58,1012,3.1,170,0
1985,3,26,21,0,0,0,3.9,-1.1,70,1011,3.1,210,0
1985,3,26,22,0,0,0,6.1,-2.8,53,1011,3.1,180,0
1985,3,26,23,0,0,0,3.9,-1.1,70,1011,0,0,0
1985,3,27,0,0,0,0,1.7,-1.7,79,1010,2.6,140,0
1985,3,27,1,0,0,0,0.6,-2.2,82,1010,0,0,0
1985,3,27,2,0,0,0,0.6,-1.7,85,1009,1.5,180,0
1985,3,27,3,0,0,0,1.1,-2.2,79,1009,0,0,0
1985,3,27,4,0,0,0,-1.7,-3.3,89,1009,0,0,0
1985,3,27,5,0,0,0,1.7,-2.2,76,1009,0,0,0
1985,3,27,6,54,323,20,0,-2.2,85,1009,0,0,0
1985,3,27,7,233,678,48,5,1.1,76,1009,0,0,0
1985,3,27,8,448,827,71,10,1.7,57,1009,2.6,170,0
1985,3,27,9,596,774,126,16.1,3.3,43,1007,2.6,180,0
1985,3,27,10,765,947,82,19.4,3.9,36,1006,4.1,200,0
1985,3,27,11,853,958,99,21.7,2.2,28,1005,3.6,190,0
1985,3,27,12,699,644,183,22.8,2.2,26,1003,5.2,230,0
1985,3,27,13,707,620,234,23.9,2.2,24,1002,4.6,220,0
1985,3,27,14,640,614,227,23.9,2.2,24,1001,6.2,170,0
1985,3,27,15,463,494,196,23.9,3.3,26,1000,7.2,180,0
1985,3,27,16,286,399,138,22.8,2.8,27,999,7.7,190,0
1985,3,27,17,105,196,70,22.2,4.4,32,998,6.2,180,0
1985,3,27,18,12,5,11,20,4.4,36,998,5.2,180,0
1985,3,27,19,0,0,0,18.3,4.4,40,998,4.6,200,0
1985,3,27,20,0,0,0,19.4,4.4,37,998,5.7,200,0
1985,3,27,21,0,0,0,18.9,4.4,39,998,5.2,210,0
1985,3,27,22,0,0,0,18.3,4.4,40,999,4.1,230,0
1985,3,27,23,0,0,0,16.1,4.4,46,1000,4.1,240,0
1985,3,28,0,0,0,0,15.6,4.4,48,1000,3.6,230,0
1985,3,28,1,0,0,0,13.3,3.9,53,1000,0,0,0
1985,3,28,2,0,0,0,10.6,4.4,66,1000,2.6,210,0
1985,3,28,3,0,0,0,11.1,5.6,69,1000,3.1,210,0
1985,3,28,4,0,0,0,11.7,5,64,1000,3.6,180,0
1985,3,28,5,0,0,0,11.1,5,66,1001,2.6,180,0
1985,3,28,6,37,31,33,11.1,6.1,72,1001,0,0,0
1985,3,28,7,156,145,116,15,7.8,62,1000,4.6,200,0
1985,3,28,8,362,379,188,19.4,10,55,1000,5.2,220,0
1985,3,28,9,463,293,283,21.1,11.1,53,1000,8.2,210,0
1985,3,28,10,660,507,292,22.8,12.2,52,999,7.2,220,0
1985,3,28,11,750,700,196,24.4,13.3,50,998,7.7,180,0
1985,3,28,12,754,702,189,26.1,7.8,31,996,8.2,220,0
1985,3,28,13,724,702,186,26.1,13.3,45,995,8.2,200,0
1985,3,28,14,569,538,205,27.8,13.3,41,994,6.7,220,0
1985,3,28,15,461,458,213,27.8,12.8,40,993,8.8,220,0
1985,3,28,16,318,559,108,27.8,13.3,41,993,6.7,220,0
1985,3,28,17,78,85,63,26.1,12.8,44,993,5.7,220,0
1985,3,28,18,15,5,15,25,12.8,47,993,6.7,220,0
1985,3,28,19,0,0,0,23.9,12.8,50,993,5.2,210,0
1985,3,28,20,0,0,0,21.1,12.8,59,994,3.6,230,0
1985,3,28,21,0,0,0,18.9,12.2,65,994,1.5,140,0
1985,3,28,22,0,0,0,17.2,11.7,70,994,3.1,180,0
1985,3,28,23,0,0,0,18.9,12.2,65,994,4.1,200,0
1985,3,29,0,0,0,0,18.9,12.2,65,994,4.6,210,0
1985,3,29,1,0,0,0,20,12.8,63,993,5.2,210,0
1985,3,29,2,0,0,0,19.4,13.3,68,993,5.2,210,0
1985,3,29,3,0,0,0,18.3,14.4,78,994,4.1,200,0
1985,3,29,4,0,0,0,17.8,14.4,81,994,4.1,210,0
1985,3,29,5,0,0,0,16.7,14.4,87,995,2.6,200,0
1985,3,29,6,22,5,22,16.1,13.9,87,997,2.6,360,0
1985,3,29,7,84,2,83,16.7,13.9,84,999,3.6,40,0
1985,3,29,8,228,91,186,18.9,14.4,76,999,4.1,180,0
1985,3,29,9,154,6,150,18.3,15,81,999,3.6,250,0
1985,3,29,10,261,6,257,19.4,16.7,84,999,3.1,220,0
1985,3,29,11,356,8,349,21.1,16.1,73,998,4.1,220,0
1985,3,29,12,348,2,346,21.7,16.1,71,998,5.7,220,0
1985,3,29,13,351,1,350,23.9,17.2,66,998,4.1,200,0
1985,3,29,14,297,7,292,24.4,16.7,62,998,4.6,230,0
1985,3,29,15,135,4,133,22.8,17.2,71,998,3.6,180,0
1985,3,29,16,133,2,132,23.9,17.8,69,998,2.6,190,0
1985,3,29,17,107,159,78,22.8,17.2,71,998,3.6,320,0
1985,3,29,18,11,0,11,21.1,17.2,79,998,3.1,230,0
1985,3,29,19,0,0,0,20,15.6,76,998,3.1,180,0
1985,3,29,20,0,0,0,19.4,16.1,81,999,2.6,180,0
1985,3,29,21,0,0,0,18.9,16.1,84,999,2.6,180,0
1985,3,29,22,0,0,0,18.3,16.7,90,999,2.6,170,0
1985,3,29,23,0,0,0,17.8,16.7,93,999,4.6,210,0
1985,3,30,0,0,0,0,17.2,16.7,97,999,0,0,0
1985,3,30,1,0,0,0,17.2,17.2,100,998,3.1,170,0
1985,3,30,2,0,0,0,16.7,16.7,100,997,2.6,190,0
1985,3,30,3,0,0,0,16.7,16.7,100,997,3.6,180,0
1985,3,30,4,0,0,0,16.7,16.1,97,996,2.6,200,0
1985,3,30,5,0,0,0,16.7,16.1,97,999,3.6,330,0
1985,3,30,6,33,0,33,12.8,11.7,93,1000,5.7,10,0
1985,3,30,7,103,6,101,11.1,10,93,1001,6.2,360,0
1985,3,30,8,198,7,195,11.1,9.4,90,1003,6.2,20,0
1985,3,30,9,272,8,268,11.7,8.9,83,1003,5.7,10,0
1985,3,30,10,317,7,313,11.7,8.3,80,1004,6.2,20,0
1985,3,30,11,375,6,370,11.1,7.8,80,1005,4.1,360,0
1985,3,30,12,386,5,382,11.7,7.2,74,1005,6.2,360,0
1985,3,30,13,347,1,346,11.7,7.8,77,1004,3.6,20,0
1985,3,30,14,199,1,199,10,8.9,93,1004,3.6,20,0
1985,3,30,15,281,1,280,11.1,9.4,90,1004,3.1,20,0
1985,3,30,16,161,1,160,11.1,7.8,80,1005,3.6,20,0
1985,3,30,17,72,0,72,10,6.7,80,1006,4.1,20,0
1985,3,30,18,9,0,9,8.3,7.2,93,1006,4.1,50,0
1985,3,30,19,0,0,0,8.9,7.2,89,1007,3.1,30,0
1985,3,30,20,0,0,0,8.9,7.2,89,1008,3.1,360,0
1985,3,30,21,0,0,0,8.3,6.7,89,1008,3.1,30,0
1985,3,30,22,0,0,0,7.8,6.7,93,1008,3.1,40,0
1985,3,30,23,0,0,0,7.2,6.7,96,1009,2.6,40,0
1985,3,31,0,0,0,0,7.2,6.7,96,1008,2.6,70,0
1985,3,31,1,0,0,0,7.2,7.2,100,1008,2.1,20,0
1985,3,31,2,0,0,0,7.2,7.2,100,1007,2.6,40,0
1985,3,31,3,0,0,0,7.2,7.2,100,1007,3.1,50,0
1985,3,31,4,0,0,0,7.2,6.7,96,1007,2.6,50,0
1985,3,31,5,0,0,0,7.2,6.7,96,1007,1.5,20,0
1985,3,31,6,33,0,33,7.8,7.2,96,1007,3.1,40,0
1985,3,31,7,133,1,132,8.3,7.8,96,1007,2.1,110,0
1985,3,31,8,228,1,228,8.9,6.1,83,1007,4.1,70,0
1985,3,31,9,313,1,312,8.9,5,77,1007,4.1,110,0
1985,3,31,10,353,0,353,8.9,6.1,83,1006,5.2,140,0
1985,3,31,11,414,0,414,8.3,5,80,1006,4.6,130,0
1985,3,31,12,256,0,256,8.3,7.2,93,1004,5.2,110,0
1985,3,31,13,379,0,378,8.3,7.2,93,1003,4.6,120,0
1985,3,31,14,202,0,202,8.3,7.8,96,1002,2.6,130,0
1985,3,31,15,153,1,152,8.3,8.3,100,1001,2.1,100,0
1985,3,31,16,103,1,103,8.3,8.3,100,1001,1.5,130,0
1985,3,31,17,47,0,47,7.8,7.8,100,1000,2.6,30,0
1985,3,31,18,10,0,10,7.8,7.8,100,999,2.6,50,0
1985,3,31,19,0,0,0,7.8,7.8,100,998,2.1,40,0
1985,3,31,20,0,0,0,7.8,7.8,100,998,3.1,90,0
1985,3,31,21,0,0,0,7.6,7.2,96,997,2.7,20,0
1985,3,31,22,0,0,0,7.5,6.7,96,996,2.2,330,0
1985,3,31,23,0,0,0,7.3,6.1,100,995,1.8,330,0
1986,4,1,0,0,0,0,7.2,5.6,66,1012,1.3,150,0
1986,4,1,1,0,0,0,7,5,77,1012,0.9,160,0
1986,4,1,2,0,0,0,6.9,4.5,83,1011,0.4,170,0
1986,4,1,3,0,0,0,6.7,3.9,83,1011,0,0,0
1986,4,1,4,0,0,0,5,3.3,89,1011,0,0,0
1986,4,1,5,0,0,0,5,3.3,89,1011,0,0,0
1986,4,1,6,56,272,28,6.7,4.4,86,1012,1.5,360,0
1986,4,1,7,246,634,56,12.2,6.7,69,1012,2.1,320,0
1986,4,1,8,455,785,79,17.2,5,45,1011,0,0,0
1986,4,1,9,641,862,96,21.1,4.4,34,1011,3.1,120,0
1986,4,1,10,780,904,108,23.3,3.3,27,1010,4.1,160,0
1986,4,1,11,857,920,114,25,4.4,27,1009,5.2,180,0
1986,4,1,12,873,924,115,25.6,6.1,29,1007,5.2,160,0
1986,4,1,13,823,913,111,26.7,5.6,26,1006,4.6,190,0
1986,4,1,14,710,880,102,27.2,5.6,25,1005,5.2,190,0
1986,4,1,15,545,822,87,26.7,6.1,27,1004,4.6,170,0
1986,4,1,16,344,715,67,25.6,6.7,30,1003,5.2,160,0
1986,4,1,17,137,480,43,23.9,6.7,33,1003,4.1,160,0
1986,4,1,18,20,58,14,21.1,5,35,1003,3.6,150,0
1986,4,1,19,0,0,0,19.4,4.4,37,1003,2.6,160,0
1986,4,1,20,0,0,0,18.3,3.9,39,1002,3.1,160,0
1986,4,1,21,0,0,0,17.2,4.4,43,1002,2.1,190,0
1986,4,1,22,0,0,0,14.4,4.4,51,1002,1.5,120,0
1986,4,1,23,0,0,0,11.1,5,66,1002,3.6,140,0
1986,4,2,0,0,0,0,15,6.7,58,1001,3.1,160,0
1986,4,2,1,0,0,0,16.1,7.2,56,1001,3.1,300,0
1986,4,2,2,0,0,0,14.4,7.2,62,1001,2.1,190,0
1986,4,2,3,0,0,0,15,7.2,60,1001,1.5,350,0
1986,4,2,4,0,0,0,14.4,7.2,62,1002,1.5,60,0
1986,4,2,5,1,1,1,14.4,7.8,65,1003,2.6,40,0
1986,4,2,6,44,38,40,16.7,7.8,56,1003,5.7,330,0
1986,4,2,7,151,151,105,17.2,7.8,54,1004,4.1,330,0
1986,4,2,8,286,213,183,16.1,7.8,58,1004,6.2,330,0
1986,4,2,9,464,351,241,17.2,7.8,54,1005,5.2,340,0
1986,4,2,10,768,901,94,18.9,7.2,47,1005,6.2,30,0
1986,4,2,11,853,928,100,20.6,5.6,38,1004,5.2,350,0
1986,4,2,12,866,929,101,21.7,2.2,28,1004,4.6,320,0
1986,4,2,13,816,917,97,22.8,0,22,1003,4.1,330,0
1986,4,2,14,710,894,90,22.8,0,22,1003,3.6,10,0
1986,4,2,15,546,839,77,23.3,-1.1,20,1003,3.6,20,0
1986,4,2,16,349,741,59,22.8,-1.7,20,1003,3.6,340,0
1986,4,2,17,143,524,38,20.6,-1.7,23,1004,3.1,340,0
1986,4,2,18,24,86,14,17.2,-1.1,29,1005,2.1,10,0
1986,4,2,19,0,0,0,13.3,0.6,42,1006,2.6,60,0
1986,4,2,20,0,0,0,12.2,1.1,47,1006,2.6,50,0
1986,4,2,21,0,0,0,12.2,0,43,1007,2.6,30,0
1986,4,2,22,0,0,0,8.3,1.1,61,1007,2.6,50,0
1986,4,2,23,0,0,0,7.2,1.7,68,1008,1.5,20,0
1986,4,3,0,0,0,0,6.7,1.1,68,1009,2.6,350,0
1986,4,3,1,0,0,0,6.1,1.1,71,1009,1.5,350,0
1986,4,3,2,0,0,0,3.9,1.1,82,1010,2.6,340,0
1986,4,3,3,0,0,0,3.3,1.1,86,1010,1,300,0
1986,4,3,4,0,0,0,2.8,0.6,86,1011,2.1,320,0
1986,4,3,5,1,0,1,3.3,0.6,82,1012,1.5,10,0
1986,4,3,6,50,92,40,5.6,1.7,76,1013,2.6,340,0
1986,4,3,7,222,415,94,9.4,1.1,56,1013,3.6,20,0
1986,4,3,8,432,600,137,12.8,1.7,47,1014,4.1,110,0
1986,4,3,9,619,700,170,15.6,1.7,39,1014,5.2,90,0
1986,4,3,10,760,756,192,16.7,2.2,38,1013,3.6,80,0
1986,4,3,11,842,783,204,18.3,2.2,34,1013,2.6,180,0
1986,4,3,12,857,787,206,20,2.8,32,1012,3.1,220,0
1986,4,3,13,845,708,288,20,2.8,32,1012,4.1,90,0
1986,4,3,14,684,669,218,20.6,3.9,34,1011,3.1,100,0
1986,4,3,15,495,581,168,21.1,3.9,32,1011,4.1,120,0
1986,4,3,16,246,193,170,20,4.4,36,1011,4.6,170,0
1986,4,3,17,119,130,92,17.8,5,43,1011,3.6,160,0
1986,4,3,18,14,2,14,15.6,4.4,48,1012,2.6,160,0
1986,4,3,19,0,0,0,14.4,5,53,1012,3.6,150,0
1986,4,3,20,0,0,0,13.3,3.9,53,1013,4.1,160,0
1986,4,3,21,0,0,0,11.7,3.9,59,1013,3.6,160,0
1986,4,3,22,0,0,0,10.6,3.3,61,1014,2.6,160,0
1986,4,3,23,0,0,0,9.4,4.4,71,1014,2.6,180,0
1986,4,4,0,0,0,0,8.3,4.4,77,1014,2.1,150,0
1986,4,4,1,0,0,0,8.3,5.6,83,1013,2.1,140,0
1986,4,4,2,0,0,0,8.9,5.6,80,1013,2.1,140,0
1986,4,4,3,0,0,0,9.4,6.1,80,1013,2.6,150,0
1986,4,4,4,0,0,0,9.4,5,74,1013,2.6,170,0
1986,4,4,5,0,0,0,10,6.7,80,1013,3.1,160,0
1986,4,4,6,23,3,23,10,7.8,86,1013,2.6,140,0
1986,4,4,7,114,8,111,11.1,7.8,80,1013,3.1,180,0
1986,4,4,8,188,3,186,12.2,8.3,77,1013,3.1,220,0
1986,4,4,9,361,249,200,13.9,6.7,62,1013,5.2,220,0
1986,4,4,10,749,605,291,15.6,8.3,62,1013,4.1,190,0
1986,4,4,11,796,697,225,18.3,12.2,68,1012,4.1,190,0
1986,4,4,12,834,848,130,19.4,11.7,61,1011,3.1,170,0
1986,4,4,13,854,797,225,20.6,11.7,57,1010,4.1,210,0
1986,4,4,14,735,759,204,22.2,11.7,51,1009,4.6,200,0
1986,4,4,15,430,199,318,22.8,11.7,50,1009,3.1,210,0
1986,4,4,16,327,487,134,22.8,12.2,52,1009,3.6,230,0
1986,4,4,17,136,301,74,20.6,12.2,59,1009,2.6,150,0
1986,4,4,18,21,12,20,17.2,12.2,73,1009,2.6,140,0
1986,4,4,19,0,0,0,15.6,11.7,78,1010,2.6,110,0
1986,4,4,20,0,0,0,15.6,12.2,81,1010,2.1,90,0
1986,4,4,21,0,0,0,15.6,11.7,78,1010,0,0,0
1986,4,4,22,0,0,0,13.3,11.1,87,1010,3.1,30,0
1986,4,4,23,0,0,0,13.3,11.1,87,1010,2.6,40,0
1986,4,5,0,0,0,0,12.8,11.1,90,1010,2.6,30,0
1986,4,5,1,0,0,0,11.7,10.6,93,1010,2.6,30,0
1986,4,5,2,0,0,0,12.2,10.6,90,1010,2.1,20,0
1986,4,5,3,0,0,0,11.7,10,90,1010,2.6,30,0
1986,4,5,4,0,0,0,11.7,10.6,93,1011,2.6,30,0
1986,4,5,5,3,0,3,11.1,10,93,1012,2.1,10,0
1986,4,5,6,22,1,22,11.7,10,90,1013,2.1,20,0
1986,4,5,7,90,7,88,11.7,10,90,1014,3.1,30,0
1986,4,5,8,127,11,122,11.7,10,90,1014,3.1,120,0
1986,4,5,9,367,7,363,12.2,10.6,90,1014,3.1,80,0
1986,4,5,10,367,10,359,12.2,10.6,90,1015,2.6,110,0
1986,4,5,11,374,7,369,12.2,10,86,1015,3.1,100,0
1986,4,5,12,423,3,421,11.7,9.4,86,1015,3.6,90,0
1986,4,5,13,361,2,359,11.7,9.4,86,1015,3.1,80,0
1986,4,5,14,313,3,311,11.7,9.4,86,1014,2.6,130,0
1986,4,5,15,263,1,263,11.7,7.8,77,1014,2.1,120,0
1986,4,5,16,196,0,196,11.7,7.2,74,1014,2.6,120,0
1986,4,5,17,50,0,50,10.6,6.7,77,1014,5.7,140,0
1986,4,5,18,16,0,16,9.4,7.2,86,1014,3.6,100,0
1986,4,5,19,0,0,0,9.4,7.8,90,1015,3.1,50,0
1986,4,5,20,0,0,0,8.9,7.8,93,1016,4.1,80,0
1986,4,5,21,0,0,0,8.3,7.2,93,1015,3.6,100,0
1986,4,5,22,0,0,0,8.3,7.2,93,1015,2.6,120,0
1986,4,5,23,0,0,0,8.3,6.7,89,1014,2.1,110,0
1986,4,6,0,0,0,0,8.3,7.2,93,1015,2.6,360,0
1986,4,6,1,0,0,0,7.8,7.2,96,1013,4.6,170,0
1986,4,6,2,0,0,0,7.8,7.2,96,1013,1.5,360,0
1986,4,6,3,0,0,0,7.8,7.8,100,1013,2.6,330,0
1986,4,6,4,0,0,0,8.3,7.8,96,1012,2.1,350,0
1986,4,6,5,1,0,1,8.3,7.8,96,1012,3.1,90,0
1986,4,6,6,42,0,42,8.3,7.8,96,1012,2.1,100,0
1986,4,6,7,141,1,140,8.3,7.8,96,1012,2.1,110,0
1986,4,6,8,141,2,140,8.9,8.3,96,1012,2.1,80,0
1986,4,6,9,300,2,299,8.9,8.3,96,1011,3.1,130,0
1986,4,6,10,409,1,408,9.4,8.9,96,1011,2.1,130,0
1986,4,6,11,395,0,395,10,8.9,93,1010,2.1,120,0
1986,4,6,12,443,1,442,10.6,8.9,90,1009,2.6,130,0
1986,4,6,13,382,1,382,10.6,9.4,93,1008,3.1,100,0
1986,4,6,14,344,1,343,10.6,9.4,93,1007,2.1,170,0
1986,4,6,15,268,0,268,11.1,9.4,90,1007,2.1,130,0
1986,4,6,16,173,0,173,11.1,9.4,90,1007,2.1,150,0
1986,4,6,17,47,0,47,10.6,10,96,1007,2.1,280,0
1986,4,6,18,11,0,11,10,9.4,96,1007,3.1,210,0
1986,4,6,19,0,0,0,10,9.4,96,1006,2.1,170,0
1986,4,6,20,0,0,0,10,10,100,1004,0,0,0
1986,4,6,21,0,0,0,10.6,10,96,1005,3.1,250,0
1986,4,6,22,0,0,0,10,10,100,1004,2.6,340,0
1986,4,6,23,0,0,0,10,10,100,1003,2.6,140,0
1986,4,7,0,0,0,0,10,10,100,1003,2.1,70,0
1986,4,7,1,0,0,0,10.6,10,96,1002,1.5,110,0
1986,4,7,2,0,0,0,10.6,10,96,1002,2.1,40,0
1986,4,7,3,0,0,0,10.6,10,96,1001,2.1,130,0
1986,4,7,4,0,0,0,10.6,10,96,1001,2.6,190,0
1986,4,7,5,3,0,3,10.6,10.6,100,1001,4.1,200,0
1986,4,7,6,49,0,49,10.6,10.6,100,1001,2.1,260,0
1986,4,7,7,78,1,77,11.1,11.1,100,1001,2.6,240,0
1986,4,7,8,221,1,220,11.7,11.7,100,1001,2.1,290,0
1986,4,7,9,440,146,344,13.3,11.7,90,1001,2.1,230,0
1986,4,7,10,792,882,114,17.8,13.3,75,1001,2.6,330,0
1986,4,7,11,829,763,195,20.6,11.1,55,1000,6.7,330,0
1986,4,7,12,689,532,241,21.7,10,48,1000,5.7,320,0
1986,4,7,13,537,272,319,22.2,10,46,999,4.1,350,0
1986,4,7,14,675,732,157,22.8,9.4,43,999,4.6,320,0
1986,4,7,15,537,759,101,22.8,9.4,43,998,4.1,330,0
1986,4,7,16,354,697,72,22.8,9.4,43,998,2.6,350,0
1986,4,7,17,150,480,47,21.7,9.4,46,998,2.6,340,0
1986,4,7,18,24,74,17,18.9,9.4,55,998,2.6,350,0
1986,4,7,19,0,0,0,15,9.4,70,999,0,0,0
1986,4,7,20,0,0,0,12.8,8.9,77,999,1.5,260,0
1986,4,7,21,0,0,0,10,8.3,90,998,3.1,160,0
1986,4,7,22,0,0,0,8.9,7.8,93,997,2.1,190,0
1986,4,7,23,0,0,0,10,8.3,90,997,2.1,210,0
1986,4,8,0,0,0,0,8.9,7.8,93,996,2.1,180,0
1986,4,8,1,0,0,0,9.4,8.3,93,995,2.1,190,0
1986,4,8,2,0,0,0,9.4,8.3,93,994,2.1,210,0
1986,4,8,3,0,0,0,11.7,10.6,93,993,3.6,180,0
1986,4,8,4,0,0,0,12.2,11.1,93,992,3.6,200,0
1986,4,8,5,2,1,2,12.2,11.1,93,992,3.1,210,0
1986,4,8,6,40,24,37,12.8,10.6,87,992,2.1,210,0
1986,4,8,7,192,130,149,13.9,10,78,991,2.1,190,0
1986,4,8,8,291,170,204,16.7,8.9,60,991,2.1,200,0
1986,4,8,9,550,470,239,21.1,8.9,46,991,2.1,340,0
1986,4,8,10,480,386,182,21.1,8.9,46,990,6.7,330,0
1986,4,8,11,804,752,176,20.6,6.7,41,990,5.7,350,0
1986,4,8,12,792,703,198,21.1,5.6,36,990,4.6,360,0
1986,4,8,13,791,847,110,22.2,5,33,988,7.2,310,0
1986,4,8,14,720,868,102,22.2,2.8,28,988,6.2,330,0
1986,4,8,15,523,725,105,20.6,0,25,988,5.2,350,0
1986,4,8,16,327,595,84,18.9,-1.7,25,988,5.7,350,0
1986,4,8,17,147,420,56,17.2,-2.2,27,989,6.2,330,0
1986,4,8,18,25,65,18,15.6,-2.8,29,989,4.1,340,0
1986,4,8,19,0,0,0,14.4,-3.3,29,989,3.1,340,0
1986,4,8,20,0,0,0,13.9,-2.8,32,990,3.6,350,0
1986,4,8,21,0,0,0,13.3,-4.4,29,990,3.6,350,0
1986,4,8,22,0,0,0,11.7,-3.9,34,989,3.6,350,0
1986,4,8,23,0,0,0,10,-2.8,41,990,1.5,320,0
1986,4,9,0,0,0,0,8.3,-2.8,46,990,2.1,330,0
1986,4,9,1,0,0,0,7.2,-1.7,54,990,2.6,320,0
1986,4,9,2,0,0,0,8.3,-0.6,54,990,4.1,340,0
1986,4,9,3,0,0,0,7.8,-1.1,54,990,2.6,310,0
1986,4,9,4,0,0,0,7.2,0,61,990,2.6,350,0
1986,4,9,5,2,0,2,7.2,0,61,990,2.1,320,0
1986,4,9,6,44,2,43,7.8,0,58,990,3.1,330,0
1986,4,9,7,90,7,88,8.9,0.6,56,991,4.1,350,0
1986,4,9,8,198,8,194,8.9,-1.1,50,991,6.2,330,0
1986,4,9,9,291,7,286,8.9,-1.7,48,992,5.2,340,0
1986,4,9,10,526,269,317,10.6,-1.1,45,991,6.7,340,0
1986,4,9,11,259,4,256,10,-1.7,45,991,7.2,300,0
1986,4,9,12,538,173,392,10.6,0,48,991,5.2,340,0
1986,4,9,13,514,93,439,10.6,0,48,990,5.7,290,0
1986,4,9,14,432,59,390,10.6,-2.2,41,990,6.2,310,0
1986,4,9,15,303,49,275,10.6,-1.1,45,990,6.2,310,0
1986,4,9,16,193,101,152,9.4,-1.7,46,991,6.7,310,0
1986,4,9,17,119,99,97,8.9,-1.7,48,991,5.7,310,0
1986,4,9,18,19,12,18,7.8,-1.1,54,992,3.6,300,0
1986,4,9,19,0,0,0,7.2,-1.7,54,992,5.2,300,0
1986,4,9,20,0,0,0,6.7,-1.1,58,993,4.6,310,0
1986,4,9,21,0,0,0,6.1,-1.7,58,993,3.6,320,0
1986,4,9,22,0,0,0,5.6,-2.2,58,993,4.1,310,0
1986,4,9,23,0,0,0,5,-2.2,60,993,5.2,290,0
1986,4,10,0,0,0,0,4.4,-2.8,60,993,6.2,310,0
1986,4,10,1,0,0,0,4.4,-3.9,55,992,6.7,330,0
1986,4,10,2,0,0,0,4.4,-3.9,55,992,5.7,310,0
1986,4,10,3,0,0,0,4.4,-3.3,57,992,5.2,300,0
1986,4,10,4,0,0,0,3.3,-3.3,62,991,5.2,310,0
1986,4,10,5,4,2,4,3.9,-3.3,60,992,3.6,310,0
1986,4,10,6,73,67,63,4.4,-2.2,62,992,4.6,310,0
1986,4,10,7,149,58,129,5.6,-2.2,58,992,7.7,300,0
1986,4,10,8,334,263,196,7.2,-2.2,52,992,7.7,300,0
1986,4,10,9,597,493,266,7.8,-2.2,50,992,10.3,280,0
1986,4,10,10,389,153,269,7.8,-2.2,50,992,6.2,290,0
1986,4,10,11,341,3,339,6.7,-3.3,49,992,7.2,300,0
1986,4,10,12,473,171,328,8.9,-2.8,44,991,10.3,300,0
1986,4,10,13,436,120,339,7.8,-3.9,44,991,7.2,300,0
1986,4,10,14,264,7,259,7.8,-4.4,42,991,8.2,300,0
1986,4,10,15,267,57,234,8.3,-4.4,41,991,6.7,300,0
1986,4,10,16,207,37,192,7.2,-3.9,46,992,8.2,290,0
1986,4,10,17,53,26,47,6.7,-3.9,47,992,8.8,290,0
1986,4,10,18,21,4,20,6.1,-3.9,49,992,6.7,290,0
1986,4,10,19,0,0,0,6.1,-3.9,49,993,5.2,280,0
1986,4,10,20,0,0,0,6.1,-3.9,49,993,4.6,300,0
1986,4,10,21,0,0,0,5,-4.4,51,993,3.6,300,0
1986,4,10,22,0,0,0,3.9,-3.9,57,992,2.6,260,0
1986,4,10,23,0,0,0,2.2,-3.3,67,992,2.6,200,0
1986,4,11,0,0,0,0,3.3,-2.2,67,991,2.1,200,0
1986,4,11,1,0,0,0,3.9,0,76,991,2.1,250,0
1986,4,11,2,0,0,0,2.8,1.1,89,991,2.1,30,0
1986,4,11,3,0,0,0,3.3,1.7,89,990,4.1,300,0
1986,4,11,4,0,0,0,3.9,2.2,89,990,1.5,150,0
1986,4,11,5,4,0,4,3.3,2.8,96,990,1.5,120,0
1986,4,11,6,45,18,42,3.9,2.8,93,990,2.1,140,0
1986,4,11,7,116,5,114,4.4,2.8,89,990,2.1,220,0
1986,4,11,8,190,1,189,5,2.8,86,990,2.6,210,0
1986,4,11,9,169,10,162,5.6,2.2,79,991,3.1,270,0
1986,4,11,10,315,3,313,6.1,2.2,76,991,4.1,280,0
1986,4,11,11,387,3,385,7.8,1.1,63,991,6.2,300,0
1986,4,11,12,429,3,427,8.9,0.6,56,991,6.2,290,0
1986,4,11,13,400,3,398,9.4,0,52,990,5.7,290,0
1986,4,11,14,362,1,361,9.4,-0.6,50,991,5.2,300,0
1986,4,11,15,253,74,210,9.4,0,52,991,4.1,340,0
1986,4,11,16,199,5,197,9.4,-0.6,50,991,2.6,350,0
1986,4,11,17,80,0,80,8.9,0.6,56,991,1.5,140,0
1986,4,11,18,20,2,19,7.8,1.7,66,991,3.1,50,0
1986,4,11,19,0,0,0,7.2,1.1,66,992,3.6,40,0
1986,4,11,20,0,0,0,6.7,1.1,68,993,3.1,40,0
1986,4,11,21,0,0,0,6.7,1.7,71,993,2.1,20,0
1986,4,11,22,0,0,0,6.1,1.1,71,993,2.1,50,0
1986,4,11,23,0,0,0,5.6,1.7,76,993,2.1,160,0
1986,4,12,0,0,0,0,5.6,2.2,79,993,2.6,350,0
1986,4,12,1,0,0,0,5,1.7,79,993,1.5,340,0
1986,4,12,2,0,0,0,5,1.7,79,994,3.1,330,0
1986,4,12,3,0,0,0,3.3,1.1,86,994,2.1,340,0
1986,4,12,4,0,0,0,2.2,0.6,89,995,2.1,350,0
1986,4,12,5,8,23,6,1.7,0.6,92,996,1.5,350,0
1986,4,12,6,101,405,37,3.3,1.7,89,996,0,0,0
1986,4,12,7,303,652,73,7.8,1.1,63,996,4.1,340,0
1986,4,12,8,493,687,128,10,1.1,54,997,4.6,360,0
1986,4,12,9,657,698,183,11.1,1.1,51,999,5.2,320,0
1986,4,12,10,781,762,181,13.3,2.2,47,999,5.7,350,0
1986,4,12,11,892,809,205,15,0.6,38,998,6.7,330,0
1986,4,12,12,862,715,248,15.6,0.6,36,998,4.6,310,0
1986,4,12,13,834,721,246,16.7,0.6,34,998,4.1,330,0
1986,4,12,14,591,451,264,17.8,0.6,32,997,6.2,40,0
1986,4,12,15,546,615,184,17.2,1.1,34,997,5.7,40,0
1986,4,12,16,368,640,99,16.7,0.6,34,998,4.1,40,0
1986,4,12,17,170,532,48,15,0.6,38,998,4.1,50,0
1986,4,12,18,31,108,19,11.7,0.6,47,999,3.6,60,0
1986,4,12,19,0,0,0,9.4,0.6,54,1000,3.6,50,0
1986,4,12,20,0,0,0,8.3,0,56,1001,3.1,70,0
1986,4,12,21,0,0,0,6.7,-0.6,60,1001,1,140,0
1986,4,12,22,0,0,0,6.7,-1.1,58,1001,1.5,220,0
1986,4,12,23,0,0,0,3.3,-0.6,76,1002,1.5,260,0
1986,4,13,0,0,0,0,2.8,0,82,1002,2.6,40,0
1986,4,13,1,0,0,0,1.1,-0.6,89,1002,0,0,0
1986,4,13,2,0,0,0,1.1,0,92,1002,0,0,0
1986,4,13,3,0,0,0,0.6,0,96,1002,1.5,350,0
1986,4,13,4,0,0,0,0.6,-0.6,92,1002,2.1,40,0
1986,4,13,5,6,4,6,1.7,0.6,92,1003,3.1,350,0
1986,4,13,6,77,57,67,3.9,1.1,82,1003,2.6,10,0
1986,4,13,7,210,130,164,6.1,1.7,74,1004,2.6,350,0
1986,4,13,8,281,142,205,8.3,1.7,63,1004,2.1,360,0
1986,4,13,9,311,0,311,10,1.7,57,1004,1.5,60,0
1986,4,13,10,323,4,320,11.7,0.6,47,1004,2.6,70,0
1986,4,13,11,392,13,380,12.2,1.1,47,1004,2.1,130,0
1986,4,13,12,203,4,199,12.8,1.7,47,1004,2.6,120,0
1986,4,13,13,332,3,330,12.8,1.7,47,1004,1.5,140,0
1986,4,13,14,385,5,382,12.2,2.2,51,1004,1.5,310,0
1986,4,13,15,311,6,307,13.3,3.3,51,1003,2.6,50,0
1986,4,13,16,163,0,163,12.8,3.3,53,1003,2.6,100,0
1986,4,13,17,87,0,87,12.2,2.8,53,1004,4.1,90,0
1986,4,13,18,23,0,23,11.1,3.3,59,1004,3.1,70,0
1986,4,13,19,0,0,0,10.6,4.4,66,1005,3.1,80,0
1986,4,13,20,0,0,0,7.8,3.9,77,1005,2.6,60,0
1986,4,13,21,0,0,0,7.2,3.9,80,1006,2.1,80,0
1986,4,13,22,0,0,0,6.1,3.3,83,1006,2.6,30,0
1986,4,13,23,0,0,0,3.9,2.8,93,1007,1.5,10,0
1986,4,14,0,0,0,0,3.3,2.2,93,1007,0,0,0
1986,4,14,1,0,0,0,3.9,3.3,96,1007,2.1,20,0
1986,4,14,2,0,0,0,5,3.9,93,1007,2.1,350,0
1986,4,14,3,0,0,0,3.3,2.8,96,1007,2.6,30,0
1986,4,14,4,0,0,0,2.8,2.2,96,1007,2.6,340,0
1986,4,14,5,6,3,6,2.2,1.7,96,1008,1.5,10,0
1986,4,14,6,91,226,54,4.4,2.8,89,1008,2.1,350,0
1986,4,14,7,283,521,94,6.7,3.9,83,1009,2.1,10,0
1986,4,14,8,480,647,131,10.6,5.6,72,1009,2.6,360,0
1986,4,14,9,626,555,244,12.2,3.9,57,1009,3.1,10,0
1986,4,14,10,785,749,189,15.6,3.3,44,1008,2.6,60,0
1986,4,14,11,853,719,238,16.7,2.2,38,1008,3.1,150,0
1986,4,14,12,844,685,251,17.8,1.7,34,1007,3.6,110,0
1986,4,14,13,649,389,330,18.3,-0.6,28,1007,2.6,60,0
1986,4,14,14,630,404,336,18.3,2.2,34,1006,3.1,110,0
1986,4,14,15,318,68,277,18.3,2.2,34,1005,4.1,140,0
1986,4,14,16,189,43,170,18.3,1.7,33,1005,3.1,140,0
1986,4,14,17,77,5,75,17.2,2.8,38,1005,2.6,120,0
1986,4,14,18,22,0,22,14.4,4.4,51,1005,3.1,120,0
1986,4,14,19,0,0,0,13.3,5,57,1005,2.6,130,0
1986,4,14,20,0,0,0,12.8,5.6,62,1005,2.6,150,0
1986,4,14,21,0,0,0,11.7,5,64,1005,2.6,170,0
1986,4,14,22,0,0,0,10,4.4,69,1005,3.1,170,0
1986,4,14,23,0,0,0,9.4,5.6,77,1005,2.6,180,0
1986,4,15,0,0,0,0,8.9,5.6,80,1005,2.1,200,0
1986,4,15,1,0,0,0,6.7,4.4,86,1005,2.6,150,0
1986,4,15,2,0,0,0,9.4,4.4,71,1005,2.6,180,0
1986,4,15,3,0,0,0,9.4,5,74,1004,2.1,140,0
1986,4,15,4,0,0,0,8.3,6.1,86,1004,2.6,140,0
1986,4,15,5,3,0,3,8.3,6.7,89,1004,2.1,130,0
1986,4,15,6,54,4,53,8.9,7.2,89,1004,1.5,120,0
1986,4,15,7,126,4,125,9.4,7.2,86,1003,4.6,160,0
1986,4,15,8,123,2,122,10,8.3,90,1003,4.1,150,0
1986,4,15,9,286,3,284,10.6,8.9,90,1003,3.6,160,0
1986,4,15,10,343,3,340,11.1,8.9,86,1002,2.6,160,0
1986,4,15,11,463,2,461,11.7,8.9,83,1001,3.6,140,0
1986,4,15,12,250,1,248,11.1,10,93,1000,3.6,110,0
1986,4,15,13,416,1,415,12.2,10.6,90,999,3.6,130,0
1986,4,15,14,370,1,369,12.2,10,86,999,4.1,120,0
1986,4,15,15,276,0,276,12.2,10.6,90,998,3.1,100,0
1986,4,15,16,212,0,212,12.2,10.6,90,997,3.1,110,0
1986,4,15,17,57,1,57,11.7,10.6,93,997,3.1,100,0
1986,4,15,18,14,0,14,10.6,10,96,996,3.1,80,0
1986,4,15,19,0,0,0,8.9,8.3,96,996,7.7,30,0
1986,4,15,20,0,0,0,9.4,8.9,96,996,3.6,10,0
1986,4,15,21,0,0,0,9.4,9.4,100,995,4.6,50,0
1986,4,15,22,0,0,0,9.4,8.9,96,995,4.6,320,0
1986,4,15,23,0,0,0,8.3,7.8,96,995,4.6,320,0
1986,4,16,0,0,0,0,8.3,7.8,96,995,5.2,340,0
1986,4,16,1,0,0,0,7.8,7.2,96,995,5.7,330,0
1986,4,16,2,0,0,0,7.8,7.2,96,995,4.6,340,0
1986,4,16,3,0,0,0,7.8,6.7,93,994,4.1,330,0
1986,4,16,4,0,0,0,7.8,6.7,93,995,3.6,320,0
1986,4,16,5,10,0,10,7.8,6.7,93,995,4.1,340,0
1986,4,16,6,74,1,74,8.3,6.1,86,995,4.1,330,0
1986,4,16,7,98,0,98,8.3,6.1,86,995,5.2,340,0
1986,4,16,8,154,1,154,8.9,6.1,83,995,7.7,320,0
1986,4,16,9,333,1,332,8.9,5.6,80,995,6.2,310,0
1986,4,16,10,479,116,386,10,5,71,994,7.7,340,0
1986,4,16,11,539,202,365,10.6,5.6,72,994,8.8,330,0
1986,4,16,12,437,100,350,10.6,5,69,994,7.2,320,0
1986,4,16,13,535,221,352,10.6,5,69,994,6.2,320,0
1986,4,16,14,314,70,263,10.6,3.9,64,993,6.7,320,0
1986,4,16,15,306,10,300,9.4,3.3,66,993,6.2,330,0
1986,4,16,16,176,1,176,9.4,2.8,64,994,5.2,320,0
1986,4,16,17,53,1,53,7.8,3.9,77,994,5.2,310,0
1986,4,16,18,14,1,14,7.8,3.9,77,994,5.2,310,0
1986,4,16,19,0,0,0,6.1,3.9,86,994,5.7,320,0
1986,4,16,20,0,0,0,6.1,3.3,83,995,5.2,320,0
1986,4,16,21,0,0,0,6.1,3.3,83,995,4.6,310,0
1986,4,16,22,0,0,0,6.1,2.8,80,994,7.2,310,0
1986,4,16,23,0,0,0,5.6,2.8,83,994,6.7,310,0
1986,4,17,0,0,0,0,5.6,2.8,83,994,5.7,310,0
1986,4,17,1,0,0,0,5.6,2.8,83,994,4.1,320,0
1986,4,17,2,0,0,0,5.6,2.8,83,994,5.2,310,0
1986,4,17,3,0,0,0,5.6,2.8,83,994,5.2,330,0
1986,4,17,4,0,0,0,5.6,3.3,86,994,4.1,320,0
1986,4,17,5,5,0,5,5,3.9,93,994,4.6,330,0
1986,4,17,6,33,3,33,5,4.4,96,994,3.1,330,0
1986,4,17,7,90,3,89,5.6,5.6,100,995,3.1,330,0
1986,4,17,8,140,2,139,6.1,5.6,96,995,4.6,320,0
1986,4,17,9,214,1,213,7.2,6.7,96,995,5.2,340,0
1986,4,17,10,245,2,244,8.3,7.8,96,996,4.6,10,0
1986,4,17,11,249,1,248,8.3,7.8,96,996,4.1,350,0
1986,4,17,12,254,2,252,8.3,7.8,96,997,6.2,10,0
1986,4,17,13,440,0,440,8.3,7.2,93,998,7.2,20,0
1986,4,17,14,204,1,203,7.8,6.7,93,999,4.6,10,0
1986,4,17,15,185,1,185,7.2,6.7,96,1000,5.2,20,0
1986,4,17,16,122,1,121,7.2,6.1,93,1001,4.6,20,0
1986,4,17,17,62,1,61,7.2,6.1,93,1002,4.1,20,0
1986,4,17,18,16,0,16,7.2,6.1,93,1003,3.6,10,0
1986,4,17,19,0,0,0,7.2,6.1,93,1004,4.6,350,0
1986,4,17,20,0,0,0,7.2,6.1,93,1004,4.6,340,0
1986,4,17,21,0,0,0,7.2,5.6,89,1004,4.1,330,0
1986,4,17,22,0,0,0,7.2,5.6,89,1004,5.2,340,0
1986,4,17,23,0,0,0,7.8,5.6,86,1004,4.1,350,0
1986,4,18,0,0,0,0,7.8,5.6,86,1004,4.1,340,0
1986,4,18,1,0,0,0,7.2,5,86,1004,3.1,330,0
1986,4,18,2,0,0,0,6.7,5,89,1004,3.1,340,0
1986,4,18,3,0,0,0,7.8,5,83,1004,3.6,340,0
1986,4,18,4,0,0,0,6.7,4.4,86,1005,2.6,360,0
1986,4,18,5,12,5,11,7.8,5,83,1006,3.6,360,0
1986,4,18,6,105,239,61,9.4,5,74,1007,3.1,20,0
1986,4,18,7,332,723,58,12.8,6.1,64,1007,7.7,30,0
1986,4,18,8,498,724,96,13.9,6.7,62,1008,6.7,20,0
1986,4,18,9,669,713,168,15,7.2,60,1008,7.7,40,0
1986,4,18,10,639,409,308,16.1,7.8,58,1008,5.2,360,0
1986,4,18,11,795,638,241,17.8,8.9,56,1009,6.2,20,0
1986,4,18,12,635,383,299,18.3,7.8,50,1009,4.1,20,0
1986,4,18,13,594,362,293,17.8,7.8,52,1009,4.6,20,0
1986,4,18,14,426,249,242,19.4,7.8,47,1009,4.6,70,0
1986,4,18,15,509,535,185,18.3,7.8,50,1009,3.1,100,0
1986,4,18,16,385,752,57,19.4,6.7,44,1009,3.1,60,0
1986,4,18,17,174,532,43,18.9,5.6,42,1010,3.1,50,0
1986,4,18,18,38,173,20,15.6,5.6,52,1010,1.5,40,0
1986,4,18,19,0,0,0,12.2,5.6,64,1010,1.5,140,0
1986,4,18,20,0,0,0,10,6.1,77,1011,1.5,170,0
1986,4,18,21,0,0,0,6.7,5.6,93,1011,1.5,180,0
1986,4,18,22,0,0,0,7.2,5,86,1011,4.1,100,0
1986,4,18,23,0,0,0,10,5.6,74,1012,5.2,130,0
1986,4,19,0,0,0,0,10,4.4,69,1012,4.1,140,0
1986,4,19,1,0,0,0,7.8,2.8,71,1013,2.1,150,0
1986,4,19,2,0,0,0,6.1,2.8,80,1013,0,0,0
1986,4,19,3,0,0,0,2.8,2.2,96,1013,1.5,260,0
1986,4,19,4,0,0,0,2.8,1.7,93,1013,1.5,100,0
1986,4,19,5,18,64,12,1.1,0.6,96,1014,0,0,0
1986,4,19,6,134,503,39,6.1,3.9,86,1014,0,0,0
1986,4,19,7,343,736,60,11.7,3.9,59,1015,1.5,240,0
1986,4,19,8,551,843,80,13.3,1.7,45,1014,3.6,180,0
1986,4,19,9,728,898,94,16.1,1.7,38,1014,1.5,240,0
1986,4,19,10,861,923,111,17.2,3.9,41,1013,3.1,180,0
1986,4,19,11,944,924,139,18.9,3.3,36,1012,2.6,130,0
1986,4,19,12,947,944,118,20.6,5,36,1011,3.1,230,0
1986,4,19,13,826,867,102,21.7,4.4,33,1010,1,80,0
1986,4,19,14,735,842,110,22.2,3.9,30,1009,2.6,70,0
1986,4,19,15,573,786,96,22.2,2.8,28,1008,2.1,340,0
1986,4,19,16,373,565,125,22.8,3.3,28,1007,2.6,180,0
1986,4,19,17,153,231,95,22.2,2.2,27,1007,2.6,130,0
1986,4,19,18,36,111,24,18.3,2.8,36,1006,3.1,160,0
1986,4,19,19,0,0,0,15,3.9,48,1006,3.1,160,0
1986,4,19,20,0,0,0,13.9,3.9,51,1006,3.1,150,0
1986,4,19,21,0,0,0,13.3,3.3,51,1006,2.6,170,0
1986,4,19,22,0,0,0,12.2,3.3,55,1006,2.6,170,0
1986,4,19,23,0,0,0,10.6,3.3,61,1006,2.1,180,0
1986,4,20,0,0,0,0,10,3.9,66,1006,3.6,160,0
1986,4,20,1,0,0,0,10,4.4,69,1006,2.6,170,0
1986,4,20,2,0,0,0,8.9,3.9,71,1005,2.6,160,0
1986,4,20,3,0,0,0,10,4.4,69,1005,3.1,160,0
1986,4,20,4,0,0,0,10,4.4,69,1004,3.1,160,0
1986,4,20,5,14,20,12,9.4,3.9,69,1004,3.1,130,0
1986,4,20,6,118,360,48,10.6,3.3,61,1003,3.6,140,0
1986,4,20,7,303,558,86,12.8,3.9,55,1003,4.1,180,0
1986,4,20,8,199,17,190,15,4.4,50,1002,3.6,220,0
1986,4,20,9,707,769,161,16.7,5,46,1002,3.1,180,0
1986,4,20,10,831,802,177,18.9,5,40,1001,3.6,140,0
1986,4,20,11,750,402,399,21.1,6.1,38,1000,2.6,180,0
1986,4,20,12,438,13,427,21.1,6.7,39,999,4.6,150,0
1986,4,20,13,335,6,331,21.1,7.2,41,998,4.1,170,0
1986,4,20,14,325,3,323,21.1,8.3,44,996,2.1,140,0
1986,4,20,15,390,78,342,23.3,9.4,41,995,3.6,150,0
1986,4,20,16,280,202,191,23.9,10.6,43,994,3.1,140,0
1986,4,20,17,57,13,54,23.9,8.9,39,994,6.2,200,0
1986,4,20,18,18,4,17,22.2,6.7,37,993,4.6,160,0
1986,4,20,19,0,0,0,22.2,5,33,993,7.2,220,0
1986,4,20,20,0,0,0,21.1,5.6,36,994,5.2,230,0
1986,4,20,21,0,0,0,18.9,7.8,49,994,2.6,200,0
1986,4,20,22,0,0,0,18.3,7.8,50,993,3.6,180,0
1986,4,20,23,0,0,0,20,5.6,39,991,5.2,180,0
1986,4,21,0,0,0,0,19.4,6.1,42,991,4.6,210,0
1986,4,21,1,0,0,0,18.9,7.2,47,990,4.6,210,0
1986,4,21,2,0,0,0,18.9,7.2,47,990,5.2,200,0
1986,4,21,3,0,0,0,17.8,7.2,50,989,3.1,210,0
1986,4,21,4,0,0,0,17.8,8.3,54,989,4.1,180,0
1986,4,21,5,5,1,5,17.2,10.6,65,989,3.6,190,0
1986,4,21,6,43,5,42,16.7,12.2,75,988,6.2,180,0
1986,4,21,7,92,3,91,15.6,13.9,90,989,4.1,220,0
1986,4,21,8,203,4,201,16.7,13.9,84,988,4.1,220,0
1986,4,21,9,353,0,352,17.2,13.3,78,989,4.6,220,0
1986,4,21,10,244,4,241,15.6,9.4,67,990,5.2,320,0
1986,4,21,11,242,5,238,12.8,11.1,90,990,2.6,300,0
1986,4,21,12,787,467,374,15.6,9.4,67,990,9.3,310,0
1986,4,21,13,800,637,264,16.7,7.8,56,990,7.2,320,0
1986,4,21,14,752,643,271,17.2,6.7,50,990,7.2,320,0
1986,4,21,15,380,232,237,16.7,5.6,48,990,5.2,340,0
1986,4,21,16,207,91,167,16.7,5,46,990,4.6,340,0
1986,4,21,17,176,372,81,16.7,5,46,991,3.1,330,0
1986,4,21,18,36,130,22,14.4,5.6,56,991,2.1,340,0
1986,4,21,19,0,0,0,10,5.6,74,992,0,0,0
1986,4,21,20,0,0,0,8.3,5.6,83,992,1.5,140,0
1986,4,21,21,0,0,0,7.2,5.6,89,992,1.5,220,0
1986,4,21,22,0,0,0,7.2,5.6,89,992,1.5,230,0
1986,4,21,23,0,0,0,7.2,5.6,89,993,2.1,320,0
1986,4,22,0,0,0,0,6.1,5,93,993,2.1,50,0
1986,4,22,1,0,0,0,6.7,4.4,86,993,2.1,90,0
1986,4,22,2,0,0,0,6.7,4.4,86,993,1.5,70,0
1986,4,22,3,0,0,0,7.2,6.1,93,993,0,0,0
1986,4,22,4,0,0,0,7.8,6.7,93,994,2.6,320,0
1986,4,22,5,3,1,3,8.9,7.8,93,995,2.1,320,0
1986,4,22,6,69,7,68,8.9,7.8,93,995,3.1,330,0
1986,4,22,7,123,5,121,7.8,6.7,93,996,3.6,340,0
1986,4,22,8,130,10,124,7.8,6.7,93,996,2.6,10,0
1986,4,22,9,336,1,335,8.3,6.7,89,997,3.1,30,0
1986,4,22,10,349,4,346,8.9,7.8,93,997,3.1,40,0
1986,4,22,11,422,4,419,10,6.1,77,997,6.2,330,0
1986,4,22,12,240,0,240,9.4,4.4,71,997,4.1,10,0
1986,4,22,13,239,0,239,9.4,4.4,71,997,5.7,340,0
1986,4,22,14,354,2,353,8.9,3.9,71,998,7.7,320,0
1986,4,22,15,180,1,179,7.8,3.3,74,999,8.2,310,0
1986,4,22,16,116,1,115,6.1,3.3,83,1000,6.2,330,0
1986,4,22,17,64,1,64,5.6,2.8,83,1001,6.7,320,0
1986,4,22,18,16,0,16,5,1.7,79,1001,5.2,340,0
1986,4,22,19,0,0,0,5.6,0.6,71,1002,5.7,330,0
1986,4,22,20,0,0,0,5.6,0,68,1003,3.6,350,0
1986,4,22,21,0,0,0,5.6,-2.8,55,1003,6.2,310,0
1986,4,22,22,0,0,0,4.4,-6.1,47,1003,7.7,330,0
1986,4,22,23,0,0,0,3.9,-6.1,49,1003,7.2,320,0
1986,4,23,0,0,0,0,2.8,-5.6,55,1003,5.7,310,0
1986,4,23,1,0,0,0,2.2,-6.7,52,1003,7.7,320,0
1986,4,23,2,0,0,0,1.7,-6.7,54,1003,6.7,330,0
1986,4,23,3,0,0,0,1.1,-5,64,1003,9.8,320,0
1986,4,23,4,0,0,0,1.1,-3.9,70,1003,6.2,330,0
1986,4,23,5,17,0,17,1.7,-5,62,1004,6.2,340,0
1986,4,23,6,72,43,63,2.2,-4.4,62,1004,7.2,330,0
1986,4,23,7,211,195,134,3.3,-4.4,57,1005,8.2,330,0
1986,4,23,8,533,597,190,3.9,-3.9,57,1005,8.2,330,0
1986,4,23,9,681,741,148,6.7,-3.3,49,1006,8.8,330,0
1986,4,23,10,683,461,303,7.2,-3.9,46,1006,7.2,310,0
1986,4,23,11,897,642,330,8.9,-1.7,48,1005,9.3,330,0
1986,4,23,12,724,472,304,8.3,-3.3,44,1005,10.3,330,0
1986,4,23,13,380,11,370,8.3,-3.3,44,1005,7.7,310,0
1986,4,23,14,397,75,340,9.4,-2.8,43,1005,8.8,310,0
1986,4,23,15,354,79,305,10,-2.8,41,1005,9.8,320,0
1986,4,23,16,172,109,123,10,-2.8,41,1005,5.2,340,0
1986,4,23,17,73,6,72,10.6,-2.8,40,1005,4.6,320,0
1986,4,23,18,24,7,23,10.6,-3.9,36,1005,5.2,330,0
1986,4,23,19,0,0,0,9.4,-4.4,38,1006,5.2,320,0
1986,4,23,20,0,0,0,8.9,-4.4,39,1007,6.2,330,0
1986,4,23,21,0,0,0,8.9,-6.1,34,1007,7.2,320,0
1986,4,23,22,0,0,0,8.3,-6.7,34,1008,6.7,330,0
1986,4,23,23,0,0,0,7.8,-6.7,36,1009,6.7,340,0
1986,4,24,0,0,0,0,6.7,-7.8,35,1009,6.2,330,0
1986,4,24,1,0,0,0,5.6,-8.3,36,1009,5.2,330,0
1986,4,24,2,0,0,0,5,-8.3,38,1009,5.2,320,0
1986,4,24,3,0,0,0,4.4,-8.3,39,1009,4.1,330,0
1986,4,24,4,0,0,0,3.9,-7.8,43,1009,3.6,330,0
1986,4,24,5,23,64,16,3.9,-7.2,45,1010,4.1,330,0
1986,4,24,6,147,470,48,6.7,-5.6,42,1011,6.2,330,0
1986,4,24,7,356,698,75,8.9,-5,37,1011,8.2,330,0
1986,4,24,8,567,811,98,10.6,-4.4,35,1011,7.2,330,0
1986,4,24,9,745,872,114,12.8,-5.6,28,1011,7.7,340,0
1986,4,24,10,878,910,125,15,-3.3,28,1011,7.2,350,0
1986,4,24,11,951,926,131,16.1,-3.9,25,1010,7.7,330,0
1986,4,24,12,966,935,132,17.8,-3.9,23,1009,5.7,330,0
1986,4,24,13,909,922,127,18.9,-2.8,23,1008,6.7,320,0
1986,4,24,14,794,895,118,20,-3.3,21,1007,7.7,330,0
1986,4,24,15,594,784,108,20.6,-3.3,20,1006,6.7,330,0
1986,4,24,16,389,654,93,20.6,-3.9,19,1006,6.2,330,0
1986,4,24,17,191,468,68,19.4,-2.8,22,1005,4.6,320,0
1986,4,24,18,38,62,32,17.2,-1.7,28,1005,3.1,330,0
1986,4,24,19,0,0,0,15.6,-2.2,30,1005,2.1,300,0
1986,4,24,20,0,0,0,14.4,-1.1,35,1005,3.1,280,0
1986,4,24,21,0,0,0,12.8,-2.2,36,1005,2.6,300,0
1986,4,24,22,0,0,0,12.8,-2.2,36,1005,3.1,310,0
1986,4,24,23,0,0,0,12.8,-2.8,34,1005,4.1,310,0
1986,4,25,0,0,0,0,13.3,-3.3,32,1005,4.1,300,0
1986,4,25,1,0,0,0,11.7,-3.9,34,1004,3.1,320,0
1986,4,25,2,0,0,0,8.9,-2.8,44,1004,1.5,290,0
1986,4,25,3,0,0,0,10.6,-3.9,36,1004,0,0,0
1986,4,25,4,0,0,0,8.9,-3.3,42,1004,0,0,0
1986,4,25,5,27,116,15,7.8,-1.1,54,1005,0,0,0
1986,4,25,6,161,562,39,13.9,0.6,40,1005,3.1,340,0
1986,4,25,7,369,760,60,17.2,-1.7,28,1005,4.6,330,0
1986,4,25,8,580,816,105,19.4,-2.8,22,1005,6.2,310,0
1986,4,25,9,735,784,166,19.4,-2.2,23,1005,5.7,350,0
1986,4,25,10,651,443,283,21.1,-2.2,21,1004,5.2,350,0
1986,4,25,11,599,142,473,20,-1.7,23,1004,4.1,330,0
1986,4,25,12,312,22,292,17.2,3.3,40,1004,3.6,340,0
1986,4,25,13,291,9,283,19.4,2.2,32,1004,3.6,320,0
1986,4,25,14,404,103,326,20.6,0.6,27,1004,6.7,40,0
1986,4,25,15,266,11,259,19.4,1.1,30,1003,2.1,330,0
1986,4,25,16,135,1,134,18.9,3.9,37,1003,2.6,60,0
1986,4,25,17,64,3,64,16.7,5,46,1004,2.1,100,0
1986,4,25,18,34,0,34,15,7.2,60,1004,3.6,270,0
1986,4,25,19,0,0,0,15,5,52,1004,1.5,160,0
1986,4,25,20,0,0,0,12.8,6.1,64,1004,1.5,90,0
1986,4,25,21,0,0,0,11.7,6.1,69,1004,0,0,0
1986,4,25,22,0,0,0,10.6,6.7,77,1004,0,0,0
1986,4,25,23,0,0,0,8.9,6.1,83,1004,1.5,130,0
1986,4,26,0,0,0,0,7.8,6.1,89,1003,0,0,0
1986,4,26,1,0,0,0,6.1,5,93,1003,1.5,70,0
1986,4,26,2,0,0,0,5,3.9,93,1003,0,0,0
1986,4,26,3,0,0,0,5,3.9,93,1003,1.5,120,0
1986,4,26,4,0,0,0,3.3,2.8,96,1003,2.1,40,0
1986,4,26,5,21,9,20,3.9,2.8,93,1004,0,0,0
1986,4,26,6,125,242,72,11.1,7.2,77,1004,2.1,50,0
1986,4,26,7,308,419,136,15.6,8.3,62,1004,2.6,360,0
1986,4,26,8,465,391,236,20,7.2,44,1004,4.1,320,0
1986,4,26,9,712,605,271,20.6,7.2,42,1004,3.1,340,0
1986,4,26,10,807,642,272,23.3,7.2,36,1003,2.6,340,0
1986,4,26,11,870,648,293,25,6.1,30,1003,1.5,20,0
1986,4,26,12,873,670,271,25.6,6.1,29,1002,5.2,350,0
1986,4,26,13,764,453,377,26.1,7.2,30,1002,5.2,350,0
1986,4,26,14,624,361,349,25.6,7.8,32,1002,4.1,360,0
1986,4,26,15,527,446,248,25.6,8.3,34,1002,4.1,70,0
1986,4,26,16,293,228,189,23.3,9.4,41,1002,3.6,50,0
1986,4,26,17,137,172,91,23.3,8.3,38,1003,5.2,70,0
1986,4,26,18,32,16,30,21.1,8.3,44,1003,3.1,90,0
1986,4,26,19,0,0,0,18.9,8.3,51,1004,2.6,110,0
1986,4,26,20,0,0,0,18.3,8.3,52,1005,1.5,140,0
1986,4,26,21,0,0,0,16.1,9.4,65,1005,1.5,210,0
1986,4,26,22,0,0,0,14.4,9.4,72,1006,0,0,0
1986,4,26,23,0,0,0,13.3,9.4,78,1006,1.5,170,0
1986,4,27,0,0,0,0,13.3,9.4,78,1005,0,0,0
1986,4,27,1,0,0,0,11.7,8.9,83,1005,0,0,0
1986,4,27,2,0,0,0,10,8.3,90,1005,0,0,0
1986,4,27,3,0,0,0,8.9,7.8,93,1005,0,0,0
1986,4,27,4,0,0,0,7.8,6.7,93,1005,0,0,0
1986,4,27,5,30,121,17,8.3,7.8,96,1005,0,0,0
1986,4,27,6,162,557,38,12.2,9.4,83,1006,1.5,330,0
1986,4,27,7,356,721,57,17.2,11.1,68,1006,1.5,320,0
1986,4,27,8,574,850,74,21.1,11.1,53,1005,2.6,320,0
1986,4,27,9,744,899,86,23.3,11.1,46,1005,2.1,310,0
1986,4,27,10,866,923,94,25,11.1,42,1004,3.1,340,0
1986,4,27,11,882,884,92,26.1,10,36,1004,2.6,10,0
1986,4,27,12,895,853,128,26.7,10.6,37,1004,4.6,10,0
1986,4,27,13,861,823,157,27.2,10.6,35,1003,4.1,350,0
1986,4,27,14,797,894,116,27.8,11.7,37,1003,5.2,340,0
1986,4,27,15,633,771,149,27.2,11.1,37,1003,4.6,50,0
1986,4,27,16,250,139,186,27.2,10,34,1003,5.2,60,0
1986,4,27,17,202,506,64,26.1,10,36,1002,4.1,60,0
1986,4,27,18,49,190,30,23.3,10.6,45,1003,3.6,120,0
1986,4,27,19,0,0,0,21.1,12.2,57,1004,6.7,140,0
1986,4,27,20,0,0,0,18.9,12.2,65,1005,3.6,120,0
1986,4,27,21,0,0,0,17.2,12.2,73,1006,3.6,150,0
1986,4,27,22,0,0,0,15.6,12.2,81,1007,3.1,130,0
1986,4,27,23,0,0,0,13.9,11.1,84,1007,1.5,120,0
1986,4,28,0,0,0,0,12.2,10.6,90,1007,1.5,140,0
1986,4,28,1,0,0,0,10.6,10,96,1006,2.6,120,0
1986,4,28,2,0,0,0,10,9.4,96,1006,0,0,0
1986,4,28,3,0,0,0,9.4,8.9,96,1006,0,0,0
1986,4,28,4,0,0,0,8.9,8.9,100,1005,0,0,0
1986,4,28,5,23,24,20,8.3,7.8,96,1006,0,0,0
1986,4,28,6,140,322,67,12.2,11.1,93,1006,2.1,120,0
1986,4,28,7,340,553,108,17.2,11.7,70,1006,2.6,180,0
1986,4,28,8,542,675,143,19.4,10,55,1006,2.6,190,0
1986,4,28,9,714,744,168,21.7,11.1,51,1005,4.1,170,0
1986,4,28,10,844,787,184,23.9,10.6,43,1005,4.1,150,0
1986,4,28,11,913,805,192,24.4,11.1,43,1004,4.6,150,0
1986,4,28,12,932,798,212,24.4,10,40,1003,5.2,140,0
1986,4,28,13,880,773,217,25,10,39,1002,4.6,180,0
1986,4,28,14,757,756,180,25.6,10.6,39,1001,4.1,140,0
1986,4,28,15,592,702,150,25.6,11.1,41,1001,4.6,120,0
1986,4,28,16,391,592,117,25,11.1,42,1001,4.1,150,0
1986,4,28,17,186,387,79,23.9,11.1,45,1001,3.6,150,0
1986,4,28,18,39,67,32,22.2,10,46,1001,4.1,160,0
1986,4,28,19,0,0,0,19.4,10,55,1001,2.6,150,0
1986,4,28,20,0,0,0,19.4,9.4,53,1001,3.6,150,0
1986,4,28,21,0,0,0,18.3,9.4,56,1001,2.6,160,0
1986,4,28,22,0,0,0,17.8,10,61,1001,2.6,160,0
1986,4,28,23,0,0,0,16.7,10,65,1002,2.1,150,0
1986,4,29,0,0,0,0,16.7,10.6,67,1003,2.1,240,0
1986,4,29,1,0,0,0,16.1,10.6,70,1002,1.5,210,0
1986,4,29,2,0,0,0,15,11.7,81,1002,2.6,190,0
1986,4,29,3,0,0,0,13.9,10,78,1001,2.1,160,0
1986,4,29,4,0,0,0,11.7,9.4,86,1001,3.1,270,0
1986,4,29,5,24,22,21,13.3,11.1,87,1003,0,0,0
1986,4,29,6,137,241,81,15.6,11.1,75,1003,0,0,0
1986,4,29,7,220,217,128,17.8,11.7,68,1003,0,0,0
1986,4,29,8,299,170,198,20,12.8,63,1003,3.1,270,0
1986,4,29,9,648,598,206,21.7,12.8,57,1003,5.2,340,0
1986,4,29,10,287,1,286,21.7,12.2,55,1002,7.2,330,0
1986,4,29,11,513,187,345,22.2,8.3,41,1003,6.2,310,0
1986,4,29,12,984,871,195,23.9,9.4,40,1002,4.6,320,0
1986,4,29,13,894,928,96,25,7.8,33,1002,6.2,270,0
1986,4,29,14,773,892,89,25.6,5.6,28,1002,5.2,320,0
1986,4,29,15,617,854,78,25,2.8,24,1002,5.2,300,0
1986,4,29,16,427,786,62,25,3.3,25,1002,5.2,320,0
1986,4,29,17,218,631,43,24.4,2.8,24,1002,4.1,320,0
1986,4,29,18,50,270,22,21.7,4.4,33,1002,2.1,320,0
1986,4,29,19,0,0,0,15.6,7.8,60,1003,2.1,240,0
1986,4,29,20,0,0,0,12.8,7.8,72,1004,0,0,0
1986,4,29,21,0,0,0,12.8,5,60,1005,0,0,0
1986,4,29,22,0,0,0,13.3,3.9,53,1005,1.5,60,0
1986,4,29,23,0,0,0,10,5,71,1005,0,0,0
1986,4,30,0,0,0,0,9.4,5,74,1006,3.1,310,0
1986,4,30,1,0,0,0,11.7,3.3,57,1006,2.1,330,0
1986,4,30,2,0,0,0,10.6,3.9,64,1006,2.1,200,0
1986,4,30,3,0,0,0,9.4,3.3,66,1006,0,0,0
1986,4,30,4,0,0,0,7.8,3.3,74,1007,0,0,0
1986,4,30,5,31,114,20,6.7,3.3,80,1008,2.1,240,0
1986,4,30,6,172,529,48,11.1,7.2,77,1009,2.1,300,0
1986,4,30,7,383,732,72,17.8,5.6,45,1009,2.1,330,0
1986,4,30,8,592,813,106,19.4,3.3,35,1010,4.1,330,0
1986,4,30,9,792,812,191,20.6,2.2,30,1009,5.2,340,0
1986,4,30,10,904,882,160,21.7,2.2,28,1009,4.6,330,0
1986,4,30,11,964,924,131,22.8,1.7,25,1008,3.6,300,0
1986,4,30,12,856,769,159,23.3,2.8,26,1007,3.1,330,0
1986,4,30,13,863,784,188,24.4,3.9,26,1007,3.6,330,0
1986,4,30,14,762,714,213,25,4.4,27,1005,4.6,40,0
1986,4,30,15,670,845,134,25,4.4,27,1005,3.6,350,0
1986,4,30,16,359,402,171,25,2.8,24,1005,2.1,300,0
1986,4,30,17,171,166,125,24.4,3.9,26,1004,2.6,60,0
1986,4,30,18,48,154,32,22.8,4.4,30,1004,1.5,220,0
1986,4,30,19,0,0,0,16.1,7.2,56,1004,2.1,180,0
1986,4,30,20,0,0,0,14.4,6.7,60,1004,2.1,160,0
1986,4,30,21,0,0,0,13,6,65,1004,1.8,60,0
1986,4,30,22,0,0,0,11.5,5.3,70,1004,1.5,210,0
1986,4,30,23,0,0,0,10.1,4.6,70,1004,1.2,180,0
1987,5,1,0,0,0,0,8.7,3.8,47,1003,0.9,10,0
1987,5,1,1,0,0,0,7.3,3.1,59,1004,0.6,280,0
1987,5,1,2,0,0,0,5.8,2.4,73,1004,0.3,0,0
1987,5,1,3,0,0,0,4.4,1.7,82,1004,0,0,0
1987,5,1,4,0,0,0,3.3,2.2,93,1003,0,0,0
1987,5,1,5,22,30,19,2.2,1.1,93,1004,0,0,0
1987,5,1,6,165,411,67,8.3,1.7,63,1004,0,0,0
1987,5,1,7,271,259,160,11.7,0.6,47,1004,1.5,40,0
1987,5,1,8,391,227,255,13.9,-0.6,37,1004,2.1,360,0
1987,5,1,9,617,458,276,15,0,36,1003,1.5,270,0
1987,5,1,10,854,711,252,16.7,1.7,37,1002,2.6,250,0
1987,5,1,11,930,804,205,17.8,1.7,34,1001,2.6,220,0
1987,5,1,12,959,771,259,18.9,2.2,33,1001,2.1,150,0
1987,5,1,13,759,565,271,20.6,3.3,32,1000,4.6,170,0
1987,5,1,14,682,561,249,21.1,3.3,31,999,2.6,210,0
1987,5,1,15,499,408,240,21.7,4.4,33,998,2.6,210,0
1987,5,1,16,368,389,186,21.7,3.9,31,998,2.1,280,0
1987,5,1,17,167,182,116,20.6,5,36,998,2.1,270,0
1987,5,1,18,34,39,30,18.3,6.7,47,998,1.5,270,0
1987,5,1,19,0,0,0,15.6,6.1,54,998,3.6,170,0
1987,5,1,20,0,0,0,15.6,5.6,52,999,2.1,190,0
1987,5,1,21,0,0,0,12.2,7.2,72,999,0,0,0
1987,5,1,22,0,0,0,11.7,6.1,69,999,1.5,160,0
1987,5,1,23,0,0,0,12.8,6.1,64,1000,1.5,140,0
1987,5,2,0,0,0,0,12.2,8.3,77,1000,0,0,0
1987,5,2,1,0,0,0,10,7.2,83,999,1.5,70,0
1987,5,2,2,0,0,0,8.9,7.2,89,1000,1.5,180,0
1987,5,2,3,0,0,0,8.3,6.7,89,1000,1.5,210,0
1987,5,2,4,0,0,0,7.8,6.7,93,1000,0,0,0
1987,5,2,5,23,4,23,8.3,7.2,93,1000,2.1,150,0
1987,5,2,6,141,181,98,11.1,8.3,83,1001,2.6,310,0
1987,5,2,7,176,1,175,13.9,8.9,72,1000,2.1,180,0
1987,5,2,8,468,229,330,16.7,8.3,58,1001,2.1,360,0
1987,5,2,9,315,8,309,18.3,7.8,50,1002,4.1,330,0
1987,5,2,10,219,12,208,15,10,72,1002,4.6,20,0
1987,5,2,11,377,28,352,17.2,9.4,61,1001,5.2,20,0
1987,5,2,12,370,40,333,18.3,9.4,56,1001,4.6,30,0
1987,5,2,13,733,406,381,20,9.4,51,1001,2.6,30,0
1987,5,2,14,500,130,400,21.1,8.9,46,1000,4.1,40,0
1987,5,2,15,478,224,335,21.1,8.3,44,1000,2.6,40,0
1987,5,2,16,291,158,216,20.6,8.9,47,999,4.1,60,0
1987,5,2,17,142,163,95,20.6,9.4,49,1000,3.1,60,0
1987,5,2,18,29,28,26,18.3,9.4,56,1000,2.6,50,0
1987,5,2,19,0,0,0,16.7,10,65,1001,2.6,20,0
1987,5,2,20,0,0,0,14.4,10,75,1001,2.6,50,0
1987,5,2,21,0,0,0,12.8,10,83,1001,2.6,20,0
1987,5,2,22,0,0,0,12.8,10.6,87,1002,2.1,350,0
1987,5,2,23,0,0,0,11.7,8.9,83,1001,2.1,30,0
1987,5,3,0,0,0,0,11.1,10,93,1002,1.5,330,0
1987,5,3,1,0,0,0,10.6,10,96,1002,2.6,330,0
1987,5,3,2,0,0,0,12.2,10.6,90,1004,4.1,330,0
1987,5,3,3,0,0,0,12.2,11.1,93,1002,4.1,180,0
1987,5,3,4,0,0,0,12.2,10.6,90,1002,2.6,200,0
1987,5,3,5,31,70,24,11.1,10.6,96,1003,2.6,310,0
1987,5,3,6,144,279,76,13.3,11.7,90,1003,2.6,10,0
1987,5,3,7,365,632,90,16.1,12.2,78,1003,3.6,20,0
1987,5,3,8,547,660,147,18.3,12.2,68,1004,4.1,70,0
1987,5,3,9,712,772,134,20.6,13.3,63,1004,3.6,150,0
1987,5,3,10,873,882,121,22.2,13.9,59,1004,3.1,70,0
1987,5,3,11,923,882,123,23.3,14.4,58,1003,5.2,140,0
1987,5,3,12,672,362,341,24.4,15,56,1002,3.6,180,0
1987,5,3,13,649,284,403,25,15,54,1001,4.1,180,0
1987,5,3,14,342,5,338,23.3,15,60,1002,3.6,250,0
1987,5,3,15,159,5,156,20.6,16.1,76,1001,2.6,40,0
1987,5,3,16,126,10,121,20,17.8,87,1002,3.6,330,0
1987,5,3,17,46,6,45,16.7,15.6,93,1002,4.6,340,0
1987,5,3,18,14,3,13,13.9,12.8,93,1003,6.7,360,0
1987,5,3,19,0,0,0,11.7,11.1,96,1004,4.1,350,0
1987,5,3,20,0,0,0,11.1,10,93,1005,6.7,30,0
1987,5,3,21,0,0,0,11.1,9.4,90,1006,5.7,30,0
1987,5,3,22,0,0,0,11.1,9.4,90,1007,5.2,20,0
1987,5,3,23,0,0,0,10.6,9.4,93,1007,6.7,30,0
1987,5,4,0,0,0,0,10.6,8.9,90,1007,5.7,40,0
1987,5,4,1,0,0,0,10,8.9,93,1007,3.6,40,0
1987,5,4,2,0,0,0,9.4,8.9,96,1007,4.6,20,0
1987,5,4,3,0,0,0,9.4,8.9,96,1007,4.6,30,0
1987,5,4,4,0,0,0,9.4,8.9,96,1007,4.1,20,0
1987,5,4,5,13,0,13,9.4,8.3,93,1009,4.1,20,0
1987,5,4,6,42,4,41,8.9,8.3,96,1010,4.1,350,0
1987,5,4,7,107,0,107,8.9,8.3,96,1011,6.7,50,0
1987,5,4,8,155,2,153,8.9,8.3,96,1011,4.6,50,0
1987,5,4,9,231,2,229,9.4,7.8,90,1012,5.2,30,0
1987,5,4,10,241,0,240,9.4,7.8,90,1012,4.6,30,0
1987,5,4,11,249,1,248,10,8.9,93,1012,4.1,30,0
1987,5,4,12,466,2,464,10.6,8.3,86,1012,5.2,40,0
1987,5,4,13,406,1,405,11.1,7.2,77,1012,6.2,20,0
1987,5,4,14,368,1,367,11.1,7.8,80,1012,5.2,20,0
1987,5,4,15,297,2,296,11.7,7.8,77,1012,4.6,10,0
1987,5,4,16,214,0,214,10.6,7.2,80,1013,4.6,10,0
1987,5,4,17,108,0,108,10.6,7.2,80,1013,7.2,20,0
1987,5,4,18,32,0,32,10,6.7,80,1013,4.6,40,0
1987,5,4,19,0,0,0,9.4,6.7,83,1014,3.1,40,0
1987,5,4,20,0,0,0,9.4,6.1,80,1014,2.6,20,0
1987,5,4,21,0,0,0,8.3,5.6,83,1014,4.6,30,0
1987,5,4,22,0,0,0,6.7,5,89,1014,3.1,30,0
1987,5,4,23,0,0,0,5.6,4.4,93,1014,2.1,360,0
1987,5,5,0,0,0,0,3.9,3.3,96,1014,0,0,0
1987,5,5,1,0,0,0,2.8,2.8,100,1014,0,0,0
1987,5,5,2,0,0,0,2.8,2.2,96,1014,1.5,330,0
1987,5,5,3,0,0,0,2.2,1.7,96,1014,1.5,20,0
1987,5,5,4,0,0,0,3.3,1.7,89,1013,0,0,0
1987,5,5,5,26,40,22,2.2,1.7,96,1013,0,0,0
1987,5,5,6,163,399,62,5.6,4.4,93,1013,0,0,0
1987,5,5,7,362,604,96,9.4,5.6,77,1013,3.6,310,0
1987,5,5,8,584,749,126,11.7,6.1,69,1013,3.6,330,0
1987,5,5,9,745,664,245,13.9,6.1,60,1012,3.6,350,0
1987,5,5,10,789,573,299,14.4,6.1,58,1012,5.2,340,0
1987,5,5,11,826,511,360,15.6,3.9,46,1011,5.2,350,0
1987,5,5,12,241,8,234,14.4,5,53,1010,5.2,10,0
1987,5,5,13,591,177,437,15.6,4.4,48,1010,4.1,340,0
1987,5,5,14,645,522,239,16.7,3.9,43,1009,5.2,330,0
1987,5,5,15,600,698,150,18.3,3.3,37,1008,5.2,340,0
1987,5,5,16,369,405,175,17.8,2.8,37,1007,4.1,20,0
1987,5,5,17,204,391,89,17.2,3.3,40,1007,2.1,310,0
1987,5,5,18,38,117,27,15.6,3.3,44,1007,2.1,170,0
1987,5,5,19,0,0,0,12.2,3.9,57,1007,2.6,160,0
1987,5,5,20,0,0,0,10,5,71,1007,2.6,190,0
1987,5,5,21,0,0,0,10,5.6,74,1007,3.6,190,0
1987,5,5,22,0,0,0,8.9,5,77,1007,2.1,70,0
1987,5,5,23,0,0,0,9.4,5,74,1008,4.6,360,0
1987,5,6,0,0,0,0,7.8,5.6,86,1008,2.6,20,0
1987,5,6,1,0,0,0,5,4.4,96,1007,2.1,210,0
1987,5,6,2,0,0,0,5.6,4.4,93,1007,0,0,0
1987,5,6,3,0,0,0,3.3,3.3,100,1006,0,0,0
1987,5,6,4,0,0,0,3.3,2.8,96,1006,0,0,0
1987,5,6,5,33,68,26,4.4,3.9,96,1007,1.5,90,0
1987,5,6,6,172,412,67,8.3,6.7,89,1007,0,0,0
1987,5,6,7,376,614,103,12.8,6.7,67,1007,2.1,10,0
1987,5,6,8,578,725,132,16.1,6.7,54,1007,3.1,260,0
1987,5,6,9,751,789,154,17.8,3.3,38,1006,4.1,280,0
1987,5,6,10,835,734,205,20,3.3,33,1006,4.1,330,0
1987,5,6,11,927,688,298,21.1,3.3,31,1005,4.6,290,0
1987,5,6,12,904,611,342,21.7,2.8,29,1004,3.6,270,0
1987,5,6,13,586,281,341,22.2,3.3,29,1004,3.6,270,0
1987,5,6,14,693,485,314,23.3,2.8,26,1003,6.2,270,0
1987,5,6,15,602,581,226,23.9,2.8,25,1002,6.2,260,0
1987,5,6,16,348,356,177,23.3,3.9,28,1002,4.1,280,0
1987,5,6,17,195,142,153,21.7,6.7,38,1002,4.6,220,0
1987,5,6,18,43,45,38,18.9,6.7,45,1002,3.1,200,0
1987,5,6,19,1,0,1,16.7,6.7,52,1002,3.6,190,0
1987,5,6,20,0,0,0,14.4,7.2,62,1003,0,0,0
1987,5,6,21,0,0,0,11.7,7.8,77,1003,1.5,140,0
1987,5,6,22,0,0,0,10.6,7.2,80,1003,1.5,60,0
1987,5,6,23,0,0,0,10,6.7,80,1003,1.5,140,0
1987,5,7,0,0,0,0,8.9,7.2,89,1003,0,0,0
1987,5,7,1,0,0,0,7.8,6.7,93,1002,0,0,0
1987,5,7,2,0,0,0,6.1,5,93,1002,1.5,190,0
1987,5,7,3,0,0,0,6.1,5,93,1002,0,0,0
1987,5,7,4,0,0,0,5.6,5,96,1002,0,0,0
1987,5,7,5,38,37,34,6.7,5.6,93,1003,0,0,0
1987,5,7,6,182,271,112,11.1,8.9,86,1003,0,0,0
1987,5,7,7,367,507,141,17.2,8.9,58,1003,1.5,200,0
1987,5,7,8,564,687,140,20,6.7,42,1003,2.1,210,0
1987,5,7,9,741,785,145,21.7,5,34,1003,4.1,280,0
1987,5,7,10,850,844,124,23.3,5,31,1002,2.6,260,0
1987,5,7,11,936,866,143,24.4,4.4,28,1002,3.6,260,0
1987,5,7,12,973,907,137,25,5,28,1001,4.1,290,0
1987,5,7,13,869,789,178,26.1,5.6,27,1001,5.2,280,0
1987,5,7,14,641,559,204,26.1,5.6,27,1000,3.1,260,0
1987,5,7,15,586,626,179,26.1,5,26,1000,5.2,290,0
1987,5,7,16,425,691,91,25.6,5.6,28,1000,4.6,340,0
1987,5,7,17,215,317,120,22.2,7.2,38,1001,4.1,350,0
1987,5,7,18,32,15,30,20.6,7.2,42,1001,3.6,10,0
1987,5,7,19,0,0,0,19.4,6.7,44,1002,4.6,360,0
1987,5,7,20,0,0,0,17.8,5.6,45,1003,4.1,350,0
1987,5,7,21,0,0,0,17.2,6.1,48,1003,2.1,340,0
1987,5,7,22,0,0,0,16.1,4.4,46,1003,3.6,330,0
1987,5,7,23,0,0,0,15,3.9,48,1004,2.6,340,0
1987,5,8,0,0,0,0,13.9,4.4,53,1004,2.6,10,0
1987,5,8,1,0,0,0,13.3,5.6,60,1004,2.1,340,0
1987,5,8,2,0,0,0,12.8,6.7,67,1004,3.1,30,0
1987,5,8,3,0,0,0,11.7,9.4,86,1004,0,0,0
1987,5,8,4,0,0,0,11.7,10,90,1004,2.6,360,0
1987,5,8,5,24,12,23,10,9.4,96,1005,1.5,330,0
1987,5,8,6,145,194,95,11.1,10,93,1006,2.6,330,0
1987,5,8,7,355,480,139,14.4,10.6,78,1006,2.6,360,0
1987,5,8,8,465,252,308,16.1,9.4,65,1006,3.6,340,0
1987,5,8,9,654,313,416,17.2,9.4,61,1006,4.1,330,0
1987,5,8,10,831,583,329,18.3,6.1,45,1006,4.6,350,0
1987,5,8,11,876,541,379,19.4,2.8,33,1006,3.6,330,0
1987,5,8,12,810,453,392,19.4,1.1,30,1006,4.6,340,0
1987,5,8,13,663,379,330,20.6,1.7,29,1005,3.6,340,0
1987,5,8,14,805,650,295,20.6,1.1,28,1005,5.2,310,0
1987,5,8,15,536,439,251,21.1,0.6,26,1005,7.2,320,0
1987,5,8,16,346,333,184,20.6,-0.6,24,1005,4.1,310,0
1987,5,8,17,183,255,107,20,-1.1,24,1005,4.1,320,0
1987,5,8,18,44,51,38,17.8,-0.6,29,1005,3.6,320,0
1987,5,8,19,1,0,1,12.8,0.6,44,1005,2.1,290,0
1987,5,8,20,0,0,0,11.1,1.7,53,1006,1.5,270,0
1987,5,8,21,0,0,0,8.3,2.8,68,1007,1.5,260,0
1987,5,8,22,0,0,0,7.8,2.2,68,1007,0,0,0
1987,5,8,23,0,0,0,6.7,2.2,74,1007,1.5,300,0
1987,5,9,0,0,0,0,5.6,2.8,83,1007,0,0,0
1987,5,9,1,0,0,0,4.4,2.8,89,1007,1.5,150,0
1987,5,9,2,0,0,0,3.9,2.2,89,1007,1.5,200,0
1987,5,9,3,0,0,0,3.9,2.2,89,1008,1.5,170,0
1987,5,9,4,0,0,0,2.8,2.2,96,1009,1.5,170,0
1987,5,9,5,43,217,22,3.9,2.8,93,1009,0,0,0
1987,5,9,6,208,609,47,9.4,5,74,1010,2.1,170,0
1987,5,9,7,419,777,68,15.6,6.7,56,1010,1.5,240,0
1987,5,9,8,578,768,100,18.9,3.3,36,1010,0,0,0
1987,5,9,9,677,740,112,21.1,2.2,29,1010,4.6,300,0
1987,5,9,10,778,601,259,22.8,3.3,28,1009,3.6,320,0
1987,5,9,11,909,816,159,23.3,2.8,26,1009,3.1,270,0
1987,5,9,12,904,761,201,23.9,2.2,24,1008,6.2,250,0
1987,5,9,13,870,705,250,25.6,3.9,25,1007,5.7,200,0
1987,5,9,14,735,712,175,25.6,3.9,25,1006,4.6,210,0
1987,5,9,15,603,741,119,26.1,5.6,27,1005,6.7,200,0
1987,5,9,16,437,720,86,25.6,5.6,28,1004,5.7,200,0
1987,5,9,17,234,517,77,24.4,5.6,30,1004,4.1,190,0
1987,5,9,18,59,251,32,22.2,6.1,35,1004,2.6,180,0
1987,5,9,19,1,4,1,19.4,5.6,40,1004,3.1,170,0
1987,5,9,20,0,0,0,17.8,5.6,45,1005,2.6,180,0
1987,5,9,21,0,0,0,15,6.1,56,1005,0,0,0
1987,5,9,22,0,0,0,14.4,6.1,58,1005,2.6,170,0
1987,5,9,23,0,0,0,13.3,5.6,60,1005,3.1,160,0
1987,5,10,0,0,0,0,11.7,6.1,69,1005,1.5,160,0
1987,5,10,1,0,0,0,11.7,5.6,66,1005,1.5,200,0
1987,5,10,2,0,0,0,10.6,6.1,74,1005,1.5,190,0
1987,5,10,3,0,0,0,10,5.6,74,1005,1.5,150,0
1987,5,10,4,0,0,0,7.8,5.6,86,1005,1.5,150,0
1987,5,10,5,33,39,29,7.8,6.1,89,1005,1.5,150,0
1987,5,10,6,170,325,83,13.3,8.3,72,1006,2.6,190,0
1987,5,10,7,373,510,142,18.9,9.4,55,1006,1.5,190,0
1987,5,10,8,561,586,195,23.9,9.4,40,1006,3.1,220,0
1987,5,10,9,716,693,186,26.1,8.3,33,1006,4.6,280,0
1987,5,10,10,883,772,214,27.2,8.9,32,1005,6.2,290,0
1987,5,10,11,945,791,217,28.3,9.4,31,1005,5.2,260,0
1987,5,10,12,917,747,225,28.9,10,31,1004,3.6,270,0
1987,5,10,13,825,624,275,29.4,9.4,29,1004,3.6,240,0
1987,5,10,14,757,636,256,30.6,9.4,27,1003,5.2,280,0
1987,5,10,15,575,515,237,30.6,8.9,26,1003,5.2,260,0
1987,5,10,16,412,568,134,30,10.6,30,1002,4.6,200,0
1987,5,10,17,203,377,88,28.3,10.6,33,1003,4.1,200,0
1987,5,10,18,49,88,39,25,11.1,42,1003,3.1,210,0
1987,5,10,19,1,0,1,21.7,11.1,51,1004,2.6,200,0
1987,5,10,20,0,0,0,19.4,11.1,59,1004,2.1,180,0
1987,5,10,21,0,0,0,17.8,11.1,65,1005,2.6,180,0
1987,5,10,22,0,0,0,16.1,11.1,72,1005,1.5,180,0
1987,5,10,23,0,0,0,14.4,11.1,81,1005,0,0,0
1987,5,11,0,0,0,0,13.3,10.6,83,1005,0,0,0
1987,5,11,1,0,0,0,11.7,10,90,1004,2.1,240,0
1987,5,11,2,0,0,0,11.7,10,90,1005,0,0,0
1987,5,11,3,0,0,0,11.7,10,90,1005,0,0,0
1987,5,11,4,0,0,0,11.1,10,93,1005,0,0,0
1987,5,11,5,45,212,24,11.7,10.6,93,1006,0,0,0
1987,5,11,6,209,581,52,15,12.2,84,1006,0,0,0
1987,5,11,7,414,759,67,21.1,13.3,61,1006,0,0,0
1987,5,11,8,615,846,85,25.6,12.2,44,1006,2.1,220,0
1987,5,11,9,780,889,98,28.3,12.2,37,1006,3.6,200,0
1987,5,11,10,904,920,106,29.4,8.9,28,1005,2.6,260,0
1987,5,11,11,921,888,101,30,8.3,26,1005,2.6,260,0
1987,5,11,12,912,844,128,30.6,8.9,26,1004,2.6,240,0
1987,5,11,13,845,840,104,31.7,8.9,24,1003,2.6,230,0
1987,5,11,14,787,883,89,31.7,10,26,1003,4.6,220,0
1987,5,11,15,606,789,88,31.1,10,27,1002,3.6,220,0
1987,5,11,16,455,779,71,30.6,10.6,29,1001,5.7,190,0
1987,5,11,17,248,641,51,28.9,10.6,32,1001,4.6,190,0
1987,5,11,18,64,218,39,26.1,11.7,41,1001,3.6,180,0
1987,5,11,19,2,7,1,23.9,12.2,48,1001,3.6,170,0
1987,5,11,20,0,0,0,23.3,12.8,52,1002,4.1,170,0
1987,5,11,21,0,0,0,22.8,13.3,55,1002,5.7,190,0
1987,5,11,22,0,0,0,21.1,13.3,61,1002,4.6,180,0
1987,5,11,23,0,0,0,20.6,13.3,63,1001,4.6,180,0
1987,5,12,0,0,0,0,20,12.8,63,1001,4.6,190,0
1987,5,12,1,0,0,0,18.9,12.8,68,1001,4.1,190,0
1987,5,12,2,0,0,0,17.8,12.2,70,1001,3.1,200,0
1987,5,12,3,0,0,0,17.2,11.7,70,1001,3.1,170,0
1987,5,12,4,0,0,0,17.8,12.2,70,1001,3.6,180,0
1987,5,12,5,28,6,27,17.8,12.2,70,1001,3.6,190,0
1987,5,12,6,142,139,104,18.9,12.8,68,1002,3.1,200,0
1987,5,12,7,346,312,202,21.7,13.9,61,1002,3.6,190,0
1987,5,12,8,559,564,204,24.4,15,56,1002,2.6,150,0
1987,5,12,9,737,713,189,27.8,15.6,47,1002,2.6,240,0
1987,5,12,10,866,759,206,28.9,13.9,40,1002,5.2,300,0
1987,5,12,11,892,735,213,29.4,12.8,36,1002,5.7,280,0
1987,5,12,12,752,538,252,30,13.3,36,1002,5.7,230,0
1987,5,12,13,612,224,414,31.1,13.9,35,1001,5.2,210,0
1987,5,12,14,482,218,309,31.1,13.9,35,1001,3.6,170,0
1987,5,12,15,328,71,282,23.3,16.1,64,1002,5.2,340,0
1987,5,12,16,80,3,79,20,18.3,90,1003,3.1,290,0
1987,5,12,17,101,18,96,20.6,18.9,90,1003,2.1,360,0
1987,5,12,18,46,12,44,20,18.9,93,1004,2.6,340,0
1987,5,12,19,0,0,0,19.4,18.3,93,1005,3.1,30,0
1987,5,12,20,0,0,0,20,18.3,90,1006,4.1,20,0
1987,5,12,21,0,0,0,18.9,15.6,81,1007,3.6,70,0
1987,5,12,22,0,0,0,18.3,14.4,78,1008,3.6,30,0
1987,5,12,23,0,0,0,17.8,13.3,75,1008,3.6,30,0
1987,5,13,0,0,0,0,17.2,12.8,75,1009,4.1,360,0
1987,5,13,1,0,0,0,16.1,7.8,58,1009,6.2,30,0
1987,5,13,2,0,0,0,15.6,5,50,1010,6.2,30,0
1987,5,13,3,0,0,0,15,5.6,54,1010,4.6,40,0
1987,5,13,4,0,0,0,14.4,5.6,56,1012,2.6,10,0
1987,5,13,5,32,4,31,13.9,6.1,60,1012,3.6,20,0
1987,5,13,6,146,149,105,14.4,7.2,62,1013,3.6,360,0
1987,5,13,7,110,8,106,15,7.2,60,1014,5.2,40,0
1987,5,13,8,428,333,218,17.8,8.3,54,1014,3.6,70,0
1987,5,13,9,315,5,311,17.8,8.9,56,1015,3.6,70,0
1987,5,13,10,335,9,327,18.9,9.4,55,1015,5.7,70,0
1987,5,13,11,429,7,422,18.9,7.8,49,1015,4.1,120,0
1987,5,13,12,428,5,424,18.3,7.8,50,1015,5.7,120,0
1987,5,13,13,368,0,368,17.8,7.8,52,1015,6.2,120,0
1987,5,13,14,329,2,327,18.9,8.9,53,1014,4.1,80,0
1987,5,13,15,276,1,276,18.9,8.9,53,1014,3.6,90,0
1987,5,13,16,184,3,182,18.3,8.9,54,1014,4.6,120,0
1987,5,13,17,103,0,103,17.2,8.3,56,1014,3.1,110,0
1987,5,13,18,40,0,40,15.6,7.8,60,1015,3.1,130,0
1987,5,13,19,2,0,2,14.4,7.8,65,1015,3.1,100,0
1987,5,13,20,0,0,0,13.9,6.1,60,1015,3.6,140,0
1987,5,13,21,0,0,0,12.8,6.7,67,1016,3.1,130,0
1987,5,13,22,0,0,0,13.3,5,57,1016,4.1,80,0
1987,5,13,23,0,0,0,12.2,3.9,57,1016,3.6,110,0
1987,5,14,0,0,0,0,12.2,3.3,55,1015,3.1,120,0
1987,5,14,1,0,0,0,12.2,4.4,59,1015,1.5,200,0
1987,5,14,2,0,0,0,12.2,5.6,64,1014,1.5,160,0
1987,5,14,3,0,0,0,11.7,6.7,72,1014,2.6,120,0
1987,5,14,4,0,0,0,11.7,7.2,74,1014,2.1,120,0
1987,5,14,5,23,0,23,12.2,7.8,75,1014,3.1,130,0
1987,5,14,6,101,3,100,12.2,8.9,80,1015,1.5,150,0
1987,5,14,7,182,8,178,12.8,8.9,77,1015,2.1,230,0
1987,5,14,8,282,8,277,13.9,10,78,1015,0,0,0
1987,5,14,9,294,8,288,15.6,10.6,72,1014,3.6,110,0
1987,5,14,10,372,5,368,16.7,11.7,73,1014,4.1,160,0
1987,5,14,11,373,0,373,17.8,12.2,70,1014,0,0,0
1987,5,14,12,667,215,466,18.9,13.3,70,1013,2.6,140,0
1987,5,14,13,401,8,394,19.4,13.3,68,1012,4.6,180,0
1987,5,14,14,334,4,331,20,13.9,68,1011,4.6,160,0
1987,5,14,15,234,7,230,20,14.4,71,1010,6.2,140,0
1987,5,14,16,151,6,148,19.4,15,76,1009,5.7,160,0
1987,5,14,17,105,2,104,18.9,14.4,76,1009,3.1,150,0
1987,5,14,18,39,0,39,18.3,14.4,78,1009,4.1,160,0
1987,5,14,19,3,0,3,17.8,15,84,1008,3.6,160,0
1987,5,14,20,0,0,0,17.8,15,84,1007,4.1,160,0
1987,5,14,21,0,0,0,17.8,15.6,87,1009,4.1,190,0
1987,5,14,22,0,0,0,17.8,15.6,87,1008,3.6,170,0
1987,5,14,23,0,0,0,16.7,15,90,1007,3.6,170,0
1987,5,15,0,0,0,0,16.1,15,93,1006,4.1,170,0
1987,5,15,1,0,0,0,16.7,15.6,93,1005,4.1,170,0
1987,5,15,2,0,0,0,16.7,15.6,93,1004,3.6,210,0
1987,5,15,3,0,0,0,16.7,15.6,93,1003,4.6,170,0
1987,5,15,4,0,0,0,16.7,15.6,93,1004,1.5,300,0
1987,5,15,5,26,0,26,16.1,15.6,97,1004,1.5,140,0
1987,5,15,6,126,0,125,17.2,16.1,93,1004,2.6,150,0
1987,5,15,7,213,1,213,17.8,16.7,93,1005,3.6,180,0
1987,5,15,8,173,1,172,18.3,17.2,93,1005,4.6,200,0
1987,5,15,9,213,1,212,17.8,17.2,97,1005,5.2,180,0
1987,5,15,10,444,0,444,18.3,17.2,93,1004,4.1,180,0
1987,5,15,11,927,733,246,21.1,18.9,87,1004,4.6,190,0
1987,5,15,12,949,742,256,23.3,19.4,79,1003,3.6,210,0
1987,5,15,13,887,738,231,25,19.4,71,1003,4.6,190,0
1987,5,15,14,222,77,161,26.1,18.9,65,1001,3.1,200,0
1987,5,15,15,602,621,189,24.4,18.3,69,1002,2.6,40,0
1987,5,15,16,419,625,106,26.1,14.4,49,1002,5.2,350,0
1987,5,15,17,256,640,53,24.4,10.6,42,1003,4.1,330,0
1987,5,15,18,73,340,30,22.2,9.4,44,1003,4.1,330,0
1987,5,15,19,5,12,3,20.6,9.4,49,1005,4.6,340,0
1987,5,15,20,0,0,0,18.3,7.8,50,1006,2.6,340,0
1987,5,15,21,0,0,0,16.1,8.9,63,1006,2.6,340,0
1987,5,15,22,0,0,0,14.4,8.9,70,1007,1.5,350,0
1987,5,15,23,0,0,0,12.2,8.9,80,1008,2.6,30,0
1987,5,16,0,0,0,0,11.1,8.3,83,1008,1.5,20,0
1987,5,16,1,0,0,0,10.6,7.2,80,1009,1.5,350,0
1987,5,16,2,0,0,0,8.9,6.7,86,1009,2.6,20,0
1987,5,16,3,0,0,0,8.9,6.1,83,1009,2.6,10,0
1987,5,16,4,0,0,0,8.9,6.1,83,1010,2.6,340,0
1987,5,16,5,36,27,33,8.9,6.7,86,1010,3.1,20,0
1987,5,16,6,170,264,96,12.2,7.2,72,1011,3.1,340,0
1987,5,16,7,364,455,151,13.9,6.1,60,1011,3.6,360,0
1987,5,16,8,563,575,197,15.6,5,50,1012,2.6,50,0
1987,5,16,9,734,650,230,17.2,5.6,46,1012,2.6,360,0
1987,5,16,10,860,695,251,18.3,5.6,43,1011,2.1,310,0
1987,5,16,11,928,717,261,19.4,5.6,40,1011,2.6,340,0
1987,5,16,12,937,721,262,20,5.6,39,1010,2.1,350,0
1987,5,16,13,883,707,253,21.7,6.1,37,1009,2.6,290,0
1987,5,16,14,776,656,252,21.7,4.4,33,1009,3.1,210,0
1987,5,16,15,614,593,219,22.8,5.6,33,1008,2.6,230,0
1987,5,16,16,421,482,178,22.2,5.6,34,1007,3.1,230,0
1987,5,16,17,213,312,113,21.7,6.1,37,1007,3.6,200,0
1987,5,16,18,58,60,51,18.9,8.3,51,1007,3.6,160,0
1987,5,16,19,1,0,1,15.6,7.8,60,1007,2.6,190,0
1987,5,16,20,0,0,0,14.4,8.3,67,1008,1.5,170,0
1987,5,16,21,0,0,0,12.8,8.3,75,1007,2.6,200,0
1987,5,16,22,0,0,0,11.7,8.3,80,1007,2.1,190,0
1987,5,16,23,0,0,0,11.1,7.8,80,1007,1.5,180,0
1987,5,17,0,0,0,0,10,8.3,90,1007,2.1,160,0
1987,5,17,1,0,0,0,12.2,8.9,80,1007,2.1,170,0
1987,5,17,2,0,0,0,11.7,9.4,86,1006,3.6,180,0
1987,5,17,3,0,0,0,11.1,9.4,90,1006,1.5,170,0
1987,5,17,4,0,0,0,10.6,8.9,90,1006,2.6,160,0
1987,5,17,5,37,48,33,12.2,10,86,1007,2.6,180,0
1987,5,17,6,174,304,88,14.4,10.6,78,1007,3.1,220,0
1987,5,17,7,390,541,135,17.2,11.1,68,1007,2.1,220,0
1987,5,17,8,596,658,176,20,12.2,61,1007,1.5,240,0
1987,5,17,9,730,677,204,23.9,13.3,52,1006,1.5,170,0
1987,5,17,10,843,669,256,25.6,11.7,42,1006,2.1,270,0
1987,5,17,11,955,777,230,27.8,11.1,36,1005,2.1,350,0
1987,5,17,12,961,772,238,28.9,11.7,35,1005,3.6,340,0
1987,5,17,13,909,742,248,29.4,8.9,28,1004,3.6,250,0
1987,5,17,14,793,709,226,30,10,29,1004,2.6,220,0
1987,5,17,15,626,674,176,30.6,11.1,30,1003,4.1,180,0
1987,5,17,16,429,570,141,30,13.9,37,1003,3.6,190,0
1987,5,17,17,223,397,96,28.3,13.3,40,1003,3.6,190,0
1987,5,17,18,60,110,45,26.7,12.8,42,1003,2.6,170,0
1987,5,17,19,3,0,3,22.8,13.3,55,1003,2.6,180,0
1987,5,17,20,0,0,0,20.6,13.9,66,1003,2.1,180,0
1987,5,17,21,0,0,0,19.4,14.4,73,1003,1.5,210,0
1987,5,17,22,0,0,0,17.8,14.4,81,1003,0,0,0
1987,5,17,23,0,0,0,17.8,14.4,81,1003,2.1,110,0
1987,5,18,0,0,0,0,16.1,14.4,90,1003,2.6,340,0
1987,5,18,1,0,0,0,14.4,13.3,93,1003,2.1,270,0
1987,5,18,2,0,0,0,13.3,12.2,93,1003,0,0,0
1987,5,18,3,0,0,0,12.8,12.2,97,1003,0,0,0
1987,5,18,4,0,0,0,12.2,11.7,96,1003,1.5,190,0
1987,5,18,5,44,135,30,12.8,12.2,97,1004,0,0,0
1987,5,18,6,205,476,69,18.3,15.6,84,1004,0,0,0
1987,5,18,7,410,656,101,23.9,16.1,62,1004,0,0,0
1987,5,18,8,609,752,127,26.7,16.1,52,1003,0,0,0
1987,5,18,9,776,810,146,28.9,15,43,1003,3.6,300,0
1987,5,18,10,898,833,166,30.6,16.1,42,1003,3.1,280,0
1987,5,18,11,964,848,172,31.7,15,36,1002,2.1,340,0
1987,5,18,12,975,841,186,32.8,14.4,33,1001,3.6,250,0
1987,5,18,13,680,457,272,31.7,13.9,34,1001,6.2,270,0
1987,5,18,14,731,521,313,31.7,15.6,38,1001,5.2,270,0
1987,5,18,15,593,479,272,29.4,14.4,40,1001,4.6,290,0
1987,5,18,16,344,243,220,25.6,18.3,64,1001,5.2,20,0
1987,5,18,17,203,121,163,23.9,17.2,66,1001,2.6,40,0
1987,5,18,18,48,24,45,23.3,17.2,69,1001,1.5,350,0
1987,5,18,19,0,0,0,21.7,17.8,79,1001,1.5,350,0
1987,5,18,20,0,0,0,22.2,17.8,76,1003,3.1,340,0
1987,5,18,21,0,0,0,20.6,18.9,90,1002,4.6,10,0
1987,5,18,22,0,0,0,20,18.9,93,1002,2.1,60,0
1987,5,18,23,0,0,0,19.4,17.8,90,1001,1.5,340,0
1987,5,19,0,0,0,0,18.3,17.8,97,1002,2.1,200,0
1987,5,19,1,0,0,0,17.2,17.2,100,1002,1.5,170,0
1987,5,19,2,0,0,0,16.7,16.7,100,1002,2.6,20,0
1987,5,19,3,0,0,0,16.7,16.7,100,1002,0,0,0
1987,5,19,4,0,0,0,17.2,17.2,100,1003,3.1,320,0
1987,5,19,5,16,1,16,17.8,17.8,100,1004,2.1,220,0
1987,5,19,6,44,0,44,18.9,18.3,97,1003,2.1,130,0
1987,5,19,7,164,0,163,17.8,17.2,97,1004,4.1,80,0
1987,5,19,8,260,3,258,16.7,15,90,1005,3.6,90,0
1987,5,19,9,367,3,364,15.6,14.4,93,1005,5.2,70,0
1987,5,19,10,221,2,219,15,13.9,93,1006,4.1,60,0
1987,5,19,11,246,1,246,14.4,12.8,90,1006,4.1,50,0
1987,5,19,12,472,1,471,14.4,12.8,90,1006,3.6,50,0
1987,5,19,13,429,1,428,14.4,12.8,90,1007,4.1,80,0
1987,5,19,14,238,1,238,13.9,12.8,93,1007,4.6,60,0
1987,5,19,15,173,1,173,13.3,12.8,97,1006,4.6,70,0
1987,5,19,16,134,1,134,13.3,12.2,93,1007,3.6,60,0
1987,5,19,17,132,1,131,13.3,12.2,93,1007,4.1,60,0
1987,5,19,18,27,0,27,12.8,12.2,97,1007,3.6,60,0
1987,5,19,19,3,0,3,12.2,11.7,96,1009,4.1,60,0
1987,5,19,20,0,0,0,11.7,11.1,96,1009,5.2,60,0
1987,5,19,21,0,0,0,11.7,11.1,96,1010,4.1,20,0
1987,5,19,22,0,0,0,11.7,10.6,93,1009,2.6,40,0
1987,5,19,23,0,0,0,11.1,11.1,100,1009,2.6,60,0
1987,5,20,0,0,0,0,11.1,11.1,100,1009,3.6,40,0
1987,5,20,1,0,0,0,10.6,10,96,1009,5.2,20,0
1987,5,20,2,0,0,0,10,9.4,96,1009,3.6,10,0
1987,5,20,3,0,0,0,10,9.4,96,1009,3.6,10,0
1987,5,20,4,1,0,1,9.4,9.4,100,1009,3.6,10,0
1987,5,20,5,19,0,19,10,9.4,96,1010,3.6,360,0
1987,5,20,6,74,0,73,9.4,8.9,96,1010,3.1,350,0
1987,5,20,7,121,1,120,10,9.4,96,1011,4.1,10,0
1987,5,20,8,195,1,195,10.6,10,96,1011,2.6,360,0
1987,5,20,9,232,1,231,11.1,10.6,96,1011,2.6,360,0
1987,5,20,10,251,1,250,11.7,11.1,96,1011,3.6,10,0
1987,5,20,11,279,1,278,12.8,11.7,93,1011,2.6,360,0
1987,5,20,12,279,0,279,12.8,11.7,93,1011,4.1,40,0
1987,5,20,13,261,1,260,13.3,11.7,90,1011,3.6,30,0
1987,5,20,14,385,1,384,13.3,11.1,87,1011,4.6,40,0
1987,5,20,15,336,1,335,12.8,11.1,90,1010,4.6,50,0
1987,5,20,16,231,1,231,12.8,11.1,90,1010,3.6,40,0
1987,5,20,17,132,1,132,12.2,11.1,93,1011,4.1,30,0
1987,5,20,18,27,0,27,12.2,11.7,96,1011,3.1,10,0
1987,5,20,19,3,0,3,12.2,11.7,96,1011,3.1,10,0
1987,5,20,20,0,0,0,12.2,11.7,96,1012,3.6,20,0
1987,5,20,21,0,0,0,12.2,11.7,96,1012,3.1,10,0
1987,5,20,22,0,0,0,12.2,11.7,96,1012,2.6,10,0
1987,5,20,23,0,0,0,12.2,11.7,96,1011,3.6,20,0
1987,5,21,0,0,0,0,12.2,11.7,96,1011,3.6,340,0
1987,5,21,1,0,0,0,12.2,11.7,96,1011,2.6,350,0
1987,5,21,2,0,0,0,12.2,11.7,96,1012,3.6,340,0
1987,5,21,3,0,0,0,12.2,11.7,96,1012,2.6,360,0
1987,5,21,4,1,0,1,11.7,11.7,100,1012,2.6,340,0
1987,5,21,5,25,0,25,12.2,11.7,96,1013,2.6,360,0
1987,5,21,6,65,0,65,12.2,12.2,100,1013,3.1,340,0
1987,5,21,7,111,1,111,13.3,12.8,97,1014,2.6,350,0
1987,5,21,8,187,1,187,13.9,13.3,97,1014,3.6,30,0
1987,5,21,9,376,1,375,14.4,13.9,97,1014,2.6,10,0
1987,5,21,10,429,1,428,15.6,14.4,93,1014,2.6,340,0
1987,5,21,11,493,0,492,16.1,14.4,90,1014,1.5,360,0
1987,5,21,12,490,0,490,17.2,15.6,90,1014,2.6,10,0
1987,5,21,13,466,1,466,18.3,16.1,87,1014,2.1,310,0
1987,5,21,14,390,1,390,18.9,16.7,87,1013,2.1,340,0
1987,5,21,15,314,0,314,21.1,17.2,79,1013,2.1,360,0
1987,5,21,16,368,189,271,21.1,17.2,79,1012,3.1,310,0
1987,5,21,17,84,2,83,20.6,17.2,81,1012,0,0,0
1987,5,21,18,50,3,49,20,17.2,84,1012,2.1,350,0
1987,5,21,19,6,0,6,17.8,16.7,93,1013,2.1,330,0
1987,5,21,20,0,0,0,17.8,16.7,93,1014,2.6,340,0
1987,5,21,21,0,0,0,16.1,15.6,97,1014,0,0,0
1987,5,21,22,0,0,0,16.1,15.6,97,1014,1.5,170,0
1987,5,21,23,0,0,0,16.1,15.6,97,1013,1.5,170,0
1987,5,22,0,0,0,0,16.7,16.1,97,1013,2.6,140,0
1987,5,22,1,0,0,0,16.1,15.6,97,1012,2.1,140,0
1987,5,22,2,0,0,0,15.6,15,97,1012,0,0,0
1987,5,22,3,0,0,0,13.3,12.8,97,1012,0,0,0
1987,5,22,4,0,0,0,12.2,12.2,100,1012,2.1,290,0
1987,5,22,5,21,2,21,13.9,13.9,100,1013,0,0,0
1987,5,22,6,84,1,84,15.6,15.6,100,1013,0,0,0
1987,5,22,7,175,8,172,16.7,16.7,100,1013,2.1,140,0
1987,5,22,8,217,1,216,17.8,16.1,90,1013,3.1,220,0
1987,5,22,9,339,1,338,19.4,16.7,84,1013,2.6,160,0
1987,5,22,10,788,508,339,21.7,17.2,76,1013,3.6,210,0
1987,5,22,11,735,259,492,23.9,17.8,69,1012,4.6,210,0
1987,5,22,12,585,203,394,23.9,17.8,69,1012,3.1,180,0
1987,5,22,13,831,521,363,25.6,18.3,64,1011,6.2,200,0
1987,5,22,14,492,150,371,25.6,18.3,64,1010,4.6,150,0
1987,5,22,15,473,237,312,25.6,18.3,64,1010,5.2,150,0
1987,5,22,16,169,2,168,25,17.8,64,1010,5.2,190,0
1987,5,22,17,95,6,93,25.6,18.3,64,1009,4.6,190,0
1987,5,22,18,57,1,57,23.9,18.9,74,1009,2.6,180,0
1987,5,22,19,3,0,3,23.3,18.3,74,1009,2.6,110,0
1987,5,22,20,0,0,0,21.7,18.9,84,1010,2.6,110,0
1987,5,22,21,0,0,0,20,19.4,97,1010,2.1,160,0
1987,5,22,22,0,0,0,19.4,18.9,97,1010,2.6,170,0
1987,5,22,23,0,0,0,18.9,18.9,100,1010,2.1,160,0
1987,5,23,0,0,0,0,19.4,18.9,97,1009,2.6,160,0
1987,5,23,1,0,0,0,19.4,18.3,93,1009,3.1,180,0
1987,5,23,2,0,0,0,18.9,17.8,93,1009,2.6,150,0
1987,5,23,3,0,0,0,18.3,17.8,97,1009,2.1,170,0
1987,5,23,4,1,1,1,18.3,18.3,100,1009,1.5,170,0
1987,5,23,5,37,20,34,18.9,18.3,97,1010,1.5,170,0
1987,5,23,6,157,70,137,20,19.4,97,1010,3.1,210,0
1987,5,23,7,311,250,191,21.7,19.4,87,1010,2.6,240,0
1987,5,23,8,548,521,210,22.8,19.4,82,1010,2.1,180,0
1987,5,23,9,588,371,297,25.6,20,72,1010,2.6,170,0
1987,5,23,10,845,670,251,28.3,20.6,63,1010,2.1,340,0
1987,5,23,11,943,675,310,29.4,19.4,55,1009,1.5,360,0
1987,5,23,12,631,181,460,29.4,20,57,1008,1.5,120,0
1987,5,23,13,309,7,302,27.8,20.6,65,1007,3.1,150,0
1987,5,23,14,351,105,266,27.2,20.6,67,1007,2.6,240,0
1987,5,23,15,278,8,272,26.1,22.2,79,1007,3.1,10,0
1987,5,23,16,355,250,226,27.8,20.6,65,1007,0,0,0
1987,5,23,17,192,105,157,26.1,18.9,65,1007,3.6,100,0
1987,5,23,18,63,66,54,23.3,18.3,74,1007,4.1,130,0
1987,5,23,19,2,4,1,22.2,18.9,82,1007,3.6,170,0
1987,5,23,20,0,0,0,21.1,17.8,81,1008,2.6,170,0
1987,5,23,21,0,0,0,20.6,18.9,90,1007,2.1,200,0
1987,5,23,22,0,0,0,20,18.9,93,1007,1.5,200,0
1987,5,23,23,0,0,0,20,18.9,93,1007,1.5,210,0
1987,5,24,0,0,0,0,19.4,18.9,97,1006,1.5,210,0
1987,5,24,1,0,0,0,19.4,18.9,97,1006,0,0,0
1987,5,24,2,0,0,0,18.9,18.3,97,1006,2.1,120,0
1987,5,24,3,0,0,0,18.9,17.8,93,1006,0,0,0
1987,5,24,4,0,0,0,18.9,17.8,93,1007,0,0,0
1987,5,24,5,35,2,34,17.8,17.2,97,1008,2.1,200,0
1987,5,24,6,113,7,111,19.4,18.9,97,1009,0,0,0
1987,5,24,7,185,34,169,20.6,18.9,90,1009,5.2,360,0
1987,5,24,8,229,3,227,22.2,19.4,84,1010,5.2,360,0
1987,5,24,9,307,5,303,25,19.4,71,1009,5.2,360,0
1987,5,24,10,647,240,435,24.4,18.3,69,1010,5.2,30,0
1987,5,24,11,873,499,403,27.2,20,65,1009,4.1,20,0
1987,5,24,12,864,472,418,26.7,18.9,63,1009,2.6,20,0
1987,5,24,13,689,240,472,27.8,18.9,59,1008,2.6,360,0
1987,5,24,14,641,291,405,29.4,18.9,53,1007,3.6,250,0
1987,5,24,15,502,297,301,27.2,18.9,60,1007,1.5,360,0
1987,5,24,16,389,285,241,28.3,17.8,53,1007,1.5,360,0
1987,5,24,17,111,61,91,26.7,17.2,56,1007,2.6,10,0
1987,5,24,18,52,20,50,26.1,16.7,56,1007,2.6,30,0
1987,5,24,19,1,0,1,23.9,18.3,71,1007,4.1,140,0
1987,5,24,20,0,0,0,23.3,20,82,1008,3.6,140,0
1987,5,24,21,0,0,0,22.2,20.6,90,1009,2.6,130,0
1987,5,24,22,0,0,0,22.2,20.6,90,1009,2.6,110,0
1987,5,24,23,0,0,0,20.6,18.9,90,1009,3.1,100,0
1987,5,25,0,0,0,0,20,18.9,93,1009,3.6,120,0
1987,5,25,1,0,0,0,20,18.3,90,1009,3.1,40,0
1987,5,25,2,0,0,0,18.9,16.7,87,1009,3.6,90,0
1987,5,25,3,0,0,0,18.3,17.2,93,1010,3.6,80,0
1987,5,25,4,1,0,1,17.8,16.1,90,1010,3.1,80,0
1987,5,25,5,37,1,37,17.2,15.6,90,1011,2.6,90,0
1987,5,25,6,93,4,92,17.2,15.6,90,1011,3.6,80,0
1987,5,25,7,155,6,152,17.2,15.6,90,1012,3.6,80,0
1987,5,25,8,287,4,285,18.3,15.6,84,1012,4.6,70,0
1987,5,25,9,336,0,335,19.4,15,76,1012,4.1,70,0
1987,5,25,10,406,1,405,18.9,15,78,1012,3.1,90,0
1987,5,25,11,444,2,442,19.4,15.6,78,1012,3.6,130,0
1987,5,25,12,483,1,481,18.9,15,78,1012,4.1,130,0
1987,5,25,13,283,1,282,18.9,14.4,76,1012,3.6,140,0
1987,5,25,14,414,0,414,18.3,15,81,1012,3.1,140,0
1987,5,25,15,307,1,306,18.3,14.4,78,1012,2.1,140,0
1987,5,25,16,136,1,136,17.2,15.6,90,1012,1.5,100,0
1987,5,25,17,142,1,141,17.8,16.1,90,1011,3.1,90,0
1987,5,25,18,54,0,54,17.8,15.6,87,1011,2.6,90,0
1987,5,25,19,6,0,6,16.7,15.6,93,1012,3.1,20,0
1987,5,25,20,0,0,0,16.7,15,90,1012,2.6,20,0
1987,5,25,21,0,0,0,16.1,15,93,1013,2.6,40,0
1987,5,25,22,0,0,0,16.1,14.4,90,1013,2.6,90,0
1987,5,25,23,0,0,0,16.1,14.4,90,1013,2.6,80,0
1987,5,26,0,0,0,0,15.6,13.9,90,1013,2.1,80,0
1987,5,26,1,0,0,0,15,12.8,87,1013,2.6,80,0
1987,5,26,2,0,0,0,15,13.9,93,1012,3.1,120,0
1987,5,26,3,0,0,0,15,13.3,90,1013,3.1,110,0
1987,5,26,4,1,0,1,14.4,13.3,93,1013,3.1,110,0
1987,5,26,5,39,0,39,14.4,12.8,90,1014,3.6,100,0
1987,5,26,6,105,1,105,14.4,13.3,93,1014,2.1,150,0
1987,5,26,7,135,1,135,14.4,13.3,93,1014,2.6,120,0
1987,5,26,8,284,0,284,15,13.3,90,1015,2.6,120,0
1987,5,26,9,237,0,237,15,13.9,93,1015,2.6,120,0
1987,5,26,10,412,1,411,16.1,14.4,90,1015,3.6,150,0
1987,5,26,11,448,1,447,17.2,14.4,84,1015,4.1,150,0
1987,5,26,12,453,0,453,17.8,14.4,81,1014,4.1,150,0
1987,5,26,13,425,0,425,19.4,14.4,73,1014,5.2,160,0
1987,5,26,14,394,0,394,19.4,14.4,73,1013,4.1,140,0
1987,5,26,15,300,1,299,19.4,15,76,1013,4.1,150,0
1987,5,26,16,223,1,222,18.9,13.3,70,1013,4.1,150,0
1987,5,26,17,125,0,125,18.9,14.4,76,1013,4.1,170,0
1987,5,26,18,50,0,50,18.3,14.4,78,1014,2.1,150,0
1987,5,26,19,8,0,8,17.8,13.9,78,1014,3.6,140,0
1987,5,26,20,0,0,0,17.8,13.3,75,1014,3.1,130,0
1987,5,26,21,0,0,0,17.8,13.3,75,1014,3.6,140,0
1987,5,26,22,0,0,0,17.2,13.3,78,1014,3.1,190,0
1987,5,26,23,0,0,0,17.2,13.3,78,1014,3.1,150,0
1987,5,27,0,0,0,0,16.7,13.3,81,1014,3.1,150,0
1987,5,27,1,0,0,0,16.7,13.3,81,1014,3.1,170,0
1987,5,27,2,0,0,0,16.1,12.8,81,1014,2.6,160,0
1987,5,27,3,0,0,0,16.1,12.8,81,1014,2.6,160,0
1987,5,27,4,2,0,2,15.6,12.8,84,1014,2.6,140,0
1987,5,27,5,36,0,36,15.6,13.3,87,1014,1.5,150,0
1987,5,27,6,127,0,127,17.2,13.9,81,1014,2.6,150,0
1987,5,27,7,203,1,203,18.3,12.8,70,1015,2.6,160,0
1987,5,27,8,325,0,325,18.9,12.8,68,1014,4.1,160,0
1987,5,27,9,399,0,399,19.4,12.2,63,1014,4.1,140,0
1987,5,27,10,441,2,440,20.6,12.8,61,1015,4.1,180,0
1987,5,27,11,493,1,492,21.1,13.3,61,1014,3.1,120,0
1987,5,27,12,434,1,433,21.7,14.4,64,1014,3.6,140,0
1987,5,27,13,457,0,456,21.7,15,66,1013,3.6,160,0
1987,5,27,14,404,0,403,21.7,15,66,1013,4.6,130,0
1987,5,27,15,367,24,351,22.8,15.6,64,1012,3.6,140,0
1987,5,27,16,153,6,150,21.7,15.6,68,1012,3.1,130,0
1987,5,27,17,143,5,141,20.6,15.6,73,1012,2.1,130,0
1987,5,27,18,41,1,41,20.6,15.6,73,1013,3.1,110,0
1987,5,27,19,3,0,3,20,15.6,76,1013,3.1,70,0
1987,5,27,20,0,0,0,19.4,13.9,70,1013,2.6,120,0
1987,5,27,21,0,0,0,18.9,15,78,1013,1.5,130,0
1987,5,27,22,0,0,0,18.9,14.4,76,1013,1.5,140,0
1987,5,27,23,0,0,0,18.3,14.4,78,1013,2.1,130,0
1987,5,28,0,0,0,0,17.2,15,87,1013,1.5,60,0
1987,5,28,1,0,0,0,17.2,15,87,1013,1.5,50,0
1987,5,28,2,0,0,0,17.2,15.6,90,1013,1.5,70,0
1987,5,28,3,0,0,0,17.2,15.6,90,1012,1.5,90,0
1987,5,28,4,1,0,1,16.7,15.6,93,1012,0,0,0
1987,5,28,5,32,1,32,17.8,16.1,90,1013,2.1,30,0
1987,5,28,6,140,4,138,18.9,16.1,84,1013,1.5,210,0
1987,5,28,7,239,4,237,20.6,17.2,81,1013,2.1,240,0
1987,5,28,8,336,2,334,22.8,17.8,74,1013,2.1,230,0
1987,5,28,9,394,2,392,23.3,17.8,71,1012,1.5,230,0
1987,5,28,10,446,1,445,25,18.9,69,1012,2.1,330,0
1987,5,28,11,436,1,435,25.6,18.3,64,1012,0,0,0
1987,5,28,12,608,241,380,27.2,20,65,1011,1.5,170,0
1987,5,28,13,419,12,409,27.2,20,65,1011,2.6,190,0
1987,5,28,14,576,292,337,28.3,19.4,59,1010,2.6,180,0
1987,5,28,15,651,811,94,27.8,20,63,1010,2.1,210,0
1987,5,28,16,453,707,82,28.3,20,61,1009,2.6,240,0
1987,5,28,17,275,632,57,27.8,19.4,61,1009,2.1,200,0
1987,5,28,18,96,385,35,26.1,20,69,1009,1.5,230,0
1987,5,28,19,11,32,8,21.7,20,90,1009,0,0,0
1987,5,28,20,0,0,0,21.1,19.4,90,1009,2.1,160,0
1987,5,28,21,0,0,0,19.4,18.3,93,1009,2.1,190,0
1987,5,28,22,0,0,0,19.4,18.9,97,1009,1.5,320,0
1987,5,28,23,0,0,0,18.9,18.3,97,1009,1,170,0
1987,5,29,0,0,0,0,17.8,17.8,100,1009,1.5,110,0
1987,5,29,1,0,0,0,15.6,15.6,100,1008,0,0,0
1987,5,29,2,0,0,0,15.6,15.6,100,1008,0,0,0
1987,5,29,3,0,0,0,15.6,15.6,100,1008,0,0,0
1987,5,29,4,0,1,0,16.1,16.1,100,1008,0,0,0
1987,5,29,5,46,8,45,16.1,16.1,100,1009,0,0,0
1987,5,29,6,215,425,85,17.2,17.2,100,1009,0,0,0
1987,5,29,7,407,645,93,20.6,20,97,1009,1.5,210,0
1987,5,29,8,620,780,111,26.7,21.1,72,1009,3.6,330,0
1987,5,29,9,782,829,126,28.9,21.1,63,1009,3.1,310,0
1987,5,29,10,894,851,136,30.6,21.7,59,1009,2.1,40,0
1987,5,29,11,896,797,143,31.7,21.7,55,1008,2.1,30,0
1987,5,29,12,924,829,136,32.2,20.6,50,1008,3.6,310,0
1987,5,29,13,840,779,134,33.3,18.9,42,1007,2.1,230,0
1987,5,29,14,785,806,126,33.3,18.9,42,1007,4.1,300,0
1987,5,29,15,663,796,115,32.8,17.8,41,1006,2.1,10,0
1987,5,29,16,472,717,95,32.8,17.8,41,1006,3.1,300,0
1987,5,29,17,274,590,69,31.7,18.9,47,1006,2.1,260,0
1987,5,29,18,92,322,41,28.9,20.6,61,1006,2.1,240,0
1987,5,29,19,8,17,6,25.6,20.6,74,1006,1.5,240,0
1987,5,29,20,0,0,0,23.3,19.4,79,1006,1,180,0
1987,5,29,21,0,0,0,22.8,19.4,82,1007,0,0,0
1987,5,29,22,0,0,0,22.2,20,87,1007,1.5,170,0
1987,5,29,23,0,0,0,21.7,20,90,1007,1.5,170,0
1987,5,30,0,0,0,0,21.1,20,93,1007,1.5,170,0
1987,5,30,1,0,0,0,20,20,100,1006,1.5,130,0
1987,5,30,2,0,0,0,18.9,18.9,100,1006,0,0,0
1987,5,30,3,0,0,0,18.3,18.3,100,1006,0,0,0
1987,5,30,4,1,1,1,18.3,18.3,100,1007,0,0,0
1987,5,30,5,58,149,40,18.3,18.3,100,1007,0,0,0
1987,5,30,6,222,480,76,22.2,21.1,94,1007,0,0,0
1987,5,30,7,432,701,89,26.1,21.7,77,1007,0,0,0
1987,5,30,8,626,787,111,28.9,21.1,63,1007,2.1,330,0
1987,5,30,9,785,831,127,30.6,21.1,57,1007,1.5,230,0
1987,5,30,10,908,866,137,32.8,21.1,50,1007,2.1,200,0
1987,5,30,11,927,824,148,33.3,19.4,44,1006,1.5,230,0
1987,5,30,12,910,818,131,33.9,19.4,43,1006,3.1,270,0
1987,5,30,13,687,391,332,34.4,21.1,46,1005,4.1,230,0
1987,5,30,14,847,692,281,34.4,18.9,40,1005,3.6,220,0
1987,5,30,15,520,434,221,28.9,20.6,61,1004,3.6,130,0
1987,5,30,16,390,391,182,30.6,21.7,59,1004,2.1,120,0
1987,5,30,17,278,489,108,30,23.3,68,1003,1.5,120,0
1987,5,30,18,64,45,57,28.3,22.2,70,1004,2.1,180,0
1987,5,30,19,8,13,7,25.6,21.1,77,1004,2.1,160,0
1987,5,30,20,0,0,0,24.4,20.6,79,1005,1.5,160,0
1987,5,30,21,0,0,0,23.3,21.1,87,1005,1.5,160,0
1987,5,30,22,0,0,0,21.7,20,90,1005,2.1,170,0
1987,5,30,23,0,0,0,22.2,20,87,1005,2.1,200,0
1987,5,31,0,0,0,0,21.7,20,90,1004,3.1,180,0
1987,5,31,1,0,0,0,21.7,20.6,93,1004,2.1,200,0
1987,5,31,2,0,0,0,20.6,19.4,93,1004,1.5,160,0
1987,5,31,3,0,0,0,20.6,20,97,1004,2.1,210,0
1987,5,31,4,1,2,1,20,19.4,97,1004,1.5,120,0
1987,5,31,5,45,7,44,21.1,20.6,97,1004,2.1,180,0
1987,5,31,6,89,26,81,22.8,21.1,90,1004,2.6,190,0
1987,5,31,7,310,308,159,26.7,21.1,72,1005,1.5,180,0
1987,5,31,8,586,593,197,28.9,20,59,1005,2.6,270,0
1987,5,31,9,707,489,319,29.4,20,57,1004,2.6,300,0
1987,5,31,10,616,252,391,31.1,20.6,53,1004,2.6,290,0
1987,5,31,11,213,26,188,30,20.6,57,1005,6.7,330,0
1987,5,31,12,586,129,462,22.8,21.1,90,1004,1.5,170,0
1987,5,31,13,595,247,370,28.3,22.8,72,1004,3.6,290,0
1987,5,31,14,561,330,291,30,21.7,61,1004,4.1,290,0
1987,5,31,15,609,478,279,30,20,55,1004,4.6,300,0
1987,5,31,16,474,606,152,30,20,55,1003,3.6,330,0
1987,5,31,17,266,532,79,29.4,19.4,55,1003,3.6,300,0
1987,5,31,18,93,245,53,27.8,20.6,65,1003,2.6,270,0
1987,5,31,19,11,9,10,25,20.6,76,1003,2.1,190,0
1987,5,31,20,0,0,0,22.8,20.6,87,1003,0,0,0
1987,5,31,21,0,0,0,22.6,20.4,94,1004,0.3,170,0
1987,5,31,22,0,0,0,22.5,20.1,97,1004,0.6,0,0
1987,5,31,23,0,0,0,22.3,19.9,97,1004,0.9,0,0
1991,6,1,0,0,0,0,22.2,19.6,79,998,1.2,90,0
1991,6,1,1,0,0,0,22,19.4,79,998,1.5,310,0
1991,6,1,2,0,0,0,21.9,19.1,82,998,1.8,330,0
1991,6,1,3,0,0,0,21.7,18.9,84,998,2.1,320,0
1991,6,1,4,0,0,0,21.1,18.9,87,998,2.1,300,0
1991,6,1,5,63,41,58,21.1,19.4,90,998,1.5,250,0
1991,6,1,6,196,272,113,23.9,20.6,82,998,2.6,230,0
1991,6,1,7,381,435,168,28.3,21.1,65,999,4.1,300,0
1991,6,1,8,594,647,170,30,21.1,59,998,4.6,310,0
1991,6,1,9,716,595,245,31.7,21.1,54,998,5.2,290,0
1991,6,1,10,596,426,216,32.2,21.7,54,998,3.1,250,0
1991,6,1,11,798,418,403,31.1,20.6,54,998,4.1,280,0
1991,6,1,12,280,0,280,26.1,22.2,79,999,5.7,290,0
1991,6,1,13,836,472,406,21.7,21.1,96,997,2.6,60,0
1991,6,1,14,294,0,294,22.8,21.7,94,997,3.1,220,0
1991,6,1,15,239,0,239,24.4,22.2,88,998,3.6,190,0
1991,6,1,16,152,66,117,25,22.2,84,997,3.1,210,0
1991,6,1,17,141,71,115,25,22.8,88,996,2.6,190,0
1991,6,1,18,38,0,38,24.4,22.2,88,998,3.1,30,0
1991,6,1,19,3,0,3,23.9,22.8,94,998,2.6,270,0
1991,6,1,20,0,0,0,22.8,21.7,94,999,2.1,300,0
1991,6,1,21,0,0,0,21.7,20.6,93,999,1.5,350,0
1991,6,1,22,0,0,0,21.1,20.6,97,999,2.1,340,0
1991,6,1,23,0,0,0,20.6,20,96,999,2.1,320,0
1991,6,2,0,0,0,0,20,20,100,999,0,0,0
1991,6,2,1,0,0,0,20,20,100,999,2.6,310,0
1991,6,2,2,0,0,0,20,20,100,999,2.1,360,0
1991,6,2,3,0,0,0,20,19.4,96,999,2.1,360,0
1991,6,2,4,0,0,0,20,18.3,90,999,2.6,20,0
1991,6,2,5,51,41,46,20,17.8,87,999,2.6,340,0
1991,6,2,6,191,209,126,20.6,17.8,84,1000,3.1,360,0
1991,6,2,7,259,229,147,21.7,16.7,73,1000,3.6,20,0
1991,6,2,8,449,304,250,23.3,17.8,71,1000,4.1,340,0
1991,6,2,9,716,669,186,23.9,17.8,69,1000,2.1,30,0
1991,6,2,10,801,643,228,26.7,17.8,58,1000,2.6,110,0
1991,6,2,11,890,722,207,27.2,16.7,53,999,2.1,50,0
1991,6,2,12,921,732,224,28.9,18.9,55,999,3.1,340,0
1991,6,2,13,825,580,297,30,18.9,51,998,3.1,290,0
1991,6,2,14,687,560,226,30.6,19.4,51,998,1.5,300,0
1991,6,2,15,462,340,226,29.4,19.4,55,997,2.1,50,0
1991,6,2,16,454,512,180,29.4,18.3,51,997,2.1,220,0
1991,6,2,17,261,459,98,28.3,19.4,59,996,3.1,170,0
1991,6,2,18,49,30,44,26.7,18.9,62,997,2.1,150,0
1991,6,2,19,4,2,4,25.6,21.1,76,997,3.1,160,0
1991,6,2,20,0,0,0,25,21.1,79,997,3.1,190,0
1991,6,2,21,0,0,0,24.4,21.1,82,997,2.1,170,0
1991,6,2,22,0,0,0,23.9,21.7,88,997,0,0,0
1991,6,2,23,0,0,0,23.3,21.7,91,997,2.1,190,0
1991,6,3,0,0,0,0,21.7,20,90,997,11.3,40,0
1991,6,3,1,0,0,0,20,19.4,96,997,5.2,150,0
1991,6,3,2,0,0,0,20.6,20,96,997,3.1,220,0
1991,6,3,3,0,0,0,20.6,20.6,100,996,2.1,70,0
1991,6,3,4,0,0,0,20.6,20.6,100,997,3.1,20,0
1991,6,3,5,34,0,34,20.6,20.6,100,997,3.6,340,0
1991,6,3,6,83,0,83,20.6,20,96,998,3.1,10,0
1991,6,3,7,177,29,163,21.1,18.9,87,998,3.1,30,0
1991,6,3,8,178,0,178,21.7,18.9,84,998,2.1,360,0
1991,6,3,9,228,0,228,22.2,19.4,84,998,3.1,340,0
1991,6,3,10,329,0,329,23.9,18.9,74,998,3.6,50,0
1991,6,3,11,354,0,354,25.6,20,71,997,2.1,30,0
1991,6,3,12,357,0,357,26.7,20,67,996,2.1,10,0
1991,6,3,13,619,119,510,26.1,20,69,996,3.1,330,0
1991,6,3,14,468,113,375,25,18.9,69,996,4.1,330,0
1991,6,3,15,340,156,231,25.6,19.4,69,995,3.6,320,0
1991,6,3,16,210,27,195,26.1,18.9,65,995,2.1,50,0
1991,6,3,17,179,150,125,25.6,18.9,67,995,0,0,0
1991,6,3,18,62,3,61,24.4,20,76,995,2.1,250,0
1991,6,3,19,4,0,4,22.8,21.1,90,995,2.1,240,0
1991,6,3,20,0,0,0,22.2,20.6,91,995,0,0,0
1991,6,3,21,0,0,0,21.7,20.6,93,995,0,0,0
1991,6,3,22,0,0,0,21.7,20.6,93,994,2.1,160,0
1991,6,3,23,0,0,0,21.7,20,90,994,0,0,0
1991,6,4,0,0,0,0,21.1,20,93,994,2.1,250,0
1991,6,4,1,0,0,0,20.6,19.4,93,994,0,0,0
1991,6,4,2,0,0,0,20.6,18.9,90,994,2.1,250,0
1991,6,4,3,0,0,0,20,18.3,90,994,3.1,320,0
1991,6,4,4,0,0,0,20,17.2,84,995,5.2,10,0
1991,6,4,5,62,143,44,19.4,16.7,84,996,4.1,10,0
1991,6,4,6,226,449,87,20,16.1,78,996,4.6,360,0
1991,6,4,7,125,0,125,20,15.6,76,996,5.2,360,0
1991,6,4,8,542,597,150,21.1,15,68,996,5.7,360,0
1991,6,4,9,556,320,301,21.7,15,66,997,4.6,10,0
1991,6,4,10,261,0,261,21.1,13.9,63,998,7.2,10,0
1991,6,4,11,861,601,292,22.2,13.3,57,998,6.2,10,0
1991,6,4,12,997,785,248,21.7,10.6,49,998,7.2,350,0
1991,6,4,13,688,475,255,22.8,8.9,41,999,6.7,20,0
1991,6,4,14,675,496,266,23.3,8.3,38,999,5.7,350,0
1991,6,4,15,481,294,275,23.3,9.4,41,999,5.2,10,0
1991,6,4,16,353,217,237,22.8,7.8,38,999,4.1,360,0
1991,6,4,17,132,154,77,22.8,8.3,39,999,6.2,320,0
1991,6,4,18,101,251,57,21.7,8.3,42,999,4.1,350,0
1991,6,4,19,5,20,4,20,8.3,47,1000,4.1,20,0
1991,6,4,20,0,0,0,18.3,8.9,54,1001,2.6,360,0
1991,6,4,21,0,0,0,18.3,8.9,54,1002,4.1,350,0
1991,6,4,22,0,0,0,17.2,8.9,58,1002,3.1,10,0
1991,6,4,23,0,0,0,16.1,9.4,64,1003,4.1,20,0
1991,6,5,0,0,0,0,14.4,9.4,72,1003,2.6,330,0
1991,6,5,1,0,0,0,12.8,9.4,80,1004,2.1,210,0
1991,6,5,2,0,0,0,11.7,10,89,1004,3.1,320,0
1991,6,5,3,0,0,0,12.8,9.4,80,1004,2.6,10,0
1991,6,5,4,0,2,0,12.2,9.4,83,1005,3.1,30,0
1991,6,5,5,63,201,38,13.9,10,77,1005,3.6,10,0
1991,6,5,6,230,508,73,16.1,10.6,70,1006,4.1,10,0
1991,6,5,7,433,670,104,17.2,10.6,65,1006,4.1,10,0
1991,6,5,8,565,627,153,18.3,10,58,1007,4.6,20,0
1991,6,5,9,786,611,301,20.6,10.6,53,1007,4.6,20,0
1991,6,5,10,738,425,359,20,9.4,50,1007,4.6,10,0
1991,6,5,11,656,428,250,21.1,9.4,47,1007,5.2,20,0
1991,6,5,12,814,549,290,22.8,10,44,1007,4.6,360,0
1991,6,5,13,267,0,267,20.6,8.3,45,1007,5.7,30,0
1991,6,5,14,732,507,314,20.6,8.9,47,1007,3.6,50,0
1991,6,5,15,460,266,274,22.8,8.9,41,1007,5.7,20,0
1991,6,5,16,243,51,216,21.1,8.3,44,1007,2.6,10,0
1991,6,5,17,201,80,172,20.6,7.8,44,1007,3.1,330,0
1991,6,5,18,64,13,62,20,9.4,50,1008,0,0,0
1991,6,5,19,4,0,4,17.2,11.7,70,1008,0,0,0
1991,6,5,20,0,0,0,15,12.8,87,1009,0,0,0
1991,6,5,21,0,0,0,13.3,11.1,87,1010,1.5,220,0
1991,6,5,22,0,0,0,12.2,11.7,97,1010,0,0,0
1991,6,5,23,0,0,0,11.1,10.6,97,1010,0,0,0
1991,6,6,0,0,0,0,11.1,10.6,97,1010,0,0,0
1991,6,6,1,0,0,0,10,9.4,96,1010,0,0,0
1991,6,6,2,0,0,0,10.6,10,96,1010,0,0,0
1991,6,6,3,0,0,0,10,9.4,96,1011,2.1,360,0
1991,6,6,4,0,0,0,10,9.4,96,1011,2.1,310,0
1991,6,6,5,55,103,43,12.2,11.1,93,1012,2.6,340,0
1991,6,6,6,210,381,92,15,12.8,87,1012,2.1,360,0
1991,6,6,7,411,558,136,17.8,12.8,73,1013,3.6,20,0
1991,6,6,8,592,615,188,20,12.2,61,1013,3.6,360,0
1991,6,6,9,736,659,213,20.6,11.1,54,1013,4.6,30,0
1991,6,6,10,876,627,317,22.8,11.7,50,1013,3.1,10,0
1991,6,6,11,278,0,278,20.6,9.4,49,1013,3.6,20,0
1991,6,6,12,280,0,280,21.1,10,49,1013,4.1,350,0
1991,6,6,13,266,0,266,20.6,10,51,1012,4.6,20,0
1991,6,6,14,294,0,294,21.7,10,47,1012,4.1,20,0
1991,6,6,15,497,346,255,22.2,10.6,48,1012,3.6,30,0
1991,6,6,16,167,59,135,21.1,10,49,1012,4.6,30,0
1991,6,6,17,215,67,190,20,10.6,55,1012,3.6,50,0
1991,6,6,18,57,13,55,20,11.7,59,1013,2.1,80,0
1991,6,6,19,5,0,5,18.9,11.7,63,1013,2.1,100,0
1991,6,6,20,0,0,0,15.6,12.8,83,1013,1.5,160,0
1991,6,6,21,0,0,0,14.4,12.8,90,1014,0,0,0
1991,6,6,22,0,0,0,12.8,12.2,96,1014,0,0,0
1991,6,6,23,0,0,0,11.7,11.1,96,1014,0,0,0
1991,6,7,0,0,0,0,11.1,11.1,100,1014,0,0,0
1991,6,7,1,0,0,0,10.6,10,96,1014,0,0,0
1991,6,7,2,0,0,0,10,9.4,96,1014,0,0,0
1991,6,7,3,0,0,0,10,9.4,96,1014,0,0,0
1991,6,7,4,0,1,0,9.4,8.9,97,1014,0,0,0
1991,6,7,5,48,60,40,11.1,11.1,100,1015,1.5,290,0
1991,6,7,6,220,442,83,14.4,12.8,90,1015,1.5,290,0
1991,6,7,7,421,611,120,17.2,13.3,78,1016,2.1,310,0
1991,6,7,8,616,709,150,20.6,12.8,61,1016,3.6,40,0
1991,6,7,9,752,735,168,21.7,11.7,53,1016,2.6,300,0
1991,6,7,10,853,659,264,23.3,9.4,41,1015,2.6,320,0
1991,6,7,11,826,500,351,22.8,10,44,1015,2.6,300,0
1991,6,7,12,837,473,385,24.4,10,40,1014,2.6,180,0
1991,6,7,13,788,427,397,25,10.6,40,1013,3.1,350,0
1991,6,7,14,556,262,339,25,10,39,1013,3.6,140,0
1991,6,7,15,529,433,225,24.4,10,40,1012,2.1,140,0
1991,6,7,16,448,480,187,23.3,9.4,41,1012,3.6,90,0
1991,6,7,17,277,463,108,23.9,9.4,40,1011,2.6,140,0
1991,6,7,18,84,152,57,20.6,10,51,1011,2.6,170,0
1991,6,7,19,5,6,5,17.8,10.6,63,1012,2.6,160,0
1991,6,7,20,0,0,0,16.1,11.7,75,1012,1.5,160,0
1991,6,7,21,0,0,0,13.9,12.2,89,1012,2.1,250,0
1991,6,7,22,0,0,0,13.9,11.7,87,1012,2.1,150,0
1991,6,7,23,0,0,0,12.2,11.1,93,1012,1.5,150,0
1991,6,8,0,0,0,0,12.2,11.1,93,1011,2.1,160,0
1991,6,8,1,0,0,0,11.7,11.1,96,1011,0,0,0
1991,6,8,2,0,0,0,10.6,10,96,1010,0,0,0
1991,6,8,3,0,0,0,11.1,10.6,97,1010,0,0,0
1991,6,8,4,0,6,0,9.4,8.9,97,1010,1.5,240,0
1991,6,8,5,66,245,35,11.1,10,93,1010,0,0,0
1991,6,8,6,122,125,83,13.9,11.7,87,1011,0,0,0
1991,6,8,7,443,693,101,18.3,13.9,76,1011,0,0,0
1991,6,8,8,633,790,113,22.2,13.3,57,1011,3.1,330,0
1991,6,8,9,797,840,129,25,13.9,50,1011,3.1,300,0
1991,6,8,10,753,351,439,25,10,39,1010,3.1,350,0
1991,6,8,11,605,313,307,26.1,8.3,32,1010,3.6,280,0
1991,6,8,12,902,630,300,26.7,9.4,34,1009,3.1,260,0
1991,6,8,13,615,337,306,27.2,11.1,37,1008,3.6,320,0
1991,6,8,14,778,703,196,27.8,10,33,1008,5.2,310,0
1991,6,8,15,644,722,137,26.7,11.1,38,1007,4.1,270,0
1991,6,8,16,464,677,96,26.7,10.6,36,1007,3.6,310,0
1991,6,8,17,296,610,73,26.7,10,35,1007,3.6,290,0
1991,6,8,18,111,364,45,25,11.7,43,1007,2.1,280,0
1991,6,8,19,7,34,5,20,13.9,68,1007,1.5,220,0
1991,6,8,20,0,0,0,17.2,12.8,75,1008,1.5,210,0
1991,6,8,21,0,0,0,16.1,12.2,78,1008,1.5,150,0
1991,6,8,22,0,0,0,14.4,12.2,87,1008,1.5,170,0
1991,6,8,23,0,0,0,15,12.2,83,1008,0,0,0
1991,6,9,0,0,0,0,13.3,11.7,90,1008,1.5,190,0
1991,6,9,1,0,0,0,12.2,11.7,97,1008,0,0,0
1991,6,9,2,0,0,0,11.7,11.1,96,1009,0,0,0
1991,6,9,3,0,0,0,12.2,11.1,93,1009,0,0,0
1991,6,9,4,0,9,0,11.7,11.1,96,1010,0,0,0
1991,6,9,5,69,276,34,14.4,12.8,90,1010,0,0,0
1991,6,9,6,240,575,61,18.9,12.8,68,1011,2.6,330,0
1991,6,9,7,442,722,86,22.8,14.4,59,1011,5.2,320,0
1991,6,9,8,635,803,107,25.6,13.3,47,1012,4.1,340,0
1991,6,9,9,798,851,122,27.2,14.4,45,1012,5.2,340,0
1991,6,9,10,917,878,132,28.3,13.9,41,1012,4.1,20,0
1991,6,9,11,930,825,147,28.9,13.3,38,1011,2.6,330,0
1991,6,9,12,962,813,184,30,12.8,35,1011,3.6,310,0
1991,6,9,13,807,640,221,30.6,13.3,35,1010,5.7,310,0
1991,6,9,14,839,861,125,30.6,12.2,32,1010,3.6,280,0
1991,6,9,15,643,746,119,30.6,12.2,32,1010,3.6,240,0
1991,6,9,16,468,686,94,30,12.2,33,1009,2.6,300,0
1991,6,9,17,297,595,78,29.4,12.2,35,1009,2.1,230,0
1991,6,9,18,113,369,46,26.1,15.6,52,1009,2.6,200,0
1991,6,9,19,8,20,7,22.8,15,61,1010,2.6,180,0
1991,6,9,20,0,0,0,21.1,14.4,66,1010,2.6,170,0
1991,6,9,21,0,0,0,19.4,14.4,73,1010,1.5,200,0
1991,6,9,22,0,0,0,18.3,14.4,78,1010,0,0,0
1991,6,9,23,0,0,0,16.7,14.4,86,1010,0,0,0
1991,6,10,0,0,0,0,16.7,14.4,86,1010,0,0,0
1991,6,10,1,0,0,0,15.6,14.4,93,1010,1.5,320,0
1991,6,10,2,0,0,0,15,13.9,93,1010,2.6,180,0
1991,6,10,3,0,0,0,15,13.3,90,1010,2.6,200,0
1991,6,10,4,0,0,0,14.4,13.3,93,1010,0,0,0
1991,6,10,5,52,46,46,16.1,14.4,90,1010,0,0,0
1991,6,10,6,185,231,113,19.4,15.6,79,1010,0,0,0
1991,6,10,7,383,336,217,23.3,16.1,64,1011,2.1,320,0
1991,6,10,8,552,414,280,26.7,16.1,52,1010,3.1,310,0
1991,6,10,9,671,366,380,28.3,16.7,49,1010,4.1,310,0
1991,6,10,10,805,465,389,29.4,16.1,45,1010,3.6,320,0
1991,6,10,11,879,483,420,30.6,14.4,37,1009,4.6,270,0
1991,6,10,12,742,352,404,31.1,16.1,40,1009,3.6,280,0
1991,6,10,13,882,589,342,30.6,14.4,37,1008,2.6,260,0
1991,6,10,14,756,576,278,31.1,13.9,35,1007,3.6,240,0
1991,6,10,15,623,460,300,30.6,13.3,35,1006,4.6,220,0
1991,6,10,16,433,305,267,30.6,15,39,1006,4.6,210,0
1991,6,10,17,253,260,157,29.4,16.1,45,1006,3.6,220,0
1991,6,10,18,102,24,98,27.2,16.7,53,1006,2.6,200,0
1991,6,10,19,7,0,7,23.9,15.6,60,1006,2.1,200,0
1991,6,10,20,0,0,0,22.2,15.6,66,1006,3.1,180,0
1991,6,10,21,0,0,0,22.2,15.6,66,1007,3.6,190,0
1991,6,10,22,0,0,0,20.6,15.6,73,1006,3.6,190,0
1991,6,10,23,0,0,0,20,15,73,1006,0,0,0
1991,6,11,0,0,0,0,19.4,15,76,1006,2.1,190,0
1991,6,11,1,0,0,0,18.3,15.6,84,1006,0,0,0
1991,6,11,2,0,0,0,17.2,15,87,1006,2.1,200,0
1991,6,11,3,0,0,0,17.2,15,87,1006,2.6,190,0
1991,6,11,4,0,3,0,16.7,15,90,1006,2.1,190,0
1991,6,11,5,53,102,40,18.9,16.1,84,1006,2.1,190,0
1991,6,11,6,225,304,131,20.6,17.2,81,1006,2.6,200,0
1991,6,11,7,276,95,229,23.3,17.8,71,1006,4.1,200,0
1991,6,11,8,591,577,212,25.6,18.3,64,1006,4.1,190,0
1991,6,11,9,682,612,195,27.8,18.9,58,1005,5.2,200,0
1991,6,11,10,791,601,253,29.4,16.7,46,1005,3.6,280,0
1991,6,11,11,551,221,341,29.4,17.8,50,1005,4.1,200,0
1991,6,11,12,953,764,222,30,17.8,48,1004,2.6,240,0
1991,6,11,13,905,751,216,31.1,17.2,43,1003,6.2,220,0
1991,6,11,14,608,483,206,31.1,16.1,40,1002,4.6,220,0
1991,6,11,15,442,162,328,30,17.2,46,1001,5.2,210,0
1991,6,11,16,430,432,194,29.4,16.1,45,1001,4.6,220,0
1991,6,11,17,272,427,114,28.3,16.7,49,1001,4.1,220,0
1991,6,11,18,44,0,44,26.7,16.7,54,1001,4.1,210,0
1991,6,11,19,4,0,4,24.4,18.9,71,1002,7.2,290,0
1991,6,11,20,0,0,0,21.1,20,93,1002,2.6,160,0
1991,6,11,21,0,0,0,21.1,20.6,97,1002,2.6,190,0
1991,6,11,22,0,0,0,21.1,20.6,97,1002,3.1,190,0
1991,6,11,23,0,0,0,21.1,19.4,90,1002,0,0,0
1991,6,12,0,0,0,0,21.1,19.4,90,1002,2.6,140,0
1991,6,12,1,0,0,0,20,19.4,96,1001,0,0,0
1991,6,12,2,0,0,0,20.6,19.4,93,1001,2.1,340,0
1991,6,12,3,0,0,0,20.6,19.4,93,1001,0,0,0
1991,6,12,4,0,0,0,19.4,18.9,97,1001,2.1,190,0
1991,6,12,5,44,13,42,19.4,18.9,97,1001,2.1,200,0
1991,6,12,6,143,3,142,21.7,18.9,84,1001,1.5,260,0
1991,6,12,7,123,0,123,22.8,19.4,81,1002,1.5,200,0
1991,6,12,8,179,0,179,22.8,20,84,1002,3.1,210,0
1991,6,12,9,226,0,226,24.4,19.4,74,1002,2.6,210,0
1991,6,12,10,864,624,306,26.1,18.3,62,1001,5.2,210,0
1991,6,12,11,279,0,279,26.7,17.8,58,1001,3.6,260,0
1991,6,12,12,281,0,281,26.7,17.8,58,1001,4.1,260,0
1991,6,12,13,913,806,173,28.3,18.3,55,1000,5.7,290,0
1991,6,12,14,811,687,240,30,18.9,51,1000,5.2,270,0
1991,6,12,15,651,657,188,30,15,40,999,7.2,290,0
1991,6,12,16,442,488,175,29.4,15,42,999,5.7,280,0
1991,6,12,17,288,543,87,28.9,15,43,999,5.7,290,0
1991,6,12,18,108,298,52,27.2,15,47,1000,4.6,290,0
1991,6,12,19,7,19,6,24.4,13.3,50,1000,2.6,250,0
1991,6,12,20,0,0,0,23.3,13.9,55,1001,3.1,280,0
1991,6,12,21,0,0,0,21.7,14.4,63,1001,3.1,280,0
1991,6,12,22,0,0,0,21.1,14.4,66,1001,4.1,290,0
1991,6,12,23,0,0,0,20.6,15,70,1002,4.1,320,0
1991,6,13,0,0,0,0,19.4,14.4,73,1003,2.1,240,0
1991,6,13,1,0,0,0,19.4,10,54,1003,3.6,340,0
1991,6,13,2,0,0,0,17.8,7.8,52,1004,3.6,330,0
1991,6,13,3,0,0,0,17.2,6.7,50,1004,4.6,320,0
1991,6,13,4,0,0,0,15,6.1,55,1005,3.6,310,0
1991,6,13,5,59,128,42,16.7,6.1,50,1006,3.1,310,0
1991,6,13,6,217,415,88,18.3,7.2,48,1007,4.1,320,0
1991,6,13,7,418,588,128,20,8.3,47,1007,4.1,360,0
1991,6,13,8,614,690,161,21.1,7.2,41,1007,5.2,330,0
1991,6,13,9,772,733,189,22.2,7.2,38,1008,6.7,320,0
1991,6,13,10,903,787,200,23.9,6.1,32,1008,3.6,330,0
1991,6,13,11,972,804,208,25.6,6.7,30,1007,3.1,360,0
1991,6,13,12,976,796,214,26.1,7.8,31,1007,3.6,330,0
1991,6,13,13,912,767,208,26.7,5.6,26,1006,7.7,290,0
1991,6,13,14,828,766,190,27.2,3.3,21,1006,4.6,290,0
1991,6,13,15,674,715,169,27.8,5,23,1005,5.2,330,0
1991,6,13,16,486,630,140,27.8,4.4,22,1005,2.6,340,0
1991,6,13,17,282,485,101,26.7,5.6,26,1005,5.7,30,0
1991,6,13,18,103,236,59,24.4,7.8,35,1005,3.6,30,0
1991,6,13,19,7,8,7,18.9,11.1,61,1005,0,0,0
1991,6,13,20,0,0,0,15.6,11.7,78,1007,0,0,0
1991,6,13,21,0,0,0,14.4,11.1,81,1008,0,0,0
1991,6,13,22,0,0,0,13.9,10,77,1008,1.5,220,0
1991,6,13,23,0,0,0,11.7,9.4,86,1008,2.1,200,0
1991,6,14,0,0,0,0,11.7,9.4,86,1008,1.5,250,0
1991,6,14,1,0,0,0,10,9.4,96,1008,0,0,0
1991,6,14,2,0,0,0,10,8.9,93,1008,0,0,0
1991,6,14,3,0,0,0,8.9,7.8,93,1009,1.5,290,0
1991,6,14,4,0,0,0,8.9,8.3,96,1009,0,0,0
1991,6,14,5,53,52,47,12.8,10.6,86,1010,2.1,40,0
1991,6,14,6,197,290,107,16.1,11.7,75,1010,2.6,350,0
1991,6,14,7,395,469,163,20.6,10,51,1010,3.6,90,0
1991,6,14,8,593,582,210,22.2,8.9,43,1010,2.1,190,0
1991,6,14,9,762,653,243,23.3,9.4,41,1010,2.6,70,0
1991,6,14,10,886,694,265,25.6,10.6,39,1009,2.1,90,0
1991,6,14,11,945,697,282,26.1,10,36,1009,3.1,60,0
1991,6,14,12,959,705,283,27.8,10.6,34,1008,2.1,190,0
1991,6,14,13,913,694,275,28.3,10.6,33,1007,4.1,220,0
1991,6,14,14,807,667,252,30,11.7,32,1006,3.1,150,0
1991,6,14,15,646,593,226,30,10.6,30,1006,2.1,300,0
1991,6,14,16,461,510,180,29.4,10.6,31,1005,1.5,240,0
1991,6,14,17,260,357,127,28.9,12.2,36,1005,2.1,130,0
1991,6,14,18,92,130,67,26.7,13.3,44,1005,3.1,150,0
1991,6,14,19,7,1,7,23.3,13.3,53,1005,2.6,150,0
1991,6,14,20,0,0,0,22.2,13.3,57,1005,3.6,160,0
1991,6,14,21,0,0,0,20.6,15,70,1005,2.6,170,0
1991,6,14,22,0,0,0,18.9,15,78,1006,1.5,300,0
1991,6,14,23,0,0,0,17.8,15.6,87,1005,0,0,0
1991,6,15,0,0,0,0,16.1,15,93,1005,0,0,0
1991,6,15,1,0,0,0,16.7,15.6,93,1004,2.1,60,0
1991,6,15,2,0,0,0,15,14.4,96,1004,0,0,0
1991,6,15,3,0,0,0,15,13.9,93,1004,0,0,0
1991,6,15,4,0,0,0,14.4,13.3,93,1004,0,0,0
1991,6,15,5,54,25,51,16.1,15,93,1004,0,0,0
1991,6,15,6,178,180,122,20,16.7,81,1004,1.5,220,0
1991,6,15,7,355,302,206,23.3,17.8,71,1004,1.5,340,0
1991,6,15,8,563,481,247,25.6,18.3,64,1004,2.6,270,0
1991,6,15,9,716,582,254,28.9,19.4,57,1003,3.1,290,0
1991,6,15,10,837,640,264,32.2,17.8,42,1003,2.6,360,0
1991,6,15,11,911,658,285,33.3,16.1,36,1002,3.1,180,0
1991,6,15,12,952,699,282,34.4,16.7,35,1001,3.1,240,0
1991,6,15,13,902,684,273,34.4,15.6,33,1001,2.1,350,0
1991,6,15,14,750,549,293,34.4,16.1,34,1001,2.1,290,0
1991,6,15,15,635,503,279,33.9,17.2,37,1000,5.7,220,0
1991,6,15,16,433,381,223,33.3,18.3,41,1000,3.6,200,0
1991,6,15,17,205,161,145,32.2,18.9,45,999,3.1,210,0
1991,6,15,18,81,32,75,29.4,19.4,55,999,2.6,190,0
1991,6,15,19,9,0,9,27.8,19.4,60,999,3.6,180,0
1991,6,15,20,0,0,0,26.7,20,67,999,3.1,180,0
1991,6,15,21,0,0,0,27.2,20.6,67,999,4.1,200,0
1991,6,15,22,0,0,0,26.1,21.1,74,999,3.6,200,0
1991,6,15,23,0,0,0,24.4,21.1,82,998,3.6,200,0
1991,6,16,0,0,0,0,23.3,20.6,85,999,2.1,210,0
1991,6,16,1,0,0,0,23.3,20.6,85,999,3.1,200,0
1991,6,16,2,0,0,0,22.2,20.6,91,999,3.1,200,0
1991,6,16,3,0,0,0,22.2,20.6,91,999,2.6,180,0
1991,6,16,4,0,1,0,22.2,20.6,91,999,1.5,170,0
1991,6,16,5,69,74,60,23.3,21.1,87,999,2.1,180,0
1991,6,16,6,202,323,101,25.6,21.7,79,1000,3.1,230,0
1991,6,16,7,380,505,131,28.3,22.2,70,999,3.6,210,0
1991,6,16,8,567,622,158,30.6,22.2,61,999,3.6,260,0
1991,6,16,9,715,695,163,32.8,21.7,52,999,5.2,300,0
1991,6,16,10,762,481,332,33.9,21.7,49,999,5.2,250,0
1991,6,16,11,740,439,323,33.3,21.7,51,999,6.2,200,0
1991,6,16,12,865,660,232,34.4,21.1,46,998,5.7,240,0
1991,6,16,13,826,609,266,35,21.1,44,997,4.1,260,0
1991,6,16,14,698,289,457,33.9,21.1,47,996,3.6,230,0
1991,6,16,15,200,0,200,25,19.4,71,996,5.2,270,0
1991,6,16,16,184,0,184,23.3,21.7,91,997,3.6,230,0
1991,6,16,17,110,0,110,23.9,22.2,90,996,3.6,200,0
1991,6,16,18,35,0,35,24.4,21.7,85,998,1.5,290,0
1991,6,16,19,5,0,5,24.4,20.6,79,998,1.5,240,0
1991,6,16,20,0,0,0,22.8,20.6,87,998,0,0,0
1991,6,16,21,0,0,0,23.3,20.6,85,999,2.1,230,0
1991,6,16,22,0,0,0,22.8,21.1,90,999,1.5,200,0
1991,6,16,23,0,0,0,21.7,21.1,96,999,2.1,220,0
1991,6,17,0,0,0,0,21.7,20.6,93,999,2.1,190,0
1991,6,17,1,0,0,0,21.1,20.6,97,999,2.1,150,0
1991,6,17,2,0,0,0,20.6,20,96,999,1.5,160,0
1991,6,17,3,0,0,0,20,20,100,999,0,0,0
1991,6,17,4,1,0,1,20,19.4,96,1000,2.1,140,0
1991,6,17,5,62,117,47,21.7,20.6,93,1000,1.5,320,0
1991,6,17,6,152,175,98,23.3,21.1,87,1000,3.1,310,0
1991,6,17,7,249,116,192,25.6,21.7,79,1001,3.1,330,0
1991,6,17,8,182,0,182,26.7,21.7,74,1001,4.6,330,0
1991,6,17,9,600,247,403,28.3,21.7,67,1001,6.2,320,0
1991,6,17,10,636,306,361,28.9,20.6,61,1001,5.2,330,0
1991,6,17,11,537,155,389,30.6,21.1,57,1001,5.2,350,0
1991,6,17,12,665,427,255,31.7,20,50,1001,4.1,320,0
1991,6,17,13,853,643,261,31.7,20,50,1001,5.2,330,0
1991,6,17,14,814,644,277,31.1,20.6,54,1001,4.1,330,0
1991,6,17,15,200,0,200,29.4,20.6,59,1001,4.1,340,0
1991,6,17,16,147,0,147,28.9,20,59,1001,3.1,20,0
1991,6,17,17,174,88,141,30,18.9,51,1001,2.6,80,0
1991,6,17,18,44,0,44,28.9,20,59,1001,3.1,90,0
1991,6,17,19,8,10,8,26.7,20.6,69,1001,2.6,140,0
1991,6,17,20,0,0,0,26.1,20.6,72,1002,1.5,180,0
1991,6,17,21,0,0,0,24.4,20.6,79,1002,1.5,230,0
1991,6,17,22,0,0,0,22.8,21.1,90,1002,1.5,90,0
1991,6,17,23,0,0,0,22.8,21.1,90,1002,0,0,0
1991,6,18,0,0,0,0,23.3,21.1,87,1002,1.5,140,0
1991,6,18,1,0,0,0,23.9,21.1,84,1003,1.5,10,0
1991,6,18,2,0,0,0,23.9,21.1,84,1003,2.1,110,0
1991,6,18,3,0,0,0,23.9,21.7,88,1003,1.5,150,0
1991,6,18,4,0,0,0,22.8,21.7,94,1004,2.6,130,0
1991,6,18,5,27,0,27,21.7,21.7,100,1004,4.1,60,0
1991,6,18,6,59,0,59,21.1,21.1,100,1005,4.1,60,0
1991,6,18,7,99,0,99,21.7,20.6,93,1006,3.1,40,0
1991,6,18,8,147,0,147,21.7,21.1,96,1006,3.6,50,0
1991,6,18,9,187,0,187,21.1,20.6,97,1006,4.6,90,0
1991,6,18,10,217,0,217,20.6,19.4,93,1007,4.6,70,0
1991,6,18,11,233,0,233,20,18.9,93,1007,6.2,90,0
1991,6,18,12,236,0,236,20,18.9,93,1007,3.6,80,0
1991,6,18,13,224,0,224,20,18.9,93,1007,5.2,70,0
1991,6,18,14,199,0,199,20,18.9,93,1007,2.6,60,0
1991,6,18,15,163,0,163,19.4,18.9,97,1007,4.1,50,0
1991,6,18,16,117,0,117,18.9,18.3,96,1007,4.1,60,0
1991,6,18,17,59,0,59,18.9,17.8,93,1007,4.1,50,0
1991,6,18,18,48,0,48,18.3,17.2,93,1008,3.1,50,0
1991,6,18,19,5,0,5,17.8,16.7,93,1007,5.2,50,0
1991,6,18,20,0,0,0,17.8,17.2,96,1008,3.6,40,0
1991,6,18,21,0,0,0,17.8,16.7,93,1008,3.1,50,0
1991,6,18,22,0,0,0,17.8,16.7,93,1008,2.6,60,0
1991,6,18,23,0,0,0,17.8,16.7,93,1008,3.6,60,0
1991,6,19,0,0,0,0,17.2,16.7,97,1008,2.1,10,0
1991,6,19,1,0,0,0,17.2,16.7,97,1008,2.6,30,0
1991,6,19,2,0,0,0,17.2,16.7,97,1007,4.1,20,0
1991,6,19,3,0,0,0,17.2,16.7,97,1007,2.6,50,0
1991,6,19,4,0,0,0,17.2,16.7,97,1008,2.6,360,0
1991,6,19,5,27,0,27,17.8,16.7,93,1008,2.6,40,0
1991,6,19,6,60,0,60,18.3,17.2,93,1008,3.1,20,0
1991,6,19,7,99,0,99,19.4,17.8,90,1008,3.1,40,0
1991,6,19,8,147,0,147,20,17.8,87,1008,3.6,340,0
1991,6,19,9,224,0,224,21.1,18.3,84,1008,3.6,340,0
1991,6,19,10,259,0,259,21.7,17.8,79,1008,3.6,330,0
1991,6,19,11,278,0,278,22.2,18.3,79,1008,2.6,300,0
1991,6,19,12,282,0,282,22.8,18.9,79,1008,4.1,300,0
1991,6,19,13,268,0,268,24.4,18.9,71,1008,3.6,310,0
1991,6,19,14,238,0,238,25,19.4,71,1007,1.5,320,0
1991,6,19,15,194,0,194,23.3,18.9,76,1007,3.6,320,0
1991,6,19,16,140,0,140,23.3,18.9,76,1007,2.6,300,0
1991,6,19,17,85,0,85,22.8,18.9,79,1007,2.1,350,0
1991,6,19,18,48,0,48,22.2,18.3,79,1008,2.6,10,0
1991,6,19,19,6,0,6,21.7,19.4,87,1008,1.5,250,0
1991,6,19,20,0,0,0,21.1,19.4,90,1008,0,0,0
1991,6,19,21,0,0,0,21.1,19.4,90,1008,1.5,220,0
1991,6,19,22,0,0,0,20.6,19.4,93,1008,2.1,180,0
1991,6,19,23,0,0,0,20,18.9,93,1007,0,0,0
1991,6,20,0,0,0,0,18.3,18.3,100,1007,0,0,0
1991,6,20,1,0,0,0,17.8,17.8,100,1006,0,0,0
1991,6,20,2,0,0,0,17.2,17.2,100,1006,0,0,0
1991,6,20,3,0,0,0,16.7,16.7,100,1006,0,0,0
1991,6,20,4,0,1,0,16.1,16.1,100,1007,0,0,0
1991,6,20,5,58,130,42,17.2,17.2,100,1007,0,0,0
1991,6,20,6,199,327,98,19.4,18.9,97,1008,1.5,220,0
1991,6,20,7,399,509,150,23.3,19.4,79,1008,2.6,10,0
1991,6,20,8,551,516,213,25.6,18.9,67,1007,3.1,330,0
1991,6,20,9,624,426,287,26.1,19.4,67,1007,2.6,320,0
1991,6,20,10,776,540,293,27.8,20,63,1007,2.6,330,0
1991,6,20,11,676,371,324,28.3,20,61,1006,3.1,250,0
1991,6,20,12,283,0,283,28.3,20,61,1006,2.6,260,0
1991,6,20,13,873,582,337,30,20,55,1005,3.1,250,0
1991,6,20,14,546,221,362,29.4,19.4,55,1004,0,0,0
1991,6,20,15,422,208,273,29.4,18.9,53,1004,0,0,0
1991,6,20,16,450,412,221,30,18.9,51,1003,2.6,240,0
1991,6,20,17,288,443,120,29.4,19.4,55,1003,2.6,190,0
1991,6,20,18,105,128,80,27.8,21.1,67,1003,3.1,200,0
1991,6,20,19,10,10,10,25,20.6,77,1004,2.6,190,0
1991,6,20,20,0,0,0,23.3,20.6,85,1004,3.1,200,0
1991,6,20,21,0,0,0,22.2,20,87,1004,2.1,220,0
1991,6,20,22,0,0,0,21.7,20,90,1004,1.5,220,0
1991,6,20,23,0,0,0,20.6,19.4,93,1004,2.1,160,0
1991,6,21,0,0,0,0,18.9,18.3,96,1003,0,0,0
1991,6,21,1,0,0,0,20,19.4,96,1003,1.5,130,0
1991,6,21,2,0,0,0,18.9,18.9,100,1003,0,0,0
1991,6,21,3,0,0,0,18.3,17.8,97,1002,0,0,0
1991,6,21,4,0,0,0,17.8,17.8,100,1002,1.5,190,0
1991,6,21,5,56,106,43,19.4,18.9,97,1003,0,0,0
1991,6,21,6,209,387,89,23.3,21.1,87,1003,2.1,360,0
1991,6,21,7,403,531,143,26.7,21.1,71,1004,2.6,360,0
1991,6,21,8,606,616,203,28.3,20.6,63,1003,3.1,340,0
1991,6,21,9,729,580,270,30,20,55,1003,3.1,310,0
1991,6,21,10,887,727,237,31.1,20,52,1003,1.5,150,0
1991,6,21,11,869,671,231,31.7,18.9,47,1003,1.5,30,0
1991,6,21,12,612,270,353,33.3,20,46,1002,2.1,270,0
1991,6,21,13,563,317,270,33.9,18.9,41,1001,2.1,150,0
1991,6,21,14,760,586,269,33.9,18.3,40,1001,2.6,150,0
1991,6,21,15,582,498,227,33.3,18.3,41,1001,2.6,100,0
1991,6,21,16,413,445,165,32.8,18.9,44,1001,3.6,130,0
1991,6,21,17,277,427,115,30,18.9,51,1001,4.1,170,0
1991,6,21,18,92,122,68,28.9,17.2,49,1001,3.6,180,0
1991,6,21,19,9,9,8,26.7,16.7,54,1001,2.6,150,0
1991,6,21,20,0,0,0,24.4,16.7,62,1001,3.1,170,0
1991,6,21,21,0,0,0,24.4,17.2,64,1001,2.6,160,0
1991,6,21,22,0,0,0,23.9,18.9,74,1001,3.6,160,0
1991,6,21,23,0,0,0,23.3,18.9,76,1002,3.1,180,0
1991,6,22,0,0,0,0,22.8,19.4,81,1001,2.6,180,0
1991,6,22,1,0,0,0,21.1,18.9,87,1001,0,0,0
1991,6,22,2,0,0,0,21.1,19.4,90,1001,0,0,0
1991,6,22,3,0,0,0,21.1,20,93,1000,2.1,210,0
1991,6,22,4,0,0,0,21.1,20,93,1001,0,0,0
1991,6,22,5,36,0,36,22.2,20.6,91,1001,0,0,0
1991,6,22,6,80,0,80,23.9,22.2,90,1001,2.6,140,0
1991,6,22,7,102,0,102,23.9,21.7,88,1001,3.6,220,0
1991,6,22,8,223,0,223,22.8,21.7,94,1001,2.6,200,0
1991,6,22,9,282,0,282,23.3,22.2,94,1001,1.5,120,0
1991,6,22,10,259,0,259,23.9,21.7,88,1001,4.1,130,0
1991,6,22,11,278,0,278,23.3,19.4,79,1001,5.2,110,0
1991,6,22,12,411,65,348,25,18.9,69,1000,6.2,100,0
1991,6,22,13,268,0,268,25,17.8,64,1000,4.1,100,0
1991,6,22,14,240,0,240,25,19.4,71,999,4.1,130,0
1991,6,22,15,198,0,198,23.9,18.9,74,999,3.6,80,0
1991,6,22,16,144,0,144,24.4,20,76,999,2.6,130,0
1991,6,22,17,86,0,86,23.3,19.4,79,1000,3.6,70,0
1991,6,22,18,40,0,40,22.8,19.4,81,1000,3.1,80,0
1991,6,22,19,6,0,6,22.8,18.9,79,1000,3.6,70,0
1991,6,22,20,0,0,0,21.7,19.4,87,1000,3.1,50,0
1991,6,22,21,0,0,0,21.7,19.4,87,1001,5.2,70,0
1991,6,22,22,0,0,0,21.1,19.4,90,1001,4.1,70,0
1991,6,22,23,0,0,0,20.6,18.9,90,1001,3.6,70,0
1991,6,23,0,0,0,0,20,18.3,90,1001,5.2,70,0
1991,6,23,1,0,0,0,19.4,18.3,93,1001,3.1,40,0
1991,6,23,2,0,0,0,19.4,17.8,90,1001,3.6,40,0
1991,6,23,3,0,0,0,18.9,17.8,93,1001,6.7,50,0
1991,6,23,4,0,0,0,17.8,17.2,96,1002,3.1,10,0
1991,6,23,5,34,0,34,17.2,16.7,97,1002,4.1,30,0
1991,6,23,6,81,0,81,17.2,16.7,97,1003,4.6,30,0
1991,6,23,7,125,0,125,17.2,16.7,97,1004,4.6,30,0
1991,6,23,8,147,0,147,17.2,16.1,93,1004,4.6,20,0
1991,6,23,9,189,0,189,17.2,16.7,97,1005,3.6,20,0
1991,6,23,10,219,0,219,17.8,16.1,90,1006,5.2,30,0
1991,6,23,11,282,0,282,18.9,16.7,87,1006,5.2,30,0
1991,6,23,12,285,0,285,18.3,16.1,87,1007,5.2,20,0
1991,6,23,13,272,0,272,18.9,16.1,84,1007,4.6,40,0
1991,6,23,14,242,0,242,18.9,16.1,84,1007,5.7,40,0
1991,6,23,15,197,0,197,18.9,15.6,81,1007,4.6,40,0
1991,6,23,16,142,0,142,18.9,15.6,81,1007,4.6,20,0
1991,6,23,17,99,0,99,18.3,15.6,84,1008,3.6,20,0
1991,6,23,18,53,0,53,18.3,15.6,84,1009,3.6,30,0
1991,6,23,19,6,0,6,18.3,15.6,84,1009,2.6,20,0
1991,6,23,20,0,0,0,18.3,16.1,87,1010,2.6,40,0
1991,6,23,21,0,0,0,17.8,16.1,90,1010,0,0,0
1991,6,23,22,0,0,0,16.7,16.1,96,1011,0,0,0
1991,6,23,23,0,0,0,15,15,100,1011,0,0,0
1991,6,24,0,0,0,0,13.3,13.3,100,1011,0,0,0
1991,6,24,1,0,0,0,12.8,12.8,100,1011,0,0,0
1991,6,24,2,0,0,0,12.2,12.2,100,1011,0,0,0
1991,6,24,3,0,0,0,12.8,12.8,100,1011,0,0,0
1991,6,24,4,0,0,0,12.2,12.2,100,1012,0,0,0
1991,6,24,5,41,3,41,12.8,12.8,100,1012,0,0,0
1991,6,24,6,129,74,106,13.9,13.9,100,1013,2.6,330,0
1991,6,24,7,394,506,147,17.2,16.7,97,1013,1.5,350,0
1991,6,24,8,563,555,200,21.7,13.9,61,1013,2.6,340,0
1991,6,24,9,720,576,264,23.3,13.3,53,1013,2.1,290,0
1991,6,24,10,600,311,322,24.4,11.7,45,1013,2.1,130,0
1991,6,24,11,689,231,469,25,11.7,43,1013,3.1,110,0
1991,6,24,12,557,123,438,25,12.2,45,1012,2.1,260,0
1991,6,24,13,817,434,417,25.6,12.2,43,1011,3.6,220,0
1991,6,24,14,446,165,307,26.1,11.1,39,1011,3.1,170,0
1991,6,24,15,500,273,305,24.4,11.7,45,1011,2.1,220,0
1991,6,24,16,391,382,178,24.4,12.2,46,1011,2.1,240,0
1991,6,24,17,214,203,137,23.9,13.9,54,1011,2.6,190,0
1991,6,24,18,93,72,79,22.8,13.3,55,1011,2.1,170,0
1991,6,24,19,10,0,10,20,13.3,65,1011,2.6,170,0
1991,6,24,20,0,0,0,17.8,13.9,78,1011,2.1,180,0
1991,6,24,21,0,0,0,16.1,14.4,90,1012,1.5,210,0
1991,6,24,22,0,0,0,16.1,13.9,87,1012,0,0,0
1991,6,24,23,0,0,0,13.9,12.8,93,1012,1.5,190,0
1991,6,25,0,0,0,0,13.3,12.2,93,1012,2.1,180,0
1991,6,25,1,0,0,0,15,12.2,83,1012,3.1,180,0
1991,6,25,2,0,0,0,15,11.7,81,1012,3.1,170,0
1991,6,25,3,0,0,0,12.8,11.7,93,1012,0,0,0
1991,6,25,4,0,0,0,12.8,11.7,93,1012,0,0,0
1991,6,25,5,57,86,46,13.9,12.8,93,1013,1.5,190,0
1991,6,25,6,198,354,90,17.2,13.9,81,1013,0,0,0
1991,6,25,7,405,562,131,20.6,14.4,68,1014,0,0,0
1991,6,25,8,605,679,162,22.8,13.3,55,1014,3.6,220,0
1991,6,25,9,772,741,186,24.4,13.3,50,1013,2.6,190,0
1991,6,25,10,841,459,431,25,11.7,43,1013,3.6,200,0
1991,6,25,11,681,256,438,26.7,12.2,41,1013,4.6,170,0
1991,6,25,12,630,271,369,26.7,12.8,42,1012,4.6,130,0
1991,6,25,13,785,381,434,26.7,12.2,41,1012,3.6,140,0
1991,6,25,14,754,453,374,26.7,13.3,44,1012,5.7,160,0
1991,6,25,15,608,489,259,26.7,12.8,42,1012,5.2,170,0
1991,6,25,16,451,438,207,25.6,13.3,47,1011,4.1,160,0
1991,6,25,17,192,195,117,25,12.2,45,1011,5.7,160,0
1991,6,25,18,102,142,74,23.3,11.7,48,1012,3.6,160,0
1991,6,25,19,11,6,11,20.6,11.7,57,1012,3.1,160,0
1991,6,25,20,0,0,0,19.4,11.1,59,1012,3.6,160,0
1991,6,25,21,0,0,0,17.8,11.1,65,1013,2.1,180,0
1991,6,25,22,0,0,0,15,11.7,81,1013,1.5,220,0
1991,6,25,23,0,0,0,14.4,12.2,87,1013,0,0,0
1991,6,26,0,0,0,0,12.8,11.7,93,1013,1.5,50,0
1991,6,26,1,0,0,0,12.2,11.1,93,1013,0,0,0
1991,6,26,2,0,0,0,11.7,11.1,96,1012,1.5,140,0
1991,6,26,3,0,0,0,11.1,10.6,97,1012,0,0,0
1991,6,26,4,0,0,0,10.6,10,96,1012,1.5,250,0
1991,6,26,5,41,13,39,12.8,12.2,96,1013,0,0,0
1991,6,26,6,141,160,92,16.1,13.3,83,1013,0,0,0
1991,6,26,7,181,148,109,17.8,13.3,75,1013,3.1,210,0
1991,6,26,8,508,420,234,20.6,16.1,75,1013,3.1,180,0
1991,6,26,9,646,466,278,23.3,15,60,1014,3.1,250,0
1991,6,26,10,745,558,248,25,11.1,42,1013,2.1,180,0
1991,6,26,11,928,776,191,26.7,11.1,38,1013,2.1,110,0
1991,6,26,12,909,652,283,27.2,10,34,1012,2.1,50,0
1991,6,26,13,896,737,217,27.2,12.8,41,1011,3.1,90,0
1991,6,26,14,807,693,227,27.2,14.4,45,1011,6.2,180,0
1991,6,26,15,703,752,167,26.7,13.9,45,1011,4.1,190,0
1991,6,26,16,463,547,158,26.7,14.4,47,1011,4.1,170,0
1991,6,26,17,254,347,121,25.6,14.4,50,1011,4.1,160,0
1991,6,26,18,99,4,98,23.3,15,60,1011,3.1,160,0
1991,6,26,19,10,19,9,21.7,15,66,1011,3.1,160,0
1991,6,26,20,0,0,0,20.6,15,70,1011,3.1,160,0
1991,6,26,21,0,0,0,19.4,15,76,1012,3.1,160,0
1991,6,26,22,0,0,0,17.8,15,84,1012,0,0,0
1991,6,26,23,0,0,0,16.7,15,90,1012,1.5,190,0
1991,6,27,0,0,0,0,16.1,15,93,1012,0,0,0
1991,6,27,1,0,0,0,15,14.4,96,1012,0,0,0
1991,6,27,2,0,0,0,15,14.4,96,1011,0,0,0
1991,6,27,3,0,0,0,15,14.4,96,1012,1.5,310,0
1991,6,27,4,0,2,0,13.9,13.9,100,1012,1.5,150,0
1991,6,27,5,62,85,52,15.6,14.4,93,1013,2.1,270,0
1991,6,27,6,223,512,68,18.9,16.7,87,1013,2.6,220,0
1991,6,27,7,422,670,97,21.7,17.8,79,1014,3.6,200,0
1991,6,27,8,614,758,121,24.4,18.3,69,1014,2.1,160,0
1991,6,27,9,778,811,138,26.1,18.3,62,1013,3.6,190,0
1991,6,27,10,805,534,330,26.7,17.2,56,1014,3.6,180,0
1991,6,27,11,765,431,356,28.3,16.1,48,1013,3.6,180,0
1991,6,27,12,661,275,397,29.4,17.2,48,1012,4.6,160,0
1991,6,27,13,448,181,281,27.8,16.7,51,1012,3.6,240,0
1991,6,27,14,242,0,242,27.8,16.7,51,1012,2.1,210,0
1991,6,27,15,651,659,181,29.4,16.7,46,1011,2.1,230,0
1991,6,27,16,479,672,103,28.9,16.7,48,1011,3.1,160,0
1991,6,27,17,306,591,80,28.3,16.7,49,1011,3.1,150,0
1991,6,27,18,122,361,50,27.2,17.2,54,1011,3.1,160,0
1991,6,27,19,11,39,9,24.4,18.3,69,1010,3.1,160,0
1991,6,27,20,0,0,0,23.3,18.3,74,1011,2.6,160,0
1991,6,27,21,0,0,0,21.7,18.3,81,1011,2.6,180,0
1991,6,27,22,0,0,0,20.6,17.8,84,1011,2.1,180,0
1991,6,27,23,0,0,0,20,17.8,87,1011,3.1,180,0
1991,6,28,0,0,0,0,20,18.3,90,1010,4.1,170,0
1991,6,28,1,0,0,0,19.4,17.8,90,1010,3.6,170,0
1991,6,28,2,0,0,0,18.3,17.2,93,1010,1.5,230,0
1991,6,28,3,0,0,0,17.8,16.7,93,1010,0,0,0
1991,6,28,4,0,0,0,17.2,16.7,97,1010,2.1,170,0
1991,6,28,5,48,39,43,17.8,17.2,96,1010,1.5,150,0
1991,6,28,6,182,250,106,20,18.3,90,1011,2.1,220,0
1991,6,28,7,369,390,180,22.8,19.4,81,1010,2.6,150,0
1991,6,28,8,578,552,218,26.1,19.4,67,1010,3.1,290,0
1991,6,28,9,623,416,295,28.9,20,59,1010,4.1,270,0
1991,6,28,10,736,465,322,30.6,20,53,1009,2.6,310,0
1991,6,28,11,919,533,413,32.8,19.4,45,1009,3.6,340,0
1991,6,28,12,867,525,363,33.9,18.9,41,1008,3.1,320,0
1991,6,28,13,873,572,346,33.9,20,44,1007,2.6,310,0
1991,6,28,14,767,508,341,34.4,20,43,1006,3.1,350,0
1991,6,28,15,614,468,280,33.3,20,46,1006,4.1,220,0
1991,6,28,16,451,456,196,32.8,19.4,45,1005,4.6,210,0
1991,6,28,17,275,340,145,31.7,20,50,1005,5.2,210,0
1991,6,28,18,101,89,83,30,21.1,59,1005,4.1,220,0
1991,6,28,19,10,1,10,27.8,20.6,65,1005,3.1,210,0
1991,6,28,20,0,0,0,26.7,21.1,71,1005,3.6,200,0
1991,6,28,21,0,0,0,24.4,20.6,79,1005,3.6,200,0
1991,6,28,22,0,0,0,24.4,20,76,1005,3.1,200,0
1991,6,28,23,0,0,0,23.9,20,79,1005,2.1,180,0
1991,6,29,0,0,0,0,22.8,20.6,87,1005,2.1,180,0
1991,6,29,1,0,0,0,21.7,20,90,1005,1.5,190,0
1991,6,29,2,0,0,0,21.7,20,90,1005,1.5,170,0
1991,6,29,3,0,0,0,20.6,19.4,93,1005,0,0,0
1991,6,29,4,0,1,0,20,19.4,96,1005,0,0,0
1991,6,29,5,53,133,37,21.7,20,90,1006,0,0,0
1991,6,29,6,215,474,72,25,21.1,79,1005,2.1,220,0
1991,6,29,7,407,629,103,28.9,21.7,65,1005,3.6,310,0
1991,6,29,8,593,714,129,31.1,22.8,61,1005,5.2,310,0
1991,6,29,9,763,780,149,32.2,22.8,58,1005,4.1,300,0
1991,6,29,10,774,663,183,33.9,22.8,52,1004,5.2,340,0
1991,6,29,11,831,659,206,33.9,21.7,49,1004,4.1,330,0
1991,6,29,12,861,596,289,35,22.8,49,1003,4.1,300,0
1991,6,29,13,850,721,185,34.4,21.7,48,1003,4.6,280,0
1991,6,29,14,767,707,174,35,21.7,46,1002,4.6,320,0
1991,6,29,15,660,657,191,34.4,20,43,1002,5.7,310,0
1991,6,29,16,486,625,136,33.9,21.1,47,1002,3.1,290,0
1991,6,29,17,307,463,129,32.8,21.1,50,1001,2.6,260,0
1991,6,29,18,67,89,49,31.1,23.9,66,1001,1.5,260,0
1991,6,29,19,14,0,14,28.3,22.8,72,1002,0,0,0
1991,6,29,20,0,0,0,27.8,22.8,74,1002,1.5,220,0
1991,6,29,21,0,0,0,26.7,22.8,79,1002,0,0,0
1991,6,29,22,0,0,0,25.6,22.8,85,1002,2.1,170,0
1991,6,29,23,0,0,0,25,22.2,84,1002,0,0,0
1991,6,30,0,0,0,0,24.4,21.7,85,1002,0,0,0
1991,6,30,1,0,0,0,24.4,21.7,85,1001,0,0,0
1991,6,30,2,0,0,0,23.3,21.7,91,1001,0,0,0
1991,6,30,3,0,0,0,24.4,21.1,82,1001,0,0,0
1991,6,30,4,0,2,0,25,21.1,79,1001,2.1,330,0
1991,6,30,5,35,52,29,25.6,22.2,82,1001,1.5,350,0
1991,6,30,6,202,347,98,27.2,22.2,74,1001,2.6,260,0
1991,6,30,7,422,716,77,28.9,21.7,65,1001,3.6,260,0
1991,6,30,8,610,794,96,31.1,21.7,57,1001,5.7,320,0
1991,6,30,9,757,817,114,32.2,21.7,54,1001,6.2,290,0
1991,6,30,10,752,605,213,33.9,22.2,51,1000,5.7,290,0
1991,6,30,11,964,869,141,33.3,20.6,47,1000,5.2,260,0
1991,6,30,12,933,766,198,35,20.6,43,999,6.7,260,0
1991,6,30,13,802,614,236,34.4,20,43,999,5.2,280,0
1991,6,30,14,704,607,195,35.6,20,40,998,4.6,260,0
1991,6,30,15,205,0,205,33.9,20,44,998,3.1,270,0
1991,6,30,16,192,0,192,33.9,20.6,46,997,2.6,250,0
1991,6,30,17,119,0,119,32.2,22.2,56,996,2.6,230,0
1991,6,30,18,72,20,68,30.6,22.8,63,997,2.6,230,0
1991,6,30,19,8,2,8,28.9,22.2,67,998,3.1,290,0
1991,6,30,20,0,0,0,27.8,21.7,69,998,2.1,180,0
1991,6,30,21,0,0,0,26.8,21.1,74,999,2.2,200,0
1991,6,30,22,0,0,0,25.9,20.4,74,998,2.2,140,0
1991,6,30,23,0,0,0,24.9,19.8,79,999,2.3,280,0
1990,7,1,0,0,0,0,24,19.1,87,998,2.4,240,0
1990,7,1,1,0,0,0,23,18.5,90,997,2.5,280,0
1990,7,1,2,0,0,0,22.1,17.8,93,998,2.5,300,0
1990,7,1,3,0,0,0,21.1,17.2,79,996,2.6,200,0
1990,7,1,4,0,0,0,20.6,17.8,84,997,2.1,320,0
1990,7,1,5,32,1,32,20.6,17.8,84,997,1.5,340,0
1990,7,1,6,139,21,133,22.2,18.3,79,998,2.6,320,0
1990,7,1,7,375,363,200,24.4,19.4,74,998,5.7,310,0
1990,7,1,8,426,260,257,25,19.4,71,998,5.7,310,0
1990,7,1,9,716,732,138,26.7,20.6,69,998,6.2,310,0
1990,7,1,10,847,788,144,28.3,19.4,59,997,5.7,310,0
1990,7,1,11,900,697,237,30.6,19.4,52,997,5.2,320,0
1990,7,1,12,849,525,345,31.1,17.8,45,996,3.1,320,0
1990,7,1,13,251,5,246,22.8,15.6,64,996,5.2,350,0
1990,7,1,14,372,10,364,21.7,16.7,73,996,1.5,250,0
1990,7,1,15,325,16,314,23.9,16.7,64,996,3.6,300,0
1990,7,1,16,459,468,197,25,17.2,62,996,5.2,300,0
1990,7,1,17,269,352,135,25.6,17.8,62,996,5.2,310,0
1990,7,1,18,103,199,64,23.9,17.8,69,996,3.6,300,0
1990,7,1,19,15,5,15,23.3,18.9,76,997,3.1,350,0
1990,7,1,20,0,0,0,22.8,16.7,69,998,4.1,30,0
1990,7,1,21,0,0,0,21.7,15,66,999,4.1,20,0
1990,7,1,22,0,0,0,21.7,14.4,64,1000,2.6,360,0
1990,7,1,23,0,0,0,19.4,14.4,73,1000,4.1,330,0
1990,7,2,0,0,0,0,17.8,14.4,81,1000,2.6,320,0
1990,7,2,1,0,0,0,17.2,13.9,81,1000,3.1,320,0
1990,7,2,2,0,0,0,17.2,13.3,78,1000,3.6,330,0
1990,7,2,3,0,0,0,16.7,13.3,81,1000,3.6,320,0
1990,7,2,4,1,0,1,16.1,13.3,84,1001,2.1,320,0
1990,7,2,5,45,27,42,17.2,13.9,81,1001,3.6,310,0
1990,7,2,6,176,229,107,19.4,13.9,70,1002,5.2,320,0
1990,7,2,7,365,407,169,21.1,13.9,64,1002,5.7,350,0
1990,7,2,8,549,489,232,22.8,13.9,57,1003,5.7,330,0
1990,7,2,9,705,491,317,24.4,14.4,54,1003,3.6,300,0
1990,7,2,10,559,181,398,23.9,12.8,50,1003,3.6,350,0
1990,7,2,11,949,574,404,26.7,12.2,41,1003,5.2,20,0
1990,7,2,12,846,445,418,27.8,11.7,37,1003,5.7,360,0
1990,7,2,13,745,364,409,28.3,12.2,37,1003,5.2,330,0
1990,7,2,14,699,394,369,27.8,12.2,38,1003,3.6,350,0
1990,7,2,15,556,339,313,27.8,12.8,40,1003,4.6,10,0
1990,7,2,16,441,433,198,28.3,12.8,38,1003,4.1,340,0
1990,7,2,17,248,294,136,27.2,12.2,39,1003,4.1,30,0
1990,7,2,18,94,112,72,26.1,12.2,42,1003,2.1,360,0
1990,7,2,19,16,1,16,22.2,13.9,59,1003,0,0,0
1990,7,2,20,0,0,0,20,13.9,68,1004,0,0,0
1990,7,2,21,0,0,0,18.3,13.9,76,1004,2.1,130,0
1990,7,2,22,0,0,0,16.7,14.4,87,1005,1.5,210,0
1990,7,2,23,0,0,0,15.6,13.9,90,1005,1.5,220,0
1990,7,3,0,0,0,0,15.6,13.3,87,1005,1.5,210,0
1990,7,3,1,0,0,0,15.6,13.9,90,1005,1.5,200,0
1990,7,3,2,0,0,0,14.4,12.8,90,1005,0,0,0
1990,7,3,3,0,0,0,13.9,13.3,97,1005,1.5,310,0
1990,7,3,4,2,4,1,13.9,12.8,93,1005,1.5,210,0
1990,7,3,5,59,242,31,15,13.9,93,1006,0,0,0
1990,7,3,6,225,555,59,19.4,16.1,81,1007,0,0,0
1990,7,3,7,424,701,87,23.9,16.7,64,1007,0,0,0
1990,7,3,8,619,795,104,26.1,14.4,49,1007,3.1,320,0
1990,7,3,9,743,777,131,28.3,15,44,1007,3.1,290,0
1990,7,3,10,851,707,221,30,12.8,35,1007,4.6,320,0
1990,7,3,11,975,850,168,28.3,12.2,37,1007,3.6,280,0
1990,7,3,12,989,874,149,31.1,13.3,34,1006,4.6,290,0
1990,7,3,13,944,815,192,31.1,13.3,34,1006,5.2,210,0
1990,7,3,14,775,710,180,31.1,13.9,35,1005,5.2,210,0
1990,7,3,15,660,646,198,31.1,13.3,34,1005,5.2,230,0
1990,7,3,16,480,502,199,30.6,12.8,34,1005,4.6,230,0
1990,7,3,17,295,460,119,30,13.3,36,1004,5.2,210,0
1990,7,3,18,114,169,81,27.2,14.4,46,1004,3.1,190,0
1990,7,3,19,20,9,19,25.6,14.4,50,1004,3.1,180,0
1990,7,3,20,0,0,0,24.4,15,56,1005,3.1,170,0
1990,7,3,21,0,0,0,22.2,15.6,66,1005,3.1,180,0
1990,7,3,22,0,0,0,21.7,15.6,68,1005,3.6,200,0
1990,7,3,23,0,0,0,21.1,15,68,1004,3.6,200,0
1990,7,4,0,0,0,0,20.6,15,71,1004,4.1,200,0
1990,7,4,1,0,0,0,19.4,14.4,73,1004,3.1,200,0
1990,7,4,2,0,0,0,18.9,15,78,1004,4.1,190,0
1990,7,4,3,0,0,0,18.9,14.4,76,1004,4.6,190,0
1990,7,4,4,2,2,1,17.8,14.4,81,1004,4.1,190,0
1990,7,4,5,53,109,40,19.4,15,76,1004,4.1,190,0
1990,7,4,6,209,458,73,21.7,15.6,68,1005,3.6,210,0
1990,7,4,7,423,627,123,23.9,16.1,62,1005,4.6,210,0
1990,7,4,8,582,636,170,26.7,17.2,56,1005,6.2,210,0
1990,7,4,9,669,437,325,29.4,17.8,50,1004,6.2,210,0
1990,7,4,10,802,541,321,32.2,16.1,38,1004,7.2,210,0
1990,7,4,11,877,580,327,33.3,16.7,37,1003,7.2,210,0
1990,7,4,12,1002,778,255,33.9,17.8,38,1003,6.7,230,0
1990,7,4,13,905,684,274,34.4,18.3,39,1002,7.2,210,0
1990,7,4,14,860,776,209,35,18.9,39,1002,6.7,210,0
1990,7,4,15,655,595,229,35,18.9,39,1001,4.6,220,0
1990,7,4,16,449,469,186,34.4,20,43,1001,6.7,220,0
1990,7,4,17,275,460,100,33.9,20.6,46,1001,6.2,210,0
1990,7,4,18,118,319,55,32.2,21.1,52,1001,4.1,210,0
1990,7,4,19,18,45,14,29.4,21.1,61,1000,3.6,210,0
1990,7,4,20,0,0,0,27.8,21.1,67,1001,3.6,220,0
1990,7,4,21,0,0,0,26.7,21.1,72,1001,3.1,210,0
1990,7,4,22,0,0,0,26.1,21.1,74,1001,2.6,200,0
1990,7,4,23,0,0,0,24.4,20.6,79,1000,2.1,210,0
1990,7,5,0,0,0,0,24.4,20.6,79,1000,2.1,310,0
1990,7,5,1,0,0,0,22.8,20,84,1000,2.1,240,0
1990,7,5,2,0,0,0,21.7,18.3,81,1001,1.5,50,0
1990,7,5,3,0,0,0,21.1,18.9,87,1000,2.6,220,0
1990,7,5,4,1,0,1,23.3,17.8,71,1000,2.1,260,0
1990,7,5,5,44,42,39,24.4,19.4,74,1000,2.6,90,0
1990,7,5,6,172,262,94,28.3,21.1,65,1000,2.1,230,0
1990,7,5,7,371,460,151,31.7,21.1,54,1001,4.6,290,0
1990,7,5,8,536,496,215,33.3,21.7,50,1001,5.2,250,0
1990,7,5,9,697,536,276,34.4,21.7,47,1000,4.1,280,0
1990,7,5,10,797,582,280,35,22.2,48,1000,5.2,310,0
1990,7,5,11,890,535,383,36.7,23.3,46,1000,4.1,270,0
1990,7,5,12,735,181,562,37.2,22.8,43,1000,4.1,290,0
1990,7,5,13,845,559,330,37.2,22.8,43,999,4.6,270,0
1990,7,5,14,739,411,394,36.7,22.8,45,998,5.7,290,0
1990,7,5,15,463,203,318,33.9,22.8,52,998,5.2,300,0
1990,7,5,16,125,4,123,24.4,14.4,54,1001,11.8,240,0
1990,7,5,17,139,7,137,21.7,21.7,100,999,3.6,200,0
1990,7,5,18,42,3,42,23.3,20,82,1000,0,0,0
1990,7,5,19,9,0,9,22.8,20.6,87,1000,1.5,150,0
1990,7,5,20,0,0,0,23.9,20,79,1000,1.5,220,0
1990,7,5,21,0,0,0,26.1,21.7,77,1001,3.1,340,0
1990,7,5,22,0,0,0,25.6,21.1,77,1001,2.1,300,0
1990,7,5,23,0,0,0,24.4,20.6,79,1001,1.5,330,0
1990,7,6,0,0,0,0,23.9,21.1,85,1001,1.5,350,0
1990,7,6,1,0,0,0,25,22.8,88,1000,0,0,0
1990,7,6,2,0,0,0,23.9,21.1,85,1000,2.6,310,0
1990,7,6,3,0,0,0,23.3,20.6,85,1000,0,0,0
1990,7,6,4,0,0,0,22.2,20.6,90,1001,0,0,0
1990,7,6,5,51,15,49,23.3,20,82,1001,0,0,0
1990,7,6,6,184,264,107,23.9,20,79,1001,3.6,20,0
1990,7,6,7,379,379,198,23.9,20,79,1002,2.6,320,0
1990,7,6,8,499,461,202,26.1,18.9,65,1002,3.1,360,0
1990,7,6,9,506,227,328,26.7,17.8,58,1002,3.6,10,0
1990,7,6,10,861,532,389,29.4,18.9,53,1002,2.1,60,0
1990,7,6,11,969,687,317,29.4,17.8,50,1002,3.1,330,0
1990,7,6,12,920,644,303,31.1,17.8,45,1002,4.1,340,0
1990,7,6,13,865,609,304,31.7,16.7,41,1002,3.6,20,0
1990,7,6,14,802,600,299,31.7,16.7,41,1001,4.6,320,0
1990,7,6,15,655,613,217,31.7,14.4,35,1001,3.1,330,0
1990,7,6,16,479,594,147,31.1,15.6,39,1001,2.6,50,0
1990,7,6,17,274,439,107,30.6,15.6,40,1001,3.6,320,0
1990,7,6,18,70,29,64,28.9,16.1,46,1002,3.6,330,0
1990,7,6,19,10,1,10,27.8,16.1,49,1002,4.1,330,0
1990,7,6,20,0,0,0,25.6,16.7,58,1004,4.1,300,0
1990,7,6,21,0,0,0,23.9,17.8,69,1005,4.1,340,0
1990,7,6,22,0,0,0,23.3,16.7,66,1006,4.6,350,0
1990,7,6,23,0,0,0,22.8,16.1,66,1006,4.6,360,0
1990,7,7,0,0,0,0,22.8,16.1,66,1007,4.6,360,0
1990,7,7,1,0,0,0,22.2,17.2,73,1007,5.2,50,0
1990,7,7,2,0,0,0,21.7,15.6,68,1007,4.6,50,0
1990,7,7,3,0,0,0,21.1,15,68,1007,4.1,20,0
1990,7,7,4,1,0,1,20.6,14.4,68,1007,4.6,30,0
1990,7,7,5,45,89,36,20,13.9,68,1008,5.2,20,0
1990,7,7,6,126,73,105,20.6,13.3,63,1009,4.6,30,0
1990,7,7,7,195,18,186,20.6,13.3,63,1010,4.6,30,0
1990,7,7,8,308,0,308,21.7,13.3,59,1011,2.6,350,0
1990,7,7,9,335,4,333,22.2,13.9,59,1011,4.6,40,0
1990,7,7,10,395,5,391,23.9,15,58,1011,2.6,130,0
1990,7,7,11,388,1,387,25,14.4,52,1011,2.1,150,0
1990,7,7,12,414,3,412,25,15,54,1011,3.1,130,0
1990,7,7,13,368,6,362,24.4,15,56,1011,2.1,140,0
1990,7,7,14,487,162,351,24.4,15.6,58,1011,0,0,0
1990,7,7,15,198,4,195,24.4,15.6,58,1010,2.1,140,0
1990,7,7,16,244,26,229,24.4,15.6,58,1010,2.1,70,0
1990,7,7,17,118,5,116,24.4,16.7,62,1010,0,0,0
1990,7,7,18,47,3,47,23.3,16.7,66,1011,2.1,120,0
1990,7,7,19,15,0,15,22.8,17.2,71,1011,2.1,160,0
1990,7,7,20,0,0,0,21.1,17.2,79,1011,2.1,170,0
1990,7,7,21,0,0,0,21.1,17.2,79,1012,0,0,0
1990,7,7,22,0,0,0,20.6,18.3,87,1012,0,0,0
1990,7,7,23,0,0,0,20.6,18.3,87,1012,2.1,190,0
1990,7,8,0,0,0,0,20,17.8,87,1012,3.1,190,0
1990,7,8,1,0,0,0,20.6,17.2,81,1012,3.1,180,0
1990,7,8,2,0,0,0,20,17.2,84,1012,2.6,170,0
1990,7,8,3,0,0,0,18.3,17.2,93,1012,0,0,0
1990,7,8,4,0,0,0,17.8,17.2,97,1012,1.5,160,0
1990,7,8,5,29,19,27,18.3,17.2,93,1012,0,0,0
1990,7,8,6,111,3,111,20.6,18.3,87,1012,1.5,150,0
1990,7,8,7,150,7,147,22.8,18.3,76,1013,3.6,180,0
1990,7,8,8,203,1,202,23.9,17.8,69,1012,4.6,190,0
1990,7,8,9,275,4,272,25.6,17.8,62,1012,4.6,190,0
1990,7,8,10,355,96,270,26.1,18.9,65,1012,4.1,180,0
1990,7,8,11,395,10,386,26.1,18.9,65,1012,4.6,220,0
1990,7,8,12,405,19,387,27.2,20,65,1011,4.6,180,0
1990,7,8,13,360,2,358,27.8,20.6,65,1010,5.2,190,0
1990,7,8,14,483,199,316,27.8,21.1,67,1010,5.7,210,0
1990,7,8,15,244,1,243,27.8,21.1,67,1010,4.6,180,0
1990,7,8,16,157,1,156,27.2,21.7,72,1008,4.1,150,0
1990,7,8,17,224,75,196,27.2,22.2,74,1007,3.6,160,0
1990,7,8,18,65,57,53,26.7,22.2,77,1008,3.1,170,0
1990,7,8,19,14,2,14,25,22.2,85,1008,3.6,150,0
1990,7,8,20,0,0,0,24.4,22.2,88,1007,4.1,150,0
1990,7,8,21,0,0,0,24.4,22.8,91,1008,2.6,160,0
1990,7,8,22,0,0,0,23.9,22.8,94,1007,3.1,170,0
1990,7,8,23,0,0,0,23.9,22.8,94,1007,3.1,170,0
1990,7,9,0,0,0,0,24.4,22.8,91,1006,3.6,180,0
1990,7,9,1,0,0,0,23.3,22.2,94,1006,2.1,190,0
1990,7,9,2,0,0,0,23.9,22.8,94,1006,2.6,210,0
1990,7,9,3,0,0,0,23.9,22.2,90,1006,3.6,200,0
1990,7,9,4,1,1,1,23.3,22.2,94,1006,4.1,190,0
1990,7,9,5,50,51,44,23.3,22.2,94,1006,3.1,180,0
1990,7,9,6,194,369,88,24.4,22.8,91,1005,3.6,200,0
1990,7,9,7,386,633,87,27.2,23.3,79,1005,3.6,190,0
1990,7,9,8,590,776,94,29.4,23.3,70,1005,3.1,190,0
1990,7,9,9,721,799,96,31.7,23.9,63,1005,4.6,190,0
1990,7,9,10,833,802,123,33.3,23.9,58,1004,4.1,200,0
1990,7,9,11,901,808,138,35,23.3,51,1004,4.1,200,0
1990,7,9,12,973,794,212,35.6,22.8,48,1003,4.6,200,0
1990,7,9,13,681,346,363,36.1,23.3,48,1003,6.2,200,0
1990,7,9,14,611,354,314,36.7,23.3,46,1003,5.7,220,0
1990,7,9,15,609,605,177,36.1,23.3,48,1002,5.2,220,0
1990,7,9,16,505,646,144,35,23.3,51,1002,7.2,220,0
1990,7,9,17,204,198,128,30.6,22.8,63,1002,5.7,230,0
1990,7,9,18,95,95,77,28.9,22.8,70,1002,4.6,210,0
1990,7,9,19,11,8,10,26.7,22.8,79,1002,3.6,200,0
1990,7,9,20,0,0,0,25.6,22.8,85,1003,2.1,140,0
1990,7,9,21,0,0,0,25,22.8,88,1003,2.1,180,0
1990,7,9,22,0,0,0,25,22.8,88,1003,0,0,0
1990,7,9,23,0,0,0,25,22.8,88,1003,0,0,0
1990,7,10,0,0,0,0,24.4,22.8,91,1002,0,0,0
1990,7,10,1,0,0,0,23.3,22.2,94,1002,0,0,0
1990,7,10,2,0,0,0,23.3,22.2,94,1002,0,0,0
1990,7,10,3,0,0,0,23.3,22.2,94,1003,0,0,0
1990,7,10,4,0,0,0,22.8,21.7,94,1003,0,0,0
1990,7,10,5,36,2,35,23.3,21.7,90,1004,1.5,300,0
1990,7,10,6,93,11,90,26.1,22.2,79,1004,1.5,360,0
1990,7,10,7,186,3,185,27.8,20.6,65,1005,3.6,330,0
1990,7,10,8,380,64,339,29.4,20.6,59,1005,4.6,340,0
1990,7,10,9,172,4,169,26.7,21.7,74,1005,3.6,300,0
1990,7,10,10,755,300,489,31.1,21.1,55,1005,4.6,280,0
1990,7,10,11,860,510,379,32.2,21.1,52,1005,4.6,260,0
1990,7,10,12,891,539,376,32.8,21.7,52,1004,3.6,230,0
1990,7,10,13,819,451,404,33.9,21.7,49,1003,3.6,250,0
1990,7,10,14,707,433,345,34.4,22.2,49,1003,4.6,180,0
1990,7,10,15,536,362,278,33.9,22.8,52,1002,3.6,210,0
1990,7,10,16,255,38,233,32.2,22.8,58,1002,4.6,210,0
1990,7,10,17,239,196,165,32.2,22.8,58,1002,4.1,230,0
1990,7,10,18,83,20,80,31.1,23.3,63,1002,4.1,230,0
1990,7,10,19,10,0,10,27.2,21.1,69,1004,5.2,50,0
1990,7,10,20,0,0,0,26.1,21.1,74,1005,3.6,50,0
1990,7,10,21,0,0,0,25,21.1,79,1005,2.6,50,0
1990,7,10,22,0,0,0,23.9,21.1,85,1005,0,0,0
1990,7,10,23,0,0,0,22.2,20.6,90,1005,2.1,250,0
1990,7,11,0,0,0,0,22.8,21.1,90,1005,2.6,320,0
1990,7,11,1,0,0,0,21.7,20.6,93,1005,0,0,0
1990,7,11,2,0,0,0,21.1,20.6,97,1005,1.5,190,0
1990,7,11,3,0,0,0,20.6,20,97,1005,0,0,0
1990,7,11,4,0,0,0,20,19.4,97,1005,0,0,0
1990,7,11,5,31,8,30,20.6,20,97,1005,1.5,200,0
1990,7,11,6,107,46,94,22.8,21.1,90,1005,1.5,320,0
1990,7,11,7,257,240,144,25.6,21.1,77,1005,1.5,70,0
1990,7,11,8,556,531,217,28.3,21.1,65,1004,2.6,320,0
1990,7,11,9,720,698,177,29.4,20.6,59,1005,3.6,310,0
1990,7,11,10,515,87,438,30,21.7,61,1005,4.1,360,0
1990,7,11,11,870,586,317,29.4,21.1,61,1005,4.6,10,0
1990,7,11,12,885,639,274,28.3,20.6,63,1005,5.2,10,0
1990,7,11,13,616,296,343,27.8,18.9,59,1005,5.7,50,0
1990,7,11,14,333,47,294,25.6,18.3,64,1005,4.6,40,0
1990,7,11,15,292,9,285,25,18.3,67,1005,4.6,50,0
1990,7,11,16,147,2,146,21.7,19.4,87,1005,3.1,60,0
1990,7,11,17,125,4,124,21.7,19.4,87,1005,3.1,20,0
1990,7,11,18,36,3,36,20.6,19.4,93,1005,2.1,90,0
1990,7,11,19,11,0,11,20,18.9,93,1005,2.1,10,0
1990,7,11,20,0,0,0,20,18.9,93,1006,1.5,340,0
1990,7,11,21,0,0,0,20.6,18.9,90,1005,2.1,20,0
1990,7,11,22,0,0,0,20.6,19.4,93,1005,2.6,350,0
1990,7,11,23,0,0,0,20.6,18.9,90,1005,1.5,30,0
1990,7,12,0,0,0,0,20,19.4,97,1005,0,0,0
1990,7,12,1,0,0,0,20,19.4,97,1005,1.5,340,0
1990,7,12,2,0,0,0,20,19.4,97,1004,2.6,90,0
1990,7,12,3,0,0,0,20,20,100,1004,2.6,150,0
1990,7,12,4,1,0,1,20.6,20,97,1003,1.5,180,0
1990,7,12,5,28,0,28,21.1,20.6,97,1003,3.1,180,0
1990,7,12,6,109,1,109,21.7,21.1,97,1003,3.1,190,0
1990,7,12,7,214,1,214,22.2,21.1,94,1003,4.1,200,0
1990,7,12,8,313,0,312,22.8,21.7,94,1003,2.6,200,0
1990,7,12,9,350,0,350,23.9,21.7,87,1002,2.6,200,0
1990,7,12,10,448,0,448,27.2,22.8,77,1003,3.6,220,0
1990,7,12,11,440,0,439,27.8,22.8,74,1002,3.6,210,0
1990,7,12,12,438,0,438,28.9,23.3,72,1002,3.6,240,0
1990,7,12,13,725,359,395,31.7,23.9,63,1001,4.6,210,0
1990,7,12,14,344,6,339,31.7,23.9,63,1001,3.6,190,0
1990,7,12,15,215,4,212,29.4,22.8,67,1000,2.6,180,0
1990,7,12,16,126,5,123,22.2,21.1,94,1001,2.6,30,0
1990,7,12,17,62,0,62,23.3,22.8,97,1001,2.6,20,0
1990,7,12,18,27,1,26,23.3,23.3,100,1002,4.1,350,0
1990,7,12,19,7,0,7,22.2,21.1,94,1002,0,0,0
1990,7,12,20,0,0,0,22.2,21.1,94,1003,2.6,340,0
1990,7,12,21,0,0,0,19.4,19.4,100,1004,2.6,10,0
1990,7,12,22,0,0,0,17.8,16.7,93,1004,4.1,350,0
1990,7,12,23,0,0,0,17.2,16.1,93,1005,3.6,350,0
1990,7,13,0,0,0,0,16.7,15.6,93,1005,3.1,350,0
1990,7,13,1,0,0,0,16.7,15.6,93,1006,2.1,350,0
1990,7,13,2,0,0,0,16.1,15.6,97,1006,3.6,350,0
1990,7,13,3,0,0,0,16.1,15.6,97,1008,4.1,360,0
1990,7,13,4,0,0,0,16.1,15,93,1007,3.1,20,0
1990,7,13,5,33,0,33,16.1,15.6,97,1007,3.6,20,0
1990,7,13,6,54,1,54,16.1,15.6,97,1008,3.6,30,0
1990,7,13,7,126,0,126,16.7,15.6,93,1008,3.6,30,0
1990,7,13,8,170,0,170,17.2,16.1,93,1009,4.1,30,0
1990,7,13,9,220,1,219,16.7,15.6,93,1009,5.2,40,0
1990,7,13,10,248,1,248,16.7,15.6,93,1009,5.2,40,0
1990,7,13,11,444,1,443,17.2,16.1,93,1009,5.2,30,0
1990,7,13,12,477,1,476,17.8,16.1,90,1010,5.7,50,0
1990,7,13,13,277,0,276,16.7,16.1,97,1010,5.2,40,0
1990,7,13,14,233,1,231,17.2,16.1,93,1009,4.6,40,0
1990,7,13,15,354,1,354,17.2,16.1,93,1009,4.6,50,0
1990,7,13,16,234,0,233,17.2,16.1,93,1009,4.1,60,0
1990,7,13,17,161,1,160,17.2,16.7,97,1009,5.7,50,0
1990,7,13,18,44,0,44,17.2,16.7,97,1009,6.2,30,0
1990,7,13,19,9,0,9,17.2,16.7,97,1009,6.2,40,0
1990,7,13,20,0,0,0,17.2,17.2,100,1009,6.7,40,0
1990,7,13,21,0,0,0,17.8,17.8,100,1009,6.2,50,0
1990,7,13,22,0,0,0,18.3,18.3,100,1009,6.7,70,0
1990,7,13,23,0,0,0,18.9,18.3,97,1009,5.7,90,0
1990,7,14,0,0,0,0,18.9,18.3,97,1007,6.2,90,0
1990,7,14,1,0,0,0,18.9,18.3,97,1007,7.2,80,0
1990,7,14,2,0,0,0,18.9,18.9,100,1007,6.7,50,0
1990,7,14,3,0,0,0,18.9,18.9,100,1007,5.7,70,0
1990,7,14,4,0,0,0,19.4,18.9,97,1007,6.2,80,0
1990,7,14,5,17,0,17,19.4,18.9,97,1007,6.2,50,0
1990,7,14,6,115,1,115,20,19.4,97,1007,6.2,80,0
1990,7,14,7,203,1,203,20.6,20.6,100,1007,6.7,90,0
1990,7,14,8,308,1,308,22.8,21.7,94,1006,5.2,80,0
1990,7,14,9,370,0,370,23.9,22.2,90,1006,5.7,90,0
1990,7,14,10,271,1,270,23.9,22.8,94,1006,5.2,90,0
1990,7,14,11,863,554,341,26.7,23.9,85,1005,5.7,80,0
1990,7,14,12,767,400,385,27.2,23.9,82,1004,4.6,70,0
1990,7,14,13,200,9,191,25,23.3,91,1004,6.2,90,0
1990,7,14,14,173,2,171,26.1,24.4,91,1003,6.2,20,0
1990,7,14,15,153,3,151,24.4,23.3,94,1003,3.1,120,0
1990,7,14,16,111,5,108,22.2,21.7,97,1004,5.7,120,0
1990,7,14,17,79,2,78,22.2,21.7,97,1003,6.2,90,0
1990,7,14,18,50,1,49,23.3,22.8,97,1003,2.1,140,0
1990,7,14,19,8,0,8,23.9,23.3,97,1003,2.6,110,0
1990,7,14,20,0,0,0,24.4,23.3,94,1003,3.6,120,0
1990,7,14,21,0,0,0,24.4,23.3,94,1003,4.6,120,0
1990,7,14,22,0,0,0,24.4,23.3,94,1003,5.2,110,0
1990,7,14,23,0,0,0,23.9,22.8,94,1003,5.2,120,0
1990,7,15,0,0,0,0,23.9,22.8,94,1002,5.2,110,0
1990,7,15,1,0,0,0,23.3,22.2,94,1002,5.7,110,0
1990,7,15,2,0,0,0,23.3,22.2,94,1001,5.7,120,0
1990,7,15,3,0,0,0,23.3,21.7,90,1002,4.6,120,0
1990,7,15,4,0,0,0,23.3,21.7,90,1002,4.6,120,0
1990,7,15,5,29,1,29,23.3,21.7,90,1002,4.6,120,0
1990,7,15,6,100,0,100,23.9,21.7,87,1002,4.1,120,0
1990,7,15,7,202,1,201,24.4,22.2,88,1002,4.6,120,0
1990,7,15,8,324,1,323,25.6,22.2,82,1003,4.6,110,0
1990,7,15,9,400,1,399,26.1,22.2,79,1002,2.1,120,0
1990,7,15,10,252,1,251,25.6,23.3,88,1002,3.6,120,0
1990,7,15,11,480,1,480,26.1,23.3,85,1002,4.1,120,0
1990,7,15,12,443,1,442,26.7,22.8,79,1002,3.1,110,0
1990,7,15,13,633,112,530,28.3,22.2,70,1002,4.1,120,0
1990,7,15,14,240,14,229,27.8,23.3,77,1001,4.6,120,0
1990,7,15,15,469,241,297,28.9,22.8,70,1002,5.2,120,0
1990,7,15,16,486,535,190,28.3,22.8,72,1002,5.2,120,0
1990,7,15,17,308,426,148,27.8,22.2,72,1002,4.6,120,0
1990,7,15,18,35,4,34,24.4,19.4,74,1004,4.1,10,0
1990,7,15,19,8,0,8,22.8,20,84,1004,3.1,10,0
1990,7,15,20,0,0,0,21.7,20.6,93,1005,0,0,0
1990,7,15,21,0,0,0,21.7,20.6,93,1006,2.1,10,0
1990,7,15,22,0,0,0,21.1,20.6,97,1007,1.5,350,0
1990,7,15,23,0,0,0,20.6,20,97,1007,2.6,330,0
1990,7,16,0,0,0,0,20,19.4,97,1008,0,0,0
1990,7,16,1,0,0,0,20,19.4,97,1008,0,0,0
1990,7,16,2,0,0,0,18.9,18.9,100,1009,1.5,270,0
1990,7,16,3,0,0,0,18.3,18.3,100,1009,0,0,0
1990,7,16,4,0,0,0,18.3,17.8,97,1010,0,0,0
1990,7,16,5,27,14,26,18.9,18.9,100,1010,0,0,0
1990,7,16,6,137,115,105,20.6,20,97,1011,1.5,260,0
1990,7,16,7,335,301,196,22.8,19.4,82,1012,1.5,270,0
1990,7,16,8,448,195,325,25,19.4,71,1012,1.5,260,0
1990,7,16,9,487,142,377,27.8,18.3,57,1012,3.1,280,0
1990,7,16,10,808,476,389,26.7,16.7,54,1012,4.1,270,0
1990,7,16,11,546,98,453,26.7,15.6,51,1012,2.6,280,0
1990,7,16,12,637,237,411,27.8,15.6,47,1012,2.1,280,0
1990,7,16,13,818,526,336,28.9,16.7,48,1012,3.6,250,0
1990,7,16,14,739,543,286,28.9,16.7,48,1012,3.1,220,0
1990,7,16,15,634,550,244,29.4,17.2,48,1011,2.6,200,0
1990,7,16,16,282,101,226,29.4,17.2,48,1012,2.1,240,0
1990,7,16,17,251,115,208,28.3,18.9,57,1012,2.1,190,0
1990,7,16,18,97,103,78,26.7,19.4,65,1012,2.1,150,0
1990,7,16,19,13,4,12,23.9,20,79,1012,2.6,150,0
1990,7,16,20,0,0,0,23.3,20.6,85,1013,2.6,150,0
1990,7,16,21,0,0,0,22.8,20,84,1013,1.5,170,0
1990,7,16,22,0,0,0,21.1,20,93,1013,0,0,0
1990,7,16,23,0,0,0,20,19.4,97,1013,2.1,130,0
1990,7,17,0,0,0,0,19.4,18.9,97,1014,0,0,0
1990,7,17,1,0,0,0,20,19.4,97,1014,0,0,0
1990,7,17,2,0,0,0,20,19.4,97,1013,2.6,140,0
1990,7,17,3,0,0,0,18.9,18.9,100,1013,0,0,0
1990,7,17,4,0,0,0,18.3,18.3,100,1014,2.1,130,0
1990,7,17,5,27,4,27,19.4,19.4,100,1014,0,0,0
1990,7,17,6,116,50,102,21.1,20.6,97,1015,0,0,0
1990,7,17,7,313,204,219,22.8,21.1,90,1015,0,0,0
1990,7,17,8,353,42,327,25,21.1,79,1015,0,0,0
1990,7,17,9,564,249,371,26.1,21.7,77,1015,0,0,0
1990,7,17,10,727,251,507,28.9,21.7,65,1014,0,0,0
1990,7,17,11,752,264,504,30.6,20,53,1014,2.1,230,0
1990,7,17,12,761,279,496,30,18.3,50,1014,2.1,250,0
1990,7,17,13,780,343,466,30.6,19.4,52,1014,2.6,260,0
1990,7,17,14,666,355,371,30,18.9,51,1013,2.1,240,0
1990,7,17,15,574,361,319,31.1,17.8,45,1013,2.6,210,0
1990,7,17,16,422,298,257,29.4,17.2,48,1013,3.1,220,0
1990,7,17,17,209,112,167,27.8,20,63,1012,2.6,210,0
1990,7,17,18,76,53,66,27.8,21.1,67,1013,2.6,200,0
1990,7,17,19,10,0,10,25,20.6,76,1013,2.1,190,0
1990,7,17,20,0,0,0,23.3,21.1,87,1013,1.5,210,0
1990,7,17,21,0,0,0,22.2,21.1,94,1013,0,0,0
1990,7,17,22,0,0,0,21.7,20.6,93,1013,2.1,200,0
1990,7,17,23,0,0,0,22.2,20.6,90,1013,2.6,200,0
1990,7,18,0,0,0,0,21.1,20.6,97,1013,2.6,220,0
1990,7,18,1,0,0,0,21.1,20,93,1012,2.6,220,0
1990,7,18,2,0,0,0,20,19.4,97,1012,2.1,230,0
1990,7,18,3,0,0,0,19.4,19.4,100,1012,0,0,0
1990,7,18,4,0,0,0,18.9,18.9,100,1012,1.5,230,0
1990,7,18,5,36,80,29,18.9,18.3,97,1013,0,0,0
1990,7,18,6,141,261,69,22.2,20.6,90,1013,2.1,210,0
1990,7,18,7,357,519,119,23.9,21.1,85,1013,1.5,220,0
1990,7,18,8,574,694,138,27.8,21.7,69,1013,0,0,0
1990,7,18,9,739,751,161,30,21.7,61,1013,2.6,190,0
1990,7,18,10,869,792,175,30.6,20.6,55,1012,4.6,190,0
1990,7,18,11,894,675,261,31.1,21.7,57,1012,2.6,200,0
1990,7,18,12,950,765,223,31.7,19.4,48,1011,2.6,220,0
1990,7,18,13,929,697,291,33.3,21.1,49,1010,3.1,210,0
1990,7,18,14,627,321,360,32.2,20.6,50,1010,3.6,200,0
1990,7,18,15,646,567,245,32.2,20.6,50,1010,4.6,220,0
1990,7,18,16,444,537,148,31.7,20.6,52,1009,4.1,220,0
1990,7,18,17,274,475,98,30,21.1,59,1009,3.6,210,0
1990,7,18,18,88,187,53,28.3,21.7,67,1009,3.1,200,0
1990,7,18,19,12,6,12,26.1,21.1,74,1010,2.1,200,0
1990,7,18,20,0,0,0,25.6,21.1,77,1010,2.1,200,0
1990,7,18,21,0,0,0,24.4,21.7,85,1010,1.5,190,0
1990,7,18,22,0,0,0,23.3,21.7,90,1010,2.1,190,0
1990,7,18,23,0,0,0,23.3,21.7,90,1009,2.6,210,0
1990,7,19,0,0,0,0,23.3,21.7,90,1009,3.1,200,0
1990,7,19,1,0,0,0,22.8,21.7,94,1009,2.6,220,0
1990,7,19,2,0,0,0,22.2,21.7,97,1009,1.5,230,0
1990,7,19,3,0,0,0,21.7,21.1,97,1009,2.1,200,0
1990,7,19,4,0,0,0,20.6,20,97,1009,2.1,200,0
1990,7,19,5,33,17,31,21.7,21.1,97,1010,1.5,210,0
1990,7,19,6,124,154,82,23.9,22.2,90,1011,2.6,250,0
1990,7,19,7,331,359,167,26.7,20,67,1011,3.6,250,0
1990,7,19,8,518,515,196,28.3,20.6,63,1011,3.6,250,0
1990,7,19,9,711,617,237,28.9,19.4,57,1011,3.1,250,0
1990,7,19,10,822,643,260,30,17.8,48,1011,2.1,250,0
1990,7,19,11,912,682,273,31.7,17.8,44,1010,3.1,230,0
1990,7,19,12,908,673,268,32.2,18.3,44,1010,2.6,230,0
1990,7,19,13,890,598,343,31.7,17.8,44,1009,2.6,230,0
1990,7,19,14,741,525,304,32.2,18.3,44,1009,2.1,240,0
1990,7,19,15,642,563,244,31.7,18.9,47,1008,3.6,230,0
1990,7,19,16,437,441,195,31.7,17.2,42,1008,2.1,220,0
1990,7,19,17,238,302,126,30.6,19.4,52,1008,3.1,210,0
1990,7,19,18,78,97,60,28.3,21.1,65,1008,2.1,210,0
1990,7,19,19,8,1,8,25.6,20.6,74,1007,2.1,200,0
1990,7,19,20,0,0,0,25,20,74,1008,2.1,200,0
1990,7,19,21,0,0,0,23.9,21.1,85,1008,2.1,200,0
1990,7,19,22,0,0,0,23.9,21.1,85,1008,3.6,190,0
1990,7,19,23,0,0,0,23.3,19.4,79,1007,3.6,190,0
1990,7,20,0,0,0,0,22.2,19.4,84,1007,3.6,190,0
1990,7,20,1,0,0,0,21.1,19.4,90,1006,3.1,190,0
1990,7,20,2,0,0,0,21.1,18.9,87,1006,3.1,190,0
1990,7,20,3,0,0,0,21.1,18.9,87,1006,3.6,190,0
1990,7,20,4,0,0,0,20.6,18.9,90,1006,1.5,200,0
1990,7,20,5,32,13,30,20.6,19.4,93,1006,1.5,200,0
1990,7,20,6,137,141,99,23.3,20,82,1007,2.1,210,0
1990,7,20,7,340,407,156,25.6,21.1,77,1007,2.6,190,0
1990,7,20,8,533,524,206,27.8,21.7,69,1006,3.1,210,0
1990,7,20,9,704,599,244,29.4,22.2,65,1006,3.6,200,0
1990,7,20,10,838,652,268,31.1,21.7,57,1005,3.6,190,0
1990,7,20,11,888,470,448,32.2,21.1,52,1005,4.1,200,0
1990,7,20,12,931,551,409,32.8,20.6,49,1004,2.6,220,0
1990,7,20,13,849,557,340,33.3,20,46,1003,4.6,190,0
1990,7,20,14,415,89,341,31.7,20,50,1003,3.6,200,0
1990,7,20,15,458,135,362,28.3,21.1,65,1003,6.2,250,0
1990,7,20,16,304,85,257,30,21.7,61,1003,1.5,190,0
1990,7,20,17,219,159,160,30.6,22.2,61,1002,2.1,190,0
1990,7,20,18,80,64,68,28.9,22.8,70,1003,2.1,210,0
1990,7,20,19,11,0,11,26.7,21.7,74,1003,2.6,210,0
1990,7,20,20,0,0,0,22.8,20,84,1004,2.1,330,0
1990,7,20,21,0,0,0,22.2,20.6,90,1004,2.1,360,0
1990,7,20,22,0,0,0,21.1,20,93,1004,2.1,200,0
1990,7,20,23,0,0,0,21.1,20,93,1003,1.5,200,0
1990,7,21,0,0,0,0,21.1,20,93,1003,0,0,0
1990,7,21,1,0,0,0,20.6,20,97,1003,1.5,210,0
1990,7,21,2,0,0,0,20,18.9,93,1002,1.5,210,0
1990,7,21,3,0,0,0,20,19.4,97,1002,1.5,200,0
1990,7,21,4,0,0,0,18.9,18.3,97,1003,0,0,0
1990,7,21,5,37,110,27,20,18.9,93,1003,1.5,250,0
1990,7,21,6,183,456,61,22.8,20.6,87,1003,2.6,230,0
1990,7,21,7,360,601,88,26.1,21.7,77,1003,2.1,230,0
1990,7,21,8,549,694,117,28.9,21.7,65,1003,1.5,230,0
1990,7,21,9,738,789,133,30.6,20.6,55,1003,2.1,240,0
1990,7,21,10,667,325,383,31.7,21.1,54,1003,4.1,240,0
1990,7,21,11,671,280,409,31.7,21.7,55,1002,4.6,240,0
1990,7,21,12,821,480,366,31.7,21.1,54,1001,4.1,240,0
1990,7,21,13,255,57,203,23.9,22.2,90,1002,3.6,240,0
1990,7,21,14,220,26,199,21.7,21.1,97,1002,3.6,250,0
1990,7,21,15,236,7,231,22.2,21.7,97,1002,2.6,190,0
1990,7,21,16,300,63,266,25,22.8,88,1001,2.1,190,0
1990,7,21,17,242,302,131,25.6,22.2,82,1001,1.5,160,0
1990,7,21,18,88,92,71,24.4,22.2,88,1001,1.5,160,0
1990,7,21,19,12,2,12,23.3,22.2,94,1002,3.6,160,0
1990,7,21,20,0,0,0,22.2,21.1,94,1002,1.5,270,0
1990,7,21,21,0,0,0,21.7,20.6,93,1002,2.6,240,0
1990,7,21,22,0,0,0,21.7,21.7,100,1002,3.1,200,0
1990,7,21,23,0,0,0,22.2,21.7,97,1002,1.5,230,0
1990,7,22,0,0,0,0,21.7,21.1,97,1001,0,0,0
1990,7,22,1,0,0,0,21.1,20.6,97,1001,1.5,230,0
1990,7,22,2,0,0,0,21.7,21.1,97,1001,1.5,230,0
1990,7,22,3,0,0,0,21.1,21.1,100,1001,1.5,360,0
1990,7,22,4,0,0,0,21.7,21.1,97,1001,2.1,360,0
1990,7,22,5,30,26,28,21.1,21.1,100,1001,1.5,360,0
1990,7,22,6,62,2,62,22.2,21.7,97,1002,0,0,0
1990,7,22,7,189,24,178,23.9,21.7,87,1003,1.5,180,0
1990,7,22,8,232,2,231,23.9,21.7,87,1003,1.5,230,0
1990,7,22,9,621,390,322,26.7,22.8,79,1002,1.5,200,0
1990,7,22,10,629,269,395,28.9,21.7,65,1002,2.1,220,0
1990,7,22,11,870,579,329,29.4,22.2,65,1002,2.6,240,0
1990,7,22,12,792,495,323,29.4,22.2,65,1001,3.1,190,0
1990,7,22,13,763,565,249,30.6,21.1,57,1001,2.1,200,0
1990,7,22,14,721,431,365,31.7,22.8,59,1000,0,0,0
1990,7,22,15,369,80,313,28.9,22.8,70,1000,2.6,270,0
1990,7,22,16,387,292,228,30,22.8,65,1000,3.1,240,0
1990,7,22,17,264,463,94,30.6,22.8,63,1000,2.1,200,0
1990,7,22,18,75,9,73,27.2,24.4,85,999,2.1,160,0
1990,7,22,19,6,1,6,26.7,23.3,82,1000,2.6,180,0
1990,7,22,20,0,0,0,26.1,23.3,85,1000,4.6,160,0
1990,7,22,21,0,0,0,25.6,23.3,88,1000,0,0,0
1990,7,22,22,0,0,0,22.8,21.7,94,1000,5.7,220,0
1990,7,22,23,0,0,0,22.8,21.7,94,999,2.6,250,0
1990,7,23,0,0,0,0,22.2,21.7,97,999,2.1,150,0
1990,7,23,1,0,0,0,21.7,21.1,97,998,0,0,0
1990,7,23,2,0,0,0,21.1,21.1,100,998,1.5,210,0
1990,7,23,3,0,0,0,21.1,20.6,97,998,2.1,200,0
1990,7,23,4,0,0,0,20.6,20,97,998,2.1,190,0
1990,7,23,5,27,16,25,21.1,20.6,97,998,2.1,200,0
1990,7,23,6,153,255,86,23.3,21.7,90,999,2.1,270,0
1990,7,23,7,327,425,136,25.6,22.2,82,999,2.1,260,0
1990,7,23,8,515,549,175,28.3,23.3,74,999,2.6,260,0
1990,7,23,9,672,486,301,30,22.8,65,999,3.1,290,0
1990,7,23,10,746,411,388,29.4,21.7,63,1000,3.6,290,0
1990,7,23,11,671,272,418,30.6,22.2,61,1000,3.6,340,0
1990,7,23,12,340,4,337,30.6,21.7,59,999,4.1,330,0
1990,7,23,13,477,109,377,29.4,22.2,65,1000,3.6,290,0
1990,7,23,14,767,589,280,30,21.7,61,1000,5.2,300,0
1990,7,23,15,535,265,349,28.9,20.6,61,1000,5.7,350,0
1990,7,23,16,316,93,265,27.8,20,63,1001,5.2,340,0
1990,7,23,17,159,52,140,26.7,18.3,60,1001,6.2,350,0
1990,7,23,18,73,79,59,25.6,17.8,62,1002,5.7,350,0
1990,7,23,19,7,1,7,23.9,17.2,66,1002,5.2,330,0
1990,7,23,20,0,0,0,22.2,17.2,73,1003,3.6,350,0
1990,7,23,21,0,0,0,21.7,17.2,76,1003,4.6,350,0
1990,7,23,22,0,0,0,21.1,17.2,79,1004,2.6,350,0
1990,7,23,23,0,0,0,20.6,17.2,81,1004,2.6,340,0
1990,7,24,0,0,0,0,19.4,17.2,87,1004,3.1,350,0
1990,7,24,1,0,0,0,19.4,16.7,84,1004,3.6,360,0
1990,7,24,2,0,0,0,18.9,16.7,87,1004,3.6,360,0
1990,7,24,3,0,0,0,18.3,16.7,90,1004,3.1,350,0
1990,7,24,4,0,0,0,18.3,16.1,87,1005,1.5,320,0
1990,7,24,5,33,60,28,17.8,16.1,90,1005,2.1,330,0
1990,7,24,6,157,318,74,20,17.2,84,1005,3.6,320,0
1990,7,24,7,349,471,139,22.8,17.8,74,1006,3.1,310,0
1990,7,24,8,506,422,245,24.4,17.8,67,1005,4.1,330,0
1990,7,24,9,589,313,351,25.6,17.2,60,1006,4.1,360,0
1990,7,24,10,367,13,356,25.6,17.2,60,1006,3.6,350,0
1990,7,24,11,359,3,356,25.6,17.8,62,1006,4.1,20,0
1990,7,24,12,748,384,385,26.7,17.2,56,1006,4.1,30,0
1990,7,24,13,860,518,390,27.8,17.8,55,1006,4.1,40,0
1990,7,24,14,631,387,311,27.8,17.8,55,1006,4.1,340,0
1990,7,24,15,480,167,363,28.3,17.2,51,1005,3.6,340,0
1990,7,24,16,406,422,177,27.8,17.2,53,1005,4.6,340,0
1990,7,24,17,265,453,101,27.2,17.2,54,1005,3.6,340,0
1990,7,24,18,93,232,53,26.1,17.8,60,1006,3.1,350,0
1990,7,24,19,12,7,11,22.8,17.8,74,1006,1.5,340,0
1990,7,24,20,0,0,0,21.7,18.3,81,1006,1.5,360,0
1990,7,24,21,0,0,0,20,18.3,90,1007,0,0,0
1990,7,24,22,0,0,0,18.9,17.8,93,1006,0,0,0
1990,7,24,23,0,0,0,18.9,17.8,93,1006,0,0,0
1990,7,25,0,0,0,0,18.3,17.2,93,1007,2.1,340,0
1990,7,25,1,0,0,0,17.2,16.7,97,1007,0,0,0
1990,7,25,2,0,0,0,17.2,16.7,97,1007,0,0,0
1990,7,25,3,0,0,0,17.2,16.7,97,1007,1.5,350,0
1990,7,25,4,0,0,0,17.2,16.1,93,1008,1.5,340,0
1990,7,25,5,37,81,29,17.8,16.7,93,1008,1.5,350,0
1990,7,25,6,185,518,51,20,17.8,87,1009,2.6,320,0
1990,7,25,7,382,691,75,23.3,18.3,74,1009,3.1,330,0
1990,7,25,8,578,789,92,25.6,17.8,62,1009,3.6,360,0
1990,7,25,9,748,844,106,27.2,17.8,56,1010,3.1,360,0
1990,7,25,10,878,878,116,28.9,18.9,55,1010,2.6,360,0
1990,7,25,11,916,776,194,29.4,18.3,51,1009,3.1,10,0
1990,7,25,12,724,476,274,30,17.8,48,1009,4.6,350,0
1990,7,25,13,792,621,229,30.6,16.7,43,1009,4.6,320,0
1990,7,25,14,849,805,186,29.4,17.2,48,1009,6.2,330,0
1990,7,25,15,663,806,99,29.4,16.1,45,1009,4.1,350,0
1990,7,25,16,483,731,87,29.4,15.6,43,1009,5.2,30,0
1990,7,25,17,295,646,62,28.3,15.6,46,1009,3.1,10,0
1990,7,25,18,107,381,42,27.2,16.7,53,1009,2.6,10,0
1990,7,25,19,14,35,11,24.4,18.3,69,1010,1.5,240,0
1990,7,25,20,0,0,0,22.2,18.9,82,1010,1.5,330,0
1990,7,25,21,0,0,0,21.1,18.3,84,1010,1.5,250,0
1990,7,25,22,0,0,0,20.6,18.9,90,1010,2.1,310,0
1990,7,25,23,0,0,0,20,18.9,93,1010,0,0,0
1990,7,26,0,0,0,0,18.9,17.8,93,1010,2.1,300,0
1990,7,26,1,0,0,0,18.9,17.8,93,1010,2.1,320,0
1990,7,26,2,0,0,0,18.9,17.8,93,1011,1.5,310,0
1990,7,26,3,0,0,0,18.3,17.8,97,1011,2.6,330,0
1990,7,26,4,0,0,0,17.8,17.2,97,1011,1.5,310,0
1990,7,26,5,28,18,27,18.9,17.8,93,1012,2.6,330,0
1990,7,26,6,150,256,85,21.1,18.3,84,1012,3.1,350,0
1990,7,26,7,341,460,137,23.3,17.8,71,1013,3.6,360,0
1990,7,26,8,541,585,181,25.6,17.8,62,1012,4.6,10,0
1990,7,26,9,716,661,214,27.2,17.8,56,1013,3.6,10,0
1990,7,26,10,848,708,234,28.3,16.7,49,1013,4.1,20,0
1990,7,26,11,916,631,330,29.4,16.7,46,1012,4.6,50,0
1990,7,26,12,918,597,354,30,16.1,43,1012,6.2,30,0
1990,7,26,13,631,309,350,30.6,15.6,40,1011,5.2,20,0
1990,7,26,14,764,660,221,30,15,40,1011,4.6,350,0
1990,7,26,15,638,627,200,30,13.9,37,1011,4.1,350,0
1990,7,26,16,449,531,162,30,12.8,35,1011,3.6,20,0
1990,7,26,17,250,381,114,28.9,12.2,36,1011,5.7,340,0
1990,7,26,18,81,131,59,27.2,13.3,42,1011,3.6,330,0
1990,7,26,19,5,0,5,24.4,15,56,1011,2.6,340,0
1990,7,26,20,0,0,0,23.3,15.6,62,1011,2.6,330,0
1990,7,26,21,0,0,0,20.6,16.1,76,1011,2.1,280,0
1990,7,26,22,0,0,0,20.6,16.7,79,1011,1.5,290,0
1990,7,26,23,0,0,0,19.4,16.7,84,1011,1.5,310,0
1990,7,27,0,0,0,0,19.4,16.7,84,1011,1.5,330,0
1990,7,27,1,0,0,0,18.9,17.2,90,1011,2.1,330,0
1990,7,27,2,0,0,0,18.3,17.2,93,1011,1.5,320,0
1990,7,27,3,0,0,0,19.4,17.8,90,1010,2.1,350,0
1990,7,27,4,0,0,0,18.9,17.8,93,1011,2.6,340,0
1990,7,27,5,33,78,25,20,18.3,90,1011,3.6,340,0
1990,7,27,6,169,414,64,21.7,18.9,84,1011,3.6,350,0
1990,7,27,7,367,613,97,23.9,20,79,1011,3.1,20,0
1990,7,27,8,413,278,242,25,20.6,76,1012,3.1,10,0
1990,7,27,9,463,167,337,26.1,18.3,62,1012,3.6,60,0
1990,7,27,10,494,150,364,26.7,18.9,63,1012,6.2,40,0
1990,7,27,11,560,273,307,28.3,18.9,57,1011,4.6,50,0
1990,7,27,12,888,582,340,28.9,19.4,57,1011,4.6,50,0
1990,7,27,13,904,615,347,28.9,20,59,1010,6.7,60,0
1990,7,27,14,754,554,298,29.4,20,57,1010,5.2,50,0
1990,7,27,15,633,648,182,29.4,19.4,55,1010,3.6,80,0
1990,7,27,16,473,672,112,28.9,19.4,57,1010,4.6,70,0
1990,7,27,17,276,542,82,28.3,18.9,57,1010,4.6,60,0
1990,7,27,18,93,262,49,27.2,19.4,63,1010,3.1,70,0
1990,7,27,19,11,10,10,25,20,74,1010,2.6,70,0
1990,7,27,20,0,0,0,24.4,20,76,1010,2.6,90,0
1990,7,27,21,0,0,0,23.3,20.6,85,1011,2.6,50,0
1990,7,27,22,0,0,0,22.2,20.6,90,1010,2.1,70,0
1990,7,27,23,0,0,0,21.7,20,90,1010,0,0,0
1990,7,28,0,0,0,0,21.1,20,93,1010,0,0,0
1990,7,28,1,0,0,0,20,18.9,93,1010,0,0,0
1990,7,28,2,0,0,0,18.9,18.3,97,1009,0,0,0
1990,7,28,3,0,0,0,18.9,17.8,93,1009,0,0,0
1990,7,28,4,0,0,0,20,19.4,97,1009,2.1,20,0
1990,7,28,5,26,25,24,21.1,20,93,1010,2.6,360,0
1990,7,28,6,163,313,84,22.2,20,87,1010,4.6,20,0
1990,7,28,7,157,5,155,22.8,20,84,1010,2.6,10,0
1990,7,28,8,221,19,209,23.3,20,82,1011,4.6,30,0
1990,7,28,9,250,4,248,25,20,74,1010,3.6,20,0
1990,7,28,10,407,7,401,25.6,20,72,1010,4.1,20,0
1990,7,28,11,547,141,417,27.2,19.4,63,1010,2.6,10,0
1990,7,28,12,490,165,334,27.2,19.4,63,1009,4.6,50,0
1990,7,28,13,739,435,346,27.8,18.9,59,1008,3.1,70,0
1990,7,28,14,780,578,306,28.9,19.4,57,1008,4.1,60,0
1990,7,28,15,616,564,225,27.8,18.9,59,1007,3.6,50,0
1990,7,28,16,453,476,198,28.3,18.3,55,1007,5.7,50,0
1990,7,28,17,251,359,124,27.8,18.9,59,1007,4.1,60,0
1990,7,28,18,79,161,53,26.1,19.4,67,1007,3.6,50,0
1990,7,28,19,5,2,5,25,20,74,1007,4.1,100,0
1990,7,28,20,0,0,0,23.3,18.9,76,1007,2.6,70,0
1990,7,28,21,0,0,0,22.2,20,87,1007,2.6,40,0
1990,7,28,22,0,0,0,21.7,19.4,87,1007,2.6,30,0
1990,7,28,23,0,0,0,21.1,19.4,90,1007,2.6,50,0
1990,7,29,0,0,0,0,21.1,19.4,90,1007,1.5,20,0
1990,7,29,1,0,0,0,20.6,19.4,93,1007,2.6,340,0
1990,7,29,2,0,0,0,20.6,19.4,93,1007,2.1,10,0
1990,7,29,3,0,0,0,20,19.4,97,1007,3.1,10,0
1990,7,29,4,0,0,0,20.6,19.4,93,1007,3.6,350,0
1990,7,29,5,18,12,16,20.6,19.4,93,1007,4.1,20,0
1990,7,29,6,117,189,70,21.1,19.4,90,1007,3.1,350,0
1990,7,29,7,151,23,141,23.9,20,79,1007,4.1,350,0
1990,7,29,8,189,1,188,24.4,20,76,1006,3.6,30,0
1990,7,29,9,412,26,392,23.9,20,79,1006,4.1,40,0
1990,7,29,10,194,3,191,22.8,21.7,94,1006,3.6,30,0
1990,7,29,11,363,8,356,25,21.7,82,1006,3.6,50,0
1990,7,29,12,401,1,401,25,21.7,82,1005,2.6,150,0
1990,7,29,13,379,5,375,25,22.2,85,1005,2.6,140,0
1990,7,29,14,387,4,383,27.2,21.7,72,1004,2.1,90,0
1990,7,29,15,487,350,245,28.3,20.6,63,1004,2.1,80,0
1990,7,29,16,232,60,200,26.1,20.6,72,1004,4.6,100,0
1990,7,29,17,142,33,130,25,22.2,85,1004,1.5,280,0
1990,7,29,18,36,6,35,22.8,21.1,90,1004,2.1,350,0
1990,7,29,19,9,0,9,22.2,20.6,90,1004,1.5,200,0
1990,7,29,20,0,0,0,22.2,21.1,94,1004,1.5,340,0
1990,7,29,21,0,0,0,21.7,20.6,93,1005,0,0,0
1990,7,29,22,0,0,0,21.7,21.1,97,1005,0,0,0
1990,7,29,23,0,0,0,21.1,20.6,97,1004,0,0,0
1990,7,30,0,0,0,0,20.6,20,97,1004,0,0,0
1990,7,30,1,0,0,0,20.6,20,97,1004,0,0,0
1990,7,30,2,0,0,0,20.6,20,97,1004,0,0,0
1990,7,30,3,0,0,0,20,19.4,97,1004,2.1,260,0
1990,7,30,4,0,0,0,20.6,20,97,1004,0,0,0
1990,7,30,5,18,5,18,21.1,20,93,1004,0,0,0
1990,7,30,6,86,47,75,22.8,21.1,90,1004,1.5,60,0
1990,7,30,7,155,1,155,23.9,20,79,1004,0,0,0
1990,7,30,8,237,7,233,23.9,20.6,82,1004,2.1,80,0
1990,7,30,9,302,159,182,25.6,21.1,77,1004,2.1,50,0
1990,7,30,10,560,210,379,24.4,22.2,88,1003,2.6,250,0
1990,7,30,11,812,474,375,28.9,21.1,63,1002,2.1,190,0
1990,7,30,12,645,232,427,30,21.1,59,1002,4.6,140,0
1990,7,30,13,525,135,403,29.4,21.1,61,1001,2.6,180,0
1990,7,30,14,653,303,406,28.3,21.1,65,1001,3.6,120,0
1990,7,30,15,585,517,227,29.4,20.6,59,1000,3.6,150,0
1990,7,30,16,425,489,165,28.9,21.1,63,1000,4.1,170,0
1990,7,30,17,255,484,85,27.2,21.1,69,1000,4.1,160,0
1990,7,30,18,87,266,45,25,21.1,79,1000,3.6,160,0
1990,7,30,19,6,7,6,23.9,21.1,85,1000,2.6,150,0
1990,7,30,20,0,0,0,23.3,21.1,87,1000,2.1,170,0
1990,7,30,21,0,0,0,22.8,20.6,87,1000,2.1,180,0
1990,7,30,22,0,0,0,22.8,20.6,87,1000,0,0,0
1990,7,30,23,0,0,0,22.2,21.1,94,1000,2.1,260,0
1990,7,31,0,0,0,0,22.2,21.1,94,1000,2.6,150,0
1990,7,31,1,0,0,0,22.2,21.7,97,999,1.5,150,0
1990,7,31,2,0,0,0,22.2,21.7,97,999,1.5,160,0
1990,7,31,3,0,0,0,22.2,21.7,97,999,0,0,0
1990,7,31,4,0,0,0,21.7,21.1,97,999,2.1,130,0
1990,7,31,5,19,5,19,22.2,21.7,97,999,2.1,270,0
1990,7,31,6,96,67,80,22.8,21.7,94,999,1.5,290,0
1990,7,31,7,360,630,87,25,22.2,85,1000,2.6,300,0
1990,7,31,8,544,666,141,27.2,21.7,72,1000,4.6,300,0
1990,7,31,9,699,631,225,28.3,21.1,65,1000,5.2,330,0
1990,7,31,10,602,369,285,28.9,21.1,63,1000,6.2,300,0
1990,7,31,11,808,510,338,28.9,20,59,1000,7.2,320,0
1990,7,31,12,751,534,252,30,21.1,59,1000,6.7,290,0
1990,7,31,13,811,563,304,29.4,19.4,55,1000,6.7,300,0
1990,7,31,14,726,554,275,30,18.9,51,999,7.2,290,0
1990,7,31,15,564,514,210,29.4,18.3,51,1000,6.7,300,0
1990,7,31,16,441,527,163,28.9,17.8,51,1000,7.2,320,0
1990,7,31,17,255,473,91,27.8,17.2,53,1000,5.7,320,0
1990,7,31,18,59,33,54,26.1,16.7,56,1001,7.2,320,0
1990,7,31,19,7,11,6,23.9,16.1,62,1002,5.7,320,0
1990,7,31,20,0,0,0,22.8,15,62,1003,4.1,340,0
1990,7,31,21,0,0,0,23,16.1,59,1003,3.9,330,0
1990,7,31,22,0,0,0,23.3,17.2,66,1003,3.7,320,0
1990,7,31,23,0,0,0,23.5,18.3,70,1004,3.5,330,0
2004,8,1,0,0,0,0,23.7,19.5,90,1006,3.2,200,0
2004,8,1,1,0,0,0,23.9,20.6,84,1007,3,200,0
2004,8,1,2,0,0,0,24.2,21.7,88,1007,2.8,180,0
2004,8,1,3,0,0,0,24.4,22.8,91,1007,2.6,200,0
2004,8,1,4,0,0,0,24.4,22.8,91,1007,2.6,190,0
2004,8,1,5,0,0,0,24.4,22.8,91,1007,2.1,200,0
2004,8,1,6,34,0,34,23.9,22.2,90,1007,1.5,320,0
2004,8,1,7,91,0,91,24.4,22.2,88,1008,1.5,50,0
2004,8,1,8,85,0,85,25,22.2,84,1008,0,0,0
2004,8,1,9,266,12,257,25.6,22.8,85,1008,0,0,0
2004,8,1,10,428,84,356,26.7,22.8,79,1008,0,0,0
2004,8,1,11,749,409,374,28.9,22.8,70,1008,1.5,10,0
2004,8,1,12,857,582,315,29.4,21.7,63,1006,1.5,10,0
2004,8,1,13,383,60,329,28.9,22.2,67,1007,3.6,130,0
2004,8,1,14,121,0,121,23,22,94,1007,1.5,220,0
2004,8,1,15,130,0,130,24.4,23.3,94,1006,0,0,0
2004,8,1,16,271,88,225,25,23.3,90,1006,0,0,0
2004,8,1,17,85,0,85,25.6,23.3,87,1006,4.1,140,0
2004,8,1,18,42,0,42,25,22.8,88,1005,1.5,150,0
2004,8,1,19,0,0,0,24,22,89,1006,2.1,160,0
2004,8,1,20,0,0,0,23,22,94,1005,0,0,0
2004,8,1,21,0,0,0,22.8,21.7,94,1007,0,0,0
2004,8,1,22,0,0,0,22.8,22.2,96,1006,0,0,0
2004,8,1,23,0,0,0,22.8,22.2,96,1006,0,0,0
2004,8,2,0,0,0,0,22.8,22.2,96,1005,0,0,0
2004,8,2,1,0,0,0,22.2,21.7,97,1005,0,0,0
2004,8,2,2,0,0,0,22.2,21.1,93,1005,0,0,0
2004,8,2,3,0,0,0,21.7,20.6,93,1005,0,0,0
2004,8,2,4,0,0,0,21.1,20.6,97,1005,0,0,0
2004,8,2,5,0,0,0,22.2,21.7,97,1005,0,0,0
2004,8,2,6,136,142,102,22.8,22.2,96,1005,2.1,300,0
2004,8,2,7,112,0,112,22.8,22.2,96,1006,1.5,210,0
2004,8,2,8,190,0,190,23.9,22.2,90,1006,2.1,350,0
2004,8,2,9,267,12,257,26,22,79,1006,1.5,340,0
2004,8,2,10,570,247,359,27.2,22.2,74,1006,0,0,0
2004,8,2,11,731,367,395,29.4,22.2,65,1005,2.6,40,0
2004,8,2,12,827,576,291,28.9,21.7,65,1003,1.5,80,0
2004,8,2,13,713,401,355,31,22,59,1002,1.5,120,0
2004,8,2,14,619,346,339,25,21.1,79,1003,4.1,160,0
2004,8,2,15,107,0,107,22.8,21.7,94,1004,3.1,230,0
2004,8,2,16,70,0,70,23.3,21.7,91,1003,3.6,200,0
2004,8,2,17,50,0,50,23.9,22.2,90,1003,1.5,200,0
2004,8,2,18,11,0,11,23.9,22.2,90,1003,0,0,0
2004,8,2,19,0,0,0,22.8,21.7,94,1003,0,0,0
2004,8,2,20,0,0,0,22.2,21.1,93,1004,0,0,0
2004,8,2,21,0,0,0,22.2,21.1,93,1004,1.5,120,0
2004,8,2,22,0,0,0,21.7,20.6,93,1003,0,0,0
2004,8,2,23,0,0,0,21.1,20.6,97,1003,0,0,0
2004,8,3,0,0,0,0,21.7,20.6,93,1002,0,0,0
2004,8,3,1,0,0,0,20.6,20,96,1003,0,0,0
2004,8,3,2,0,0,0,20.6,20,96,1002,1.5,220,0
2004,8,3,3,0,0,0,20.6,20,96,1002,0,0,0
2004,8,3,4,0,0,0,20.6,20,96,1002,1.5,220,0
2004,8,3,5,0,0,0,21,21,100,1002,0,0,0
2004,8,3,6,154,264,92,21.7,20.6,93,1001,1.5,40,0
2004,8,3,7,295,294,171,22.2,21.1,93,1002,0,0,0
2004,8,3,8,499,508,196,25,21.1,79,1002,2.1,360,0
2004,8,3,9,692,685,183,26.1,20,69,1002,1.5,360,0
2004,8,3,10,756,621,227,27.8,20,63,1002,0,0,0
2004,8,3,11,895,776,186,29.4,21.1,61,1001,2.6,350,0
2004,8,3,12,910,798,170,30,20.6,57,999,2.1,360,0
2004,8,3,13,860,664,269,30.6,20.6,55,1000,0,0,0
2004,8,3,14,462,131,357,30,20,55,1000,3.6,20,0
2004,8,3,15,530,379,272,31.1,20,52,999,3.6,40,0
2004,8,3,16,417,510,153,30.6,20,53,999,3.6,350,0
2004,8,3,17,230,399,96,30,20,55,998,2.1,20,0
2004,8,3,18,72,198,44,29.4,19.4,55,997,2.6,350,0
2004,8,3,19,0,0,0,26.1,21.1,74,999,0,0,0
2004,8,3,20,0,0,0,24.4,21.1,82,999,1.5,280,0
2004,8,3,21,0,0,0,23.9,20.6,82,999,1.5,280,0
2004,8,3,22,0,0,0,23.9,21.1,84,998,0,0,0
2004,8,3,23,0,0,0,23.3,20.6,85,999,1.5,360,0
2004,8,4,0,0,0,0,22.2,20.6,91,998,0,0,0
2004,8,4,1,0,0,0,22.2,20,87,999,0,0,0
2004,8,4,2,0,0,0,21.7,19.4,87,999,1.5,310,0
2004,8,4,3,0,0,0,22.2,18.9,82,999,0,0,0
2004,8,4,4,0,0,0,22.2,18.9,82,999,3.1,300,0
2004,8,4,5,9,86,6,22.8,18.9,79,999,2.1,330,0
2004,8,4,6,154,251,96,23.3,20,82,998,0,0,0
2004,8,4,7,309,369,154,26.1,20.6,72,1000,3.1,320,0
2004,8,4,8,513,593,160,27.2,20.6,67,1000,3.6,290,0
2004,8,4,9,667,649,186,28.3,20,61,1000,0,0,0
2004,8,4,10,775,712,170,28.9,20,59,999,3.1,280,0
2004,8,4,11,858,674,244,30,20.6,57,999,2.6,300,0
2004,8,4,12,874,678,247,30.6,21.7,59,997,3.1,280,0
2004,8,4,13,830,652,251,31.1,21.1,55,998,3.1,280,0
2004,8,4,14,676,554,230,30.6,21.7,59,997,2.6,240,0
2004,8,4,15,547,462,234,30.6,22.8,63,997,4.1,210,0
2004,8,4,16,390,375,196,30.6,22.2,61,997,4.6,200,0
2004,8,4,17,130,23,122,28.9,22.8,70,996,4.1,210,0
2004,8,4,18,34,0,34,22.2,20.6,91,996,4.6,200,0
2004,8,4,19,0,0,0,22.8,21.7,94,997,2.1,220,0
2004,8,4,20,0,0,0,22.8,21.7,94,998,0,0,0
2004,8,4,21,0,0,0,23.3,22.2,94,998,0,0,0
2004,8,4,22,0,0,0,23.9,18.9,74,998,1.5,20,0
2004,8,4,23,0,0,0,22.8,20.6,87,997,0,0,0
2004,8,5,0,0,0,0,22.8,21.1,90,996,0,0,0
2004,8,5,1,0,0,0,23.3,19.4,79,997,3.6,330,0
2004,8,5,2,0,0,0,22.8,18.9,79,997,3.1,350,0
2004,8,5,3,0,0,0,22.2,18.9,82,996,1.5,30,0
2004,8,5,4,0,0,0,22.2,18.9,82,997,2.6,10,0
2004,8,5,5,3,0,3,22.8,18.9,79,997,2.1,340,0
2004,8,5,6,52,0,52,22.8,18.9,79,997,4.6,330,0
2004,8,5,7,56,0,56,21,17,78,998,4.6,10,0
2004,8,5,8,132,0,132,21.1,17.2,78,999,4.6,360,0
2004,8,5,9,171,0,171,21.1,17.2,78,1000,3.1,360,0
2004,8,5,10,161,0,161,21.1,16.7,76,1000,4.6,10,0
2004,8,5,11,189,0,189,22.2,15.6,66,1000,6.7,360,0
2004,8,5,12,198,0,198,22.8,16.1,66,998,5.2,360,0
2004,8,5,13,200,6,195,23.3,16.1,64,1000,4.1,20,0
2004,8,5,14,341,24,322,23.9,16.1,62,999,3.6,10,0
2004,8,5,15,214,6,210,23.9,16.1,62,999,5.7,360,0
2004,8,5,16,173,6,170,24.4,15,56,999,4.6,10,0
2004,8,5,17,149,63,129,23.9,15,57,998,3.6,10,0
2004,8,5,18,67,156,46,22.2,15,64,998,3.1,40,0
2004,8,5,19,0,0,0,20,16.1,78,1000,1.5,60,0
2004,8,5,20,0,0,0,21.7,16.1,70,1001,3.1,350,0
2004,8,5,21,0,0,0,21.7,14.4,63,1001,4.6,10,0
2004,8,5,22,0,0,0,21.1,14.4,66,1001,4.1,10,0
2004,8,5,23,0,0,0,20.6,14.4,68,1002,6.7,350,0
2004,8,6,0,0,0,0,17.8,13.9,78,1001,7.7,10,0
2004,8,6,1,0,0,0,17.8,13.9,78,1002,4.1,10,0
2004,8,6,2,0,0,0,17.2,11.1,67,1002,4.6,10,0
2004,8,6,3,0,0,0,15.6,10,69,1002,3.1,340,0
2004,8,6,4,0,0,0,15,9.4,69,1002,3.6,350,0
2004,8,6,5,8,98,4,15,8.9,67,1003,2.6,340,0
2004,8,6,6,156,307,87,16.1,10,67,1002,3.6,340,0
2004,8,6,7,345,538,121,17.2,8.9,58,1004,5.7,350,0
2004,8,6,8,527,636,150,18.9,8.9,52,1004,6.7,10,0
2004,8,6,9,680,715,152,21.1,8.9,46,1004,4.6,10,0
2004,8,6,10,794,730,176,19.4,8.3,49,1004,6.2,20,0
2004,8,6,11,883,668,276,20.6,7.8,44,1004,5.2,20,0
2004,8,6,12,305,30,278,21.1,7.2,41,1002,7.2,350,0
2004,8,6,13,389,48,346,22.2,7.2,38,1003,6.7,20,0
2004,8,6,14,121,0,121,21.1,6.7,39,1003,6.2,20,0
2004,8,6,15,512,326,293,22.2,6.1,35,1003,4.6,340,0
2004,8,6,16,433,633,110,22.8,7.8,38,1003,5.7,360,0
2004,8,6,17,243,438,101,21.7,6.7,38,1003,5.7,340,0
2004,8,6,18,44,30,40,20.6,7.8,44,1002,3.6,340,0
2004,8,6,19,0,0,0,18.3,8.9,54,1004,2.6,330,0
2004,8,6,20,0,0,0,17.8,9.4,58,1004,1.5,340,0
2004,8,6,21,0,0,0,14.4,10.6,78,1004,1.5,250,0
2004,8,6,22,0,0,0,12.2,10.6,90,1004,0,0,0
2004,8,6,23,0,0,0,12.8,11.1,89,1004,0,0,0
2004,8,7,0,0,0,0,12.2,10.6,90,1003,1.5,160,0
2004,8,7,1,0,0,0,11.7,10,89,1004,1.5,20,0
2004,8,7,2,0,0,0,11.7,10,89,1004,0,0,0
2004,8,7,3,0,0,0,11.1,10,93,1004,0,0,0
2004,8,7,4,0,0,0,12.2,10,86,1004,0,0,0
2004,8,7,5,7,82,4,12.8,10,83,1005,1.5,40,0
2004,8,7,6,148,267,89,15.6,11.1,75,1004,2.6,320,0
2004,8,7,7,325,457,135,17.8,11.7,67,1006,4.6,320,0
2004,8,7,8,520,661,131,19.4,11.1,59,1006,4.6,340,0
2004,8,7,9,680,722,149,21.1,11.7,55,1006,5.2,340,0
2004,8,7,10,775,676,205,21.1,10.6,51,1006,5.2,310,0
2004,8,7,11,767,481,331,22.8,10,44,1005,5.7,300,0
2004,8,7,12,886,642,296,21.7,9.4,45,1004,3.6,320,0
2004,8,7,13,194,18,178,22.8,10,44,1005,5.2,300,0
2004,8,7,14,728,584,262,23.3,10,43,1005,3.6,340,0
2004,8,7,15,591,664,147,24.4,8.3,36,1005,5.7,350,0
2004,8,7,16,405,504,150,23.9,9.4,40,1006,3.1,10,0
2004,8,7,17,203,262,119,22.8,9.4,42,1006,3.6,30,0
2004,8,7,18,65,198,39,21.7,8.3,42,1005,3.1,30,0
2004,8,7,19,0,0,0,18.3,10,58,1007,2.1,50,0
2004,8,7,20,0,0,0,16.1,11.7,75,1008,1.5,230,0
2004,8,7,21,0,0,0,14.4,11.7,84,1008,0,0,0
2004,8,7,22,0,0,0,15,11.7,81,1009,1.5,210,0
2004,8,7,23,0,0,0,14.4,12.2,87,1009,0,0,0
2004,8,8,0,0,0,0,12.8,11.1,89,1008,0,0,0
2004,8,8,1,0,0,0,12.8,11.1,89,1009,0,0,0
2004,8,8,2,0,0,0,12.2,11.1,93,1009,0,0,0
2004,8,8,3,0,0,0,11.7,10.6,93,1009,0,0,0
2004,8,8,4,0,0,0,11.7,11.1,96,1010,0,0,0
2004,8,8,5,4,10,4,12.2,11.1,93,1010,0,0,0
2004,8,8,6,105,34,98,14.4,13.3,93,1010,0,0,0
2004,8,8,7,247,144,188,17.8,12.8,73,1011,0,0,0
2004,8,8,8,520,588,175,21.7,12.2,55,1011,2.6,340,0
2004,8,8,9,667,673,173,23.9,12.2,48,1011,3.1,330,0
2004,8,8,10,794,712,194,24.4,11.1,43,1011,3.1,310,0
2004,8,8,11,798,547,302,24.4,10.6,42,1010,3.1,310,0
2004,8,8,12,778,522,299,26.1,11.1,39,1009,3.6,300,0
2004,8,8,13,818,616,276,25.6,11.1,40,1010,2.6,210,0
2004,8,8,14,675,554,235,26.1,11.1,39,1010,2.6,280,0
2004,8,8,15,366,101,299,26.7,11.7,39,1010,2.1,210,0
2004,8,8,16,297,123,235,25.6,11.7,42,1010,2.1,220,0
2004,8,8,17,198,244,120,25,13.3,48,1010,2.6,210,0
2004,8,8,18,61,197,36,22.8,13.3,55,1010,2.1,210,0
2004,8,8,19,0,0,0,20,13.3,65,1010,3.1,210,0
2004,8,8,20,0,0,0,18.9,13.3,70,1010,2.6,200,0
2004,8,8,21,0,0,0,17.8,13.9,78,1011,1.5,190,0
2004,8,8,22,0,0,0,17.2,13.9,81,1011,0,0,0
2004,8,8,23,0,0,0,16.1,13.9,87,1010,1.5,170,0
2004,8,9,0,0,0,0,15.6,13.3,86,1010,0,0,0
2004,8,9,1,0,0,0,14.4,12.8,90,1010,0,0,0
2004,8,9,2,0,0,0,13.9,12.8,93,1010,0,0,0
2004,8,9,3,0,0,0,13.9,12.8,93,1010,0,0,0
2004,8,9,4,0,0,0,13.3,12.2,93,1010,0,0,0
2004,8,9,5,5,72,3,13.3,12.2,93,1011,0,0,0
2004,8,9,6,141,254,86,16.7,14.4,86,1010,0,0,0
2004,8,9,7,318,426,144,21.7,15,66,1011,1.5,350,0
2004,8,9,8,508,576,171,23.3,15,60,1012,2.6,330,0
2004,8,9,9,655,661,171,25.6,15,52,1012,3.1,320,0
2004,8,9,10,794,748,165,26.7,13.9,45,1011,2.1,350,0
2004,8,9,11,871,740,202,27.2,14.4,45,1011,0,0,0
2004,8,9,12,874,708,226,28.3,11.7,36,1009,2.6,280,0
2004,8,9,13,830,694,220,28.3,13.3,40,1010,2.6,290,0
2004,8,9,14,739,751,144,28.3,13.3,40,1009,3.6,260,0
2004,8,9,15,590,676,142,28.9,12.8,37,1009,3.1,270,0
2004,8,9,16,415,603,113,27.8,13.9,42,1008,3.6,240,0
2004,8,9,17,222,437,84,27.2,13.9,44,1008,2.1,240,0
2004,8,9,18,60,181,37,23.9,15,57,1007,2.6,220,0
2004,8,9,19,0,0,0,22.2,15,64,1008,1.5,180,0
2004,8,9,20,0,0,0,21.7,15.6,68,1008,2.1,160,0
2004,8,9,21,0,0,0,21.1,16.1,73,1008,2.1,160,0
2004,8,9,22,0,0,0,20,16.7,81,1008,1.5,200,0
2004,8,9,23,0,0,0,19.4,16.7,84,1008,1.5,200,0
2004,8,10,0,0,0,0,18.3,16.7,90,1006,0,0,0
2004,8,10,1,0,0,0,18.9,16.7,87,1007,1.5,200,0
2004,8,10,2,0,0,0,18.3,16.7,90,1007,1.5,190,0
2004,8,10,3,0,0,0,18.9,17.2,90,1006,0,0,0
2004,8,10,4,0,0,0,18.3,17.2,93,1006,1.5,160,0
2004,8,10,5,2,0,2,18.9,17.2,90,1006,2.1,190,0
2004,8,10,6,62,0,62,20,17.8,87,1006,1.5,220,0
2004,8,10,7,312,339,174,21.1,18.3,84,1007,1.5,190,0
2004,8,10,8,488,502,195,23.9,18.3,71,1007,1.5,200,0
2004,8,10,9,648,588,219,26.1,17.8,60,1006,1.5,200,0
2004,8,10,10,608,302,355,28.3,15,44,1006,2.1,170,0
2004,8,10,11,810,559,306,28.9,16.7,48,1005,2.1,190,0
2004,8,10,12,856,618,291,30,17.2,46,1003,4.6,200,0
2004,8,10,13,742,485,317,30,16.7,45,1004,2.6,200,0
2004,8,10,14,519,215,350,29.4,17.8,50,1003,4.6,200,0
2004,8,10,15,348,77,298,29.4,17.8,50,1003,5.7,180,0
2004,8,10,16,248,64,216,29.4,17.8,50,1003,7.2,190,0
2004,8,10,17,207,312,109,27.8,18.3,56,1002,7.7,200,0
2004,8,10,18,55,175,34,26.7,18.9,62,1001,4.1,190,0
2004,8,10,19,0,0,0,26,19,65,1001,4.6,190,0
2004,8,10,20,0,0,0,25,19,69,1002,4.1,190,0
2004,8,10,21,0,0,0,24,19,74,1002,5.1,200,0
2004,8,10,22,0,0,0,24,19,74,1001,4.6,190,0
2004,8,10,23,0,0,0,22.8,18.9,79,1003,4.1,190,0
2004,8,11,0,0,0,0,22.2,18.9,82,1001,4.6,190,0
2004,8,11,1,0,0,0,22.2,18.3,79,1002,4.6,190,0
2004,8,11,2,0,0,0,21.1,18.3,84,1002,3.6,200,0
2004,8,11,3,0,0,0,21.1,18.3,84,1002,4.6,200,0
2004,8,11,4,0,0,0,21,18,83,1001,2.1,190,0
2004,8,11,5,2,0,2,20.6,18.3,87,1002,2.6,200,0
2004,8,11,6,63,0,63,21.7,18.3,81,1003,4.6,200,0
2004,8,11,7,256,195,177,22.2,18.3,79,1003,3.1,210,0
2004,8,11,8,297,61,261,22.8,18.9,79,1003,1.5,230,0
2004,8,11,9,445,152,335,25,18.9,69,1003,0,0,0
2004,8,11,10,769,622,250,27.2,20,65,1003,2.6,220,0
2004,8,11,11,816,571,302,28.3,18.9,57,1002,3.6,250,0
2004,8,11,12,647,318,357,29.4,18.9,53,1000,4.1,210,0
2004,8,11,13,218,12,207,28,19,58,1000,2.1,190,0
2004,8,11,14,115,0,115,23,19,78,1001,3.6,60,0
2004,8,11,15,472,273,293,25,20,74,1002,1.5,110,0
2004,8,11,16,404,503,155,26.1,21.1,74,1001,4.1,160,0
2004,8,11,17,206,351,97,25.6,20.6,74,1002,2.6,160,0
2004,8,11,18,54,183,33,23.9,20,79,1001,2.6,160,0
2004,8,11,19,0,0,0,23.1,20,83,1001,3.1,160,0
2004,8,11,20,0,0,0,23,20,83,1002,3.6,150,0
2004,8,11,21,0,0,0,22,19,83,1002,2.1,150,0
2004,8,11,22,0,0,0,22,19,83,1002,1.5,150,0
2004,8,11,23,0,0,0,21.1,19.4,90,1003,2.6,180,0
2004,8,12,0,0,0,0,21.7,19.4,87,1001,2.6,200,0
2004,8,12,1,0,0,0,21.7,19.4,87,1002,1.5,230,0
2004,8,12,2,0,0,0,20.6,18.9,90,1002,1.5,200,0
2004,8,12,3,0,0,0,21,19,88,1001,0,0,0
2004,8,12,4,0,0,0,20,18.9,93,1003,0,0,0
2004,8,12,5,3,33,2,20,18.9,93,1003,0,0,0
2004,8,12,6,126,132,98,21.1,19.4,90,1002,0,0,0
2004,8,12,7,156,13,151,21.7,18.9,84,1004,0,0,0
2004,8,12,8,238,12,231,23.3,19.4,79,1004,0,0,0
2004,8,12,9,356,42,325,24,20,78,1002,1.5,320,0
2004,8,12,10,509,151,383,25,19.4,71,1003,0,0,0
2004,8,12,11,475,78,405,26.1,19.4,67,1003,0,0,0
2004,8,12,12,359,24,337,26.1,20,69,1001,2.1,70,0
2004,8,12,13,335,18,320,26.7,20.6,69,1002,3.1,140,0
2004,8,12,14,369,66,318,27,20,66,1001,2.1,190,0
2004,8,12,15,95,0,95,20,19,94,1001,3.6,230,0
2004,8,12,16,70,0,70,20,19.4,96,1003,2.1,190,0
2004,8,12,17,39,0,39,20.6,19.4,93,1003,2.1,140,0
2004,8,12,18,23,0,23,20.6,19.4,93,1001,2.1,80,0
2004,8,12,19,0,0,0,21,19,88,1000,2.1,40,0
2004,8,12,20,0,0,0,21,20,94,1000,0,0,0
2004,8,12,21,0,0,0,21,20,94,1000,0,0,0
2004,8,12,22,0,0,0,21,20,94,1000,0,0,0
2004,8,12,23,0,0,0,21.1,20,93,1001,1.5,290,0
2004,8,13,0,0,0,0,21.1,20,93,999,4.1,210,0
2004,8,13,1,0,0,0,20.6,20,96,1000,3.1,200,0
2004,8,13,2,0,0,0,18.9,17.8,93,1000,3.1,290,0
2004,8,13,3,0,0,0,19,17,88,1001,3.1,290,0
2004,8,13,4,0,0,0,18.9,17.8,93,1001,2.1,260,0
2004,8,13,5,3,39,2,19,17,88,1001,1.5,300,0
2004,8,13,6,136,167,101,18.9,17.2,90,1001,0,0,0
2004,8,13,7,199,63,174,19.4,17.2,87,1003,2.1,340,0
2004,8,13,8,324,74,281,20.6,17.2,81,1003,2.6,320,0
2004,8,13,9,464,182,333,22,18,78,1003,3.6,350,0
2004,8,13,10,348,24,327,22.8,17.2,71,1004,1.5,300,0
2004,8,13,11,512,108,415,24,18,69,1004,2.6,280,0
2004,8,13,12,431,60,377,23.9,17.8,69,1003,3.1,320,0
2004,8,13,13,271,18,255,24,18,69,1003,3.6,310,0
2004,8,13,14,427,101,348,25.6,17.8,62,1004,5.2,330,0
2004,8,13,15,387,142,295,25.6,17.2,60,1005,3.1,310,0
2004,8,13,16,349,287,209,23.9,16.7,64,1005,3.6,320,0
2004,8,13,17,98,6,96,22.2,16.7,71,1005,3.6,300,0
2004,8,13,18,23,0,23,22.2,15.6,66,1005,2.6,330,0
2004,8,13,19,0,0,0,22,15,64,1006,2.6,340,0
2004,8,13,20,0,0,0,21,16,73,1007,1.5,280,0
2004,8,13,21,0,0,0,21,16,73,1007,2.6,300,0
2004,8,13,22,0,0,0,20,16,78,1007,2.6,320,0
2004,8,13,23,0,0,0,20,15,73,1008,2.1,330,0
2004,8,14,0,0,0,0,20,14.4,70,1008,1.5,320,0
2004,8,14,1,0,0,0,18.9,14.4,75,1009,3.1,310,0
2004,8,14,2,0,0,0,18,14,77,1007,3.1,340,0
2004,8,14,3,0,0,0,18.3,13.9,76,1009,2.6,340,0
2004,8,14,4,0,0,0,18,13,73,1008,2.6,320,0
2004,8,14,5,2,33,2,17.8,13.3,75,1010,3.1,340,0
2004,8,14,6,128,147,98,17.8,13.9,78,1010,4.1,360,0
2004,8,14,7,171,25,161,18.3,13.9,76,1011,3.1,330,0
2004,8,14,8,291,43,266,19.4,13.9,70,1012,3.1,320,0
2004,8,14,9,254,18,241,21,14,64,1011,2.1,350,0
2004,8,14,10,509,175,364,21.7,13.9,61,1012,2.6,20,0
2004,8,14,11,207,6,202,22,13,57,1011,2.1,20,0
2004,8,14,12,210,0,210,21.7,13.9,61,1011,2.1,80,0
2004,8,14,13,176,0,176,21.1,14.4,66,1012,1.5,230,0
2004,8,14,14,138,0,138,19,17,88,1011,3.1,210,0
2004,8,14,15,129,0,129,18.9,17.2,90,1012,0,0,0
2004,8,14,16,70,0,70,18,17,94,1011,2.6,70,0
2004,8,14,17,63,0,63,18.3,16.7,90,1010,2.6,40,0
2004,8,14,18,6,0,6,18.3,16.7,90,1010,2.6,30,0
2004,8,14,19,0,0,0,18,17,94,1009,3.6,20,0
2004,8,14,20,0,0,0,18,17,94,1009,2.1,310,0
2004,8,14,21,0,0,0,18,17,94,1010,0,0,0
2004,8,14,22,0,0,0,18,17,94,1010,1.5,220,0
2004,8,14,23,0,0,0,17.8,16.5,92,1011,1.9,250,0
2004,8,15,0,0,0,0,17.8,16.1,90,1011,2.2,270,0
2004,8,15,1,0,0,0,17.8,15.6,87,1012,2.6,300,0
2004,8,15,2,0,0,0,16.7,15.6,93,1012,0,0,0
2004,8,15,3,0,0,0,16,15,94,1011,0,0,0
2004,8,15,4,0,0,0,15,14,94,1012,1.5,300,0
2004,8,15,5,2,47,1,15,14,94,1012,1.5,220,0
2004,8,15,6,138,224,93,16.1,15,93,1013,0,0,0
2004,8,15,7,300,377,150,19,16,83,1013,3.1,330,0
2004,8,15,8,476,515,182,22,16,69,1013,2.1,350,0
2004,8,15,9,655,673,171,22.8,15,61,1014,2.1,320,0
2004,8,15,10,708,561,243,24,16,61,1013,1.5,290,0
2004,8,15,11,767,505,317,24,15,57,1013,1.5,260,0
2004,8,15,12,539,138,414,24.4,15,56,1013,1.5,230,0
2004,8,15,13,388,30,362,24,16,61,1013,1.5,220,0
2004,8,15,14,271,12,262,25,14.4,52,1014,2.1,290,0
2004,8,15,15,359,113,286,25,14,50,1012,0,0,0
2004,8,15,16,348,327,191,25,16,57,1012,0,0,0
2004,8,15,17,199,383,86,25,16.1,58,1013,1.5,190,0
2004,8,15,18,44,140,30,22.2,17.2,73,1012,2.6,180,0
2004,8,15,19,0,0,0,22,17,73,1012,2.1,170,0
2004,8,15,20,0,0,0,21,17,78,1012,1.5,160,0
2004,8,15,21,0,0,0,19,17,88,1012,0,0,0
2004,8,15,22,0,0,0,19,17,88,1012,0,0,0
2004,8,15,23,0,0,0,18.9,17.2,90,1013,0,0,0
2004,8,16,0,0,0,0,18.9,17.8,93,1012,0,0,0
2004,8,16,1,0,0,0,19,18,94,1011,0,0,0
2004,8,16,2,0,0,0,18,18,100,1011,0,0,0
2004,8,16,3,0,0,0,18,18,100,1011,0,0,0
2004,8,16,4,0,0,0,17.9,17.4,97,1011,0,0,0
2004,8,16,5,1,15,1,18,17,94,1011,0,0,0
2004,8,16,6,102,77,87,20,18.3,90,1011,0,0,0
2004,8,16,7,300,365,157,21,18,83,1011,3.1,320,0
2004,8,16,8,490,582,158,22,18,78,1011,3.1,350,0
2004,8,16,9,649,680,162,23.9,16.1,62,1012,2.1,350,0
2004,8,16,10,757,688,189,26,16,54,1011,3.1,10,0
2004,8,16,11,755,499,311,26.1,15,50,1012,3.1,30,0
2004,8,16,12,688,312,407,26.1,16.7,56,1010,3.1,320,0
2004,8,16,13,788,622,252,28,15,45,1010,3.1,340,0
2004,8,16,14,697,709,149,27,15,48,1010,3.6,340,0
2004,8,16,15,577,645,163,28,13,40,1010,3.1,10,0
2004,8,16,16,348,333,189,27,13,42,1010,3.1,360,0
2004,8,16,17,198,411,79,25.6,16.1,56,1010,2.1,250,0
2004,8,16,18,40,133,27,23.3,17.2,69,1010,2.1,270,0
2004,8,16,19,0,0,0,21,17,78,1010,0,0,0
2004,8,16,20,0,0,0,19,17,88,1010,0,0,0
2004,8,16,21,0,0,0,19,17,88,1010,0,0,0
2004,8,16,22,0,0,0,18,16,88,1010,0,0,0
2004,8,16,23,0,0,0,17,16,94,1010,0,0,0
2004,8,17,0,0,0,0,16.7,15.6,93,1010,0,0,0
2004,8,17,1,0,0,0,17,16,94,1009,0,0,0
2004,8,17,2,0,0,0,16,15,94,1009,0,0,0
2004,8,17,3,0,0,0,17,16,94,1010,0,0,0
2004,8,17,4,0,0,0,20,17,83,1010,0,0,0
2004,8,17,5,1,38,1,20,17,83,1010,0,0,0
2004,8,17,6,131,205,91,20,17,83,1010,0,0,0
2004,8,17,7,294,365,151,24,16,61,1009,0,0,0
2004,8,17,8,470,484,195,26,17,58,1009,0,0,0
2004,8,17,9,522,297,309,24.4,17.8,67,1009,1.5,280,0
2004,8,17,10,689,519,262,25.6,18.3,64,1008,2.6,200,0
2004,8,17,11,706,367,381,26.7,16.1,52,1008,2.6,320,0
2004,8,17,12,850,624,290,26.7,16.7,54,1008,2.6,300,0
2004,8,17,13,612,263,386,27.2,16.1,51,1007,3.1,230,0
2004,8,17,14,420,113,333,27.2,17.8,56,1007,3.1,200,0
2004,8,17,15,510,408,249,26.1,19.4,67,1007,3.6,160,0
2004,8,17,16,374,508,133,25.6,18.9,67,1006,3.6,150,0
2004,8,17,17,192,309,104,25,20,74,1006,3.1,160,0
2004,8,17,18,6,0,6,23.9,20,79,1006,2.6,160,0
2004,8,17,19,0,0,0,23,20,83,1006,2.6,180,0
2004,8,17,20,0,0,0,22.8,20.6,87,1007,2.1,150,0
2004,8,17,21,0,0,0,22.2,20,87,1007,3.1,180,0
2004,8,17,22,0,0,0,21.7,19.4,87,1007,2.6,230,0
2004,8,17,23,0,0,0,21.7,19.4,87,1007,2.1,270,0
2004,8,18,0,0,0,0,20.6,19.4,93,1005,2.6,160,0
2004,8,18,1,0,0,0,20,18.9,93,1006,2.6,190,0
2004,8,18,2,0,0,0,20.6,19.4,93,1006,2.1,280,0
2004,8,18,3,0,0,0,19,19,100,1006,0,0,0
2004,8,18,4,0,0,0,20,18.9,93,1006,2.6,200,0
2004,8,18,5,0,0,0,19.4,19.4,100,1007,3.1,200,0
2004,8,18,6,66,0,66,20,19.4,96,1006,2.1,190,0
2004,8,18,7,172,25,162,20.6,19.4,93,1007,0,0,0
2004,8,18,8,338,129,265,22.2,19.4,84,1007,0,0,0
2004,8,18,9,611,516,244,24.4,19.4,74,1007,0,0,0
2004,8,18,10,745,664,200,26.7,18.3,60,1007,2.1,20,0
2004,8,18,11,792,571,287,28.3,16.1,48,1006,2.1,40,0
2004,8,18,12,832,552,338,27.8,16.7,51,1004,1.5,60,0
2004,8,18,13,470,102,383,28.3,17.2,51,1005,0,0,0
2004,8,18,14,432,113,345,28.9,17.8,51,1004,2.6,190,0
2004,8,18,15,543,550,193,28.3,18.9,57,1004,2.6,190,0
2004,8,18,16,374,502,138,27.8,18.9,58,1004,3.6,180,0
2004,8,18,17,168,213,107,26.7,21.1,71,1004,3.1,180,0
2004,8,18,18,26,27,24,23.9,18.9,74,1003,4.1,170,0
2004,8,18,19,0,0,0,23.3,19.4,79,1005,2.1,190,0
2004,8,18,20,0,0,0,23.3,20.6,85,1005,2.6,170,0
2004,8,18,21,0,0,0,22.2,20.6,91,1005,3.1,190,0
2004,8,18,22,0,0,0,22.8,21.1,90,1005,3.6,190,0
2004,8,18,23,0,0,0,22.8,21.1,90,1005,4.6,190,0
2004,8,19,0,0,0,0,22.2,20.6,91,1003,4.1,190,0
2004,8,19,1,0,0,0,22.2,20.6,91,1004,4.1,200,0
2004,8,19,2,0,0,0,22.2,20.6,91,1005,5.2,210,0
2004,8,19,3,0,0,0,22.2,20.6,91,1005,3.6,200,0
2004,8,19,4,0,0,0,22.2,21.1,93,1005,3.1,210,0
2004,8,19,5,0,0,0,22.2,21.1,93,1005,3.1,190,0
2004,8,19,6,19,0,19,22.8,21.1,90,1004,3.6,200,0
2004,8,19,7,129,0,129,23.3,21.1,87,1006,3.1,200,0
2004,8,19,8,192,6,189,24.4,21.7,85,1007,2.6,200,0
2004,8,19,9,236,6,231,25.6,21.1,76,1007,2.1,220,0
2004,8,19,10,174,6,169,26.1,21.7,77,1007,4.6,210,0
2004,8,19,11,554,168,406,27.8,21.7,69,1007,3.1,220,0
2004,8,19,12,856,654,272,28.9,20,59,1005,3.6,220,0
2004,8,19,13,811,718,199,30.6,21.1,57,1005,3.6,210,0
2004,8,19,14,691,721,140,30.6,20,53,1005,4.6,210,0
2004,8,19,15,565,675,139,31.1,21.1,55,1005,4.1,180,0
2004,8,19,16,384,484,158,29.4,21.1,61,1005,4.1,180,0
2004,8,19,17,43,0,43,28.9,21.7,65,1005,5.2,190,0
2004,8,19,18,8,0,8,27.8,22.2,72,1004,4.6,240,0
2004,8,19,19,0,0,0,26.1,21.1,74,1006,3.6,200,0
2004,8,19,20,0,0,0,25,20.6,77,1007,3.1,200,0
2004,8,19,21,0,0,0,23.3,19.4,79,1007,3.1,210,0
2004,8,19,22,0,0,0,22.2,18.9,82,1007,3.1,200,0
2004,8,19,23,0,0,0,21.7,18.9,84,1006,2.6,200,0
2004,8,20,0,0,0,0,21.7,18.9,84,1006,3.6,190,0
2004,8,20,1,0,0,0,21.7,18.9,84,1006,2.6,190,0
2004,8,20,2,0,0,0,21.7,19.4,87,1006,2.1,190,0
2004,8,20,3,0,0,0,20.6,19.4,93,1006,0,0,0
2004,8,20,4,0,0,0,19.4,18.9,97,1007,0,0,0
2004,8,20,5,0,25,0,20.6,19.4,93,1007,1.5,190,0
2004,8,20,6,115,164,84,22.2,20,87,1006,1.5,190,0
2004,8,20,7,295,442,126,25,21.1,79,1007,2.1,190,0
2004,8,20,8,491,626,140,27.8,20.6,65,1007,1.5,210,0
2004,8,20,9,643,686,158,30,20,55,1007,2.6,220,0
2004,8,20,10,764,682,207,31.1,20.6,54,1007,3.6,210,0
2004,8,20,11,761,529,296,31.1,20,52,1007,4.6,200,0
2004,8,20,12,796,594,267,32.2,20,49,1005,3.1,170,0
2004,8,20,13,746,556,274,32.2,19.4,47,1006,4.6,190,0
2004,8,20,14,587,381,297,31.1,20,52,1005,4.1,180,0
2004,8,20,15,503,438,228,31.1,20,52,1004,5.2,200,0
2004,8,20,16,314,309,171,30.6,20.6,55,1004,5.2,200,0
2004,8,20,17,147,145,107,27.8,20.6,65,1004,4.6,200,0
2004,8,20,18,30,105,21,25.6,19.4,69,1002,2.1,190,0
2004,8,20,19,0,0,0,26.1,21.1,74,1003,3.6,190,0
2004,8,20,20,0,0,0,26.7,21.7,74,1003,4.1,200,0
2004,8,20,21,0,0,0,26.1,21.7,77,1003,4.1,200,0
2004,8,20,22,0,0,0,25.6,21.7,79,1003,4.6,200,0
2004,8,20,23,0,0,0,25.6,21.7,79,1002,5.7,200,0
2004,8,21,0,0,0,0,25,21.7,82,1001,4.6,200,0
2004,8,21,1,0,0,0,25,21.7,82,1001,3.6,210,0
2004,8,21,2,0,0,0,24.4,21.1,82,1001,4.1,210,0
2004,8,21,3,0,0,0,24.4,21.1,82,1000,3.6,200,0
2004,8,21,4,0,0,0,24.4,21.1,82,1000,4.6,200,0
2004,8,21,5,0,0,0,23.9,21.1,84,1000,4.1,200,0
2004,8,21,6,49,0,49,23.9,21.1,84,999,5.2,190,0
2004,8,21,7,94,0,94,23.9,21.7,88,1000,4.6,190,0
2004,8,21,8,139,0,139,23.9,21.1,84,1001,4.1,210,0
2004,8,21,9,140,0,140,24.4,21.7,85,1000,5.2,200,0
2004,8,21,10,186,0,186,24.4,21.7,85,1001,5.2,210,0
2004,8,21,11,183,0,183,24.4,22.2,88,1001,4.1,210,0
2004,8,21,12,150,0,150,23.3,22.2,94,1000,3.1,220,0
2004,8,21,13,206,0,206,24,21,83,1001,5.1,300,0
2004,8,21,14,138,0,138,22.8,20.6,87,1001,4.6,340,0
2004,8,21,15,380,172,273,23.3,18.9,76,1001,6.2,350,0
2004,8,21,16,106,0,106,23.3,18.3,74,1002,5.2,350,0
2004,8,21,17,104,22,98,23.3,17.8,71,1003,5.2,350,0
2004,8,21,18,21,26,19,22.2,17.2,73,1002,2.6,340,0
2004,8,21,19,0,0,0,21.7,16.7,73,1004,3.6,10,0
2004,8,21,20,0,0,0,20.6,15.6,73,1006,3.1,20,0
2004,8,21,21,0,0,0,20,15,73,1006,3.6,30,0
2004,8,21,22,0,0,0,17.2,15,87,1006,0,0,0
2004,8,21,23,0,0,0,16.1,14.4,90,1006,0,0,0
2004,8,22,0,0,0,0,15,13.9,93,1006,0,0,0
2004,8,22,1,0,0,0,15.6,14.4,93,1006,2.1,320,0
2004,8,22,2,0,0,0,14.4,13.3,93,1006,0,0,0
2004,8,22,3,0,0,0,13.9,12.8,93,1006,0,0,0
2004,8,22,4,0,0,0,13.3,12.2,93,1007,0,0,0
2004,8,22,5,0,0,0,13.3,12.8,97,1008,0,0,0
2004,8,22,6,118,166,87,16.1,15,93,1008,0,0,0
2004,8,22,7,274,354,140,18.3,15.6,84,1009,1.5,30,0
2004,8,22,8,478,565,164,20.6,15,70,1009,2.1,50,0
2004,8,22,9,542,352,294,22,14,60,1009,1.5,50,0
2004,8,22,10,727,646,202,22.8,14.4,59,1009,1.5,330,0
2004,8,22,11,767,529,305,23.3,13.9,55,1009,2.1,250,0
2004,8,22,12,532,144,405,24.4,13.9,52,1007,2.1,290,0
2004,8,22,13,781,586,287,25,13.3,48,1008,2.6,320,0
2004,8,22,14,684,685,168,25,12.8,47,1007,0,0,0
2004,8,22,15,558,680,136,24.4,13.3,50,1007,2.1,230,0
2004,8,22,16,367,548,117,25.6,13.9,48,1007,0,0,0
2004,8,22,17,179,407,71,24.4,14.4,54,1006,1.5,210,0
2004,8,22,18,25,101,18,21.7,15,66,1005,2.1,180,0
2004,8,22,19,0,0,0,20.6,15,70,1006,2.1,160,0
2004,8,22,20,0,0,0,20,15.6,76,1006,2.1,190,0
2004,8,22,21,0,0,0,18.3,15.6,84,1007,0,0,0
2004,8,22,22,0,0,0,17.2,15.6,90,1007,0,0,0
2004,8,22,23,0,0,0,17.2,15.6,90,1007,0,0,0
2004,8,23,0,0,0,0,15.6,14.4,93,1005,0,0,0
2004,8,23,1,0,0,0,17.2,16.1,93,1006,2.6,180,0
2004,8,23,2,0,0,0,16.7,15.6,93,1006,0,0,0
2004,8,23,3,0,0,0,16.1,15,93,1006,0,0,0
2004,8,23,4,0,0,0,14.4,13.9,97,1006,1.5,150,0
2004,8,23,5,0,0,0,15,14.4,96,1007,0,0,0
2004,8,23,6,119,202,82,17.2,16.1,93,1006,0,0,0
2004,8,23,7,282,398,132,18.9,17.2,90,1008,0,0,0
2004,8,23,8,472,559,162,21.7,17.2,76,1008,1.5,360,0
2004,8,23,9,644,716,142,23.9,17.2,66,1008,2.1,350,0
2004,8,23,10,770,761,154,26.1,16.1,54,1008,1.5,350,0
2004,8,23,11,853,788,166,26.7,16.1,52,1007,2.6,360,0
2004,8,23,12,855,756,189,27.2,14.4,45,1006,0,0,0
2004,8,23,13,816,777,163,28.3,14.4,43,1006,1.5,330,0
2004,8,23,14,701,744,143,28.3,13.9,41,1006,2.1,300,0
2004,8,23,15,558,698,127,28.3,14.4,43,1005,2.1,270,0
2004,8,23,16,371,600,101,27.8,14.4,44,1006,3.1,250,0
2004,8,23,17,178,423,68,26.7,15,49,1006,2.1,250,0
2004,8,23,18,24,103,17,23.9,15,57,1005,1.5,210,0
2004,8,23,19,0,0,0,20.6,15.6,73,1007,0,0,0
2004,8,23,20,0,0,0,19.4,15.6,79,1007,0,0,0
2004,8,23,21,0,0,0,17.8,15,84,1007,0,0,0
2004,8,23,22,0,0,0,17.2,15,87,1007,0,0,0
2004,8,23,23,0,0,0,16.7,15.6,93,1008,0,0,0
2004,8,24,0,0,0,0,16.1,14.4,90,1007,0,0,0
2004,8,24,1,0,0,0,16.1,14.4,90,1007,0,0,0
2004,8,24,2,0,0,0,16.1,15,93,1007,0,0,0
2004,8,24,3,0,0,0,15.6,14.4,93,1008,0,0,0
2004,8,24,4,0,0,0,15,13.9,93,1008,0,0,0
2004,8,24,5,0,0,0,15.6,14.4,93,1009,0,0,0
2004,8,24,6,120,196,85,17.8,16.1,90,1009,0,0,0
2004,8,24,7,275,373,136,21.1,17.8,81,1010,1.5,350,0
2004,8,24,8,472,571,157,24.4,17.8,67,1011,3.1,330,0
2004,8,24,9,638,698,150,26.7,17.8,58,1011,2.6,350,0
2004,8,24,10,758,730,168,27.8,17.2,53,1011,0,0,0
2004,8,24,11,834,728,202,28.9,16.7,48,1010,1.5,80,0
2004,8,24,12,855,660,275,30.6,17.8,46,1009,3.6,150,0
2004,8,24,13,458,102,373,30,16.7,45,1010,2.6,230,0
2004,8,24,14,649,589,209,30,16.7,45,1009,2.6,200,0
2004,8,24,15,547,633,158,30,17.2,46,1009,2.6,190,0
2004,8,24,16,307,291,177,28.3,18.3,55,1009,1.5,180,0
2004,8,24,17,149,167,107,27.2,18.9,61,1010,2.1,170,0
2004,8,24,18,20,89,15,26.1,18.3,62,1009,2.1,170,0
2004,8,24,19,0,0,0,23.9,18.3,71,1010,2.1,160,0
2004,8,24,20,0,0,0,22.8,18.3,76,1011,2.1,140,0
2004,8,24,21,0,0,0,22.8,18.9,79,1012,3.1,110,0
2004,8,24,22,0,0,0,22.2,20,87,1012,2.1,80,0
2004,8,24,23,0,0,0,22,20,88,1012,2.1,60,0
2004,8,25,0,0,0,0,21.1,20,93,1012,2.1,30,0
2004,8,25,1,0,0,0,21,19,88,1012,0,0,0
2004,8,25,2,0,0,0,21.7,20,90,1012,0,0,0
2004,8,25,3,0,0,0,21.7,20,90,1013,1.5,140,0
2004,8,25,4,0,0,0,21.7,20,90,1013,0,0,0
2004,8,25,5,0,0,0,21.7,20,90,1014,0,0,0
2004,8,25,6,101,109,82,21.7,20,90,1013,1.5,50,0
2004,8,25,7,145,13,140,22.8,20,84,1015,1.5,110,0
2004,8,25,8,259,31,242,23.3,19.4,79,1015,1.5,160,0
2004,8,25,9,549,376,286,25.6,19.4,69,1015,2.1,190,0
2004,8,25,10,677,525,255,25,19.4,71,1015,3.1,210,0
2004,8,25,11,700,391,362,25.6,18.9,67,1014,1.5,180,0
2004,8,25,12,766,534,298,27.8,17.8,55,1013,4.6,140,0
2004,8,25,13,728,532,284,28.3,17.2,51,1014,3.1,160,0
2004,8,25,14,437,149,326,28.3,17.8,53,1013,4.1,180,0
2004,8,25,15,502,467,217,27.8,18.3,56,1013,4.1,190,0
2004,8,25,16,328,361,168,26.7,17.2,56,1014,4.1,180,0
2004,8,25,17,93,28,86,25.6,17.2,60,1013,3.1,160,0
2004,8,25,18,17,43,15,24.4,16.7,62,1012,3.1,130,0
2004,8,25,19,0,0,0,23.3,16.7,66,1014,2.1,140,0
2004,8,25,20,0,0,0,22.2,17.2,73,1014,2.6,140,0
2004,8,25,21,0,0,0,22.2,18.3,79,1014,3.1,150,0
2004,8,25,22,0,0,0,21.1,18.3,84,1014,2.1,150,0
2004,8,25,23,0,0,0,21,19,88,1014,2.1,180,0
2004,8,26,0,0,0,0,20.6,19.4,93,1013,0,0,0
2004,8,26,1,0,0,0,20,19,94,1014,0,0,0
2004,8,26,2,0,0,0,18.9,17.8,93,1014,0,0,0
2004,8,26,3,0,0,0,20.6,19.4,93,1014,2.1,140,0
2004,8,26,4,0,0,0,20,19,94,1014,0,0,0
2004,8,26,5,0,0,0,20,19,94,1014,0,0,0
2004,8,26,6,92,81,78,21.1,19.4,90,1013,1.5,290,0
2004,8,26,7,160,38,146,22,19,83,1014,3.1,220,0
2004,8,26,8,393,264,248,24,19,74,1015,5.1,200,0
2004,8,26,9,619,595,206,23.9,18.3,71,1015,3.6,220,0
2004,8,26,10,553,254,350,25.6,17.8,62,1014,4.1,220,0
2004,8,26,11,682,355,376,26.1,17.8,60,1014,3.1,230,0
2004,8,26,12,813,606,284,26.7,17.8,58,1012,4.6,210,0
2004,8,26,13,769,646,232,27.8,17.8,55,1013,3.6,190,0
2004,8,26,14,672,673,174,28.3,15.6,46,1012,5.2,210,0
2004,8,26,15,512,579,161,28.3,15.6,46,1012,4.1,190,0
2004,8,26,16,359,587,102,28.3,16.7,49,1012,4.1,170,0
2004,8,26,17,166,409,65,27.2,17.2,54,1011,3.1,170,0
2004,8,26,18,16,73,12,25,18.9,69,1011,2.6,170,0
2004,8,26,19,0,0,0,24.4,19.4,74,1012,2.6,160,0
2004,8,26,20,0,0,0,23.3,20,82,1013,1.5,180,0
2004,8,26,21,0,0,0,22.8,20.6,87,1012,1.5,170,0
2004,8,26,22,0,0,0,22.8,20.6,87,1012,2.1,170,0
2004,8,26,23,0,0,0,22.2,21.1,93,1012,2.1,180,0
2004,8,27,0,0,0,0,22.2,21.1,93,1011,1.5,180,0
2004,8,27,1,0,0,0,22.2,21.1,93,1012,3.6,200,0
2004,8,27,2,0,0,0,22.2,20.6,91,1011,3.6,180,0
2004,8,27,3,0,0,0,22.2,20.6,91,1012,2.1,190,0
2004,8,27,4,0,0,0,22,20,88,1012,2.1,180,0
2004,8,27,5,0,0,0,22.2,20,87,1012,3.1,190,0
2004,8,27,6,62,0,62,22.2,20,87,1011,4.1,200,0
2004,8,27,7,175,44,159,23.3,20.6,85,1013,3.6,190,0
2004,8,27,8,293,80,250,24.4,20.6,79,1012,3.6,190,0
2004,8,27,9,555,407,274,25.6,20.6,74,1012,3.6,230,0
2004,8,27,10,702,567,248,27.2,20.6,67,1011,4.1,190,0
2004,8,27,11,445,84,372,27.8,20,63,1011,3.6,190,0
2004,8,27,12,807,546,332,28.3,20,61,1009,2.6,200,0
2004,8,27,13,781,681,216,29.4,20,57,1009,4.1,170,0
2004,8,27,14,666,667,175,29.4,20,57,1009,4.6,200,0
2004,8,27,15,523,644,135,29.4,20,57,1008,4.1,150,0
2004,8,27,16,332,465,130,28.9,20,59,1009,2.6,180,0
2004,8,27,17,156,359,69,27.8,18.9,58,1008,4.1,200,0
2004,8,27,18,13,26,12,26.7,18.9,62,1007,2.6,180,0
2004,8,27,19,0,0,0,25,19.4,71,1009,2.1,160,0
2004,8,27,20,0,0,0,23.9,19.4,76,1009,1.5,180,0
2004,8,27,21,0,0,0,23.9,19.4,76,1009,2.6,170,0
2004,8,27,22,0,0,0,22.8,19.4,81,1009,1.5,160,0
2004,8,27,23,0,0,0,22.2,19.4,84,1008,0,0,0
2004,8,28,0,0,0,0,22.8,20,84,1007,2.6,180,0
2004,8,28,1,0,0,0,22.2,20,87,1007,2.6,180,0
2004,8,28,2,0,0,0,21.7,19.4,87,1007,1.5,220,0
2004,8,28,3,0,0,0,21.1,19.4,90,1007,0,0,0
2004,8,28,4,0,0,0,21.1,19.4,90,1007,0,0,0
2004,8,28,5,0,0,0,21.1,20,93,1007,2.1,180,0
2004,8,28,6,105,171,76,21.7,20,90,1006,3.6,180,0
2004,8,28,7,270,393,127,23.3,20,82,1007,4.1,200,0
2004,8,28,8,466,584,151,25,20.6,77,1007,2.6,210,0
2004,8,28,9,632,704,147,27.2,21.1,69,1007,2.1,210,0
2004,8,28,10,740,718,167,28.9,21.1,63,1007,2.6,230,0
2004,8,28,11,816,704,212,31.1,21.1,55,1006,3.1,150,0
2004,8,28,12,813,648,252,31.7,21.7,56,1005,3.6,200,0
2004,8,28,13,716,544,267,31.7,20.6,52,1005,2.6,190,0
2004,8,28,14,666,649,190,31.7,21.7,56,1004,3.6,170,0
2004,8,28,15,500,555,168,30.6,22.2,61,1004,3.6,170,0
2004,8,28,16,347,558,108,30.6,21.1,57,1004,4.6,170,0
2004,8,28,17,155,374,66,29.4,21.7,63,1004,3.1,170,0
2004,8,28,18,12,58,9,27.8,21.7,69,1002,2.6,170,0
2004,8,28,19,0,0,0,26.7,22.8,79,1004,2.6,180,0
2004,8,28,20,0,0,0,26.1,22.2,79,1005,2.1,180,0
2004,8,28,21,0,0,0,25.6,21.7,79,1005,2.6,180,0
2004,8,28,22,0,0,0,25,20.6,77,1005,2.1,180,0
2004,8,28,23,0,0,0,24.4,20,76,1005,3.1,180,0
2004,8,29,0,0,0,0,23.3,20,82,1003,2.6,180,0
2004,8,29,1,0,0,0,22.2,19.4,84,1004,2.1,190,0
2004,8,29,2,0,0,0,21.7,20,90,1004,1.5,180,0
2004,8,29,3,0,0,0,21.7,20,90,1004,2.6,180,0
2004,8,29,4,0,0,0,21.7,20,90,1004,2.6,180,0
2004,8,29,5,0,0,0,21.1,20,93,1004,2.6,190,0
2004,8,29,6,96,104,78,22.2,20.6,91,1003,2.6,180,0
2004,8,29,7,271,406,124,23.9,20.6,82,1004,5.2,190,0
2004,8,29,8,473,633,133,26.1,20.6,72,1005,4.6,210,0
2004,8,29,9,639,717,147,27.8,20.6,65,1005,4.6,200,0
2004,8,29,10,721,676,184,30,20,55,1005,4.1,180,0
2004,8,29,11,700,421,340,30.6,20,53,1005,3.6,180,0
2004,8,29,12,765,558,283,30.6,19.4,51,1004,3.1,190,0
2004,8,29,13,763,646,233,30.6,19.4,51,1004,3.6,190,0
2004,8,29,14,660,613,213,30.6,18.3,48,1003,4.6,170,0
2004,8,29,15,395,242,251,30,20,55,1003,4.1,170,0
2004,8,29,16,131,0,131,29.4,21.1,61,1003,4.1,170,0
2004,8,29,17,32,0,32,27.8,21.7,69,1003,3.1,160,0
2004,8,29,18,3,0,3,27.2,22.2,74,1002,1.5,160,0
2004,8,29,19,0,0,0,26.7,22.8,79,1004,2.1,160,0
2004,8,29,20,0,0,0,26.1,22.8,82,1004,2.6,150,0
2004,8,29,21,0,0,0,26.1,22.8,82,1004,5.7,150,0
2004,8,29,22,0,0,0,25.6,21.7,79,1004,6.7,160,0
2004,8,29,23,0,0,0,24.4,20.6,79,1005,3.6,160,0
2004,8,30,0,0,0,0,23.9,20.6,82,1004,2.6,170,0
2004,8,30,1,0,0,0,22.8,20.6,87,1005,1.5,170,0
2004,8,30,2,0,0,0,21.7,20,90,1005,2.1,140,0
2004,8,30,3,0,0,0,21.1,20,93,1005,2.1,130,0
2004,8,30,4,0,0,0,20.6,19.4,93,1005,0,0,0
2004,8,30,5,0,0,0,20.6,19.4,93,1005,1.5,130,0
2004,8,30,6,54,0,54,23.3,21.1,87,1004,1.5,140,0
2004,8,30,7,213,159,156,23.9,21.1,84,1005,0,0,0
2004,8,30,8,267,43,244,26.1,21.7,77,1005,1.5,80,0
2004,8,30,9,370,79,316,27.2,20.6,67,1005,2.6,80,0
2004,8,30,10,547,254,346,29.4,20,57,1004,2.6,80,0
2004,8,30,11,779,595,272,29.4,20,57,1004,2.6,80,0
2004,8,30,12,831,636,284,30.6,18.3,48,1001,2.6,80,0
2004,8,30,13,381,60,332,29.4,20.6,59,1002,4.6,90,0
2004,8,30,14,281,18,268,28.9,20.6,61,1002,4.6,50,0
2004,8,30,15,111,0,111,27.8,21.7,69,1002,4.6,60,0
2004,8,30,16,68,0,68,27.2,21.7,72,1002,3.1,70,0
2004,8,30,17,36,0,36,25.6,22.2,82,1002,3.1,40,0
2004,8,30,18,3,0,3,25.6,22.2,82,1000,3.6,40,0
2004,8,30,19,0,0,0,25.6,21.7,79,1002,5.2,10,0
2004,8,30,20,0,0,0,25.6,21.7,79,1002,4.6,10,0
2004,8,30,21,0,0,0,26.1,22.2,79,1002,3.6,10,0
2004,8,30,22,0,0,0,25,22.2,84,1002,3.6,350,0
2004,8,30,23,0,0,0,24.4,21.7,85,1003,4.1,310,0
2004,8,31,0,0,0,0,24.4,21.1,82,1002,4.6,310,0
2004,8,31,1,0,0,0,23.3,20.6,85,1003,4.6,320,0
2004,8,31,2,0,0,0,23.3,20,82,1004,4.1,320,0
2004,8,31,3,0,0,0,23.3,19.4,79,1005,5.2,310,0
2004,8,31,4,0,0,0,22.8,19.4,81,1005,4.1,300,0
2004,8,31,5,0,0,0,22.8,18.3,76,1006,5.2,330,0
2004,8,31,6,98,151,74,23.3,17.8,71,1006,5.7,310,0
2004,8,31,7,257,318,144,23.9,17.2,66,1008,4.6,330,0
2004,8,31,8,347,154,265,24.4,17.2,64,1008,5.7,320,0
2004,8,31,9,479,255,305,25,16.7,60,1009,5.2,330,0
2004,8,31,10,423,91,351,25,17.2,62,1009,5.2,320,0
2004,8,31,11,371,24,351,25.6,16.7,58,1009,5.7,320,0
2004,8,31,12,412,66,356,26.7,16.7,54,1008,5.2,330,0
2004,8,31,13,721,532,288,26.7,16.7,54,1009,4.6,320,0
2004,8,31,14,648,655,176,27.8,16.1,49,1008,2.6,330,0
2004,8,31,15,516,673,122,27.8,15.6,47,1008,3.1,300,0
2004,8,31,16,330,528,110,27.8,13.9,42,1008,3.6,310,0
2004,8,31,17,148,355,68,26.7,12.8,42,1009,4.1,320,0
2004,8,31,18,6,16,6,25,13.3,48,1008,2.6,330,0
2004,8,31,19,0,0,0,23.3,12.8,52,1010,2.1,350,0
2004,8,31,20,0,0,0,21.7,13.9,61,1011,0,0,0
2004,8,31,21,0,0,0,20.4,13.7,78,1011,0.2,0,0
2004,8,31,22,0,0,0,19.2,13.4,78,1011,0.4,260,0
2004,8,31,23,0,0,0,17.9,13.2,84,1012,0.6,0,0
1986,9,1,0,0,0,0,16.6,12.9,93,1013,0.9,210,0
1986,9,1,1,0,0,0,15.3,12.7,93,1013,1.1,0,0
1986,9,1,2,0,0,0,14.1,12.4,97,1013,1.3,110,0
1986,9,1,3,0,0,0,12.8,12.2,97,1013,1.5,130,0
1986,9,1,4,0,0,0,12.8,12.2,97,1013,1.5,140,0
1986,9,1,5,8,1,8,13.9,12.8,93,1013,0,0,0
1986,9,1,6,50,20,47,14.4,13.9,97,1013,0,0,0
1986,9,1,7,164,33,152,16.7,14.4,87,1013,0,0,0
1986,9,1,8,397,445,159,19.4,14.4,73,1013,0,0,0
1986,9,1,9,251,5,247,20.6,14.4,68,1014,1.5,200,0
1986,9,1,10,404,8,397,21.7,14.4,64,1013,2.6,90,0
1986,9,1,11,498,71,438,22.8,13.9,57,1013,3.1,160,0
1986,9,1,12,383,8,376,22.2,13.9,59,1013,2.6,210,0
1986,9,1,13,266,6,262,21.7,14.4,64,1013,4.6,200,0
1986,9,1,14,341,3,339,21.7,14.4,64,1012,4.1,200,0
1986,9,1,15,148,9,143,20.6,15.6,73,1012,3.1,170,0
1986,9,1,16,89,5,87,18.3,15,81,1012,3.1,180,0
1986,9,1,17,38,0,38,17.2,16.1,93,1012,3.6,200,0
1986,9,1,18,14,0,14,15.6,14.4,93,1012,2.1,210,0
1986,9,1,19,0,0,0,15.6,15,97,1012,1.5,190,0
1986,9,1,20,0,0,0,15.6,15,97,1012,2.1,140,0
1986,9,1,21,0,0,0,15.6,15,97,1012,1.5,140,0
1986,9,1,22,0,0,0,15,14.4,97,1012,0,0,0
1986,9,1,23,0,0,0,15,14.4,97,1012,0,0,0
1986,9,2,0,0,0,0,15,14.4,97,1012,0,0,0
1986,9,2,1,0,0,0,15,14.4,97,1012,0,0,0
1986,9,2,2,0,0,0,15,14.4,97,1011,1.5,130,0
1986,9,2,3,0,0,0,15,14.4,97,1011,0,0,0
1986,9,2,4,0,0,0,15.6,15,97,1011,0,0,0
1986,9,2,5,4,0,4,15.6,15,97,1011,0,0,0
1986,9,2,6,29,0,29,15.6,15,97,1012,2.1,130,0
1986,9,2,7,91,1,91,16.1,15.6,97,1012,2.1,240,0
1986,9,2,8,150,1,149,16.7,16.1,97,1012,2.1,200,0
1986,9,2,9,181,1,180,17.2,16.7,97,1012,2.1,220,0
1986,9,2,10,405,0,405,17.8,17.2,97,1012,2.1,230,0
1986,9,2,11,265,1,264,18.3,17.2,93,1012,0,0,0
1986,9,2,12,395,0,395,19.4,17.8,90,1012,2.1,160,0
1986,9,2,13,396,1,395,20,17.8,87,1011,2.6,160,0
1986,9,2,14,368,1,367,21.1,17.2,79,1011,3.1,150,0
1986,9,2,15,266,1,265,21.1,17.2,79,1011,2.1,130,0
1986,9,2,16,161,0,161,20.6,17.8,84,1011,3.1,130,0
1986,9,2,17,88,0,88,20,17.8,87,1011,1.5,150,0
1986,9,2,18,19,0,19,19.4,17.8,90,1011,2.1,150,0
1986,9,2,19,0,0,0,18.9,17.8,93,1011,2.1,120,0
1986,9,2,20,0,0,0,18.9,17.8,93,1011,0,0,0
1986,9,2,21,0,0,0,18.9,18.3,97,1011,2.1,50,0
1986,9,2,22,0,0,0,18.9,17.8,93,1011,0,0,0
1986,9,2,23,0,0,0,18.3,17.8,97,1011,0,0,0
1986,9,3,0,0,0,0,18.9,18.3,97,1011,1.5,40,0
1986,9,3,1,0,0,0,18.9,17.8,93,1011,2.1,250,0
1986,9,3,2,0,0,0,18.3,17.8,97,1010,0,0,0
1986,9,3,3,0,0,0,18.3,17.8,97,1011,2.1,230,0
1986,9,3,4,0,0,0,18.3,17.8,97,1011,0,0,0
1986,9,3,5,4,0,4,18.3,17.8,97,1011,0,0,0
1986,9,3,6,32,0,32,18.3,17.8,97,1012,0,0,0
1986,9,3,7,80,1,80,18.9,18.3,97,1012,0,0,0
1986,9,3,8,242,1,242,20,18.9,93,1012,2.1,130,0
1986,9,3,9,335,0,335,21.1,18.9,87,1012,2.6,160,0
1986,9,3,10,376,0,376,22.2,18.9,82,1012,3.6,170,0
1986,9,3,11,392,0,392,22.2,18.9,82,1011,3.1,130,0
1986,9,3,12,403,1,402,22.2,18.3,79,1011,4.1,140,0
1986,9,3,13,218,1,217,21.7,18.9,84,1010,2.6,150,0
1986,9,3,14,347,0,347,22.8,18.9,79,1010,1.5,130,0
1986,9,3,15,243,1,243,22.8,18.9,79,1010,2.1,140,0
1986,9,3,16,181,1,180,22.2,19.4,84,1010,1.5,80,0
1986,9,3,17,76,0,76,21.1,20,93,1010,1.5,60,0
1986,9,3,18,20,0,20,21.1,19.4,90,1010,2.6,70,0
1986,9,3,19,0,0,0,20.6,19.4,93,1010,0,0,0
1986,9,3,20,0,0,0,20,19.4,97,1010,1.5,120,0
1986,9,3,21,0,0,0,20,18.9,93,1010,1.5,130,0
1986,9,3,22,0,0,0,19.4,18.3,93,1010,2.1,170,0
1986,9,3,23,0,0,0,19.4,18.3,93,1010,3.6,150,0
1986,9,4,0,0,0,0,20,18.3,90,1010,3.6,140,0
1986,9,4,1,0,0,0,19.4,17.8,90,1010,0,0,0
1986,9,4,2,0,0,0,18.9,17.8,93,1010,2.1,120,0
1986,9,4,3,0,0,0,18.9,17.8,93,1010,2.6,130,0
1986,9,4,4,0,0,0,18.3,17.2,93,1010,2.1,120,0
1986,9,4,5,6,0,6,17.8,17.2,97,1010,2.1,110,0
1986,9,4,6,57,0,57,18.9,18.3,97,1010,0,0,0
1986,9,4,7,140,1,140,20,18.3,90,1010,3.6,120,0
1986,9,4,8,236,1,235,20.6,17.8,84,1009,2.1,120,0
1986,9,4,9,340,1,339,21.1,17.2,79,1009,3.1,130,0
1986,9,4,10,393,1,392,22.8,17.2,71,1009,4.6,160,0
1986,9,4,11,442,1,442,23.3,17.2,69,1008,3.6,170,0
1986,9,4,12,409,0,409,24.4,17.2,64,1007,3.1,160,0
1986,9,4,13,414,1,413,24.4,17.8,67,1007,3.1,170,0
1986,9,4,14,369,0,369,24.4,17.8,67,1006,4.1,150,0
1986,9,4,15,262,0,261,23.9,17.8,69,1006,3.6,170,0
1986,9,4,16,163,50,142,23.9,17.8,69,1005,5.2,160,0
1986,9,4,17,83,24,78,22.8,18.3,76,1005,2.6,150,0
1986,9,4,18,13,13,12,21.7,18.3,81,1005,2.6,160,0
1986,9,4,19,0,0,0,21.1,18.3,84,1005,1.5,160,0
1986,9,4,20,0,0,0,20.6,18.3,87,1005,2.6,160,0
1986,9,4,21,0,0,0,20.6,18.3,87,1005,2.6,160,0
1986,9,4,22,0,0,0,20.6,18.3,87,1005,3.6,140,0
1986,9,4,23,0,0,0,20.6,18.3,87,1005,2.1,190,0
1986,9,5,0,0,0,0,20.6,18.3,87,1005,2.6,170,0
1986,9,5,1,0,0,0,20.6,18.3,87,1004,2.6,170,0
1986,9,5,2,0,0,0,20,18.9,93,1004,2.6,180,0
1986,9,5,3,0,0,0,20,18.3,90,1003,3.6,170,0
1986,9,5,4,0,0,0,20.6,18.3,87,1003,2.6,160,0
1986,9,5,5,4,0,4,20,18.9,93,1003,3.1,150,0
1986,9,5,6,35,1,34,20.6,18.9,90,1003,3.6,170,0
1986,9,5,7,151,7,149,21.1,18.9,87,1003,3.1,160,0
1986,9,5,8,170,1,170,21.7,18.9,84,1003,6.2,190,0
1986,9,5,9,264,9,258,21.1,18.9,87,1003,3.6,200,0
1986,9,5,10,329,2,327,22.2,18.9,82,1002,4.6,190,0
1986,9,5,11,405,2,404,22.2,19.4,84,1002,4.6,180,0
1986,9,5,12,409,2,407,22.2,19.4,84,1001,3.6,200,0
1986,9,5,13,389,2,387,22.8,19.4,82,1001,4.1,190,0
1986,9,5,14,328,1,328,22.2,19.4,84,1000,3.6,180,0
1986,9,5,15,257,0,257,23.3,20,82,1000,3.6,200,0
1986,9,5,16,183,0,183,23.3,20,82,1000,4.1,190,0
1986,9,5,17,71,1,71,22.8,20,84,1000,3.1,170,0
1986,9,5,18,17,0,17,22.2,20,87,1000,1.5,170,0
1986,9,5,19,0,0,0,21.7,20,90,1001,2.6,140,0
1986,9,5,20,0,0,0,21.1,20,93,1001,0,0,0
1986,9,5,21,0,0,0,21.1,20.6,97,1001,0,0,0
1986,9,5,22,0,0,0,21.1,20.6,97,1001,2.1,150,0
1986,9,5,23,0,0,0,21.1,20.6,97,1001,2.1,150,0
1986,9,6,0,0,0,0,21.1,20.6,97,1001,0,0,0
1986,9,6,1,0,0,0,20.6,20,97,1001,1.5,10,0
1986,9,6,2,0,0,0,20.6,20,97,1001,2.1,310,0
1986,9,6,3,0,0,0,20.6,19.4,93,1001,3.1,330,0
1986,9,6,4,0,0,0,19.4,18.3,93,1001,3.6,310,0
1986,9,6,5,3,0,3,18.3,17.2,93,1002,2.6,310,0
1986,9,6,6,62,98,47,18.3,16.1,87,1003,2.1,320,0
1986,9,6,7,226,287,127,20,15,73,1003,3.1,330,0
1986,9,6,8,369,347,188,22.2,14.4,62,1003,5.7,320,0
1986,9,6,9,619,675,167,23.9,13.3,52,1003,5.2,310,0
1986,9,6,10,750,726,186,24.4,13.3,50,1003,4.1,330,0
1986,9,6,11,823,732,211,25,11.7,43,1003,3.6,340,0
1986,9,6,12,830,751,197,25.6,11.1,41,1003,4.1,320,0
1986,9,6,13,776,735,189,26.7,10.6,37,1002,4.1,310,0
1986,9,6,14,661,694,173,26.7,11.7,39,1002,3.1,300,0
1986,9,6,15,500,624,147,26.7,11.7,39,1001,4.1,320,0
1986,9,6,16,304,491,110,26.1,11.7,41,1001,2.6,330,0
1986,9,6,17,108,234,60,22.8,14.4,60,1002,2.6,40,0
1986,9,6,18,17,9,16,20,15,73,1002,1.5,130,0
1986,9,6,19,0,0,0,16.7,15,90,1003,2.1,340,0
1986,9,6,20,0,0,0,17.2,15,87,1003,1.5,310,0
1986,9,6,21,0,0,0,16.1,14.4,90,1004,0,0,0
1986,9,6,22,0,0,0,15,13.9,93,1004,0,0,0
1986,9,6,23,0,0,0,14.4,13.3,93,1004,0,0,0
1986,9,7,0,0,0,0,12.8,12.2,97,1004,1.5,290,0
1986,9,7,1,0,0,0,12.8,12.2,97,1004,0,0,0
1986,9,7,2,0,0,0,11.7,11.1,96,1004,1.5,140,0
1986,9,7,3,0,0,0,11.1,10.6,96,1004,0,0,0
1986,9,7,4,0,0,0,11.1,10.6,96,1004,0,0,0
1986,9,7,5,6,21,4,10.6,10,96,1005,0,0,0
1986,9,7,6,91,404,32,13.9,11.7,87,1005,0,0,0
1986,9,7,7,248,434,100,17.8,12.8,73,1006,2.6,320,0
1986,9,7,8,447,652,109,20,12.8,63,1006,3.6,10,0
1986,9,7,9,614,770,101,21.7,12.8,57,1006,2.1,310,0
1986,9,7,10,654,484,280,22.2,11.7,51,1006,4.1,310,0
1986,9,7,11,464,295,218,23.9,11.7,46,1006,2.6,340,0
1986,9,7,12,811,585,321,23.3,12.2,50,1005,2.6,300,0
1986,9,7,13,343,49,304,23.3,11.7,48,1005,3.6,320,0
1986,9,7,14,368,6,364,22.8,12.2,52,1005,3.1,320,0
1986,9,7,15,247,3,246,21.7,13.3,59,1005,3.1,320,0
1986,9,7,16,126,3,125,22.2,12.8,55,1005,2.6,360,0
1986,9,7,17,87,5,86,20,12.2,61,1006,3.6,350,0
1986,9,7,18,16,0,16,19.4,12.2,63,1006,3.1,350,0
1986,9,7,19,0,0,0,18.9,12.2,65,1007,2.6,360,0
1986,9,7,20,0,0,0,18.3,12.8,70,1007,1.5,330,0
1986,9,7,21,0,0,0,18.3,12.8,70,1008,2.6,280,0
1986,9,7,22,0,0,0,17.8,11.7,68,1007,1.5,310,0
1986,9,7,23,0,0,0,16.7,13.9,84,1007,2.1,260,0
1986,9,8,0,0,0,0,16.1,13.9,87,1008,2.1,210,0
1986,9,8,1,0,0,0,15,13.9,93,1009,0,0,0
1986,9,8,2,0,0,0,15,14.4,97,1009,0,0,0
1986,9,8,3,0,0,0,14.4,13.9,97,1009,2.1,270,0
1986,9,8,4,0,0,0,13.9,12.2,90,1010,3.1,340,0
1986,9,8,5,1,0,1,13.9,12.2,90,1010,1.5,330,0
1986,9,8,6,53,6,53,13.3,12.8,97,1011,0,0,0
1986,9,8,7,214,260,126,14.4,11.7,84,1012,3.1,280,0
1986,9,8,8,415,388,215,16.1,10.6,70,1012,4.1,310,0
1986,9,8,9,593,619,183,16.7,10,65,1012,3.6,340,0
1986,9,8,10,738,639,246,17.8,7.8,52,1012,4.6,330,0
1986,9,8,11,797,693,222,18.3,7.2,49,1012,5.2,320,0
1986,9,8,12,823,726,217,19.4,6.1,42,1011,5.2,310,0
1986,9,8,13,769,709,208,20,5,38,1011,4.1,310,0
1986,9,8,14,653,666,189,20,4.4,36,1011,4.1,10,0
1986,9,8,15,485,586,159,20,3.3,33,1011,4.1,340,0
1986,9,8,16,289,447,117,20,3.9,35,1011,4.1,340,0
1986,9,8,17,104,198,66,18.3,5,42,1011,2.6,40,0
1986,9,8,18,15,4,15,13.9,7.2,64,1011,1.5,140,0
1986,9,8,19,0,0,0,11.1,7.8,80,1012,1.5,160,0
1986,9,8,20,0,0,0,10,8.3,90,1012,1.5,220,0
1986,9,8,21,0,0,0,8.9,7.8,93,1012,0,0,0
1986,9,8,22,0,0,0,8.3,7.2,93,1013,0,0,0
1986,9,8,23,0,0,0,9.4,7.8,90,1013,0,0,0
1986,9,9,0,0,0,0,8.3,7.2,93,1013,0,0,0
1986,9,9,1,0,0,0,7.2,6.1,93,1013,0,0,0
1986,9,9,2,0,0,0,6.7,5.6,93,1013,0,0,0
1986,9,9,3,0,0,0,6.1,5,93,1014,1.5,150,0
1986,9,9,4,0,0,0,5.6,3.9,89,1014,0,0,0
1986,9,9,5,4,7,3,4.4,3.3,93,1014,0,0,0
1986,9,9,6,81,314,37,8.3,6.7,89,1015,0,0,0
1986,9,9,7,272,617,65,12.2,7.2,72,1016,0,0,0
1986,9,9,8,476,753,89,15.6,9.4,67,1016,2.1,210,0
1986,9,9,9,653,826,107,19.4,8.9,51,1016,1.5,240,0
1986,9,9,10,784,867,119,20.6,8.9,47,1016,3.1,200,0
1986,9,9,11,857,886,125,22.2,6.1,35,1015,3.1,180,0
1986,9,9,12,866,889,126,22.8,7.2,37,1015,4.6,180,0
1986,9,9,13,760,715,198,23.3,8.9,40,1014,5.2,200,0
1986,9,9,14,631,632,194,23.3,8.9,40,1014,3.1,210,0
1986,9,9,15,476,600,144,23.3,10,43,1013,3.6,220,0
1986,9,9,16,326,668,72,22.2,3.3,29,1013,5.2,170,0
1986,9,9,17,125,422,45,20,8.9,49,1013,2.6,150,0
1986,9,9,18,16,37,12,16.1,6.1,52,1013,2.6,150,0
1986,9,9,19,0,0,0,15,7.2,60,1013,2.6,170,0
1986,9,9,20,0,0,0,14.4,8.3,67,1013,2.6,140,0
1986,9,9,21,0,0,0,15.6,10.6,72,1013,2.1,170,0
1986,9,9,22,0,0,0,14.4,10,75,1013,1.5,310,0
1986,9,9,23,0,0,0,13.3,10,80,1013,0,0,0
1986,9,10,0,0,0,0,11.7,10.6,93,1013,0,0,0
1986,9,10,1,0,0,0,11.1,10,93,1013,2.6,130,0
1986,9,10,2,0,0,0,11.1,10.6,96,1013,0,0,0
1986,9,10,3,0,0,0,10.6,8.3,86,1013,1.5,230,0
1986,9,10,4,0,0,0,10,8.3,90,1013,1.5,170,0
1986,9,10,5,3,1,3,9.4,8.3,93,1013,1.5,250,0
1986,9,10,6,72,208,43,12.2,10.6,90,1013,0,0,0
1986,9,10,7,257,526,83,15,12.8,87,1014,2.1,190,0
1986,9,10,8,462,679,115,18.3,13.9,76,1014,3.1,190,0
1986,9,10,9,546,470,238,20.6,15,71,1014,5.2,220,0
1986,9,10,10,731,522,332,21.7,15.6,68,1013,5.2,130,0
1986,9,10,11,521,145,402,21.7,15.6,68,1012,5.2,130,0
1986,9,10,12,542,154,415,22.8,17.2,71,1011,6.7,170,0
1986,9,10,13,494,198,339,22.8,17.2,71,1011,6.2,190,0
1986,9,10,14,341,65,296,23.9,17.8,69,1010,4.1,170,0
1986,9,10,15,458,483,194,23.3,17.2,69,1010,6.2,210,0
1986,9,10,16,242,148,187,22.8,17.8,74,1010,5.2,180,0
1986,9,10,17,92,122,69,21.7,17.8,79,1009,3.6,160,0
1986,9,10,18,11,4,11,20,17.8,87,1009,2.6,170,0
1986,9,10,19,0,0,0,20,18.3,90,1009,3.1,160,0
1986,9,10,20,0,0,0,20,18.3,90,1009,4.6,170,0
1986,9,10,21,0,0,0,19.4,18.3,93,1008,4.1,180,0
1986,9,10,22,0,0,0,18.9,18.3,97,1008,4.6,170,0
1986,9,10,23,0,0,0,19.4,18.3,93,1007,4.6,180,0
1986,9,11,0,0,0,0,18.9,17.8,93,1007,4.1,200,0
1986,9,11,1,0,0,0,18.9,18.3,97,1006,4.1,190,0
1986,9,11,2,0,0,0,18.3,17.8,97,1006,3.1,190,0
1986,9,11,3,0,0,0,18.3,17.8,97,1006,4.1,190,0
1986,9,11,4,0,0,0,18.9,18.3,97,1006,4.1,190,0
1986,9,11,5,2,2,2,18.9,18.3,97,1006,4.1,190,0
1986,9,11,6,69,104,55,20,18.9,93,1006,4.1,210,0
1986,9,11,7,238,400,106,22.2,19.4,84,1007,6.2,210,0
1986,9,11,8,442,496,190,23.9,20,79,1006,6.7,190,0
1986,9,11,9,476,428,195,25.6,20,72,1006,7.2,200,0
1986,9,11,10,659,594,207,25,20,74,1006,8.8,190,0
1986,9,11,11,706,553,253,26.1,20,69,1005,8.2,200,0
1986,9,11,12,726,479,330,27.8,20.6,65,1005,9.3,200,0
1986,9,11,13,617,323,366,27.2,19.4,63,1004,9.3,220,0
1986,9,11,14,599,603,188,28.3,19.4,59,1003,8.2,210,0
1986,9,11,15,307,117,244,27.8,20,63,1003,8.2,180,0
1986,9,11,16,173,46,156,26.7,19.4,65,1002,6.7,190,0
1986,9,11,17,79,61,68,26.1,20,69,1001,3.6,170,0
1986,9,11,18,9,2,9,24.4,20.6,79,1001,3.6,160,0
1986,9,11,19,0,0,0,24.4,20.6,79,1001,5.2,170,0
1986,9,11,20,0,0,0,23.3,20.6,85,1001,4.6,170,0
1986,9,11,21,0,0,0,23.9,20.6,82,1000,5.7,200,0
1986,9,11,22,0,0,0,23.3,15.6,62,1000,6.2,190,0
1986,9,11,23,0,0,0,23.3,20,82,999,6.2,190,0
1986,9,12,0,0,0,0,22.8,20,84,998,6.7,180,0
1986,9,12,1,0,0,0,22.8,19.4,82,997,7.7,190,0
1986,9,12,2,0,0,0,22.2,20,87,997,6.7,200,0
1986,9,12,3,0,0,0,22.2,17.2,73,996,6.7,200,0
1986,9,12,4,0,0,0,22.2,19.4,84,996,6.2,180,0
1986,9,12,5,2,0,2,22.2,18.3,79,996,5.7,210,0
1986,9,12,6,24,3,24,22.8,20,84,995,6.7,200,0
1986,9,12,7,64,7,62,22.8,20.6,87,996,4.6,230,0
1986,9,12,8,136,6,133,22.8,21.1,90,996,3.6,230,0
1986,9,12,9,432,270,256,25.6,21.7,79,997,5.7,230,0
1986,9,12,10,660,577,223,27.8,19.4,61,997,7.7,250,0
1986,9,12,11,487,206,319,28.9,17.2,49,997,7.2,270,0
1986,9,12,12,606,446,240,27.8,17.2,53,998,5.2,290,0
1986,9,12,13,717,698,177,28.9,15.6,44,998,6.7,280,0
1986,9,12,14,635,776,109,28.9,13.9,40,998,7.7,280,0
1986,9,12,15,498,690,126,28.3,14.4,43,998,7.2,270,0
1986,9,12,16,301,592,84,27.2,12.2,39,999,6.7,260,0
1986,9,12,17,79,107,61,25.6,12.8,45,1000,4.6,250,0
1986,9,12,18,13,41,9,22.8,13.3,55,1001,3.1,270,0
1986,9,12,19,0,0,0,22.2,13.3,57,1002,2.1,280,0
1986,9,12,20,0,0,0,21.1,13.3,61,1003,1.5,310,0
1986,9,12,21,0,0,0,20,13.3,66,1004,2.6,270,0
1986,9,12,22,0,0,0,18.9,13.3,70,1004,2.6,160,0
1986,9,12,23,0,0,0,18.3,13.3,73,1004,2.6,320,0
1986,9,13,0,0,0,0,17.8,12.2,70,1005,4.1,330,0
1986,9,13,1,0,0,0,17.2,11.1,68,1005,3.6,320,0
1986,9,13,2,0,0,0,16.7,10,65,1005,4.6,330,0
1986,9,13,3,0,0,0,15,9.4,70,1006,3.6,320,0
1986,9,13,4,0,0,0,13.3,9.4,78,1007,3.1,350,0
1986,9,13,5,2,6,1,12.8,8.9,77,1008,2.1,340,0
1986,9,13,6,70,187,46,15,10,72,1010,2.6,30,0
1986,9,13,7,224,488,65,16.1,8.9,63,1010,3.6,340,0
1986,9,13,8,459,773,71,18.3,8.3,52,1011,4.1,350,0
1986,9,13,9,618,821,86,20,8.9,49,1011,4.1,360,0
1986,9,13,10,751,869,96,20.6,7.2,42,1011,3.6,40,0
1986,9,13,11,825,894,100,21.7,8.3,43,1010,4.6,320,0
1986,9,13,12,830,894,101,22.8,8.9,41,1010,2.6,340,0
1986,9,13,13,777,884,97,23.9,8.9,39,1009,3.1,270,0
1986,9,13,14,663,855,88,24.4,8.3,36,1009,4.1,310,0
1986,9,13,15,481,747,83,24.4,9.4,39,1009,3.1,340,0
1986,9,13,16,271,485,96,23.9,9.4,40,1009,2.1,340,0
1986,9,13,17,90,163,63,22.8,12.8,53,1009,1.5,160,0
1986,9,13,18,14,16,12,17.2,12.2,73,1009,1.5,150,0
1986,9,13,19,0,0,0,16.1,12.8,81,1010,1.5,190,0
1986,9,13,20,0,0,0,13.9,12.2,90,1010,1.5,220,0
1986,9,13,21,0,0,0,15.6,12.2,81,1010,2.1,260,0
1986,9,13,22,0,0,0,13.3,10.6,83,1010,1.5,160,0
1986,9,13,23,0,0,0,11.7,6.7,72,1011,1.5,140,0
1986,9,14,0,0,0,0,11.7,10.6,93,1011,0,0,0
1986,9,14,1,0,0,0,11.1,10,93,1011,0,0,0
1986,9,14,2,0,0,0,10.6,9.4,93,1012,1.5,120,0
1986,9,14,3,0,0,0,10,9.4,96,1012,0,0,0
1986,9,14,4,0,0,0,9.4,8.3,93,1013,2.1,250,0
1986,9,14,5,1,0,1,12.2,10,86,1013,3.6,330,0
1986,9,14,6,54,93,42,13.9,11.1,84,1014,1.5,90,0
1986,9,14,7,199,245,120,17.2,14.4,84,1015,2.6,360,0
1986,9,14,8,394,495,147,18.9,11.7,63,1015,3.1,350,0
1986,9,14,9,596,681,157,21.1,11.7,55,1016,2.6,360,0
1986,9,14,10,724,740,169,21.7,11.7,53,1015,3.6,330,0
1986,9,14,11,786,650,261,22.8,11.1,48,1015,2.6,360,0
1986,9,14,12,585,301,340,23.3,11.7,48,1014,3.6,40,0
1986,9,14,13,574,392,275,23.3,12.2,50,1014,1.5,30,0
1986,9,14,14,626,593,230,24.4,12.2,47,1013,1.5,90,0
1986,9,14,15,443,548,153,24.4,12.8,48,1012,1.5,50,0
1986,9,14,16,271,495,95,24.4,12.8,48,1012,3.1,180,0
1986,9,14,17,87,218,52,21.7,13.3,59,1012,2.1,160,0
1986,9,14,18,8,3,7,18.9,13.3,70,1012,2.1,160,0
1986,9,14,19,0,0,0,16.7,13.9,84,1013,0,0,0
1986,9,14,20,0,0,0,16.1,13.9,87,1013,0,0,0
1986,9,14,21,0,0,0,14.4,13.3,93,1013,0,0,0
1986,9,14,22,0,0,0,13.9,13.3,97,1013,0,0,0
1986,9,14,23,0,0,0,13.3,12.2,93,1013,0,0,0
1986,9,15,0,0,0,0,13.9,13.3,97,1013,1.5,130,0
1986,9,15,1,0,0,0,15.6,14.4,93,1013,2.6,160,0
1986,9,15,2,0,0,0,15,13.9,93,1013,2.1,290,0
1986,9,15,3,0,0,0,15.6,13.9,90,1013,1.5,300,0
1986,9,15,4,0,0,0,14.4,13.9,97,1012,0,0,0
1986,9,15,5,1,0,1,13.9,13.3,97,1013,0,0,0
1986,9,15,6,47,10,46,15,13.9,93,1013,0,0,0
1986,9,15,7,190,197,128,17.2,15.6,90,1013,3.1,230,0
1986,9,15,8,324,229,210,18.9,15,78,1013,3.1,200,0
1986,9,15,9,366,174,254,21.1,16.1,73,1013,2.6,220,0
1986,9,15,10,574,282,363,23.3,16.1,64,1012,2.1,260,0
1986,9,15,11,760,550,317,24.4,16.1,60,1011,3.6,180,0
1986,9,15,12,730,502,324,26.1,16.1,54,1011,4.6,200,0
1986,9,15,13,497,170,368,26.1,16.7,56,1009,5.2,170,0
1986,9,15,14,581,529,230,26.1,16.1,54,1009,4.6,200,0
1986,9,15,15,398,400,189,27.2,16.1,51,1007,4.1,200,0
1986,9,15,16,168,146,116,26.1,15.6,52,1007,5.2,200,0
1986,9,15,17,76,70,65,23.3,13.9,56,1007,4.1,170,0
1986,9,15,18,6,2,6,21.7,15.6,68,1007,3.6,180,0
1986,9,15,19,0,0,0,20.6,15.6,73,1007,4.1,180,0
1986,9,15,20,0,0,0,20,15,73,1007,4.1,200,0
1986,9,15,21,0,0,0,19.4,13.3,68,1006,4.6,200,0
1986,9,15,22,0,0,0,18.3,13.9,76,1006,4.1,200,0
1986,9,15,23,0,0,0,17.2,14.4,84,1006,4.1,180,0
1986,9,16,0,0,0,0,16.7,14.4,87,1005,4.1,180,0
1986,9,16,1,0,0,0,17.2,15,87,1005,3.6,180,0
1986,9,16,2,0,0,0,17.2,14.4,84,1005,3.6,190,0
1986,9,16,3,0,0,0,16.7,14.4,87,1005,3.1,210,0
1986,9,16,4,0,0,0,16.1,13.9,87,1006,2.1,220,0
1986,9,16,5,0,0,0,20.6,15,71,1005,6.2,330,0
1986,9,16,6,59,140,42,17.8,10.6,63,1010,8.2,360,0
1986,9,16,7,229,436,91,17.2,6.1,48,1011,7.2,340,0
1986,9,16,8,304,292,160,17.2,7.8,54,1013,7.2,340,0
1986,9,16,9,626,843,88,16.7,5,46,1014,6.2,350,0
1986,9,16,10,734,856,97,17.8,4.4,42,1014,7.2,340,0
1986,9,16,11,817,893,102,18.9,4.4,39,1014,7.2,330,0
1986,9,16,12,823,895,103,20,2.8,32,1013,6.2,10,0
1986,9,16,13,761,877,98,20.6,1.7,29,1013,6.2,320,0
1986,9,16,14,647,846,90,20.6,1.7,29,1013,5.2,350,0
1986,9,16,15,482,776,80,20.6,2.2,30,1012,6.2,340,0
1986,9,16,16,287,659,59,20,2.2,31,1013,4.6,320,0
1986,9,16,17,96,407,34,17.8,1.7,34,1013,4.1,360,0
1986,9,16,18,9,24,6,13.9,2.8,47,1013,4.1,40,0
1986,9,16,19,0,0,0,13.3,3.3,51,1014,3.6,30,0
1986,9,16,20,0,0,0,11.7,4.4,62,1015,2.1,320,0
1986,9,16,21,0,0,0,8.9,2.8,66,1015,0,0,0
1986,9,16,22,0,0,0,10,4.4,69,1017,3.6,40,0
1986,9,16,23,0,0,0,8.9,4.4,74,1017,3.6,30,0
1986,9,17,0,0,0,0,8.3,3.9,74,1018,2.6,50,0
1986,9,17,1,0,0,0,7.2,3.3,77,1018,1.5,340,0
1986,9,17,2,0,0,0,5.6,4.4,93,1018,1.5,30,0
1986,9,17,3,0,0,0,5,3.3,89,1018,1.5,330,0
1986,9,17,4,0,0,0,3.3,2.2,93,1019,0,0,0
1986,9,17,5,1,1,1,2.2,1.1,93,1019,0,0,0
1986,9,17,6,59,190,37,5,4.4,96,1020,0,0,0
1986,9,17,7,237,520,75,9.4,5.6,77,1020,2.1,340,0
1986,9,17,8,440,669,112,12.2,5,62,1020,3.1,360,0
1986,9,17,9,617,755,137,14.4,3.9,49,1020,2.1,80,0
1986,9,17,10,749,791,163,15.6,3.3,44,1019,2.1,40,0
1986,9,17,11,818,824,162,16.7,3.9,43,1019,3.1,320,0
1986,9,17,12,818,832,152,17.8,3.9,40,1018,3.1,310,0
1986,9,17,13,724,767,148,18.9,5,40,1017,2.1,50,0
1986,9,17,14,511,554,148,19.4,4.4,37,1016,1.5,150,0
1986,9,17,15,390,494,136,18.9,3.9,37,1016,1.5,50,0
1986,9,17,16,257,522,80,18.9,5,40,1016,3.6,120,0
1986,9,17,17,79,241,43,15.6,6.1,54,1016,3.1,170,0
1986,9,17,18,4,4,3,12.8,6.1,64,1016,3.1,150,0
1986,9,17,19,0,0,0,10,6.1,77,1016,3.1,140,0
1986,9,17,20,0,0,0,10,6.7,80,1016,2.6,150,0
1986,9,17,21,0,0,0,8.3,6.1,86,1017,1.5,230,0
1986,9,17,22,0,0,0,7.2,5.6,89,1017,1.5,250,0
1986,9,17,23,0,0,0,7.2,5.6,89,1017,1.5,210,0
1986,9,18,0,0,0,0,6.7,6.1,96,1017,1.5,120,0
1986,9,18,1,0,0,0,5.6,5,96,1016,2.1,290,0
1986,9,18,2,0,0,0,4.4,4.4,100,1016,1.5,130,0
1986,9,18,3,0,0,0,5,5,100,1016,0,0,0
1986,9,18,4,0,0,0,5,4.4,96,1016,1.5,160,0
1986,9,18,5,1,0,1,5.6,5,96,1016,1.5,130,0
1986,9,18,6,64,169,45,8.9,8.9,100,1016,3.1,160,0
1986,9,18,7,209,290,119,12.2,10,86,1016,4.1,200,0
1986,9,18,8,376,418,173,15,10,72,1016,5.2,190,0
1986,9,18,9,574,687,140,17.8,10.6,63,1015,7.2,210,0
1986,9,18,10,698,796,112,20,10.6,55,1015,7.2,210,0
1986,9,18,11,834,907,115,20.6,11.1,55,1014,6.2,190,0
1986,9,18,12,836,920,103,21.7,12.2,55,1013,6.2,190,0
1986,9,18,13,491,232,318,21.7,12.2,55,1012,5.7,180,0
1986,9,18,14,284,61,244,21.7,12.2,55,1011,5.7,190,0
1986,9,18,15,160,30,145,21.1,13.3,61,1011,4.6,170,0
1986,9,18,16,113,33,102,20.6,13.3,63,1011,4.6,200,0
1986,9,18,17,38,10,36,20,13.3,66,1011,4.1,160,0
1986,9,18,18,4,0,4,19.4,13.9,70,1010,3.6,160,0
1986,9,18,19,0,0,0,19.4,13.9,70,1010,3.6,160,0
1986,9,18,20,0,0,0,18.9,13.9,73,1010,3.1,170,0
1986,9,18,21,0,0,0,18.9,13.9,73,1010,4.6,180,0
1986,9,18,22,0,0,0,18.3,14.4,78,1010,3.6,170,0
1986,9,18,23,0,0,0,18.9,14.4,76,1010,4.1,190,0
1986,9,19,0,0,0,0,17.2,15.6,90,1010,4.1,190,0
1986,9,19,1,0,0,0,16.7,15.6,93,1009,1.5,220,0
1986,9,19,2,0,0,0,16.7,15.6,93,1009,2.1,170,0
1986,9,19,3,0,0,0,16.7,15.6,93,1009,2.1,160,0
1986,9,19,4,0,0,0,16.7,15.6,93,1009,1.5,210,0
1986,9,19,5,0,0,0,16.1,15.6,97,1009,0,0,0
1986,9,19,6,45,11,44,16.1,15.6,97,1010,1.5,200,0
1986,9,19,7,52,2,51,18.3,16.1,87,1010,2.1,250,0
1986,9,19,8,217,1,217,18.3,16.7,90,1010,0,0,0
1986,9,19,9,327,9,322,21.7,17.2,76,1011,2.1,330,0
1986,9,19,10,626,387,343,22.8,17.8,74,1010,2.6,320,0
1986,9,19,11,502,302,263,25,18.3,67,1010,2.6,340,0
1986,9,19,12,521,235,335,25.6,17.8,62,1010,4.1,340,0
1986,9,19,13,240,4,237,25.6,17.2,60,1010,3.6,360,0
1986,9,19,14,242,8,236,26.7,18.3,60,1010,3.6,30,0
1986,9,19,15,270,160,190,25.6,17.2,60,1009,2.1,350,0
1986,9,19,16,265,617,62,25.6,17.2,60,1009,2.6,360,0
1986,9,19,17,73,269,36,23.3,17.2,69,1009,2.1,40,0
1986,9,19,18,4,9,3,20.6,17.8,84,1010,2.1,220,0
1986,9,19,19,0,0,0,19.4,17.2,87,1010,2.1,110,0
1986,9,19,20,0,0,0,18.9,17.2,90,1011,0,0,0
1986,9,19,21,0,0,0,19.4,16.7,84,1011,0,0,0
1986,9,19,22,0,0,0,18.3,16.7,90,1011,2.6,50,0
1986,9,19,23,0,0,0,17.8,16.7,93,1011,2.6,70,0
1986,9,20,0,0,0,0,16.7,16.1,97,1011,2.6,50,0
1986,9,20,1,0,0,0,16.1,15.6,97,1011,1.5,320,0
1986,9,20,2,0,0,0,16.1,16.1,100,1011,0,0,0
1986,9,20,3,0,0,0,15.6,15,97,1011,1.5,10,0
1986,9,20,4,0,0,0,17.2,16.7,97,1011,2.1,350,0
1986,9,20,5,0,0,0,16.7,16.1,97,1011,0,0,0
1986,9,20,6,33,3,33,17.2,16.7,97,1011,1.5,270,0
1986,9,20,7,87,12,83,18.9,17.2,90,1011,1.5,270,0
1986,9,20,8,202,6,199,19.4,16.7,84,1012,0,0,0
1986,9,20,9,252,2,250,21.1,17.2,79,1012,2.1,150,0
1986,9,20,10,725,591,294,23.3,17.8,71,1011,2.6,190,0
1986,9,20,11,324,12,315,24.4,18.3,69,1011,3.1,220,0
1986,9,20,12,633,474,259,25.6,18.9,67,1010,3.6,190,0
1986,9,20,13,326,11,318,26.7,19.4,65,1009,3.1,180,0
1986,9,20,14,313,122,236,26.7,20,67,1008,4.1,180,0
1986,9,20,15,198,5,196,26.1,20,69,1008,4.1,160,0
1986,9,20,16,130,49,114,25,20,74,1008,3.1,160,0
1986,9,20,17,36,7,35,23.3,20.6,85,1008,2.1,150,0
1986,9,20,18,0,0,0,22.8,20.6,87,1008,2.6,180,0
1986,9,20,19,0,0,0,22.2,20.6,90,1009,2.6,160,0
1986,9,20,20,0,0,0,21.1,20,93,1009,2.1,150,0
1986,9,20,21,0,0,0,20.6,19.4,93,1009,2.6,140,0
1986,9,20,22,0,0,0,20.6,20,97,1009,2.1,170,0
1986,9,20,23,0,0,0,20,19.4,97,1009,2.1,190,0
1986,9,21,0,0,0,0,18.9,18.3,97,1009,1.5,220,0
1986,9,21,1,0,0,0,17.2,17.2,100,1009,0,0,0
1986,9,21,2,0,0,0,18.3,18.3,100,1009,0,0,0
1986,9,21,3,0,0,0,17.8,17.8,100,1009,0,0,0
1986,9,21,4,0,0,0,17.2,16.7,97,1009,0,0,0
1986,9,21,5,0,0,0,17.2,17.2,100,1009,1.5,250,0
1986,9,21,6,51,140,36,17.2,16.7,97,1010,0,0,0
1986,9,21,7,213,414,88,21.1,18.9,87,1010,1.5,180,0
1986,9,21,8,389,532,135,23.3,18.3,74,1011,3.6,320,0
1986,9,21,9,592,785,104,25.6,18.9,67,1011,4.1,320,0
1986,9,21,10,715,825,116,26.7,18.3,60,1011,4.1,310,0
1986,9,21,11,608,516,205,27.8,17.8,55,1010,3.1,320,0
1986,9,21,12,662,505,267,28.3,18.3,55,1010,3.6,20,0
1986,9,21,13,238,1,237,26.7,16.7,54,1010,4.1,360,0
1986,9,21,14,367,104,300,27.8,16.7,51,1009,3.1,40,0
1986,9,21,15,388,376,203,27.2,16.7,53,1009,2.6,50,0
1986,9,21,16,238,389,114,27.2,16.7,53,1009,2.6,50,0
1986,9,21,17,40,22,38,24.4,15.6,58,1010,4.6,40,0
1986,9,21,18,0,1,0,23.3,15.6,62,1010,4.1,50,0
1986,9,21,19,0,0,0,22.2,15,64,1010,3.1,40,0
1986,9,21,20,0,0,0,20.6,15,71,1011,3.6,60,0
1986,9,21,21,0,0,0,20,14.4,71,1012,2.6,30,0
1986,9,21,22,0,0,0,18.9,14.4,76,1012,3.1,30,0
1986,9,21,23,0,0,0,17.2,14.4,84,1012,2.1,30,0
1986,9,22,0,0,0,0,17.8,14.4,81,1012,3.6,40,0
1986,9,22,1,0,0,0,17.8,14.4,81,1012,1.5,360,0
1986,9,22,2,0,0,0,17.8,14.4,81,1012,2.6,20,0
1986,9,22,3,0,0,0,17.8,14.4,81,1012,0,0,0
1986,9,22,4,0,0,0,17.8,15,84,1011,0,0,0
1986,9,22,5,0,0,0,17.8,15,84,1011,0,0,0
1986,9,22,6,22,2,22,17.8,15.6,87,1012,0,0,0
1986,9,22,7,52,6,50,17.2,15,87,1013,2.1,320,0
1986,9,22,8,146,1,145,17.8,15.6,87,1013,1.5,340,0
1986,9,22,9,278,5,276,20,16.7,81,1012,4.1,170,0
1986,9,22,10,300,2,299,20.6,16.7,79,1012,4.1,190,0
1986,9,22,11,358,3,355,21.1,17.2,79,1011,4.6,190,0
1986,9,22,12,324,6,319,21.7,17.8,79,1011,3.1,180,0
1986,9,22,13,372,0,372,22.2,17.8,76,1010,3.6,170,0
1986,9,22,14,298,2,297,23.3,18.3,74,1009,4.6,160,0
1986,9,22,15,188,47,165,23.3,18.3,74,1008,5.2,190,0
1986,9,22,16,208,297,114,22.8,17.8,74,1007,5.2,160,0
1986,9,22,17,47,86,37,21.1,17.8,81,1006,3.6,170,0
1986,9,22,18,1,0,1,21.1,17.8,81,1006,3.1,180,0
1986,9,22,19,0,0,0,20,17.8,87,1006,3.1,170,0
1986,9,22,20,0,0,0,20,17.8,87,1006,3.6,180,0
1986,9,22,21,0,0,0,19.4,17.8,90,1006,3.6,170,0
1986,9,22,22,0,0,0,18.9,17.8,93,1006,4.6,180,0
1986,9,22,23,0,0,0,18.9,17.8,93,1005,3.6,190,0
1986,9,23,0,0,0,0,18.9,17.8,93,1005,4.6,200,0
1986,9,23,1,0,0,0,18.9,17.8,93,1004,3.1,190,0
1986,9,23,2,0,0,0,18.9,17.8,93,1004,3.1,180,0
1986,9,23,3,0,0,0,19.4,18.3,93,1004,3.6,170,0
1986,9,23,4,0,0,0,18.9,18.3,97,1003,3.6,190,0
1986,9,23,5,0,0,0,18.9,17.8,93,1003,4.6,170,0
1986,9,23,6,29,1,29,19.4,18.3,93,1003,3.6,200,0
1986,9,23,7,141,41,129,20,18.3,90,1003,4.1,180,0
1986,9,23,8,398,515,155,22.2,19.4,84,1002,4.1,190,0
1986,9,23,9,478,458,195,25,20,74,1001,4.1,190,0
1986,9,23,10,654,756,111,27.2,20.6,67,1000,5.2,180,0
1986,9,23,11,681,576,236,28.3,20,61,1000,4.6,180,0
1986,9,23,12,620,451,271,29.4,18.9,53,999,5.7,210,0
1986,9,23,13,644,569,232,30.6,20,53,998,6.2,210,0
1986,9,23,14,586,631,191,30.6,20,53,997,5.7,200,0
1986,9,23,15,305,301,160,29.4,20,57,997,5.7,200,0
1986,9,23,16,206,325,106,29.4,20.6,59,996,6.7,220,0
1986,9,23,17,43,45,38,27.2,20,65,996,5.2,210,0
1986,9,23,18,0,1,0,26.1,20,69,997,3.6,220,0
1986,9,23,19,0,0,0,25.6,20.6,74,998,3.6,230,0
1986,9,23,20,0,0,0,25,20.6,76,998,4.1,220,0
1986,9,23,21,0,0,0,24.4,20.6,79,998,2.6,220,0
1986,9,23,22,0,0,0,22.8,20.6,87,998,1.5,150,0
1986,9,23,23,0,0,0,23.3,20.6,85,999,1.5,250,0
1986,9,24,0,0,0,0,22.2,20.6,90,999,2.1,130,0
1986,9,24,1,0,0,0,21.7,20,90,998,2.1,190,0
1986,9,24,2,0,0,0,21.1,20,93,998,1.5,200,0
1986,9,24,3,0,0,0,20.6,20,97,998,2.1,200,0
1986,9,24,4,0,0,0,21.1,18.9,87,999,1.5,110,0
1986,9,24,5,0,0,0,21.1,19.4,90,999,1.5,150,0
1986,9,24,6,25,5,25,21.1,19.4,90,1000,2.1,140,0
1986,9,24,7,46,3,46,22.2,20.6,90,1000,2.1,140,0
1986,9,24,8,159,11,154,23.9,20.6,82,1000,1.5,190,0
1986,9,24,9,279,17,269,24.4,21.1,82,1001,2.6,200,0
1986,9,24,10,425,127,334,27.2,21.1,69,1001,3.1,210,0
1986,9,24,11,316,0,316,26.7,21.7,74,1000,3.1,190,0
1986,9,24,12,383,3,381,27.8,21.1,67,1000,4.1,210,0
1986,9,24,13,468,204,322,28.9,20,59,999,4.1,200,0
1986,9,24,14,448,285,272,28.3,20,61,999,3.6,230,0
1986,9,24,15,207,55,181,28.3,19.4,59,999,5.7,220,0
1986,9,24,16,158,44,144,26.1,20.6,72,1000,3.6,230,0
1986,9,24,17,35,23,33,25,20,74,1000,3.1,220,0
1986,9,24,18,1,0,1,23.3,19.4,79,1000,2.1,290,0
1986,9,24,19,0,0,0,21.7,16.7,73,1001,2.6,220,0
1986,9,24,20,0,0,0,22.2,18.9,82,1001,1.5,250,0
1986,9,24,21,0,0,0,22.2,20,87,1001,1.5,190,0
1986,9,24,22,0,0,0,20.6,18.9,90,1001,2.1,130,0
1986,9,24,23,0,0,0,19.4,17.8,90,1001,1.5,140,0
1986,9,25,0,0,0,0,20,18.9,93,1002,1.5,300,0
1986,9,25,1,0,0,0,19.4,18.9,97,1002,0,0,0
1986,9,25,2,0,0,0,19.4,18.9,97,1002,1.5,140,0
1986,9,25,3,0,0,0,20,19.4,97,1002,0,0,0
1986,9,25,4,0,0,0,20,19.4,97,1003,2.1,40,0
1986,9,25,5,0,0,0,20.6,20,97,1004,2.1,150,0
1986,9,25,6,37,1,37,20.6,20,97,1004,1.5,160,0
1986,9,25,7,112,51,97,22.8,21.1,90,1005,1.5,140,0
1986,9,25,8,274,140,209,25,21.1,79,1005,1.5,120,0
1986,9,25,9,486,442,217,27.2,21.7,72,1005,2.1,130,0
1986,9,25,10,670,706,169,29.4,21.7,63,1005,2.1,200,0
1986,9,25,11,605,420,284,30.6,22.2,61,1004,5.2,260,0
1986,9,25,12,470,233,292,29.4,21.1,61,1004,4.1,220,0
1986,9,25,13,360,76,306,31.1,21.1,55,1003,4.1,220,0
1986,9,25,14,516,502,207,31.7,20.6,52,1003,4.1,240,0
1986,9,25,15,295,143,228,32.2,20.6,50,1003,3.6,230,0
1986,9,25,16,131,136,90,31.1,21.1,55,1004,1.5,210,0
1986,9,25,17,31,12,30,27.8,22.2,72,1004,1.5,90,0
1986,9,25,18,0,0,0,26.1,21.1,74,1005,1.5,110,0
1986,9,25,19,0,0,0,24.4,22.2,88,1005,0,0,0
1986,9,25,20,0,0,0,23.9,22.8,94,1006,2.6,30,0
1986,9,25,21,0,0,0,23.3,21.7,90,1006,2.6,20,0
1986,9,25,22,0,0,0,21.7,21.1,97,1007,3.1,40,0
1986,9,25,23,0,0,0,21.7,20,90,1007,3.6,20,0
1986,9,26,0,0,0,0,20,18.3,90,1007,2.6,30,0
1986,9,26,1,0,0,0,18.9,18.3,97,1007,0,0,0
1986,9,26,2,0,0,0,18.3,17.8,97,1007,1.5,300,0
1986,9,26,3,0,0,0,17.8,17.2,97,1007,0,0,0
1986,9,26,4,0,0,0,17.2,16.7,97,1007,0,0,0
1986,9,26,5,0,0,0,16.7,16.1,97,1008,0,0,0
1986,9,26,6,51,189,31,17.8,17.2,97,1009,0,0,0
1986,9,26,7,157,223,93,21.7,19.4,87,1009,0,0,0
1986,9,26,8,415,764,63,24.4,20,76,1009,2.1,200,0
1986,9,26,9,578,827,77,28.3,21.1,65,1008,3.1,180,0
1986,9,26,10,697,863,86,31.1,25.6,72,1007,4.1,210,0
1986,9,26,11,685,685,165,32.8,20.6,49,1007,5.2,280,0
1986,9,26,12,647,570,214,31.7,20,50,1006,3.1,270,0
1986,9,26,13,607,537,226,32.8,20.6,49,1005,4.6,240,0
1986,9,26,14,403,234,260,32.2,21.1,52,1004,4.1,190,0
1986,9,26,15,327,355,161,30.6,21.1,57,1004,4.6,220,0
1986,9,26,16,200,188,145,30,20.6,57,1004,4.1,190,0
1986,9,26,17,40,22,38,26.7,21.1,72,1004,4.1,200,0
1986,9,26,18,0,0,0,25.6,20,72,1004,3.6,190,0
1986,9,26,19,0,0,0,24.4,15.6,58,1004,4.6,180,0
1986,9,26,20,0,0,0,23.9,21.7,87,1005,3.6,200,0
1986,9,26,21,0,0,0,22.8,20.6,87,1004,2.1,190,0
1986,9,26,22,0,0,0,22.8,20.6,87,1004,3.1,220,0
1986,9,26,23,0,0,0,21.7,20,90,1003,0,0,0
1986,9,27,0,0,0,0,20.6,20,97,1003,2.1,150,0
1986,9,27,1,0,0,0,20,19.4,97,1004,2.6,90,0
1986,9,27,2,0,0,0,20.6,19.4,93,1004,1.5,60,0
1986,9,27,3,0,0,0,23.3,18.3,74,1003,0,0,0
1986,9,27,4,0,0,0,22.2,18.3,79,1003,4.1,260,0
1986,9,27,5,0,0,0,23.3,17.8,71,1004,3.1,320,0
1986,9,27,6,28,28,25,22.8,17.8,74,1005,2.1,350,0
1986,9,27,7,130,37,119,22.8,18.3,76,1005,0,0,0
1986,9,27,8,338,336,184,25,17.8,64,1006,3.6,320,0
1986,9,27,9,506,459,230,26.7,17.8,58,1006,5.2,330,0
1986,9,27,10,311,84,252,26.7,16.7,54,1006,4.6,340,0
1986,9,27,11,323,65,274,27.8,17.8,55,1005,4.1,340,0
1986,9,27,12,624,545,212,28.9,16.7,48,1005,4.1,330,0
1986,9,27,13,648,605,221,29.4,16.7,46,1004,6.2,320,0
1986,9,27,14,516,474,230,29.4,16.7,46,1004,5.2,330,0
1986,9,27,15,412,551,158,28.9,16.7,48,1004,3.6,340,0
1986,9,27,16,154,119,120,28.3,16.7,49,1005,3.6,340,0
1986,9,27,17,44,76,36,22.8,18.3,76,1006,5.7,80,0
1986,9,27,18,0,0,0,20.6,17.8,84,1007,5.2,70,0
1986,9,27,19,0,0,0,20,17.2,84,1008,4.6,80,0
1986,9,27,20,0,0,0,19.4,17.2,87,1009,3.6,80,0
1986,9,27,21,0,0,0,18.9,14.4,76,1009,3.6,130,0
1986,9,27,22,0,0,0,18.3,16.7,90,1009,3.6,90,0
1986,9,27,23,0,0,0,18.3,16.7,90,1010,2.6,70,0
1986,9,28,0,0,0,0,18.3,16.7,90,1010,3.6,60,0
1986,9,28,1,0,0,0,17.8,16.7,93,1010,3.6,70,0
1986,9,28,2,0,0,0,17.2,16.7,97,1010,2.1,40,0
1986,9,28,3,0,0,0,17.2,16.7,97,1010,2.6,70,0
1986,9,28,4,0,0,0,17.2,17.2,100,1011,1.5,50,0
1986,9,28,5,0,0,0,17.2,17.2,100,1012,2.1,30,0
1986,9,28,6,16,1,15,17.8,17.2,97,1012,2.6,60,0
1986,9,28,7,100,3,99,17.8,17.2,97,1012,1.5,100,0
1986,9,28,8,224,7,221,18.3,17.2,93,1013,3.1,100,0
1986,9,28,9,215,5,212,18.3,17.2,93,1013,3.1,90,0
1986,9,28,10,275,1,274,18.9,17.2,90,1013,3.1,120,0
1986,9,28,11,314,3,312,20,17.8,87,1013,2.6,120,0
1986,9,28,12,303,3,301,20,17.8,87,1013,2.6,100,0
1986,9,28,13,292,2,291,20.6,18.3,87,1012,3.1,110,0
1986,9,28,14,254,0,253,20.6,17.8,84,1012,2.6,120,0
1986,9,28,15,198,0,198,20.6,17.8,84,1012,2.6,160,0
1986,9,28,16,116,0,116,20.6,18.3,87,1012,2.6,140,0
1986,9,28,17,34,0,34,20,18.3,90,1012,2.6,140,0
1986,9,28,18,0,0,0,20,18.3,90,1012,2.1,140,0
1986,9,28,19,0,0,0,20,18.3,90,1013,2.1,170,0
1986,9,28,20,0,0,0,20,18.3,90,1013,2.6,180,0
1986,9,28,21,0,0,0,20,17.8,87,1013,2.6,200,0
1986,9,28,22,0,0,0,20,18.9,93,1013,2.6,170,0
1986,9,28,23,0,0,0,20,17.8,87,1012,3.1,190,0
1986,9,29,0,0,0,0,20,18.3,90,1012,3.1,190,0
1986,9,29,1,0,0,0,20,18.3,90,1012,2.1,180,0
1986,9,29,2,0,0,0,20,18.3,90,1013,2.1,160,0
1986,9,29,3,0,0,0,20,18.3,90,1013,3.1,170,0
1986,9,29,4,0,0,0,20,18.3,90,1013,3.1,170,0
1986,9,29,5,0,0,0,20,18.3,90,1013,3.1,170,0
1986,9,29,6,34,0,34,20.6,18.3,87,1013,3.1,180,0
1986,9,29,7,101,0,101,21.1,18.9,87,1013,3.6,180,0
1986,9,29,8,196,1,195,21.7,18.9,84,1014,3.6,210,0
1986,9,29,9,283,1,282,23.3,19.4,79,1013,3.6,220,0
1986,9,29,10,480,176,357,25.6,20,72,1013,5.2,160,0
1986,9,29,11,414,134,314,26.1,19.4,67,1012,4.6,190,0
1986,9,29,12,560,413,251,28.3,19.4,59,1011,7.2,200,0
1986,9,29,13,432,295,227,28.9,19.4,57,1010,6.2,170,0
1986,9,29,14,449,413,204,28.9,19.4,57,1010,6.2,190,0
1986,9,29,15,352,506,124,28.3,18.9,57,1010,5.2,200,0
1986,9,29,16,132,186,81,27.8,18.9,59,1010,4.6,210,0
1986,9,29,17,42,102,31,25.6,19.4,69,1010,2.6,170,0
1986,9,29,18,0,0,0,23.9,20,79,1010,3.6,160,0
1986,9,29,19,0,0,0,23.3,20,82,1011,3.1,170,0
1986,9,29,20,0,0,0,22.8,20,84,1010,4.1,170,0
1986,9,29,21,0,0,0,22.2,19.4,84,1010,3.6,190,0
1986,9,29,22,0,0,0,21.7,20,90,1010,4.6,190,0
1986,9,29,23,0,0,0,21.1,20,93,1010,4.6,180,0
1986,9,30,0,0,0,0,20.6,20,97,1010,4.1,180,0
1986,9,30,1,0,0,0,21.1,20,93,1009,4.1,180,0
1986,9,30,2,0,0,0,20.6,19.4,93,1009,3.6,200,0
1986,9,30,3,0,0,0,20,19.4,97,1009,2.6,180,0
1986,9,30,4,0,0,0,20,19.4,97,1009,4.1,180,0
1986,9,30,5,0,0,0,20,19.4,97,1009,4.1,170,0
1986,9,30,6,48,217,25,20,19.4,97,1009,3.6,190,0
1986,9,30,7,105,45,93,21.7,20,90,1009,3.6,190,0
1986,9,30,8,402,745,68,23.9,20.6,82,1009,4.6,200,0
1986,9,30,9,569,823,83,26.7,21.1,72,1009,4.6,220,0
1986,9,30,10,690,864,93,29.4,20.6,59,1008,4.1,210,0
1986,9,30,11,747,874,98,31.1,21.1,55,1007,4.1,200,0
1986,9,30,12,753,881,98,32.2,21.1,52,1007,5.2,170,0
1986,9,30,13,586,588,180,32.8,20.6,49,1006,5.2,220,0
1986,9,30,14,522,685,119,32.8,20.6,49,1005,4.6,200,0
1986,9,30,15,362,610,91,32.2,20,48,1004,4.6,190,0
1986,9,30,16,208,593,48,30.6,21.1,57,1004,5.2,200,0
1986,9,30,17,46,219,24,28.9,20.6,61,1005,3.6,190,0
1986,9,30,18,0,0,0,27.2,21.1,69,1005,4.1,190,0
1986,9,30,19,0,0,0,26.1,21.1,74,1005,4.1,190,0
1986,9,30,20,0,0,0,25,20.6,76,1005,4.1,190,0
1986,9,30,21,0,0,0,23.3,19.3,82,1005,4,190,0
1986,9,30,22,0,0,0,21.5,18.1,90,1005,3.8,200,0
1986,9,30,23,0,0,0,19.8,16.8,90,1005,3.7,190,0
1980,10,1,0,0,0,0,18,15.5,93,1002,3.5,340,0
1980,10,1,1,0,0,0,16.3,14.2,96,1002,3.4,350,0
1980,10,1,2,0,0,0,14.5,13,93,1001,3.2,350,0
1980,10,1,3,0,0,0,12.8,11.7,93,1001,3.1,350,0
1980,10,1,4,0,0,0,11.7,11.1,96,1001,2.6,350,0
1980,10,1,5,0,0,0,12.8,11.7,93,1002,2.6,350,0
1980,10,1,6,11,0,10,13.3,12.2,93,1002,3.1,330,0
1980,10,1,7,102,118,70,15,13.3,90,1002,3.1,350,0
1980,10,1,8,201,57,181,17.2,13.9,81,1002,2.6,360,0
1980,10,1,9,258,47,237,18.9,13.9,73,1002,2.1,350,0
1980,10,1,10,163,0,174,20,13.9,68,1002,3.1,340,0
1980,10,1,11,239,1,255,21.7,13.9,61,1001,2.1,360,0
1980,10,1,12,589,417,281,23.9,15.6,60,1000,2.1,340,0
1980,10,1,13,580,592,180,24.4,15,56,999,1.5,120,0
1980,10,1,14,545,728,134,26.1,13.9,47,999,4.1,50,0
1980,10,1,15,234,305,106,23.9,13.3,52,998,2.1,150,0
1980,10,1,16,142,183,98,23.3,14.4,58,998,3.1,160,0
1980,10,1,17,15,8,14,22.2,14.4,62,999,1.5,160,0
1980,10,1,18,0,0,0,21.1,15.6,71,999,3.6,160,0
1980,10,1,19,0,0,0,20,14.4,71,1000,3.1,150,0
1980,10,1,20,0,0,0,18.9,13.3,70,1000,2.6,190,0
1980,10,1,21,0,0,0,18.9,13.9,73,999,2.1,170,0
1980,10,1,22,0,0,0,18.3,13.9,75,999,2.1,160,0
1980,10,1,23,0,0,0,17.2,13.9,81,999,0,0,0
1980,10,2,0,0,0,0,16.7,13.9,84,998,0,0,0
1980,10,2,1,0,0,0,17.2,13.9,81,998,0,0,0
1980,10,2,2,0,0,0,16.1,13.9,87,997,2.6,130,0
1980,10,2,3,0,0,0,16.1,13.9,87,997,2.1,170,0
1980,10,2,4,0,0,0,16.7,13.9,84,997,2.6,170,0
1980,10,2,5,0,0,0,16.1,13.9,87,997,2.6,200,0
1980,10,2,6,15,0,15,16.1,13.9,87,997,3.6,170,0
1980,10,2,7,94,1,99,17.2,13.9,81,997,4.1,180,0
1980,10,2,8,236,63,213,20.6,13.9,66,997,4.1,200,0
1980,10,2,9,198,6,202,21.7,15,66,997,3.1,200,0
1980,10,2,10,394,185,260,24.4,16.7,62,996,4.1,200,0
1980,10,2,11,695,686,198,25.6,16.7,58,996,5.2,200,0
1980,10,2,12,662,650,179,27.2,16.7,53,995,6.2,160,0
1980,10,2,13,424,239,259,26.7,15,49,994,5.7,180,0
1980,10,2,14,367,227,238,26.7,14.4,47,994,4.6,160,0
1980,10,2,15,66,3,65,19.4,13.3,68,995,8.2,320,0
1980,10,2,16,30,0,31,16.1,12.8,81,997,5.7,310,0
1980,10,2,17,8,0,8,16.1,12.8,81,997,4.1,350,0
1980,10,2,18,0,0,0,15.6,11.7,78,998,5.2,340,0
1980,10,2,19,0,0,0,14.4,10.6,78,999,6.2,330,0
1980,10,2,20,0,0,0,13.3,11.1,87,1000,3.6,340,0
1980,10,2,21,0,0,0,13.3,12.2,93,1000,2.6,340,0
1980,10,2,22,0,0,0,13.3,12.2,93,1000,0,0,0
1980,10,2,23,0,0,0,13.3,12.2,93,1000,0,0,0
1980,10,3,0,0,0,0,13.9,12.2,90,1000,0,0,0
1980,10,3,1,0,0,0,13.3,12.2,93,1000,0,0,0
1980,10,3,2,0,0,0,11.7,11.1,96,999,0,0,0
1980,10,3,3,0,0,0,11.1,10,93,999,0,0,0
1980,10,3,4,0,0,0,11.1,10,93,1000,2.1,320,0
1980,10,3,5,0,0,0,12.2,11.1,93,999,2.6,340,0
1980,10,3,6,5,0,5,12.2,11.1,93,999,2.1,40,0
1980,10,3,7,22,0,24,12.2,11.1,93,1000,0,0,0
1980,10,3,8,67,0,72,12.8,11.1,90,1001,2.6,330,0
1980,10,3,9,94,0,100,13.3,11.7,90,1000,0,0,0
1980,10,3,10,183,0,195,13.9,11.1,83,999,2.6,40,0
1980,10,3,11,186,0,200,14.4,11.7,84,998,2.1,340,0
1980,10,3,12,236,0,244,15.6,12.2,81,997,3.1,50,0
1980,10,3,13,112,0,121,14.4,11.1,81,997,3.1,170,0
1980,10,3,14,59,0,63,13.9,11.1,83,996,2.1,140,0
1980,10,3,15,25,0,27,13.3,10.6,83,996,2.1,190,0
1980,10,3,16,30,0,31,13.3,11.1,87,996,3.1,110,0
1980,10,3,17,10,0,10,12.2,10.6,90,996,2.1,190,0
1980,10,3,18,0,0,0,11.7,10.6,93,995,0,0,0
1980,10,3,19,0,0,0,10.6,9.4,93,996,2.1,240,0
1980,10,3,20,0,0,0,11.1,10,93,997,2.1,220,0
1980,10,3,21,0,0,0,12.2,10,86,997,2.6,280,0
1980,10,3,22,0,0,0,11.7,10,90,996,2.1,280,0
1980,10,3,23,0,0,0,9.4,8.9,96,996,0,0,0
1980,10,4,0,0,0,0,8.3,7.8,96,997,2.1,190,0
1980,10,4,1,0,0,0,9.4,8.3,93,997,3.1,180,0
1980,10,4,2,0,0,0,10,8.9,93,997,3.1,190,0
1980,10,4,3,0,0,0,10,8.9,93,997,2.1,220,0
1980,10,4,4,0,0,0,10,8.9,93,997,0,0,0
1980,10,4,5,0,0,0,9.4,8.3,93,997,0,0,0
1980,10,4,6,13,0,14,9.4,8.3,93,998,1.5,170,0
1980,10,4,7,97,19,94,11.1,9.4,90,999,3.1,200,0
1980,10,4,8,344,468,146,13.9,8.3,69,1000,4.1,250,0
1980,10,4,9,465,506,187,15,5,51,1000,3.6,290,0
1980,10,4,10,331,88,277,15,5.6,54,1001,5.2,300,0
1980,10,4,11,579,545,185,16.1,4.4,46,1001,4.1,300,0
1980,10,4,12,523,451,198,17.8,3.3,38,1001,5.2,310,0
1980,10,4,13,559,546,206,16.7,2.8,40,1001,5.2,280,0
1980,10,4,14,458,492,180,16.1,2.8,41,1002,5.2,310,0
1980,10,4,15,394,684,119,16.7,2.8,40,1002,5.2,300,0
1980,10,4,16,153,272,81,15,2.8,44,1003,6.2,320,0
1980,10,4,17,17,0,17,12.8,3.3,53,1004,2.6,320,0
1980,10,4,18,0,0,0,11.7,3.3,57,1005,3.1,320,0
1980,10,4,19,0,0,0,11.7,3.9,59,1006,2.6,320,0
1980,10,4,20,0,0,0,10.6,3.9,64,1006,2.6,320,0
1980,10,4,21,0,0,0,10,4.4,69,1007,0,0,0
1980,10,4,22,0,0,0,10,4.4,69,1007,1.5,330,0
1980,10,4,23,0,0,0,10,5,71,1007,2.1,340,0
1980,10,5,0,0,0,0,10,5,71,1008,2.1,320,0
1980,10,5,1,0,0,0,10,4.4,69,1008,3.6,340,0
1980,10,5,2,0,0,0,9.4,4.4,71,1009,4.1,340,0
1980,10,5,3,0,0,0,10,4.4,69,1009,4.1,340,0
1980,10,5,4,0,0,0,9.4,5,74,1009,2.6,20,0
1980,10,5,5,0,0,0,9.4,4.4,71,1010,2.1,360,0
1980,10,5,6,8,0,8,9.4,5,74,1011,2.6,360,0
1980,10,5,7,63,0,66,10,5.6,74,1011,3.1,350,0
1980,10,5,8,285,332,167,12.2,4.4,59,1012,4.1,20,0
1980,10,5,9,509,580,183,14.4,3.9,49,1012,4.1,30,0
1980,10,5,10,596,468,275,16.1,3.3,43,1012,2.1,360,0
1980,10,5,11,639,406,340,16.7,4.4,45,1012,5.2,330,0
1980,10,5,12,705,715,191,17.8,3.9,40,1011,2.6,360,0
1980,10,5,13,626,668,184,16.7,2.8,40,1011,4.1,340,0
1980,10,5,14,401,253,245,16.7,3.3,41,1011,4.1,30,0
1980,10,5,15,244,109,197,16.1,2.8,41,1011,3.1,340,0
1980,10,5,16,100,43,88,15,3.3,46,1011,2.6,330,0
1980,10,5,17,18,0,19,13.3,6.1,62,1012,2.6,310,0
1980,10,5,18,0,0,0,12.8,5,59,1012,3.6,330,0
1980,10,5,19,0,0,0,12.8,4.4,57,1012,3.6,340,0
1980,10,5,20,0,0,0,12.2,3.9,57,1013,4.1,350,0
1980,10,5,21,0,0,0,11.7,3.9,59,1013,3.6,340,0
1980,10,5,22,0,0,0,10.6,4.4,66,1013,2.1,360,0
1980,10,5,23,0,0,0,10,4.4,69,1013,2.1,310,0
1980,10,6,0,0,0,0,10,4.4,69,1013,2.6,340,0
1980,10,6,1,0,0,0,10,3.9,66,1013,2.6,340,0
1980,10,6,2,0,0,0,9.4,3.3,66,1013,3.1,340,0
1980,10,6,3,0,0,0,7.2,2.2,71,1013,1.5,340,0
1980,10,6,4,0,0,0,6.1,2.2,76,1014,4.1,320,0
1980,10,6,5,0,0,0,5.6,1.1,73,1014,2.1,320,0
1980,10,6,6,30,181,14,5.6,1.1,73,1014,0,0,0
1980,10,6,7,185,638,46,10,2.2,59,1015,3.6,330,0
1980,10,6,8,368,779,66,12.2,2.2,51,1015,4.6,330,0
1980,10,6,9,537,856,78,13.9,2.2,46,1015,5.2,330,0
1980,10,6,10,660,892,85,15,1.1,39,1015,4.1,340,0
1980,10,6,11,716,891,93,16.1,1.7,38,1014,4.1,340,0
1980,10,6,12,710,884,94,17.2,2.8,38,1013,5.2,360,0
1980,10,6,13,645,865,89,17.2,2.8,38,1012,3.6,320,0
1980,10,6,14,526,826,79,17.8,2.2,35,1012,5.2,310,0
1980,10,6,15,357,740,66,16.7,1.7,37,1011,5.2,300,0
1980,10,6,16,171,571,46,15.6,1.1,38,1011,4.1,300,0
1980,10,6,17,25,155,13,12.2,1.1,47,1011,2.1,340,0
1980,10,6,18,0,0,0,8.9,1.7,61,1011,0,0,0
1980,10,6,19,0,0,0,5.6,2.8,83,1011,0,0,0
1980,10,6,20,0,0,0,4.4,2.2,86,1011,0,0,0
1980,10,6,21,0,0,0,3.3,1.7,89,1011,1.5,160,0
1980,10,6,22,0,0,0,3.9,2.2,89,1011,0,0,0
1980,10,6,23,0,0,0,2.8,1.7,92,1010,0,0,0
1980,10,7,0,0,0,0,3.3,2.2,93,1011,0,0,0
1980,10,7,1,0,0,0,3.3,1.7,89,1011,0,0,0
1980,10,7,2,0,0,0,2.8,1.7,92,1010,0,0,0
1980,10,7,3,0,0,0,1.7,1.7,100,1010,0,0,0
1980,10,7,4,0,0,0,4.4,3.3,93,1010,0,0,0
1980,10,7,5,0,0,0,6.1,3.9,86,1009,0,0,0
1980,10,7,6,6,0,7,6.7,5,89,1009,0,0,0
1980,10,7,7,56,0,60,7.8,6.1,89,1009,0,0,0
1980,10,7,8,305,388,147,11.7,7.2,74,1009,0,0,0
1980,10,7,9,491,710,112,15,5,51,1009,2.6,210,0
1980,10,7,10,617,753,131,17.8,3.9,40,1008,5.2,190,0
1980,10,7,11,671,745,148,18.3,3.9,39,1008,4.1,200,0
1980,10,7,12,665,721,160,19.4,3.9,36,1006,5.2,180,0
1980,10,7,13,603,695,156,20,4.4,36,1005,6.2,210,0
1980,10,7,14,490,681,124,20,4.4,36,1004,3.6,230,0
1980,10,7,15,331,598,98,20,5,38,1004,3.6,210,0
1980,10,7,16,133,244,75,18.3,5.6,43,1004,3.1,160,0
1980,10,7,17,20,15,21,13.9,6.7,62,1004,3.1,140,0
1980,10,7,18,0,0,0,12.8,7.2,69,1004,3.6,150,0
1980,10,7,19,0,0,0,12.2,6.7,69,1004,2.6,170,0
1980,10,7,20,0,0,0,10.6,6.7,77,1005,2.6,180,0
1980,10,7,21,0,0,0,9.4,6.1,80,1005,1.5,160,0
1980,10,7,22,0,0,0,8.3,6.1,86,1005,0,0,0
1980,10,7,23,0,0,0,6.7,5.6,93,1005,0,0,0
1980,10,8,0,0,0,0,5.6,4.4,93,1005,0,0,0
1980,10,8,1,0,0,0,5,3.9,93,1004,0,0,0
1980,10,8,2,0,0,0,3.9,2.8,93,1004,0,0,0
1980,10,8,3,0,0,0,3.9,2.8,93,1004,0,0,0
1980,10,8,4,0,0,0,3.3,2.2,93,1004,0,0,0
1980,10,8,5,0,0,0,4.4,3.3,93,1004,0,0,0
1980,10,8,6,20,43,13,4.4,3.3,93,1004,0,0,0
1980,10,8,7,163,499,51,8.9,7.2,89,1004,0,0,0
1980,10,8,8,340,695,70,13.9,8.9,72,1003,2.1,180,0
1980,10,8,9,503,783,83,18.9,8.3,51,1003,3.6,180,0
1980,10,8,10,621,825,91,21.1,8.9,46,1003,2.1,170,0
1980,10,8,11,681,841,97,22.2,8.3,41,1002,4.1,230,0
1980,10,8,12,655,758,128,23.3,8.3,38,1001,0,0,0
1980,10,8,13,608,781,112,23.3,8.3,38,1000,3.1,270,0
1980,10,8,14,479,683,113,23.9,8.3,37,1000,2.6,220,0
1980,10,8,15,318,622,81,23.9,8.3,37,999,5.2,230,0
1980,10,8,16,147,463,51,22.8,8.9,41,999,3.1,220,0
1980,10,8,17,18,85,13,18.3,8.9,54,999,3.1,150,0
1980,10,8,18,0,0,0,16.7,10,65,999,3.1,160,0
1980,10,8,19,0,0,0,13.3,10,80,999,0,0,0
1980,10,8,20,0,0,0,12.8,10,83,999,0,0,0
1980,10,8,21,0,0,0,11.7,9.4,86,999,0,0,0
1980,10,8,22,0,0,0,11.7,10,90,999,0,0,0
1980,10,8,23,0,0,0,10,8.9,93,999,0,0,0
1980,10,9,0,0,0,0,8.3,7.8,96,999,0,0,0
1980,10,9,1,0,0,0,8.3,7.8,96,999,0,0,0
1980,10,9,2,0,0,0,9.4,8.9,96,999,0,0,0
1980,10,9,3,0,0,0,10.6,10,96,999,0,0,0
1980,10,9,4,0,0,0,10.6,9.4,93,999,0,0,0
1980,10,9,5,0,0,0,11.1,10,93,999,1.5,190,0
1980,10,9,6,22,64,15,11.7,10.6,93,999,0,0,0
1980,10,9,7,149,394,60,15.6,13.3,87,1000,2.1,190,0
1980,10,9,8,317,588,91,20,13.9,68,1000,1.5,230,0
1980,10,9,9,462,639,120,23.3,14.4,58,1000,1.5,180,0
1980,10,9,10,586,668,160,26.7,15.6,51,1000,0,0,0
1980,10,9,11,643,638,202,27.2,15,47,1000,0,0,0
1980,10,9,12,521,368,264,27.2,15,47,1000,3.1,320,0
1980,10,9,13,375,201,256,26.1,15.6,52,999,3.6,360,0
1980,10,9,14,365,229,250,26.1,15.6,52,1000,5.2,30,0
1980,10,9,15,212,134,172,25.6,15,52,1000,5.2,40,0
1980,10,9,16,105,128,80,23.9,14.4,56,1000,3.1,50,0
1980,10,9,17,12,7,13,21.1,14.4,66,1001,2.6,30,0
1980,10,9,18,0,0,0,20,15,73,1001,1.5,60,0
1980,10,9,19,0,0,0,20,15,73,1002,2.6,90,0
1980,10,9,20,0,0,0,18.3,13.9,75,1003,2.6,60,0
1980,10,9,21,0,0,0,17.2,12.8,75,1004,3.6,20,0
1980,10,9,22,0,0,0,15,10,72,1004,2.1,10,0
1980,10,9,23,0,0,0,13.9,10,78,1004,2.1,360,0
1980,10,10,0,0,0,0,14.4,9.4,72,1005,5.2,50,0
1980,10,10,1,0,0,0,14.4,6.7,60,1005,3.1,40,0
1980,10,10,2,0,0,0,14.4,6.7,60,1006,3.1,40,0
1980,10,10,3,0,0,0,13.9,2.8,47,1006,4.6,50,0
1980,10,10,4,0,0,0,13.3,2.2,47,1006,4.1,40,0
1980,10,10,5,0,0,0,12.8,2.2,49,1007,3.6,40,0
1980,10,10,6,11,0,12,12.2,2.8,53,1007,3.1,40,0
1980,10,10,7,52,0,56,12.8,3.3,53,1007,3.1,40,0
1980,10,10,8,65,0,70,12.8,4.4,57,1007,3.1,80,0
1980,10,10,9,83,0,89,13.3,5,57,1007,2.1,360,0
1980,10,10,10,86,0,92,13.3,5.6,60,1007,3.6,40,0
1980,10,10,11,115,0,123,13.9,6.1,60,1006,2.1,360,0
1980,10,10,12,141,0,150,14.4,6.7,60,1005,0,0,0
1980,10,10,13,96,0,101,13.9,7.2,64,1004,2.1,30,0
1980,10,10,14,67,0,71,13.3,8.3,72,1004,2.1,30,0
1980,10,10,15,43,0,46,12.8,8.9,77,1003,0,0,0
1980,10,10,16,14,0,14,12.2,9.4,83,1003,1.5,50,0
1980,10,10,17,1,0,1,11.7,9.4,86,1002,2.6,30,0
1980,10,10,18,0,0,0,11.7,10,90,1003,2.1,340,0
1980,10,10,19,0,0,0,11.1,10,93,1002,2.1,320,0
1980,10,10,20,0,0,0,10.6,10,96,1002,0,0,0
1980,10,10,21,0,0,0,11.1,10,93,1001,0,0,0
1980,10,10,22,0,0,0,11.7,10,90,1001,0,0,0
1980,10,10,23,0,0,0,10,9.4,96,1000,0,0,0
1980,10,11,0,0,0,0,9.4,8.9,96,999,0,0,0
1980,10,11,1,0,0,0,10,9.4,96,998,0,0,0
1980,10,11,2,0,0,0,10,9.4,96,997,2.6,200,0
1980,10,11,3,0,0,0,10.6,10,96,997,2.6,330,0
1980,10,11,4,0,0,0,10,9.4,96,997,0,0,0
1980,10,11,5,0,0,0,10,9.4,96,996,2.1,140,0
1980,10,11,6,16,1,16,11.1,10.6,96,996,0,0,0
1980,10,11,7,84,5,82,11.7,11.1,96,996,0,0,0
1980,10,11,8,140,6,137,12.8,12.2,96,996,0,0,0
1980,10,11,9,299,120,241,15.6,13.3,87,996,1.5,360,0
1980,10,11,10,407,165,308,20.6,12.2,59,996,4.6,310,0
1980,10,11,11,546,378,289,22.8,10,44,995,3.6,330,0
1980,10,11,12,231,48,206,20,9.4,51,994,0,0,0
1980,10,11,13,429,329,227,22.8,8.3,40,993,1.5,360,0
1980,10,11,14,454,640,120,25,6.7,31,992,7.2,290,0
1980,10,11,15,326,687,68,24.4,1.7,23,992,7.2,290,0
1980,10,11,16,147,508,45,22.2,0.6,24,993,7.7,310,0
1980,10,11,17,16,74,12,18.9,1.1,31,994,3.1,310,0
1980,10,11,18,0,0,0,16.7,0.6,34,994,4.1,310,0
1980,10,11,19,0,0,0,13.9,1.1,42,995,5.7,290,0
1980,10,11,20,0,0,0,16.1,2.8,41,997,8.2,310,0
1980,10,11,21,0,0,0,14.4,2.8,46,998,4.6,320,0
1980,10,11,22,0,0,0,13.3,2.2,47,998,4.1,310,0
1980,10,11,23,0,0,0,11.7,1.1,49,998,4.1,300,0
1980,10,12,0,0,0,0,11.1,1.1,50,998,7.7,310,0
1980,10,12,1,0,0,0,10.6,1.1,52,998,6.2,300,0
1980,10,12,2,0,0,0,9.4,1.1,56,999,3.6,290,0
1980,10,12,3,0,0,0,8.9,0.6,56,999,6.2,290,0
1980,10,12,4,0,0,0,8.3,0,56,1000,1.5,230,0
1980,10,12,5,0,0,0,8.9,0,54,1000,3.1,280,0
1980,10,12,6,28,188,15,7.8,1.1,63,1001,2.6,230,0
1980,10,12,7,109,174,83,11.1,1.1,50,1001,6.2,270,0
1980,10,12,8,313,579,92,13.3,1.1,44,1001,6.2,270,0
1980,10,12,9,320,409,106,13.3,1.1,44,1001,9.3,290,0
1980,10,12,10,306,183,185,13.9,1.1,42,1001,8.2,310,0
1980,10,12,11,456,408,179,13.9,0.6,40,1001,7.2,310,0
1980,10,12,12,591,596,193,16.1,1.7,38,1001,8.8,300,0
1980,10,12,13,567,632,180,14.4,0.6,39,1001,7.7,310,0
1980,10,12,14,231,130,174,13.3,1.1,44,1002,8.2,310,0
1980,10,12,15,130,103,102,12.2,-0.6,42,1002,6.7,280,0
1980,10,12,16,130,269,70,11.7,0.6,47,1002,4.1,280,0
1980,10,12,17,10,16,9,10.6,0,48,1003,6.7,290,0
1980,10,12,18,0,0,0,9.4,0.6,54,1004,5.7,290,0
1980,10,12,19,0,0,0,10,1.1,54,1004,6.2,290,0
1980,10,12,20,0,0,0,8.3,1.1,61,1005,2.6,290,0
1980,10,12,21,0,0,0,7.2,1.1,65,1005,2.1,240,0
1980,10,12,22,0,0,0,6.7,1.1,68,1005,2.1,230,0
1980,10,12,23,0,0,0,5,0.6,73,1005,2.6,260,0
1980,10,13,0,0,0,0,4.4,1.1,79,1006,1.5,150,0
1980,10,13,1,0,0,0,6.7,1.1,68,1006,5.2,300,0
1980,10,13,2,0,0,0,7.8,1.1,63,1006,6.2,290,0
1980,10,13,3,0,0,0,6.1,0.6,68,1006,2.1,310,0
1980,10,13,4,0,0,0,6.7,0.6,65,1007,5.2,300,0
1980,10,13,5,0,0,0,6.7,0.6,65,1007,5.2,300,0
1980,10,13,6,22,158,10,6.7,6.1,96,1008,5.2,300,0
1980,10,13,7,166,585,45,9.4,1.1,56,1009,3.6,300,0
1980,10,13,8,358,606,141,11.1,1.1,50,1009,6.2,320,0
1980,10,13,9,377,393,186,12.2,0,43,1009,9.3,320,0
1980,10,13,10,351,188,241,11.1,-1.1,43,1009,7.2,310,0
1980,10,13,11,466,416,191,12.2,-1.7,38,1009,9.3,290,0
1980,10,13,12,657,557,292,13.3,-2.8,33,1008,9.8,290,0
1980,10,13,13,387,300,209,13.9,-2.8,32,1007,8.2,310,0
1980,10,13,14,497,655,165,14.4,-3.3,29,1007,7.7,310,0
1980,10,13,15,215,302,96,12.8,-3.3,33,1007,6.7,310,0
1980,10,13,16,133,368,69,11.7,-3.3,35,1008,6.2,320,0
1980,10,13,17,12,50,9,10.6,-3.3,38,1008,6.7,320,0
1980,10,13,18,0,0,0,8.3,-4.4,41,1009,2.1,330,0
1980,10,13,19,0,0,0,6.7,-1.7,56,1010,3.6,320,0
1980,10,13,20,0,0,0,6.1,-1.7,58,1010,2.6,310,0
1980,10,13,21,0,0,0,2.2,-1.7,76,1010,0,0,0
1980,10,13,22,0,0,0,0,-2.2,85,1010,1.5,220,0
1980,10,13,23,0,0,0,1.1,-1.7,82,1010,1.5,160,0
1980,10,14,0,0,0,0,-0.6,-2.8,85,1011,0,0,0
1980,10,14,1,0,0,0,-1.1,-2.8,89,1011,1.5,250,0
1980,10,14,2,0,0,0,2.2,-1.7,76,1011,3.1,280,0
1980,10,14,3,0,0,0,-0.6,-2.2,89,1012,0,0,0
1980,10,14,4,0,0,0,-1.1,-3.3,85,1012,0,0,0
1980,10,14,5,0,0,0,-1.1,-3.3,85,1013,0,0,0
1980,10,14,6,20,117,11,-1.1,-3.3,85,1013,2.1,120,0
1980,10,14,7,148,486,48,5,1.1,76,1014,1.5,50,0
1980,10,14,8,325,686,73,8.3,0.6,58,1014,4.6,340,0
1980,10,14,9,495,818,78,11.1,0,47,1013,5.2,340,0
1980,10,14,10,614,868,85,12.2,0,43,1013,5.7,310,0
1980,10,14,11,662,853,97,13.3,0.6,42,1013,5.2,310,0
1980,10,14,12,650,832,101,15.6,0.6,36,1012,5.2,350,0
1980,10,14,13,582,775,115,16.7,0.6,34,1011,4.1,280,0
1980,10,14,14,440,615,127,16.7,0,32,1011,3.1,300,0
1980,10,14,15,280,499,99,16.1,0,34,1011,3.6,300,0
1980,10,14,16,114,299,56,13.9,-0.6,37,1010,2.6,60,0
1980,10,14,17,12,22,10,10.6,0.6,50,1010,0,0,0
1980,10,14,18,0,0,0,8.9,0,54,1010,0,0,0
1980,10,14,19,0,0,0,7.2,0.6,63,1010,0,0,0
1980,10,14,20,0,0,0,6.7,1.1,68,1011,0,0,0
1980,10,14,21,0,0,0,5.6,2.2,79,1011,0,0,0
1980,10,14,22,0,0,0,6.1,3.3,83,1010,0,0,0
1980,10,14,23,0,0,0,6.7,3.3,80,1010,0,0,0
1980,10,15,0,0,0,0,5,2.8,86,1010,0,0,0
1980,10,15,1,0,0,0,5,2.8,86,1010,2.6,340,0
1980,10,15,2,0,0,0,5.6,3.9,89,1010,0,0,0
1980,10,15,3,0,0,0,6.1,3.9,86,1010,0,0,0
1980,10,15,4,0,0,0,5,3.3,89,1010,0,0,0
1980,10,15,5,0,0,0,5,2.8,86,1011,0,0,0
1980,10,15,6,13,20,10,5,3.3,89,1011,0,0,0
1980,10,15,7,114,184,74,8.3,4.4,77,1011,2.1,310,0
1980,10,15,8,257,405,97,11.1,5,66,1011,0,0,0
1980,10,15,9,471,764,82,13.9,5.6,57,1012,1.5,360,0
1980,10,15,10,602,808,112,16.7,5.6,48,1011,2.1,310,0
1980,10,15,11,590,614,176,18.9,6.1,43,1011,2.1,110,0
1980,10,15,12,642,796,120,21.1,6.1,38,1010,3.1,200,0
1980,10,15,13,582,742,139,22.8,6.1,34,1009,2.6,190,0
1980,10,15,14,461,681,122,23.9,5,30,1009,3.1,160,0
1980,10,15,15,284,450,127,23.9,5.6,31,1009,3.6,170,0
1980,10,15,16,88,173,56,20,8.3,47,1009,4.6,150,0
1980,10,15,17,6,1,7,17.2,8.3,56,1009,2.6,130,0
1980,10,15,18,0,0,0,15,8.3,65,1009,2.6,140,0
1980,10,15,19,0,0,0,13.9,8.3,69,1010,0,0,0
1980,10,15,20,0,0,0,9.4,6.7,83,1010,2.1,280,0
1980,10,15,21,0,0,0,8.9,7.2,89,1010,0,0,0
1980,10,15,22,0,0,0,8.3,6.7,89,1010,0,0,0
1980,10,15,23,0,0,0,8.3,7.2,93,1010,0,0,0
1980,10,16,0,0,0,0,7.2,6.1,93,1011,0,0,0
1980,10,16,1,0,0,0,6.7,6.1,96,1011,0,0,0
1980,10,16,2,0,0,0,4.4,3.9,96,1011,0,0,0
1980,10,16,3,0,0,0,5.6,4.4,93,1011,0,0,0
1980,10,16,4,0,0,0,4.4,3.9,96,1011,0,0,0
1980,10,16,5,0,0,0,4.4,3.3,93,1012,0,0,0
1980,10,16,6,15,9,13,4.4,3.9,96,1012,1.5,50,0
1980,10,16,7,123,295,64,8.3,6.1,86,1013,1.5,300,0
1980,10,16,8,305,532,125,12.8,9.4,80,1013,2.6,10,0
1980,10,16,9,417,563,135,18.3,10,59,1013,0,0,0
1980,10,16,10,549,686,139,21.7,10,48,1013,0,0,0
1980,10,16,11,594,679,151,24.4,9.4,39,1012,3.6,140,0
1980,10,16,12,591,680,149,26.1,8.9,34,1011,4.1,220,0
1980,10,16,13,547,685,141,26.7,7.8,30,1011,2.6,140,0
1980,10,16,14,416,586,129,26.7,7.8,30,1011,1.5,170,0
1980,10,16,15,265,456,111,24.4,9.4,39,1010,4.1,130,0
1980,10,16,16,116,293,69,23.3,10.6,45,1010,4.6,130,0
1980,10,16,17,9,19,9,18.9,10.6,59,1011,3.6,140,0
1980,10,16,18,0,0,0,17.2,11.1,68,1011,3.6,150,0
1980,10,16,19,0,0,0,16.7,11.1,70,1011,0,0,0
1980,10,16,20,0,0,0,17.2,11.1,68,1011,2.6,170,0
1980,10,16,21,0,0,0,14.4,10.6,78,1012,2.6,190,0
1980,10,16,22,0,0,0,13.9,11.1,83,1012,2.1,180,0
1980,10,16,23,0,0,0,13.9,11.1,83,1012,2.1,160,0
1980,10,17,0,0,0,0,11.7,10.6,93,1011,2.1,200,0
1980,10,17,1,0,0,0,11.7,10.6,93,1011,0,0,0
1980,10,17,2,0,0,0,8.9,8.9,100,1011,0,0,0
1980,10,17,3,0,0,0,10,9.4,96,1011,0,0,0
1980,10,17,4,0,0,0,9.4,9.4,100,1011,2.1,160,0
1980,10,17,5,0,0,0,9.4,9.4,100,1011,2.6,200,0
1980,10,17,6,15,29,11,10,9.4,96,1011,2.6,180,0
1980,10,17,7,138,323,65,13.9,13.3,96,1011,2.1,190,0
1980,10,17,8,291,553,90,17.2,13.3,78,1011,4.1,170,0
1980,10,17,9,448,674,111,20.6,13.9,66,1011,4.1,150,0
1980,10,17,10,563,726,126,24.4,15,56,1010,5.7,160,0
1980,10,17,11,562,554,194,26.7,13.9,45,1009,7.7,190,0
1980,10,17,12,523,424,242,26.1,13.3,45,1008,7.7,170,0
1980,10,17,13,477,420,221,26.1,13.3,45,1007,8.2,210,0
1980,10,17,14,378,354,205,25.6,13.3,47,1007,6.2,210,0
1980,10,17,15,202,159,144,25,12.8,47,1007,7.2,180,0
1980,10,17,16,90,55,80,23.3,13.3,54,1006,5.2,180,0
1980,10,17,17,5,0,6,21.7,12.8,57,1006,3.6,150,0
1980,10,17,18,0,0,0,21.1,12.8,59,1006,3.6,160,0
1980,10,17,19,0,0,0,20.6,13.9,66,1006,5.2,170,0
1980,10,17,20,0,0,0,20.6,13.9,66,1006,4.1,170,0
1980,10,17,21,0,0,0,20.6,14.4,68,1006,4.6,170,0
1980,10,17,22,0,0,0,20.6,14.4,68,1005,4.6,180,0
1980,10,17,23,0,0,0,20.6,14.4,68,1004,5.2,190,0
1980,10,18,0,0,0,0,20.6,15,71,1004,5.2,200,0
1980,10,18,1,0,0,0,20,16.1,78,1003,6.7,200,0
1980,10,18,2,0,0,0,20,16.7,81,1003,7.2,210,0
1980,10,18,3,0,0,0,20.6,16.7,79,1002,7.7,200,0
1980,10,18,4,0,0,0,20.6,17.2,81,1002,7.2,180,0
1980,10,18,5,0,0,0,20.6,17.2,81,1002,6.2,190,0
1980,10,18,6,1,0,1,19.4,17.8,90,1002,6.2,190,0
1980,10,18,7,21,0,24,19.4,18.3,93,1002,6.2,170,0
1980,10,18,8,76,2,80,20,18.3,90,1002,5.7,180,0
1980,10,18,9,171,10,171,21.1,19.4,90,1001,7.2,180,0
1980,10,18,10,343,105,271,22.8,18.9,79,1001,9.8,200,0
1980,10,18,11,540,345,307,25,18.9,69,1000,9.3,200,0
1980,10,18,12,380,227,231,26.1,18.9,65,999,8.2,220,0
1980,10,18,13,269,107,203,26.1,18.3,62,999,8.8,220,0
1980,10,18,14,16,0,17,18.3,16.1,87,1000,4.6,300,0
1980,10,18,15,17,0,18,17.2,15.6,90,1000,0,0,0
1980,10,18,16,8,0,8,17.2,15.6,90,1000,2.1,140,0
1980,10,18,17,0,0,0,16.7,15.6,93,1000,0,0,0
1980,10,18,18,0,0,0,16.7,15.6,93,1000,0,0,0
1980,10,18,19,0,0,0,16.7,15.6,93,1000,0,0,0
1980,10,18,20,0,0,0,16.1,15.6,97,999,0,0,0
1980,10,18,21,0,0,0,15.6,15.6,100,1000,0,0,0
1980,10,18,22,0,0,0,15.6,15,97,1000,0,0,0
1980,10,18,23,0,0,0,15.6,15,97,999,0,0,0
1980,10,19,0,0,0,0,15.6,15,97,999,0,0,0
1980,10,19,1,0,0,0,15,15,100,999,0,0,0
1980,10,19,2,0,0,0,13.9,13.9,100,998,1.5,10,0
1980,10,19,3,0,0,0,13.3,12.8,96,998,2.6,70,0
1980,10,19,4,0,0,0,12.8,12.2,96,999,0,0,0
1980,10,19,5,0,0,0,12.8,11.7,93,999,2.1,180,0
1980,10,19,6,2,0,2,12.2,11.7,96,999,0,0,0
1980,10,19,7,19,0,20,13.9,10,78,999,0,0,0
1980,10,19,8,80,0,85,14.4,10,75,1000,2.6,320,0
1980,10,19,9,157,21,150,15.6,10,70,1000,2.6,310,0
1980,10,19,10,470,377,229,17.8,9.4,58,1000,3.1,320,0
1980,10,19,11,616,689,167,18.9,8.9,52,999,2.6,290,0
1980,10,19,12,591,749,106,20,7.2,43,997,2.6,340,0
1980,10,19,13,552,818,77,21.1,7.8,42,997,3.6,250,0
1980,10,19,14,444,800,66,21.7,6.7,38,996,2.1,270,0
1980,10,19,15,273,638,63,21.1,7.2,41,996,2.6,190,0
1980,10,19,16,59,74,44,20,7.2,44,996,4.1,210,0
1980,10,19,17,2,0,2,17.2,10,63,996,3.6,160,0
1980,10,19,18,0,0,0,15,10.6,75,997,2.1,340,0
1980,10,19,19,0,0,0,13.9,10.6,80,997,3.1,180,0
1980,10,19,20,0,0,0,13.3,10.6,83,997,0,0,0
1980,10,19,21,0,0,0,11.1,9.4,90,998,2.6,130,0
1980,10,19,22,0,0,0,12.2,8.3,77,998,2.1,310,0
1980,10,19,23,0,0,0,12.2,6.7,69,999,5.2,320,0
1980,10,20,0,0,0,0,11.7,5.6,66,1000,6.7,320,0
1980,10,20,1,0,0,0,10.6,2.8,59,1000,7.2,320,0
1980,10,20,2,0,0,0,9.4,1.1,56,1001,4.1,310,0
1980,10,20,3,0,0,0,7.8,1.1,63,1001,5.2,320,0
1980,10,20,4,0,0,0,6.1,0.6,68,1001,2.1,10,0
1980,10,20,5,0,0,0,5,0.6,73,1001,2.6,120,0
1980,10,20,6,17,82,13,5.6,0.6,71,1002,3.1,320,0
1980,10,20,7,133,479,45,9.4,1.7,59,1003,5.2,300,0
1980,10,20,8,312,715,66,11.7,0.6,47,1003,8.8,280,0
1980,10,20,9,472,835,69,12.8,0.6,43,1003,5.2,290,0
1980,10,20,10,585,874,76,15,0,36,1002,5.2,240,0
1980,10,20,11,597,576,233,15,-0.6,35,1002,4.6,240,0
1980,10,20,12,555,498,226,15.6,0,35,1001,5.2,270,0
1980,10,20,13,294,52,265,15.6,0.6,36,1001,5.2,290,0
1980,10,20,14,83,0,88,14.4,0.6,39,1001,4.6,290,0
1980,10,20,15,80,9,81,14.4,0.6,39,1001,2.6,260,0
1980,10,20,16,55,7,55,13.9,1.1,42,1001,4.6,320,0
1980,10,20,17,2,0,2,12.8,2.2,49,1001,4.1,330,0
1980,10,20,18,0,0,0,12.2,2.2,51,1002,3.1,320,0
1980,10,20,19,0,0,0,11.7,2.8,55,1003,2.6,310,0
1980,10,20,20,0,0,0,11.7,3.9,59,1003,2.1,310,0
1980,10,20,21,0,0,0,10,3.9,66,1003,2.1,150,0
1980,10,20,22,0,0,0,7.8,3.9,77,1003,0,0,0
1980,10,20,23,0,0,0,7.2,3.9,80,1003,0,0,0
1980,10,21,0,0,0,0,5.6,3.3,86,1003,3.1,180,0
1980,10,21,1,0,0,0,5.6,3.3,86,1002,3.1,180,0
1980,10,21,2,0,0,0,5.6,3.3,86,1002,3.6,180,0
1980,10,21,3,0,0,0,6.1,3.3,83,1003,3.1,190,0
1980,10,21,4,0,0,0,5.6,3.3,86,1003,4.1,180,0
1980,10,21,5,0,0,0,5.6,3.3,86,1003,4.1,180,0
1980,10,21,6,12,57,9,5.6,3.3,86,1003,3.6,190,0
1980,10,21,7,128,455,47,8.9,5.6,80,1003,5.7,200,0
1980,10,21,8,294,688,61,13.9,6.7,62,1004,5.7,220,0
1980,10,21,9,450,788,74,18.3,7.2,49,1004,6.2,220,0
1980,10,21,10,569,848,76,20.6,6.7,41,1003,8.2,250,0
1980,10,21,11,627,871,78,20.6,5,36,1003,8.2,280,0
1980,10,21,12,617,856,78,22.2,4.4,31,1002,6.2,260,0
1980,10,21,13,555,836,76,22.2,4.4,31,1001,5.2,260,0
1980,10,21,14,415,694,86,23.3,3.9,28,1001,6.7,240,0
1980,10,21,15,280,580,98,22.2,3.9,30,1001,5.2,230,0
1980,10,21,16,99,397,41,20.6,5,36,1001,3.6,240,0
1980,10,21,17,5,35,3,15.6,4.4,48,1002,2.6,230,0
1980,10,21,18,0,0,0,14.4,4.4,51,1002,2.1,180,0
1980,10,21,19,0,0,0,11.7,4.4,62,1003,0,0,0
1980,10,21,20,0,0,0,11.1,4.4,64,1003,0,0,0
1980,10,21,21,0,0,0,10.6,5.6,71,1004,2.1,180,0
1980,10,21,22,0,0,0,10,5.6,74,1004,2.1,180,0
1980,10,21,23,0,0,0,8.9,5.6,80,1004,0,0,0
1980,10,22,0,0,0,0,9.4,6.1,80,1005,2.1,80,0
1980,10,22,1,0,0,0,6.7,5.6,93,1005,2.6,270,0
1980,10,22,2,0,0,0,5.6,4.4,93,1005,0,0,0
1980,10,22,3,0,0,0,5,3.9,93,1006,0,0,0
1980,10,22,4,0,0,0,4.4,3.3,93,1006,0,0,0
1980,10,22,5,0,0,0,3.9,2.8,93,1007,1.5,310,0
1980,10,22,6,11,21,9,5,3.3,89,1008,0,0,0
1980,10,22,7,97,168,67,9.4,7.2,86,1009,2.1,360,0
1980,10,22,8,253,464,87,12.8,6.1,64,1010,2.6,330,0
1980,10,22,9,429,682,101,15.6,3.9,46,1010,2.1,60,0
1980,10,22,10,539,691,136,17.2,4.4,43,1010,1.5,340,0
1980,10,22,11,602,800,101,17.8,4.4,42,1010,2.1,330,0
1980,10,22,12,603,839,82,19.4,4.4,37,1009,2.6,150,0
1980,10,22,13,533,788,88,20,3.9,35,1009,3.1,340,0
1980,10,22,14,418,752,75,21.1,2.8,30,1009,5.7,340,0
1980,10,22,15,259,637,60,20,2.8,32,1009,3.1,320,0
1980,10,22,16,92,380,36,17.2,2.8,38,1010,3.1,20,0
1980,10,22,17,5,22,5,13.3,2.2,47,1011,3.1,30,0
1980,10,22,18,0,0,0,11.7,2.8,55,1012,3.1,340,0
1980,10,22,19,0,0,0,10.6,2.2,57,1013,1.5,360,0
1980,10,22,20,0,0,0,8.9,1.7,61,1014,2.6,20,0
1980,10,22,21,0,0,0,7.2,0.6,63,1015,0,0,0
1980,10,22,22,0,0,0,6.7,0.6,65,1016,2.1,330,0
1980,10,22,23,0,0,0,5.6,0.6,71,1017,1.5,350,0
1980,10,23,0,0,0,0,3.9,-0.6,73,1018,1.5,10,0
1980,10,23,1,0,0,0,3.9,-0.6,73,1019,1.5,360,0
1980,10,23,2,0,0,0,2.2,-1.1,79,1019,0,0,0
1980,10,23,3,0,0,0,1.1,-1.7,82,1020,3.1,350,0
1980,10,23,4,0,0,0,1.7,-1.7,79,1021,2.1,350,0
1980,10,23,5,0,0,0,1.1,-1.7,82,1021,2.1,340,0
1980,10,23,6,11,74,6,-0.6,-3.3,82,1022,1.5,350,0
1980,10,23,7,126,542,34,4.4,0.6,76,1024,2.1,330,0
1980,10,23,8,303,756,53,7.8,1.7,66,1024,3.1,360,0
1980,10,23,9,417,584,142,10,0,50,1024,3.6,40,0
1980,10,23,10,495,500,198,11.7,-1.7,40,1024,4.6,40,0
1980,10,23,11,486,296,300,11.7,-1.7,40,1024,5.2,60,0
1980,10,23,12,471,232,331,11.7,-0.6,43,1022,1.5,360,0
1980,10,23,13,437,224,311,12.2,-0.6,42,1021,1.5,60,0
1980,10,23,14,251,48,232,12.2,-1.7,38,1021,3.6,40,0
1980,10,23,15,132,0,138,11.7,-2.2,38,1022,3.1,70,0
1980,10,23,16,43,0,45,10,-1.7,44,1022,2.1,70,0
1980,10,23,17,1,0,0,8.3,-1.1,52,1022,2.1,90,0
1980,10,23,18,0,0,0,7.2,0.6,63,1022,0,0,0
1980,10,23,19,0,0,0,7.2,0.6,63,1022,3.6,110,0
1980,10,23,20,0,0,0,6.7,1.1,68,1023,0,0,0
1980,10,23,21,0,0,0,6.1,1.1,71,1022,0,0,0
1980,10,23,22,0,0,0,5,1.1,76,1022,1.5,30,0
1980,10,23,23,0,0,0,4.4,1.1,79,1022,0,0,0
1980,10,24,0,0,0,0,3.3,0.6,82,1022,0,0,0
1980,10,24,1,0,0,0,2.8,0,82,1022,0,0,0
1980,10,24,2,0,0,0,0.6,-1.1,89,1022,2.1,30,0
1980,10,24,3,0,0,0,1.7,0,89,1022,0,0,0
1980,10,24,4,0,0,0,1.7,0,89,1022,0,0,0
1980,10,24,5,0,0,0,0.6,-0.6,92,1022,0,0,0
1980,10,24,6,7,3,7,0.6,-0.6,92,1021,0,0,0
1980,10,24,7,94,65,81,3.3,1.1,86,1021,2.1,350,0
1980,10,24,8,280,519,94,7.2,2.2,71,1021,2.6,350,0
1980,10,24,9,449,790,75,11.7,2.8,55,1020,5.7,80,0
1980,10,24,10,548,807,84,13.9,3.9,51,1020,6.2,80,0
1980,10,24,11,578,681,140,13.9,3.9,51,1019,5.2,140,0
1980,10,24,12,488,578,122,15.6,4.4,48,1018,7.7,80,0
1980,10,24,13,263,4,268,14.4,5,53,1017,6.7,100,0
1980,10,24,14,293,48,271,14.4,5.6,55,1016,6.2,100,0
1980,10,24,15,163,27,157,13.9,6.1,60,1016,4.6,80,0
1980,10,24,16,56,0,58,12.8,6.1,64,1015,3.6,80,0
1980,10,24,17,0,0,0,12.8,6.1,64,1015,4.1,80,0
1980,10,24,18,0,0,0,12.2,7.2,72,1015,6.7,100,0
1980,10,24,19,0,0,0,11.7,6.7,72,1014,5.2,90,0
1980,10,24,20,0,0,0,11.7,7.2,74,1013,4.6,80,0
1980,10,24,21,0,0,0,11.7,7.2,74,1012,4.1,80,0
1980,10,24,22,0,0,0,11.1,7.8,80,1010,4.6,80,0
1980,10,24,23,0,0,0,10.6,7.2,80,1009,5.2,60,0
1980,10,25,0,0,0,0,10,7.8,86,1007,4.1,50,0
1980,10,25,1,0,0,0,10,8.9,93,1005,4.1,50,0
1980,10,25,2,0,0,0,10.6,9.4,93,1002,4.1,50,0
1980,10,25,3,0,0,0,11.1,10.6,96,1001,4.6,60,0
1980,10,25,4,0,0,0,12.2,11.1,93,998,5.2,70,0
1980,10,25,5,0,0,0,12.2,11.7,96,995,3.1,20,0
1980,10,25,6,0,0,0,12.8,12.2,96,993,4.1,40,0
1980,10,25,7,3,0,3,13.9,13.3,96,991,2.6,50,0
1980,10,25,8,39,0,42,14.4,13.3,93,987,6.2,40,0
1980,10,25,9,100,0,106,11.7,11.1,96,987,8.8,300,0
1980,10,25,10,145,0,155,10.6,9.4,93,985,5.2,310,0
1980,10,25,11,190,0,202,11.7,10,90,983,5.7,290,0
1980,10,25,12,66,0,69,11.1,9.4,90,983,4.1,300,0
1980,10,25,13,253,28,238,12.2,10,86,982,7.2,300,0
1980,10,25,14,40,0,41,11.7,8.3,80,983,7.2,270,0
1980,10,25,15,12,0,11,8.9,4.4,74,986,10.3,270,0
1980,10,25,16,8,0,7,8.3,1.7,63,987,10.3,290,0
1980,10,25,17,0,0,0,8.9,1.1,59,988,9.3,280,0
1980,10,25,18,0,0,0,8.3,-0.6,54,989,9.8,270,0
1980,10,25,19,0,0,0,8.3,-1.1,52,990,6.7,270,0
1980,10,25,20,0,0,0,7.8,-2.2,50,992,13.9,280,0
1980,10,25,21,0,0,0,6.7,-2.8,51,992,8.2,280,0
1980,10,25,22,0,0,0,6.1,-3.9,49,993,8.2,270,0
1980,10,25,23,0,0,0,6.1,-5,45,994,8.8,270,0
1980,10,26,0,0,0,0,5.6,-6.1,43,995,10.3,270,0
1980,10,26,1,0,0,0,5,-5.6,47,996,8.2,270,0
1980,10,26,2,0,0,0,5,-5,49,997,8.2,280,0
1980,10,26,3,0,0,0,5,-5.6,47,998,5.2,260,0
1980,10,26,4,0,0,0,5,-5.6,47,998,7.7,270,0
1980,10,26,5,0,0,0,5,-5.6,47,1000,8.2,270,0
1980,10,26,6,5,5,5,4.4,-6.1,47,1001,7.7,270,0
1980,10,26,7,81,196,51,6.1,-5.6,43,1002,6.2,270,0
1980,10,26,8,120,0,125,6.7,-5,44,1002,6.2,270,0
1980,10,26,9,201,31,187,6.7,-4.4,45,1003,6.2,280,0
1980,10,26,10,111,0,115,8.3,-3.9,42,1004,8.2,290,0
1980,10,26,11,381,170,275,10,-3.9,38,1004,7.7,270,0
1980,10,26,12,659,898,124,10,-3.3,39,1004,7.7,300,0
1980,10,26,13,548,785,117,11.1,-2.8,38,1004,8.2,290,0
1980,10,26,14,425,800,73,10.6,-3.3,38,1004,8.2,290,0
1980,10,26,15,259,700,53,10,-3.3,39,1005,7.2,320,0
1980,10,26,16,87,447,26,7.8,-3.3,46,1006,6.2,320,0
1980,10,26,17,2,23,0,5.6,-3.3,53,1007,4.1,310,0
1980,10,26,18,0,0,0,4.4,-3.3,57,1008,4.1,300,0
1980,10,26,19,0,0,0,4.4,-3.3,57,1009,4.1,310,0
1980,10,26,20,0,0,0,3.3,-3.9,60,1010,0,0,0
1980,10,26,21,0,0,0,0,-3.9,75,1010,2.6,270,0
1980,10,26,22,0,0,0,3.9,-3.3,60,1010,6.7,280,0
1980,10,26,23,0,0,0,3.9,-3.3,60,1011,2.6,290,0
1980,10,27,0,0,0,0,2.8,-2.8,67,1012,2.6,280,0
1980,10,27,1,0,0,0,2.8,-2.8,67,1012,2.6,320,0
1980,10,27,2,0,0,0,2.2,-3.3,67,1012,2.6,140,0
1980,10,27,3,0,0,0,2.8,-3.9,62,1013,0,0,0
1980,10,27,4,0,0,0,-1.1,-3.9,82,1013,2.1,230,0
1980,10,27,5,0,0,0,-0.6,-3.9,78,1013,2.6,250,0
1980,10,27,6,9,48,6,-0.6,-3.3,82,1013,2.1,270,0
1980,10,27,7,83,27,77,1.7,-2.2,76,1015,2.1,210,0
1980,10,27,8,252,271,157,6.1,-2.2,56,1015,5.7,290,0
1980,10,27,9,397,430,194,7.2,-3.9,46,1015,5.7,310,0
1980,10,27,10,443,241,305,7.8,-2.8,48,1015,4.6,260,0
1980,10,27,11,312,29,303,8.3,-3.3,44,1014,3.6,280,0
1980,10,27,12,605,783,141,10.6,-1.7,43,1012,3.6,260,0
1980,10,27,13,499,555,185,11.7,-1.7,40,1011,4.6,180,0
1980,10,27,14,357,452,169,11.7,-1.7,40,1010,3.6,240,0
1980,10,27,15,138,54,119,11.7,-1.1,41,1010,5.2,190,0
1980,10,27,16,45,9,45,10,-1.1,46,1010,3.6,180,0
1980,10,27,17,1,0,1,7.2,0,60,1009,2.6,150,0
1980,10,27,18,0,0,0,8.9,0,54,1009,3.1,180,0
1980,10,27,19,0,0,0,9.4,0,52,1009,2.6,170,0
1980,10,27,20,0,0,0,8.9,0.6,56,1009,2.6,150,0
1980,10,27,21,0,0,0,8.9,1.1,59,1008,2.6,160,0
1980,10,27,22,0,0,0,10,1.1,54,1006,3.6,170,0
1980,10,27,23,0,0,0,9.4,1.1,56,1005,4.1,150,0
1980,10,28,0,0,0,0,8.3,2.8,68,1004,2.1,150,0
1980,10,28,1,0,0,0,10,3.9,66,1003,3.1,170,0
1980,10,28,2,0,0,0,8.3,5,80,1002,4.1,160,0
1980,10,28,3,0,0,0,7.8,5.6,86,1001,5.2,160,0
1980,10,28,4,0,0,0,8.9,5,77,1001,5.2,170,0
1980,10,28,5,0,0,0,8.9,5.6,80,1001,4.1,200,0
1980,10,28,6,0,0,0,9.4,6.1,80,1000,4.1,200,0
1980,10,28,7,10,0,10,10.6,7.8,83,1001,4.6,200,0
1980,10,28,8,35,0,36,11.1,8.9,86,1001,4.6,180,0
1980,10,28,9,46,0,47,11.7,8.9,83,1000,3.6,190,0
1980,10,28,10,134,1,140,12.8,10,83,1000,4.1,190,0
1980,10,28,11,344,109,276,15,11.1,78,999,5.2,210,0
1980,10,28,12,413,231,267,16.7,11.7,73,998,6.2,200,0
1980,10,28,13,418,315,240,18.3,11.7,65,998,2.6,200,0
1980,10,28,14,255,109,207,18.9,11.7,63,998,0,0,0
1980,10,28,15,51,0,53,18.3,11.7,65,999,4.6,350,0
1980,10,28,16,11,0,10,14.4,10,75,1000,4.6,340,0
1980,10,28,17,0,0,0,13.3,11.1,87,1000,2.6,10,0
1980,10,28,18,0,0,0,12.8,10.6,86,1001,2.6,340,0
1980,10,28,19,0,0,0,12.2,10,86,1002,4.1,350,0
1980,10,28,20,0,0,0,12.2,8.3,77,1003,5.2,340,0
1980,10,28,21,0,0,0,10,5,71,1004,5.7,340,0
1980,10,28,22,0,0,0,8.9,3.9,71,1005,6.2,320,0
1980,10,28,23,0,0,0,8.3,2.8,68,1005,4.6,340,0
1980,10,29,0,0,0,0,7.8,2.2,68,1006,4.6,340,0
1980,10,29,1,0,0,0,7.2,2.2,71,1007,4.1,340,0
1980,10,29,2,0,0,0,6.7,-0.6,60,1008,4.1,350,0
1980,10,29,3,0,0,0,5.6,-2.2,58,1009,3.1,350,0
1980,10,29,4,0,0,0,3.9,-2.8,62,1010,2.1,360,0
1980,10,29,5,0,0,0,4.4,-3.3,57,1011,3.6,360,0
1980,10,29,6,4,0,3,3.9,-3.3,60,1011,4.1,360,0
1980,10,29,7,57,32,51,4.4,-3.9,55,1013,5.2,340,0
1980,10,29,8,286,430,144,6.7,-3.3,49,1013,5.2,330,0
1980,10,29,9,337,232,235,7.2,-3.9,46,1013,5.7,310,0
1980,10,29,10,369,226,238,7.8,-3.9,44,1013,6.2,330,0
1980,10,29,11,547,415,300,10,-3.3,39,1013,6.2,340,0
1980,10,29,12,533,441,273,10.6,-3.3,38,1012,8.2,320,0
1980,10,29,13,485,460,242,10.6,-3.3,38,1012,5.2,340,0
1980,10,29,14,385,392,226,11.7,-3.3,35,1012,4.6,310,0
1980,10,29,15,158,119,124,10,-2.8,41,1012,1.5,350,0
1980,10,29,16,33,0,35,8.9,-2.8,44,1012,3.1,40,0
1980,10,29,17,0,0,0,7.2,-1.7,54,1013,2.1,80,0
1980,10,29,18,0,0,0,4.4,-1.1,68,1013,0,0,0
1980,10,29,19,0,0,0,3.3,-0.6,76,1013,0,0,0
1980,10,29,20,0,0,0,3.3,0,79,1014,0,0,0
1980,10,29,21,0,0,0,3.9,1.1,82,1015,0,0,0
1980,10,29,22,0,0,0,3.3,1.1,86,1015,0,0,0
1980,10,29,23,0,0,0,3.3,0,79,1015,0,0,0
1980,10,30,0,0,0,0,2.8,0,82,1015,0,0,0
1980,10,30,1,0,0,0,2.2,0,85,1015,2.1,330,0
1980,10,30,2,0,0,0,2.8,1.1,89,1014,1.5,350,0
1980,10,30,3,0,0,0,2.2,0.6,89,1015,0,0,0
1980,10,30,4,0,0,0,2.2,0,85,1015,1.5,290,0
1980,10,30,5,0,0,0,2.2,0,85,1016,0,0,0
1980,10,30,6,3,0,3,2.2,0,85,1016,0,0,0
1980,10,30,7,57,41,52,3.3,1.1,86,1016,0,0,0
1980,10,30,8,101,34,84,5.6,0.6,71,1016,2.1,310,0
1980,10,30,9,398,682,95,7.2,0,60,1016,3.1,340,0
1980,10,30,10,509,700,128,10,-1.1,46,1016,3.6,320,0
1980,10,30,11,597,888,83,11.1,-1.7,41,1014,3.1,360,0
1980,10,30,12,586,879,79,11.7,-1.7,40,1013,2.6,340,0
1980,10,30,13,517,857,72,12.2,-1.7,38,1012,2.6,20,0
1980,10,30,14,395,803,62,13.3,-1.7,36,1012,1.5,340,0
1980,10,30,15,235,686,48,12.2,-2.2,37,1012,2.1,270,0
1980,10,30,16,70,390,25,11.1,-2.2,40,1011,1.5,280,0
1980,10,30,17,1,5,0,5.6,-1.7,60,1011,0,0,0
1980,10,30,18,0,0,0,3.3,-1.7,70,1012,0,0,0
1980,10,30,19,0,0,0,2.8,-1.7,73,1012,0,0,0
1980,10,30,20,0,0,0,2.2,-1.7,76,1012,0,0,0
1980,10,30,21,0,0,0,-0.6,-2.2,89,1011,2.1,170,0
1980,10,30,22,0,0,0,0.6,-2.2,82,1011,2.1,180,0
1980,10,30,23,0,0,0,0.6,-1.7,85,1010,2.1,170,0
1980,10,31,0,0,0,0,0.6,-0.6,92,1010,0,0,0
1980,10,31,1,0,0,0,0,-2.2,85,1010,0,0,0
1980,10,31,2,0,0,0,-1.1,-2.8,88,1009,0,0,0
1980,10,31,3,0,0,0,-2.2,-3.3,92,1009,1.5,290,0
1980,10,31,4,0,0,0,-2.2,-3.3,92,1009,0,0,0
1980,10,31,5,0,0,0,-2.2,-3.3,92,1009,0,0,0
1980,10,31,6,5,0,4,-2.8,-2.8,100,1009,0,0,0
1980,10,31,7,74,16,70,-1.1,-1.7,96,1009,0,0,0
1980,10,31,8,246,474,90,3.3,2.8,96,1009,2.1,210,0
1980,10,31,9,425,861,56,8.3,3.9,74,1008,2.1,230,0
1980,10,31,10,535,904,58,12.8,1.7,47,1007,0,0,0
1980,10,31,11,580,898,63,15.6,0.6,36,1006,1.5,260,0
1980,10,31,12,584,912,59,18.3,-2.8,24,1005,3.6,270,0
1980,10,31,13,520,867,67,18.9,-3.9,21,1004,6.2,290,0
1980,10,31,14,398,814,61,19.4,-3.9,20,1003,4.1,280,0
1980,10,31,15,234,704,46,18.9,-3.9,21,1002,4.1,250,0
1980,10,31,16,69,427,24,15.6,-2.8,28,1002,2.6,240,0
1980,10,31,17,1,7,1,11.7,-2.8,37,1002,2.1,230,0
1980,10,31,18,0,0,0,10,-3.9,38,1002,0,0,0
1980,10,31,19,0,0,0,7.2,-3.9,46,1002,2.1,160,0
1980,10,31,20,0,0,0,5,-3.9,53,1002,2.1,300,0
1980,10,31,21,0,0,0,4.8,-2.7,60,1002,2.1,110,0
1980,10,31,22,0,0,0,4.7,-1.6,49,1002,2.1,0,0
1980,10,31,23,0,0,0,4.5,-0.5,38,1002,2.1,250,0
1988,11,1,0,0,0,0,4.4,0.6,70,1008,2.1,0,0
1988,11,1,1,0,0,0,4.2,1.7,96,1008,2.1,220,0
1988,11,1,2,0,0,0,4.1,2.8,100,1007,2.1,270,0
1988,11,1,3,0,0,0,3.9,3.9,100,1006,2.1,340,0
1988,11,1,4,0,0,0,3.9,3.3,96,1005,2.1,350,0
1988,11,1,5,0,0,0,3.9,3.9,100,1004,2.1,20,0
1988,11,1,6,0,0,0,3.9,3.9,100,1004,2.1,350,0
1988,11,1,7,25,5,24,4.4,4.4,100,1003,2.1,10,0
1988,11,1,8,117,8,114,5,5,100,1003,3.6,320,0
1988,11,1,9,105,3,103,5.6,5.6,100,1002,3.1,340,0
1988,11,1,10,218,9,214,6.1,6.1,100,1001,3.1,340,0
1988,11,1,11,224,0,224,7.8,6.7,93,1000,3.1,350,0
1988,11,1,12,248,2,246,8.9,7.2,89,999,2.6,20,0
1988,11,1,13,230,4,228,8.9,7.2,89,998,2.1,350,0
1988,11,1,14,270,240,167,9.4,6.7,83,996,2.6,330,0
1988,11,1,15,133,14,129,9.4,6.7,83,996,2.1,350,0
1988,11,1,16,44,27,41,8.9,6.7,86,996,2.1,320,0
1988,11,1,17,2,4,2,6.7,5.6,93,996,2.1,270,0
1988,11,1,18,0,0,0,3.9,3.3,96,996,0,0,0
1988,11,1,19,0,0,0,2.8,2.8,100,994,1.5,270,0
1988,11,1,20,0,0,0,2.8,2.8,100,995,0,0,0
1988,11,1,21,0,0,0,1.1,1.1,100,995,0,0,0
1988,11,1,22,0,0,0,0.6,0.6,100,994,0,0,0
1988,11,1,23,0,0,0,0.6,0.6,100,993,2.1,170,0
1988,11,2,0,0,0,0,0.6,0.6,100,993,1.5,210,0
1988,11,2,1,0,0,0,-0.6,-0.6,100,993,0,0,0
1988,11,2,2,0,0,0,0,0,100,993,2.1,300,0
1988,11,2,3,0,0,0,2.8,2.2,96,993,3.6,320,0
1988,11,2,4,0,0,0,4.4,1.7,82,993,4.1,320,0
1988,11,2,5,0,0,0,3.9,1.1,82,993,3.6,300,0
1988,11,2,6,7,14,5,3.9,0.6,79,994,3.1,280,0
1988,11,2,7,77,135,57,6.1,1.1,71,995,4.1,280,0
1988,11,2,8,117,24,110,7.8,1.1,63,995,7.2,310,0
1988,11,2,9,331,395,154,8.3,0,56,995,7.7,290,0
1988,11,2,10,251,4,248,8.3,0,56,995,7.7,300,0
1988,11,2,11,375,241,234,10,0.6,52,995,8.8,300,0
1988,11,2,12,229,3,227,9.4,0.6,54,995,9.3,310,0
1988,11,2,13,274,169,185,9.4,0.6,54,995,9.8,300,0
1988,11,2,14,262,259,152,10,0.6,52,996,8.8,300,0
1988,11,2,15,82,39,72,9.4,0.6,54,996,6.7,310,0
1988,11,2,16,43,92,33,9.4,0.6,54,997,4.1,300,0
1988,11,2,17,0,0,0,9.4,0.6,54,998,7.2,300,0
1988,11,2,18,0,0,0,8.9,1.1,59,999,7.7,300,0
1988,11,2,19,0,0,0,8.9,0.6,56,999,5.2,290,0
1988,11,2,20,0,0,0,8.3,0,56,999,5.2,290,0
1988,11,2,21,0,0,0,8.3,0,56,1000,5.2,280,0
1988,11,2,22,0,0,0,8.3,-1.1,52,1000,6.7,300,0
1988,11,2,23,0,0,0,7.8,-1.1,54,1000,5.7,290,0
1988,11,3,0,0,0,0,6.1,-1.1,60,1001,3.6,280,0
1988,11,3,1,0,0,0,7.2,-1.1,56,1001,4.1,290,0
1988,11,3,2,0,0,0,6.1,-1.1,60,1001,4.1,280,0
1988,11,3,3,0,0,0,6.1,-1.7,58,1001,4.6,270,0
1988,11,3,4,0,0,0,6.1,-1.7,58,1002,3.1,270,0
1988,11,3,5,0,0,0,5,-1.7,62,1003,3.1,270,0
1988,11,3,6,1,0,1,5.6,-2.2,58,1004,0,0,0
1988,11,3,7,44,19,42,6.7,-0.6,60,1004,2.1,230,0
1988,11,3,8,221,317,122,8.9,-1.7,48,1005,3.6,300,0
1988,11,3,9,366,440,171,11.1,-1.1,43,1005,4.1,320,0
1988,11,3,10,479,565,175,12.8,-1.7,37,1005,3.6,350,0
1988,11,3,11,556,690,154,13.9,-2.2,33,1004,3.6,360,0
1988,11,3,12,539,592,197,15,-2.8,30,1004,3.6,270,0
1988,11,3,13,395,360,208,16.7,-4.4,23,1003,2.6,240,0
1988,11,3,14,306,346,161,16.7,-4.4,23,1003,1.5,240,0
1988,11,3,15,182,356,84,16.1,-2.2,29,1003,4.1,170,0
1988,11,3,16,48,90,39,13.9,-2.8,32,1003,2.1,170,0
1988,11,3,17,1,0,1,9.4,-2.2,44,1003,3.6,150,0
1988,11,3,18,0,0,0,9.4,-2.2,44,1003,3.6,150,0
1988,11,3,19,0,0,0,10.6,-1.7,43,1003,3.6,160,0
1988,11,3,20,0,0,0,10,-1.1,46,1003,2.6,170,0
1988,11,3,21,0,0,0,7.8,0.6,61,1003,0,0,0
1988,11,3,22,0,0,0,6.1,1.7,74,1003,0,0,0
1988,11,3,23,0,0,0,6.1,2.2,76,1003,0,0,0
1988,11,4,0,0,0,0,6.7,1.7,71,1002,0,0,0
1988,11,4,1,0,0,0,6.1,1.7,74,1002,2.1,200,0
1988,11,4,2,0,0,0,7.8,3.3,74,1001,3.1,170,0
1988,11,4,3,0,0,0,7.8,3.3,74,1001,2.1,170,0
1988,11,4,4,0,0,0,8.3,3.3,71,1002,1.5,220,0
1988,11,4,5,0,0,0,8.9,3.9,71,1002,3.1,150,0
1988,11,4,6,9,37,5,6.7,3.9,83,1002,1.5,140,0
1988,11,4,7,82,361,31,8.9,4.4,74,1002,2.6,190,0
1988,11,4,8,246,557,75,11.1,5,66,1002,4.6,210,0
1988,11,4,9,388,565,139,13.9,6.1,60,1002,4.1,180,0
1988,11,4,10,539,639,198,15.6,7.2,58,1001,4.6,190,0
1988,11,4,11,597,664,213,17.8,7.2,50,1000,4.1,190,0
1988,11,4,12,450,486,172,20,7.2,44,999,6.7,180,0
1988,11,4,13,385,337,211,20.6,9.4,49,998,8.2,190,0
1988,11,4,14,360,535,139,21.7,10,48,998,5.7,200,0
1988,11,4,15,147,167,102,20,10,53,997,3.1,180,0
1988,11,4,16,39,1,39,18.3,10,59,997,3.6,160,0
1988,11,4,17,2,1,1,17.2,10,63,996,3.6,140,0
1988,11,4,18,0,0,0,16.7,10.6,67,996,4.1,150,0
1988,11,4,19,0,0,0,17.2,11.7,70,996,4.6,140,0
1988,11,4,20,0,0,0,16.7,12.8,78,996,4.1,130,0
1988,11,4,21,0,0,0,16.1,13.3,84,995,3.6,150,0
1988,11,4,22,0,0,0,15.6,13.9,90,995,4.6,150,0
1988,11,4,23,0,0,0,16.1,14.4,90,994,5.7,130,0
1988,11,5,0,0,0,0,16.1,14.4,90,993,4.6,170,0
1988,11,5,1,0,0,0,16.1,14.4,90,993,4.1,170,0
1988,11,5,2,0,0,0,15.6,14.4,93,991,3.1,140,0
1988,11,5,3,0,0,0,15.6,14.4,93,991,3.6,140,0
1988,11,5,4,0,0,0,15.6,14.4,93,989,4.6,130,0
1988,11,5,5,0,0,0,16.1,14.4,90,988,4.1,140,0
1988,11,5,6,3,1,3,15.6,14.4,93,987,4.1,130,0
1988,11,5,7,38,2,38,15.6,14.4,93,987,6.7,140,0
1988,11,5,8,66,8,63,15.6,15,97,985,4.6,120,0
1988,11,5,9,167,8,164,16.1,16.1,100,984,5.7,140,0
1988,11,5,10,136,3,134,16.7,16.7,100,982,5.7,140,0
1988,11,5,11,278,3,277,17.2,16.7,97,980,5.2,150,0
1988,11,5,12,142,4,140,17.2,17.2,100,979,4.6,150,0
1988,11,5,13,322,225,206,16.7,16.1,97,978,3.6,180,0
1988,11,5,14,350,626,93,18.9,17.2,90,978,6.7,180,0
1988,11,5,15,175,328,87,20.6,16.1,76,978,5.7,210,0
1988,11,5,16,58,189,39,17.8,13.9,78,978,4.1,160,0
1988,11,5,17,1,0,1,15.6,13.9,90,979,1.5,90,0
1988,11,5,18,0,0,0,12.8,11.7,93,980,1.5,230,0
1988,11,5,19,0,0,0,11.7,11.1,96,981,3.1,190,0
1988,11,5,20,0,0,0,11.1,10.6,96,983,1.5,260,0
1988,11,5,21,0,0,0,11.1,10.6,96,983,2.6,230,0
1988,11,5,22,0,0,0,10.6,10,96,984,2.6,210,0
1988,11,5,23,0,0,0,8.9,8.3,96,985,3.1,190,0
1988,11,6,0,0,0,0,8.3,7.8,96,986,3.6,200,0
1988,11,6,1,0,0,0,8.3,7.2,93,987,3.6,210,0
1988,11,6,2,0,0,0,7.8,6.7,93,987,3.1,190,0
1988,11,6,3,0,0,0,6.7,5.6,93,987,3.1,190,0
1988,11,6,4,0,0,0,6.1,5.6,96,988,2.6,190,0
1988,11,6,5,0,0,0,6.7,5.6,93,988,2.6,190,0
1988,11,6,6,1,2,1,6.7,5,89,989,2.6,190,0
1988,11,6,7,56,94,43,7.8,6.1,89,990,3.6,170,0
1988,11,6,8,201,376,89,10,6.7,80,990,4.1,210,0
1988,11,6,9,345,552,106,11.7,7.2,74,990,4.1,200,0
1988,11,6,10,489,705,120,13.3,6.7,64,990,4.6,210,0
1988,11,6,11,529,644,162,15.6,6.1,54,989,4.6,200,0
1988,11,6,12,335,218,212,15,5,52,989,8.2,210,0
1988,11,6,13,292,113,234,15.6,4.4,48,989,8.8,210,0
1988,11,6,14,216,148,156,15.6,3.9,46,989,7.7,210,0
1988,11,6,15,138,51,125,14.4,3.9,49,989,4.1,210,0
1988,11,6,16,22,1,22,13.9,3.9,51,990,2.6,230,0
1988,11,6,17,0,0,0,11.1,5,66,991,2.6,230,0
1988,11,6,18,0,0,0,10.6,5.6,72,991,2.1,200,0
1988,11,6,19,0,0,0,11.1,5,66,991,2.1,190,0
1988,11,6,20,0,0,0,10.6,5.6,72,992,2.1,230,0
1988,11,6,21,0,0,0,11.1,3.3,59,993,3.6,260,0
1988,11,6,22,0,0,0,10.6,2.2,57,993,2.6,250,0
1988,11,6,23,0,0,0,10,1.1,54,993,2.1,220,0
1988,11,7,0,0,0,0,9.4,1.7,59,993,2.6,230,0
1988,11,7,1,0,0,0,8.9,1.1,59,993,2.6,230,0
1988,11,7,2,0,0,0,8.9,0.6,56,994,3.1,230,0
1988,11,7,3,0,0,0,8.3,0,56,995,2.6,230,0
1988,11,7,4,0,0,0,7.8,0.6,61,995,2.1,190,0
1988,11,7,5,0,0,0,7.8,1.1,63,996,1.5,220,0
1988,11,7,6,5,4,4,7.2,1.7,68,997,1.5,230,0
1988,11,7,7,40,42,34,7.2,2.2,71,998,2.1,310,0
1988,11,7,8,175,66,155,8.3,1.7,63,998,2.1,230,0
1988,11,7,9,264,183,186,10,1.7,57,999,2.1,220,0
1988,11,7,10,230,39,209,10,2.2,59,1000,2.1,230,0
1988,11,7,11,249,20,238,10,1.1,54,1000,2.6,330,0
1988,11,7,12,269,99,213,10.6,1.1,52,1000,3.1,320,0
1988,11,7,13,233,13,226,10.6,1.7,55,1001,2.1,360,0
1988,11,7,14,189,2,188,11.1,1.1,51,1001,2.6,300,0
1988,11,7,15,107,22,101,11.1,1.1,51,1001,2.6,300,0
1988,11,7,16,49,27,46,10,1.7,57,1002,2.1,310,0
1988,11,7,17,0,0,0,9.4,1.1,56,1004,2.6,310,0
1988,11,7,18,0,0,0,9.4,1.1,56,1005,3.1,330,0
1988,11,7,19,0,0,0,8.3,1.7,63,1005,0,0,0
1988,11,7,20,0,0,0,6.1,1.7,74,1005,2.1,30,0
1988,11,7,21,0,0,0,3.3,1.1,86,1006,1.5,220,0
1988,11,7,22,0,0,0,3.3,1.1,86,1006,0,0,0
1988,11,7,23,0,0,0,1.7,1.1,96,1006,0,0,0
1988,11,8,0,0,0,0,0.6,0,96,1006,2.1,230,0
1988,11,8,1,0,0,0,1.7,0.6,92,1006,0,0,0
1988,11,8,2,0,0,0,1.7,0.6,92,1007,1.5,170,0
1988,11,8,3,0,0,0,1.1,0.6,96,1007,0,0,0
1988,11,8,4,0,0,0,0,0,100,1007,2.6,160,0
1988,11,8,5,0,0,0,0,-0.6,96,1007,2.1,160,0
1988,11,8,6,5,13,3,0.6,-0.6,92,1007,0,0,0
1988,11,8,7,72,212,45,2.8,0.6,86,1007,1.5,170,0
1988,11,8,8,175,287,92,7.8,3.9,77,1007,3.6,210,0
1988,11,8,9,255,123,203,10,4.4,69,1006,3.1,190,0
1988,11,8,10,266,59,235,11.1,5,66,1006,3.6,180,0
1988,11,8,11,209,10,203,11.7,4.4,62,1004,2.6,190,0
1988,11,8,12,270,2,269,13.3,5,57,1003,3.1,210,0
1988,11,8,13,221,3,220,13.3,4.4,55,1003,4.1,230,0
1988,11,8,14,309,469,122,15,3.9,48,1002,3.6,230,0
1988,11,8,15,198,571,50,15,4.4,50,1002,2.6,220,0
1988,11,8,16,45,171,29,12.8,5,60,1003,2.1,220,0
1988,11,8,17,0,0,0,10.6,5,69,1004,2.6,330,0
1988,11,8,18,0,0,0,6.7,4.4,86,1005,0,0,0
1988,11,8,19,0,0,0,5,3.3,89,1006,1.5,20,0
1988,11,8,20,0,0,0,3.3,2.8,96,1007,2.1,350,0
1988,11,8,21,0,0,0,5.6,3.9,89,1007,2.1,110,0
1988,11,8,22,0,0,0,6.1,3.9,86,1008,3.1,320,0
1988,11,8,23,0,0,0,8.3,2.8,68,1010,6.7,320,0
1988,11,9,0,0,0,0,7.8,1.7,66,1010,3.6,290,0
1988,11,9,1,0,0,0,6.7,1.1,68,1010,2.1,300,0
1988,11,9,2,0,0,0,3.9,0.6,79,1010,1.5,150,0
1988,11,9,3,0,0,0,3.3,0.6,82,1011,3.1,310,0
1988,11,9,4,0,0,0,3.9,1.1,82,1011,2.6,310,0
1988,11,9,5,0,0,0,2.2,0.6,89,1012,1.5,100,0
1988,11,9,6,4,2,4,1.7,0.6,92,1012,1.5,120,0
1988,11,9,7,69,174,48,5,2.8,86,1013,2.1,100,0
1988,11,9,8,203,388,92,9.4,2.8,64,1014,3.6,320,0
1988,11,9,9,354,638,86,10,2.2,59,1014,3.6,320,0
1988,11,9,10,478,797,69,11.7,2.2,53,1014,2.6,350,0
1988,11,9,11,554,886,61,12.8,2.2,49,1013,2.1,360,0
1988,11,9,12,530,835,69,13.3,2.2,47,1012,1.5,10,0
1988,11,9,13,492,871,60,14.4,2.8,46,1011,2.6,20,0
1988,11,9,14,355,750,58,13.9,2.2,46,1012,3.1,30,0
1988,11,9,15,214,672,43,13.3,2.2,47,1011,1.5,210,0
1988,11,9,16,54,260,29,11.7,2.8,55,1011,1.5,140,0
1988,11,9,17,0,0,0,8.3,2.2,66,1011,2.1,100,0
1988,11,9,18,0,0,0,6.7,2.2,74,1011,2.1,120,0
1988,11,9,19,0,0,0,3.9,2.8,93,1011,1.5,230,0
1988,11,9,20,0,0,0,3.3,1.7,89,1011,1.5,270,0
1988,11,9,21,0,0,0,3.3,1.7,89,1011,0,0,0
1988,11,9,22,0,0,0,2.8,1.7,93,1011,0,0,0
1988,11,9,23,0,0,0,1.7,1.1,96,1010,2.1,270,0
1988,11,10,0,0,0,0,2.8,2.2,96,1009,2.6,190,0
1988,11,10,1,0,0,0,2.8,2.2,96,1009,1.5,230,0
1988,11,10,2,0,0,0,1.7,1.1,96,1008,0,0,0
1988,11,10,3,0,0,0,2.2,1.7,96,1008,1.5,300,0
1988,11,10,4,0,0,0,2.8,2.2,96,1007,2.6,130,0
1988,11,10,5,0,0,0,3.9,3.3,96,1005,2.6,140,0
1988,11,10,6,3,11,2,6.7,6.1,96,1004,5.2,160,0
1988,11,10,7,52,51,46,8.3,7.2,93,1003,4.6,170,0
1988,11,10,8,108,9,105,8.3,6.7,89,1004,3.1,190,0
1988,11,10,9,164,3,163,9.4,7.2,86,1003,3.6,160,0
1988,11,10,10,217,3,215,10.6,8.9,90,1001,5.2,180,0
1988,11,10,11,223,4,221,11.1,8.9,86,999,5.2,170,0
1988,11,10,12,300,8,296,12.2,10,86,998,4.6,190,0
1988,11,10,13,231,3,229,13.3,11.1,87,997,4.1,190,0
1988,11,10,14,194,4,192,15,12.8,87,997,7.7,210,0
1988,11,10,15,97,0,97,16.1,13.3,84,996,6.7,210,0
1988,11,10,16,30,0,30,16.1,12.8,81,997,5.2,220,0
1988,11,10,17,0,0,0,15,12.2,84,999,2.6,250,0
1988,11,10,18,0,0,0,15.6,10,70,1000,4.1,300,0
1988,11,10,19,0,0,0,13.3,5,57,1001,3.1,320,0
1988,11,10,20,0,0,0,11.7,4.4,62,1001,0,0,0
1988,11,10,21,0,0,0,11.7,3.9,59,1001,2.6,320,0
1988,11,10,22,0,0,0,10.6,3.3,61,1002,2.1,170,0
1988,11,10,23,0,0,0,11.7,3.3,57,1003,4.6,320,0
1988,11,11,0,0,0,0,10.6,2.2,57,1004,3.1,300,0
1988,11,11,1,0,0,0,10.6,0.6,50,1004,5.2,310,0
1988,11,11,2,0,0,0,7.8,0.6,61,1005,1.5,220,0
1988,11,11,3,0,0,0,5.6,0,68,1005,2.6,250,0
1988,11,11,4,0,0,0,6.7,0,63,1006,2.1,270,0
1988,11,11,5,0,0,0,7.8,1.1,63,1006,2.6,280,0
1988,11,11,6,3,3,2,6.7,0.6,65,1007,2.1,210,0
1988,11,11,7,52,2,52,7.8,0,58,1009,4.1,300,0
1988,11,11,8,135,52,120,8.9,0,54,1010,4.1,320,0
1988,11,11,9,300,248,198,9.4,-0.6,50,1010,4.1,300,0
1988,11,11,10,471,669,134,11.7,0,45,1011,5.2,310,0
1988,11,11,11,330,225,207,11.7,-0.6,43,1011,6.7,310,0
1988,11,11,12,467,367,267,11.1,-1.1,43,1011,5.7,320,0
1988,11,11,13,284,137,217,12.2,-2.2,37,1011,6.2,320,0
1988,11,11,14,269,199,192,12.2,-1.7,38,1011,6.7,330,0
1988,11,11,15,182,413,80,10,-1.1,46,1012,5.7,340,0
1988,11,11,16,50,156,35,8.3,-1.1,52,1013,3.6,350,0
1988,11,11,17,0,0,0,6.7,-2.2,54,1014,2.6,320,0
1988,11,11,18,0,0,0,5.6,-2.2,58,1014,2.1,350,0
1988,11,11,19,0,0,0,4.4,-1.7,65,1015,2.1,360,0
1988,11,11,20,0,0,0,3.3,-2.2,67,1016,2.6,350,0
1988,11,11,21,0,0,0,1.7,-2.8,73,1017,1.5,270,0
1988,11,11,22,0,0,0,-1.7,-3.9,85,1017,0,0,0
1988,11,11,23,0,0,0,-2.2,-4.4,85,1018,0,0,0
1988,11,12,0,0,0,0,-2.8,-4.4,89,1018,1.5,150,0
1988,11,12,1,0,0,0,-2.8,-3.9,92,1018,1.5,40,0
1988,11,12,2,0,0,0,-4.4,-4.4,100,1018,1.5,70,0
1988,11,12,3,0,0,0,-3.9,-4.4,96,1018,0,0,0
1988,11,12,4,0,0,0,-5,-6.1,92,1019,1.5,210,0
1988,11,12,5,0,0,0,-4.4,-5,96,1019,0,0,0
1988,11,12,6,2,2,1,-5,-5.6,96,1020,1.5,140,0
1988,11,12,7,60,241,33,-2.8,-3.9,92,1020,0,0,0
1988,11,12,8,207,516,66,2.8,-1.1,76,1021,1.5,310,0
1988,11,12,9,324,520,113,6.1,-0.6,63,1020,2.1,350,0
1988,11,12,10,483,772,97,8.9,-2.2,46,1020,2.6,120,0
1988,11,12,11,521,691,145,10,-2.2,43,1019,4.1,140,0
1988,11,12,12,483,569,175,11.1,-2.2,40,1018,3.1,130,0
1988,11,12,13,405,443,190,11.7,-1.7,40,1018,3.6,180,0
1988,11,12,14,318,439,149,11.1,-2.2,40,1017,2.6,170,0
1988,11,12,15,173,294,101,9.4,-1.7,46,1017,3.1,160,0
1988,11,12,16,41,67,34,7.8,-1.1,54,1017,2.1,160,0
1988,11,12,17,0,0,0,7.2,-0.6,58,1017,2.1,150,0
1988,11,12,18,0,0,0,7.2,-0.6,58,1016,2.1,140,0
1988,11,12,19,0,0,0,5.6,-0.6,65,1016,2.1,160,0
1988,11,12,20,0,0,0,6.7,0,63,1016,2.6,150,0
1988,11,12,21,0,0,0,5.6,0,68,1016,2.1,150,0
1988,11,12,22,0,0,0,5,0,70,1016,2.1,170,0
1988,11,12,23,0,0,0,5.6,-0.6,65,1015,2.1,160,0
1988,11,13,0,0,0,0,7.2,0,61,1014,2.1,170,0
1988,11,13,1,0,0,0,7.2,4.4,83,1013,2.6,180,0
1988,11,13,2,0,0,0,7.8,5,83,1012,2.1,190,0
1988,11,13,3,0,0,0,7.2,5,86,1011,1.5,170,0
1988,11,13,4,0,0,0,7.2,5,86,1011,2.1,190,0
1988,11,13,5,0,0,0,7.8,5.6,86,1010,2.1,190,0
1988,11,13,6,0,1,0,7.2,6.1,93,1009,2.6,180,0
1988,11,13,7,44,5,44,7.2,6.7,96,1008,2.6,210,0
1988,11,13,8,61,12,57,7.2,6.7,96,1007,1.5,170,0
1988,11,13,9,108,7,105,6.7,6.1,96,1009,2.6,220,0
1988,11,13,10,119,10,114,7.8,7.2,96,1007,2.6,180,0
1988,11,13,11,248,6,245,10,8.9,93,1006,4.6,200,0
1988,11,13,12,507,741,110,12.2,10,86,1006,3.6,220,0
1988,11,13,13,443,805,55,15.6,10,70,1005,3.6,230,0
1988,11,13,14,352,802,47,17.2,9.4,61,1005,3.1,230,0
1988,11,13,15,176,505,54,17.8,8.9,56,1006,3.6,220,0
1988,11,13,16,43,85,35,14.4,8.9,70,1006,3.1,210,0
1988,11,13,17,0,0,0,11.7,8.9,83,1006,1.5,280,0
1988,11,13,18,0,0,0,8.9,8.3,96,1007,1.5,300,0
1988,11,13,19,0,0,0,7.8,6.1,89,1009,2.1,290,0
1988,11,13,20,0,0,0,8.3,4.4,77,1009,2.6,310,0
1988,11,13,21,0,0,0,6.7,2.8,77,1010,2.1,310,0
1988,11,13,22,0,0,0,4.4,2.8,89,1010,1.5,260,0
1988,11,13,23,0,0,0,3.3,2.2,93,1010,2.1,130,0
1988,11,14,0,0,0,0,2.2,0.6,89,1010,2.6,100,0
1988,11,14,1,0,0,0,0.6,-0.6,92,1010,0,0,0
1988,11,14,2,0,0,0,0.6,0,96,1009,2.1,220,0
1988,11,14,3,0,0,0,0.6,0,96,1009,0,0,0
1988,11,14,4,0,0,0,-0.6,-1.1,96,1010,1.5,160,0
1988,11,14,5,0,0,0,-1.1,-1.7,96,1010,0,0,0
1988,11,14,6,2,3,1,-2.2,-2.2,100,1011,1.5,80,0
1988,11,14,7,58,268,30,0,-0.6,96,1012,2.1,220,0
1988,11,14,8,212,591,54,6.7,4.4,86,1012,1.5,220,0
1988,11,14,9,363,731,71,12.2,4.4,59,1012,3.1,190,0
1988,11,14,10,472,792,83,13.3,4.4,55,1012,5.7,190,0
1988,11,14,11,529,819,89,15,4.4,50,1011,6.2,210,0
1988,11,14,12,526,822,88,17.2,4.4,43,1010,4.1,190,0
1988,11,14,13,461,794,81,18.3,3.3,37,1009,4.6,190,0
1988,11,14,14,339,707,72,18.3,2.8,36,1009,4.1,230,0
1988,11,14,15,173,500,53,17.8,3.9,40,1009,3.6,220,0
1988,11,14,16,40,87,32,14.4,3.9,49,1009,3.1,180,0
1988,11,14,17,0,0,0,11.1,3.9,61,1009,0,0,0
1988,11,14,18,0,0,0,8.3,3.9,74,1010,0,0,0
1988,11,14,19,0,0,0,7.2,3.9,80,1010,2.1,150,0
1988,11,14,20,0,0,0,5.6,3.3,86,1010,0,0,0
1988,11,14,21,0,0,0,4.4,3.3,93,1010,0,0,0
1988,11,14,22,0,0,0,2.8,2.2,96,1011,0,0,0
1988,11,14,23,0,0,0,2.2,1.7,96,1011,0,0,0
1988,11,15,0,0,0,0,0,-0.6,96,1011,0,0,0
1988,11,15,1,0,0,0,0.6,0.6,100,1011,0,0,0
1988,11,15,2,0,0,0,0.6,0,96,1011,0,0,0
1988,11,15,3,0,0,0,0.6,0,96,1012,2.1,80,0
1988,11,15,4,0,0,0,-0.6,-0.6,100,1012,0,0,0
1988,11,15,5,0,0,0,-0.6,-0.6,100,1012,2.1,30,0
1988,11,15,6,2,5,1,0,0,100,1013,1.5,220,0
1988,11,15,7,60,321,28,1.1,0.6,96,1013,0,0,0
1988,11,15,8,207,632,41,7.2,4.4,83,1014,2.1,10,0
1988,11,15,9,365,794,51,11.1,5.6,69,1014,2.1,20,0
1988,11,15,10,484,866,62,15.6,2.2,41,1014,3.1,120,0
1988,11,15,11,521,853,66,17.2,2.8,38,1014,3.6,130,0
1988,11,15,12,540,897,66,17.8,3.9,40,1013,3.1,100,0
1988,11,15,13,446,801,65,18.3,3.3,37,1013,3.6,80,0
1988,11,15,14,326,703,63,18.3,3.3,37,1013,3.1,140,0
1988,11,15,15,130,156,93,15.6,3.3,44,1012,2.6,130,0
1988,11,15,16,45,184,27,12.8,3.9,55,1012,2.6,120,0
1988,11,15,17,0,0,0,11.1,4.4,64,1012,2.1,140,0
1988,11,15,18,0,0,0,8.9,4.4,74,1012,2.1,160,0
1988,11,15,19,0,0,0,6.1,3.9,86,1012,0,0,0
1988,11,15,20,0,0,0,5,3.3,89,1012,0,0,0
1988,11,15,21,0,0,0,5,3.9,93,1012,1.5,310,0
1988,11,15,22,0,0,0,4.4,3.3,93,1012,0,0,0
1988,11,15,23,0,0,0,4.4,3.3,93,1012,2.6,80,0
1988,11,16,0,0,0,0,5,4.4,96,1012,0,0,0
1988,11,16,1,0,0,0,5,4.4,96,1012,2.1,60,0
1988,11,16,2,0,0,0,6.7,6.1,96,1011,1.5,90,0
1988,11,16,3,0,0,0,8.3,6.7,89,1010,2.6,310,0
1988,11,16,4,0,0,0,8.3,6.7,89,1010,2.1,30,0
1988,11,16,5,0,0,0,8.9,6.7,86,1010,2.1,50,0
1988,11,16,6,1,0,1,8.3,7.2,93,1010,1.5,340,0
1988,11,16,7,27,7,27,8.9,8.3,96,1010,1.5,200,0
1988,11,16,8,117,5,115,8.3,7.8,96,1010,0,0,0
1988,11,16,9,154,2,153,11.7,10,90,1009,2.1,150,0
1988,11,16,10,201,3,200,13.3,11.1,87,1008,3.1,200,0
1988,11,16,11,368,329,194,15.6,11.7,78,1007,4.6,200,0
1988,11,16,12,469,601,153,18.3,11.7,65,1006,4.6,190,0
1988,11,16,13,361,463,143,20,11.1,57,1005,3.1,160,0
1988,11,16,14,273,479,95,21.1,10.6,51,1003,3.6,140,0
1988,11,16,15,133,92,111,19.4,11.1,59,1003,3.6,150,0
1988,11,16,16,50,344,17,17.2,11.7,70,1003,3.1,140,0
1988,11,16,17,0,0,0,16.7,10,65,1003,4.1,200,0
1988,11,16,18,0,0,0,18.3,8.9,54,1003,3.6,190,0
1988,11,16,19,0,0,0,17.8,8.9,56,1002,4.1,180,0
1988,11,16,20,0,0,0,17.2,10,63,1002,4.6,180,0
1988,11,16,21,0,0,0,17.8,11.1,65,1002,4.1,190,0
1988,11,16,22,0,0,0,17.8,11.7,68,1001,4.6,210,0
1988,11,16,23,0,0,0,17.8,12.2,70,1001,3.1,210,0
1988,11,17,0,0,0,0,16.7,13.3,81,1001,4.6,210,0
1988,11,17,1,0,0,0,15,14.4,97,1000,2.6,210,0
1988,11,17,2,0,0,0,15,14.4,97,1000,2.6,210,0
1988,11,17,3,0,0,0,15,15,100,1000,2.1,190,0
1988,11,17,4,0,0,0,13.9,13.3,97,1001,7.2,320,0
1988,11,17,5,0,0,0,11.7,10,90,1002,3.6,330,0
1988,11,17,6,0,0,0,10.6,10,96,1002,3.1,350,0
1988,11,17,7,14,15,12,10,7.8,86,1003,6.2,330,0
1988,11,17,8,118,35,109,10,4.4,69,1004,3.6,320,0
1988,11,17,9,237,46,219,10,2.8,61,1005,3.1,310,0
1988,11,17,10,397,469,172,11.7,2.2,53,1005,5.7,310,0
1988,11,17,11,491,692,127,11.7,0,45,1005,4.6,320,0
1988,11,17,12,505,789,94,12.2,-2.8,35,1005,6.2,320,0
1988,11,17,13,438,750,86,12.8,-3.9,31,1005,5.7,320,0
1988,11,17,14,320,671,72,12.8,-4.4,30,1006,5.7,330,0
1988,11,17,15,169,503,53,12.2,-5,30,1007,3.6,320,0
1988,11,17,16,38,143,25,9.4,-5.6,35,1007,3.6,320,0
1988,11,17,17,0,0,0,8.9,-6.1,34,1009,4.6,320,0
1988,11,17,18,0,0,0,7.8,-6.1,37,1009,4.1,320,0
1988,11,17,19,0,0,0,7.8,-6.7,36,1010,4.1,320,0
1988,11,17,20,0,0,0,4.4,-6.1,47,1011,2.6,230,0
1988,11,17,21,0,0,0,2.8,-6.1,52,1013,2.1,220,0
1988,11,17,22,0,0,0,2.8,-6.1,52,1013,0,0,0
1988,11,17,23,0,0,0,2.8,-5,57,1014,0,0,0
1988,11,18,0,0,0,0,1.1,-5,64,1014,2.1,140,0
1988,11,18,1,0,0,0,1.1,-3.9,70,1015,1.5,230,0
1988,11,18,2,0,0,0,1.1,-4.4,67,1015,1.5,180,0
1988,11,18,3,0,0,0,0.6,-5.6,64,1015,2.1,190,0
1988,11,18,4,0,0,0,2.8,-5.6,55,1016,3.1,320,0
1988,11,18,5,0,0,0,3.9,-6.1,49,1016,2.1,300,0
1988,11,18,6,0,0,0,0,-5.6,67,1018,1.5,180,0
1988,11,18,7,43,105,33,3.9,-5,53,1018,2.1,220,0
1988,11,18,8,175,415,71,7.2,-4.4,44,1019,2.6,320,0
1988,11,18,9,304,417,144,8.9,-4.4,39,1019,3.6,330,0
1988,11,18,10,411,573,139,10,-3.9,38,1020,4.1,340,0
1988,11,18,11,417,375,221,10.6,-3.9,36,1019,2.6,330,0
1988,11,18,12,447,531,172,11.7,-3.9,34,1018,2.6,10,0
1988,11,18,13,413,647,112,12.2,-3.9,33,1017,3.1,290,0
1988,11,18,14,251,371,115,12.8,-4.4,30,1017,2.6,330,0
1988,11,18,15,167,484,56,12.2,-5,30,1016,2.1,20,0
1988,11,18,16,36,122,25,10,-3.9,38,1017,2.1,340,0
1988,11,18,17,0,0,0,6.1,-3.3,51,1017,2.1,110,0
1988,11,18,18,0,0,0,2.2,-1.1,79,1018,1.5,220,0
1988,11,18,19,0,0,0,1.1,-2.2,79,1018,1.5,210,0
1988,11,18,20,0,0,0,0,-2.2,85,1018,2.1,120,0
1988,11,18,21,0,0,0,-0.6,-2.2,89,1018,0,0,0
1988,11,18,22,0,0,0,-1.7,-2.8,92,1018,0,0,0
1988,11,18,23,0,0,0,-2.2,-2.8,96,1018,0,0,0
1988,11,19,0,0,0,0,-1.7,-2.2,96,1018,0,0,0
1988,11,19,1,0,0,0,-0.6,-1.1,96,1018,0,0,0
1988,11,19,2,0,0,0,0.6,-0.6,92,1018,1.5,280,0
1988,11,19,3,0,0,0,1.7,0,89,1018,1.5,300,0
1988,11,19,4,0,0,0,2.2,0,85,1018,0,0,0
1988,11,19,5,0,0,0,2.2,0,85,1018,0,0,0
1988,11,19,6,0,0,0,2.8,0,82,1018,2.1,250,0
1988,11,19,7,30,1,30,3.3,-0.6,76,1018,1.5,310,0
1988,11,19,8,94,32,86,4.4,0,73,1018,1.5,270,0
1988,11,19,9,121,3,120,7.8,0,58,1018,2.6,150,0
1988,11,19,10,95,6,92,7.8,0,58,1017,2.6,140,0
1988,11,19,11,151,10,145,6.1,-0.6,63,1017,1.5,130,0
1988,11,19,12,160,8,156,6.1,-0.6,63,1016,2.1,70,0
1988,11,19,13,111,3,110,5.6,0,68,1015,2.1,60,0
1988,11,19,14,73,3,72,5.6,0,68,1015,2.1,60,0
1988,11,19,15,45,1,45,5,3.3,89,1015,1.5,140,0
1988,11,19,16,12,1,12,5,4.4,96,1014,1.5,40,0
1988,11,19,17,0,0,0,5,4.4,96,1014,2.1,50,0
1988,11,19,18,0,0,0,5,3.9,93,1015,2.1,90,0
1988,11,19,19,0,0,0,5,4.4,96,1015,0,0,0
1988,11,19,20,0,0,0,5,4.4,96,1014,2.6,90,0
1988,11,19,21,0,0,0,6.1,5,93,1013,1.5,100,0
1988,11,19,22,0,0,0,6.1,5,93,1011,2.6,120,0
1988,11,19,23,0,0,0,6.1,4.4,89,1010,2.6,50,0
1988,11,20,0,0,0,0,6.7,6.1,96,1009,0,0,0
1988,11,20,1,0,0,0,6.7,6.1,96,1008,1.5,50,0
1988,11,20,2,0,0,0,6.7,6.7,100,1008,2.1,320,0
1988,11,20,3,0,0,0,6.7,6.7,100,1006,2.1,50,0
1988,11,20,4,0,0,0,6.1,5.6,96,1005,2.1,80,0
1988,11,20,5,0,0,0,6.1,5.6,96,1003,0,0,0
1988,11,20,6,0,0,0,6.1,6.1,100,1002,2.1,180,0
1988,11,20,7,18,0,18,6.1,6.1,100,1002,2.1,220,0
1988,11,20,8,57,0,57,6.7,6.1,96,1002,1.5,220,0
1988,11,20,9,100,1,99,7.2,6.7,96,1001,3.1,190,0
1988,11,20,10,218,1,217,7.8,7.2,96,999,2.6,180,0
1988,11,20,11,155,1,154,8.9,8.3,96,997,2.6,190,0
1988,11,20,12,145,1,144,10,8.9,93,995,5.2,190,0
1988,11,20,13,220,1,219,10.6,9.4,93,993,6.7,180,0
1988,11,20,14,102,0,102,11.7,11.1,96,991,5.7,190,0
1988,11,20,15,50,0,50,11.7,11.1,96,990,5.2,230,0
1988,11,20,16,17,0,17,11.1,10.6,96,988,7.7,200,0
1988,11,20,17,0,0,0,11.7,10.6,93,988,5.2,190,0
1988,11,20,18,0,0,0,12.2,11.7,96,989,4.1,230,0
1988,11,20,19,0,0,0,14.4,12.8,90,991,3.1,250,0
1988,11,20,20,0,0,0,15.6,10.6,72,992,0,0,0
1988,11,20,21,0,0,0,13.9,7.8,67,993,2.1,230,0
1988,11,20,22,0,0,0,15.6,5,50,993,6.7,300,0
1988,11,20,23,0,0,0,15,3.9,48,995,9.8,290,0
1988,11,21,0,0,0,0,13.9,2.8,47,996,10.8,300,0
1988,11,21,1,0,0,0,12.2,4.4,59,998,9.8,300,0
1988,11,21,2,0,0,0,11.1,2.8,57,999,7.2,310,0
1988,11,21,3,0,0,0,10.6,3.3,61,1000,7.2,310,0
1988,11,21,4,0,0,0,10.6,2.2,57,1000,7.2,310,0
1988,11,21,5,0,0,0,10,2.2,59,1002,6.7,310,0
1988,11,21,6,0,0,0,10,2.8,61,1003,8.2,320,0
1988,11,21,7,37,32,34,9.4,-0.6,50,1004,7.2,300,0
1988,11,21,8,180,286,111,9.4,-1.7,46,1005,7.2,310,0
1988,11,21,9,170,80,140,8.9,-2.2,46,1006,5.2,300,0
1988,11,21,10,231,36,214,8.9,-2.2,46,1007,5.7,310,0
1988,11,21,11,257,8,253,9.4,-2.8,43,1007,6.7,310,0
1988,11,21,12,272,115,213,10,-2.2,43,1007,6.7,310,0
1988,11,21,13,247,119,193,10.6,-2.8,40,1008,5.2,320,0
1988,11,21,14,237,292,133,9.4,-2.2,44,1009,4.1,330,0
1988,11,21,15,155,289,91,8.9,-1.7,48,1010,5.2,330,0
1988,11,21,16,27,19,25,8.9,-1.1,50,1011,3.6,320,0
1988,11,21,17,0,0,0,8.3,-1.1,52,1012,3.1,340,0
1988,11,21,18,0,0,0,7.8,1.7,66,1012,3.1,330,0
1988,11,21,19,0,0,0,6.7,-2.8,51,1013,2.1,310,0
1988,11,21,20,0,0,0,6.1,-2.2,56,1013,2.6,320,0
1988,11,21,21,0,0,0,5.6,-2.8,55,1014,2.1,270,0
1988,11,21,22,0,0,0,2.8,-1.1,76,1014,2.1,300,0
1988,11,21,23,0,0,0,3.3,-1.1,73,1014,0,0,0
1988,11,22,0,0,0,0,3.3,-1.7,70,1015,0,0,0
1988,11,22,1,0,0,0,1.1,-2.2,79,1015,1.5,190,0
1988,11,22,2,0,0,0,0.6,-4.4,70,1016,2.1,100,0
1988,11,22,3,0,0,0,1.7,-3.3,70,1016,0,0,0
1988,11,22,4,0,0,0,0,-3.3,79,1016,1.5,360,0
1988,11,22,5,0,0,0,-0.6,-3.3,82,1017,0,0,0
1988,11,22,6,0,0,0,-0.6,-2.8,85,1018,0,0,0
1988,11,22,7,48,276,22,0.6,-2.2,82,1018,0,0,0
1988,11,22,8,178,544,49,2.2,-2.2,73,1018,2.6,30,0
1988,11,22,9,316,647,78,5,-2.2,60,1019,3.1,60,0
1988,11,22,10,396,593,122,6.1,-2.8,53,1019,2.6,50,0
1988,11,22,11,417,451,188,7.2,-3.3,47,1018,1.5,300,0
1988,11,22,12,452,603,147,8.9,0,54,1017,3.1,190,0
1988,11,22,13,404,561,149,8.9,0,54,1016,2.1,180,0
1988,11,22,14,293,398,151,9.4,0,52,1016,3.1,180,0
1988,11,22,15,135,214,88,10,-0.6,48,1015,2.1,170,0
1988,11,22,16,35,76,28,5.6,0,68,1015,2.6,150,0
1988,11,22,17,0,0,0,3.9,0,76,1015,2.6,150,0
1988,11,22,18,0,0,0,2.8,0,82,1015,2.1,140,0
1988,11,22,19,0,0,0,0,0,100,1015,1.5,230,0
1988,11,22,20,0,0,0,-1.1,-1.1,100,1015,1.5,240,0
1988,11,22,21,0,0,0,-1.1,-1.1,100,1015,1.5,200,0
1988,11,22,22,0,0,0,-2.2,-2.2,100,1015,0,0,0
1988,11,22,23,0,0,0,0,-1.7,89,1015,0,0,0
1988,11,23,0,0,0,0,-0.6,-2.2,89,1014,0,0,0
1988,11,23,1,0,0,0,-1.1,-2.8,89,1014,0,0,0
1988,11,23,2,0,0,0,-1.7,-3.3,89,1013,0,0,0
1988,11,23,3,0,0,0,-2.8,-3.9,92,1013,0,0,0
1988,11,23,4,0,0,0,-2.8,-3.9,92,1013,0,0,0
1988,11,23,5,0,0,0,-2.8,-3.3,96,1013,0,0,0
1988,11,23,6,0,0,0,-2.8,-3.3,96,1013,2.6,350,0
1988,11,23,7,42,188,24,-2.2,-2.8,96,1013,0,0,0
1988,11,23,8,181,557,50,-0.6,-2.2,89,1013,1.5,310,0
1988,11,23,9,332,723,68,2.8,-0.6,79,1012,2.1,350,0
1988,11,23,10,448,802,80,6.1,1.1,71,1012,1.5,360,0
1988,11,23,11,507,832,86,8.9,1.7,61,1010,2.6,340,0
1988,11,23,12,500,825,86,10,1.7,57,1010,2.1,360,0
1988,11,23,13,420,738,87,11.1,1.7,53,1009,2.1,340,0
1988,11,23,14,306,661,72,11.7,1.7,51,1008,2.1,360,0
1988,11,23,15,164,533,48,11.1,1.1,51,1007,2.6,360,0
1988,11,23,16,36,143,22,8.9,1.7,61,1006,2.6,20,0
1988,11,23,17,0,0,0,5.6,1.7,76,1007,0,0,0
1988,11,23,18,0,0,0,1.7,1.1,96,1006,0,0,0
1988,11,23,19,0,0,0,0.6,0.6,100,1007,0,0,0
1988,11,23,20,0,0,0,2.8,1.7,93,1007,2.1,10,0
1988,11,23,21,0,0,0,2.2,1.7,96,1007,3.1,350,0
1988,11,23,22,0,0,0,0,0,100,1006,2.1,20,0
1988,11,23,23,0,0,0,1.1,1.1,100,1006,2.1,10,0
1988,11,24,0,0,0,0,0,0,100,1006,2.6,20,0
1988,11,24,1,0,0,0,-0.6,-0.6,100,1006,2.6,10,0
1988,11,24,2,0,0,0,0,0,100,1006,2.6,20,0
1988,11,24,3,0,0,0,-1.1,-1.1,100,1006,2.6,350,0
1988,11,24,4,0,0,0,0,-1.7,89,1007,2.1,360,0
1988,11,24,5,0,0,0,0,-1.7,89,1007,2.1,360,0
1988,11,24,6,0,0,0,-0.6,-2.2,89,1007,2.1,360,0
1988,11,24,7,43,211,23,0,-3.3,79,1007,2.6,20,0
1988,11,24,8,181,585,46,1.7,-3.3,70,1008,2.6,360,0
1988,11,24,9,330,739,62,3.3,-3.3,62,1008,3.1,360,0
1988,11,24,10,445,816,74,5,-3.3,55,1008,3.6,10,0
1988,11,24,11,503,836,83,6.1,-3.3,51,1007,3.1,350,0
1988,11,24,12,501,835,84,6.7,-4.4,45,1007,4.6,350,0
1988,11,24,13,395,621,117,7.8,-3.9,44,1006,2.6,360,0
1988,11,24,14,318,712,68,8.3,-3.9,42,1006,3.6,340,0
1988,11,24,15,158,400,72,8.3,-3.9,42,1006,4.1,340,0
1988,11,24,16,37,166,21,7.8,-3.3,46,1006,2.1,350,0
1988,11,24,17,0,0,0,5.6,-2.2,58,1006,1.5,110,0
1988,11,24,18,0,0,0,4.4,0,73,1007,0,0,0
1988,11,24,19,0,0,0,3.3,-2.8,65,1007,2.6,280,0
1988,11,24,20,0,0,0,1.7,-1.7,79,1007,0,0,0
1988,11,24,21,0,0,0,0.6,-1.1,89,1007,0,0,0
1988,11,24,22,0,0,0,0,-1.7,89,1007,1.5,250,0
1988,11,24,23,0,0,0,0,-2.2,85,1007,1.5,190,0
1988,11,25,0,0,0,0,-0.6,-3.9,79,1008,0,0,0
1988,11,25,1,0,0,0,-0.6,-2.8,85,1008,0,0,0
1988,11,25,2,0,0,0,-2.2,-3.9,89,1009,1.5,240,0
1988,11,25,3,0,0,0,-1.7,-3.3,89,1009,2.1,130,0
1988,11,25,4,0,0,0,-1.7,-4.4,82,1009,2.1,40,0
1988,11,25,5,0,0,0,-2.2,-3.9,89,1009,2.1,260,0
1988,11,25,6,0,0,0,-2.8,-3.9,92,1009,2.1,250,0
1988,11,25,7,36,144,23,-1.1,-3.9,82,1009,1.5,210,0
1988,11,25,8,97,77,79,2.2,-1.7,76,1009,0,0,0
1988,11,25,9,246,237,161,6.1,-0.6,63,1010,1.5,320,0
1988,11,25,10,329,326,181,8.3,0,56,1010,2.6,170,0
1988,11,25,11,359,226,246,10,0,50,1008,4.1,180,0
1988,11,25,12,135,3,133,10.6,1.1,52,1007,2.6,230,0
1988,11,25,13,275,186,192,11.1,1.7,53,1007,2.1,190,0
1988,11,25,14,178,133,132,12.8,1.7,47,1007,2.6,190,0
1988,11,25,15,88,12,86,10,2.2,59,1006,1.5,180,0
1988,11,25,16,26,17,24,7.8,1.7,66,1007,2.6,180,0
1988,11,25,17,0,0,0,6.7,2.2,74,1007,2.1,150,0
1988,11,25,18,0,0,0,3.9,1.7,86,1007,0,0,0
1988,11,25,19,0,0,0,7.2,0.6,63,1007,2.1,250,0
1988,11,25,20,0,0,0,5,0,70,1006,1.5,150,0
1988,11,25,21,0,0,0,3.9,1.7,86,1006,0,0,0
1988,11,25,22,0,0,0,2.8,2.2,96,1006,0,0,0
1988,11,25,23,0,0,0,2.2,-0.6,82,1006,1.5,250,0
1988,11,26,0,0,0,0,1.1,-1.1,85,1006,0,0,0
1988,11,26,1,0,0,0,0,-1.1,92,1006,0,0,0
1988,11,26,2,0,0,0,-0.6,-2.2,89,1006,0,0,0
1988,11,26,3,0,0,0,-0.6,-2.2,89,1005,0,0,0
1988,11,26,4,0,0,0,-0.6,-2.2,89,1006,1.5,270,0
1988,11,26,5,0,0,0,-1.7,-2.8,92,1006,0,0,0
1988,11,26,6,0,0,0,-0.6,-2.8,85,1006,0,0,0
1988,11,26,7,37,155,23,-0.6,-2.8,85,1006,0,0,0
1988,11,26,8,125,196,81,3.3,0.6,82,1006,0,0,0
1988,11,26,9,251,363,122,7.2,1.7,68,1006,0,0,0
1988,11,26,10,392,579,132,10.6,3.9,64,1006,2.1,230,0
1988,11,26,11,438,587,147,13.9,3.9,51,1004,1.5,130,0
1988,11,26,12,409,380,221,15,4.4,50,1003,2.1,70,0
1988,11,26,13,307,384,137,15.6,4.4,48,1003,4.1,210,0
1988,11,26,14,210,176,149,15.6,5.6,52,1003,3.6,140,0
1988,11,26,15,109,92,89,14.4,5.6,56,1002,2.6,140,0
1988,11,26,16,34,29,31,13.3,6.1,62,1002,2.1,130,0
1988,11,26,17,0,0,0,12.8,6.1,64,1003,1.5,210,0
1988,11,26,18,0,0,0,12.2,7.2,72,1003,2.1,160,0
1988,11,26,19,0,0,0,12.2,8.3,77,1002,2.1,160,0
1988,11,26,20,0,0,0,15,9.4,70,1002,3.6,190,0
1988,11,26,21,0,0,0,14.4,10,75,1001,3.1,180,0
1988,11,26,22,0,0,0,14.4,10,75,1001,2.6,180,0
1988,11,26,23,0,0,0,13.9,12.8,93,1000,2.1,170,0
1988,11,27,0,0,0,0,13.9,12.2,90,1000,0,0,0
1988,11,27,1,0,0,0,13.9,12.2,90,1000,2.1,210,0
1988,11,27,2,0,0,0,14.4,12.2,87,1000,2.1,220,0
1988,11,27,3,0,0,0,15,12.2,84,999,4.1,190,0
1988,11,27,4,0,0,0,16.7,12.8,78,998,6.2,190,0
1988,11,27,5,0,0,0,17.2,12.8,75,998,6.2,170,0
1988,11,27,6,0,0,0,17.2,12.8,75,998,4.1,180,0
1988,11,27,7,17,3,17,17.8,13.9,78,999,3.6,180,0
1988,11,27,8,50,4,49,17.2,14.4,84,999,4.6,190,0
1988,11,27,9,164,6,162,17.2,14.4,84,999,5.2,200,0
1988,11,27,10,214,9,210,17.8,15.6,87,999,4.6,200,0
1988,11,27,11,234,9,229,18.9,16.1,84,998,4.1,200,0
1988,11,27,12,131,6,128,19.4,16.1,81,996,4.6,210,0
1988,11,27,13,136,5,134,17.8,14.4,81,996,5.7,190,0
1988,11,27,14,92,3,91,17.2,15,87,997,4.6,190,0
1988,11,27,15,61,2,61,16.7,13.9,84,997,3.6,220,0
1988,11,27,16,17,0,17,16.1,14.4,90,996,2.6,180,0
1988,11,27,17,0,0,0,16.1,14.4,90,996,3.1,170,0
1988,11,27,18,0,0,0,15.6,14.4,93,995,2.6,180,0
1988,11,27,19,0,0,0,15.6,14.4,93,994,2.6,200,0
1988,11,27,20,0,0,0,15.6,14.4,93,993,2.6,190,0
1988,11,27,21,0,0,0,15,15,100,994,1.5,180,0
1988,11,27,22,0,0,0,15,14.4,97,993,2.1,220,0
1988,11,27,23,0,0,0,13.9,13.3,97,993,0,0,0
1988,11,28,0,0,0,0,13.9,13.3,97,992,0,0,0
1988,11,28,1,0,0,0,13.3,12.8,97,992,3.6,320,0
1988,11,28,2,0,0,0,12.8,12.2,97,992,3.1,350,0
1988,11,28,3,0,0,0,11.7,11.7,100,992,2.1,340,0
1988,11,28,4,0,0,0,10.6,10.6,100,992,2.1,350,0
1988,11,28,5,0,0,0,10.6,10.6,100,992,2.1,350,0
1988,11,28,6,0,0,0,9.4,8.3,93,993,7.2,320,0
1988,11,28,7,14,0,14,7.8,5,83,994,4.1,310,0
1988,11,28,8,58,1,57,7.2,5,86,994,3.1,340,0
1988,11,28,9,92,0,92,7.2,2.8,74,995,5.2,320,0
1988,11,28,10,209,0,209,7.2,1.1,66,994,5.7,330,0
1988,11,28,11,246,68,212,7.2,-3.3,47,994,5.2,330,0
1988,11,28,12,185,90,141,7.8,-1.1,54,993,5.2,330,0
1988,11,28,13,306,346,155,10,-1.1,46,993,6.2,320,0
1988,11,28,14,285,421,140,9.4,-2.2,44,994,5.7,310,0
1988,11,28,15,119,139,90,8.3,-1.7,50,995,7.2,300,0
1988,11,28,16,30,72,23,6.7,-2.2,54,997,4.6,310,0
1988,11,28,17,0,0,0,6.1,-2.2,56,999,4.6,280,0
1988,11,28,18,0,0,0,4.4,-2.2,62,1000,3.6,290,0
1988,11,28,19,0,0,0,4.4,-1.7,65,1001,4.6,310,0
1988,11,28,20,0,0,0,3.9,-1.7,67,1002,2.6,320,0
1988,11,28,21,0,0,0,3.9,-1.7,67,1003,6.2,310,0
1988,11,28,22,0,0,0,3.9,-1.7,67,1004,7.7,320,0
1988,11,28,23,0,0,0,3.9,-2.2,65,1005,6.2,310,0
1988,11,29,0,0,0,0,3.3,-1.7,70,1007,4.6,290,0
1988,11,29,1,0,0,0,2.8,-2.2,70,1006,4.1,280,0
1988,11,29,2,0,0,0,2.2,-2.2,73,1007,2.6,270,0
1988,11,29,3,0,0,0,2.8,-2.2,70,1009,3.1,300,0
1988,11,29,4,0,0,0,3.3,-1.7,70,1010,2.1,270,0
1988,11,29,5,0,0,0,3.3,-1.7,70,1012,3.6,290,0
1988,11,29,6,0,0,0,2.8,-1.7,73,1013,2.1,270,0
1988,11,29,7,26,11,25,2.8,-1.7,73,1014,2.1,260,0
1988,11,29,8,127,324,58,4.4,-1.1,68,1015,3.6,240,0
1988,11,29,9,283,588,79,5,-2.2,60,1015,4.6,290,0
1988,11,29,10,396,686,95,6.1,-2.2,56,1015,3.1,310,0
1988,11,29,11,455,721,103,6.7,-1.1,58,1015,3.6,310,0
1988,11,29,12,454,723,103,7.2,-2.2,52,1014,3.6,340,0
1988,11,29,13,391,626,118,8.3,-2.2,48,1014,2.6,340,0
1988,11,29,14,265,434,117,8.9,-2.8,44,1013,2.6,350,0
1988,11,29,15,126,293,65,8.3,-3.3,44,1013,2.6,350,0
1988,11,29,16,29,71,23,6.1,-2.2,56,1013,0,0,0
1988,11,29,17,0,0,0,2.2,-1.7,76,1013,2.1,130,0
1988,11,29,18,0,0,0,0.6,-5,67,1013,1.5,170,0
1988,11,29,19,0,0,0,-0.6,-4.1,75,1013,1.5,170,0
1988,11,29,20,0,0,0,1.1,-3.8,67,1013,2.1,160,0
1988,11,29,21,0,0,0,0.6,-3.2,73,1013,2.1,190,0
1988,11,29,22,0,0,0,1.1,-2.8,73,1013,1.5,220,0
1988,11,29,23,0,0,0,0.6,-3.8,70,1012,2.1,180,0
1988,11,30,0,0,0,0,-1.1,-3.8,80,1011,2.1,190,0
1988,11,30,1,0,0,0,-2.2,-2.9,94,1011,0,0,0
1988,11,30,2,0,0,0,-2.2,-3.4,90,1010,0,0,0
1988,11,30,3,0,0,0,-0.6,-3.6,78,1009,1.5,210,0
1988,11,30,4,0,0,0,-0.6,-3,82,1009,2.1,200,0
1988,11,30,5,0,0,0,-0.6,-3.5,78,1008,2.1,200,0
1988,11,30,6,0,0,0,-0.6,-3.1,81,1007,2.1,190,0
1988,11,30,7,22,31,19,1.7,-2.8,73,1007,3.1,200,0
1988,11,30,8,91,106,69,2.2,-2.8,70,1007,3.6,210,0
1988,11,30,9,137,9,134,3.3,-2.2,67,1007,3.6,210,0
1988,11,30,10,143,11,138,5,-1.7,62,1006,2.6,190,0
1988,11,30,11,195,6,191,6.1,-2.2,56,1005,4.1,200,0
1988,11,30,12,216,5,214,7.2,0.6,63,1004,3.1,200,0
1988,11,30,13,405,751,78,10,-1.7,45,1002,5.7,190,0
1988,11,30,14,305,687,71,11.1,-2.2,40,1002,3.6,210,0
1988,11,30,15,154,523,46,11.7,-0.6,43,1002,4.1,220,0
1988,11,30,16,32,94,23,11.1,-0.6,45,1002,3.6,210,0
1988,11,30,17,0,0,0,10,0,50,1002,2.1,190,0
1988,11,30,18,0,0,0,9.4,0,52,1002,2.1,180,0
1988,11,30,19,0,0,0,8.3,0.6,58,1003,2.6,310,0
1988,11,30,20,0,0,0,8.3,0.6,58,1003,2.1,190,0
1988,11,30,21,0,0,0,7.7,1,59,1003,2.1,270,0
1988,11,30,22,0,0,0,7.2,1.4,56,1003,2.1,280,0
1988,11,30,23,0,0,0,6.6,1.8,52,1004,2.1,310,0
1977,12,1,0,0,0,0,6.1,2.1,93,999,2.1,20,0
1977,12,1,1,0,0,0,5.5,2.5,93,997,2.1,340,0
1977,12,1,2,0,0,0,5,2.9,93,997,2.1,320,0
1977,12,1,3,0,0,0,4.4,3.3,93,996,2.1,290,0
1977,12,1,4,0,0,0,4.4,3.3,93,995,2.6,280,0
1977,12,1,5,0,0,0,4.4,3.3,93,994,2.6,170,0
1977,12,1,6,0,0,0,5,3.3,89,994,2.1,130,0
1977,12,1,7,22,0,22,5,3.9,93,994,2.6,140,0
1977,12,1,8,87,1,87,5,3.9,93,994,2.1,140,0
1977,12,1,9,171,1,170,6.1,5.6,96,994,4.1,190,0
1977,12,1,10,206,1,205,7.2,6.7,96,993,5.2,180,0
1977,12,1,11,239,1,239,8.3,7.8,96,992,4.1,190,0
1977,12,1,12,260,1,260,10,8.9,93,991,5.7,220,0
1977,12,1,13,222,1,222,11.7,10,90,990,4.1,180,0
1977,12,1,14,164,1,164,12.8,10.6,86,990,5.2,190,0
1977,12,1,15,97,113,73,13.9,11.7,87,991,3.6,190,0
1977,12,1,16,18,1,18,13.3,10.6,83,993,2.1,300,0
1977,12,1,17,0,0,0,12.8,10,83,994,1.5,200,0
1977,12,1,18,0,0,0,11.1,8.9,86,995,2.6,330,0
1977,12,1,19,0,0,0,10,8.9,93,996,2.1,360,0
1977,12,1,20,0,0,0,7.8,7.2,96,997,3.1,340,0
1977,12,1,21,0,0,0,10.6,2.8,59,997,5.7,320,0
1977,12,1,22,0,0,0,10.6,2.2,57,998,5.7,320,0
1977,12,1,23,0,0,0,8.3,2.2,66,999,4.6,330,0
1977,12,2,0,0,0,0,7.2,1.1,65,999,2.1,360,0
1977,12,2,1,0,0,0,6.7,0,63,999,2.6,40,0
1977,12,2,2,0,0,0,6.1,-0.6,63,1000,2.6,60,0
1977,12,2,3,0,0,0,3.9,-0.6,73,1000,2.6,240,0
1977,12,2,4,0,0,0,6.7,-1.7,56,1000,2.6,320,0
1977,12,2,5,0,0,0,5,-1.1,65,1001,2.6,170,0
1977,12,2,6,0,0,0,2.8,-0.6,79,1001,2.1,190,0
1977,12,2,7,30,38,26,3.3,0,79,1002,0,0,0
1977,12,2,8,128,67,114,6.7,0,63,1002,3.6,270,0
1977,12,2,9,206,142,157,9.4,0.6,54,1003,4.6,240,0
1977,12,2,10,324,471,120,10,-2.2,43,1003,4.1,290,0
1977,12,2,11,328,218,223,10,-1.7,44,1002,3.6,240,0
1977,12,2,12,434,504,191,10.6,-1.7,43,1001,4.6,200,0
1977,12,2,13,313,204,225,10.6,-1.7,43,1001,5.2,220,0
1977,12,2,14,238,331,126,11.1,-1.1,43,1000,5.2,190,0
1977,12,2,15,97,60,84,10,-1.1,46,1001,4.6,200,0
1977,12,2,16,31,31,28,8.3,-0.6,54,1001,3.6,200,0
1977,12,2,17,0,0,0,6.1,-1.1,60,1001,3.6,190,0
1977,12,2,18,0,0,0,5.6,-1.7,60,1001,3.6,180,0
1977,12,2,19,0,0,0,5,-1.7,62,1002,3.1,170,0
1977,12,2,20,0,0,0,3.3,-1.7,70,1002,3.1,190,0
1977,12,2,21,0,0,0,2.2,-2.2,73,1001,2.6,210,0
1977,12,2,22,0,0,0,2.2,-1.7,76,1001,2.6,250,0
1977,12,2,23,0,0,0,0.6,-2.2,82,1001,3.1,160,0
1977,12,3,0,0,0,0,0.6,-2.8,79,1001,2.6,170,0
1977,12,3,1,0,0,0,0,-2.8,82,1001,2.6,170,0
1977,12,3,2,0,0,0,0.6,-2.8,79,1001,2.6,190,0
1977,12,3,3,0,0,0,-0.6,-2.8,85,1002,3.6,190,0
1977,12,3,4,0,0,0,-0.6,-3.3,82,1001,2.6,200,0
1977,12,3,5,0,0,0,0.6,-2.8,79,1001,3.1,150,0
1977,12,3,6,0,0,0,0.6,-2.2,82,1000,2.6,180,0
1977,12,3,7,28,8,28,1.7,-1.7,79,1001,4.6,190,0
1977,12,3,8,89,62,76,2.8,-1.1,76,1001,4.1,190,0
1977,12,3,9,126,82,99,4.4,-0.6,70,1000,4.1,170,0
1977,12,3,10,280,204,192,5,-0.6,68,999,3.6,190,0
1977,12,3,11,312,248,193,9.4,0.6,54,996,6.7,180,0
1977,12,3,12,293,128,232,11.7,-0.6,43,995,10.3,200,0
1977,12,3,13,387,466,186,12.2,-1.1,40,994,8.2,210,0
1977,12,3,14,149,95,117,12.8,0,42,995,4.1,200,0
1977,12,3,15,99,52,88,12.8,1.1,45,995,4.1,230,0
1977,12,3,16,15,8,14,11.7,1.1,49,996,4.1,280,0
1977,12,3,17,0,0,0,10,1.1,54,997,4.6,300,0
1977,12,3,18,0,0,0,8.9,0.6,56,998,5.2,320,0
1977,12,3,19,0,0,0,8.9,0.6,56,998,6.7,320,0
1977,12,3,20,0,0,0,6.7,0,63,999,2.1,340,0
1977,12,3,21,0,0,0,4.4,-1.1,68,1000,3.1,340,0
1977,12,3,22,0,0,0,2.8,-1.7,73,1000,5.2,30,0
1977,12,3,23,0,0,0,2.8,-1.7,73,1000,3.6,40,0
1977,12,4,0,0,0,0,3.3,-2.2,67,1000,3.1,30,0
1977,12,4,1,0,0,0,2.8,-2.2,70,1001,4.1,330,0
1977,12,4,2,0,0,0,2.8,-1.7,73,1001,4.1,340,0
1977,12,4,3,0,0,0,1.1,-2.8,76,1001,3.6,40,0
1977,12,4,4,0,0,0,0,-2.8,82,1001,2.1,260,0
1977,12,4,5,0,0,0,0.6,-2.2,82,1002,2.1,90,0
1977,12,4,6,0,0,0,1.7,-1.1,82,1003,2.1,180,0
1977,12,4,7,26,27,24,2.2,-0.6,82,1004,0,0,0
1977,12,4,8,115,100,95,3.9,-0.6,73,1004,0,0,0
1977,12,4,9,271,474,112,5.6,-1.7,60,1005,2.1,190,0
1977,12,4,10,286,54,263,6.1,-2.8,53,1005,0,0,0
1977,12,4,11,321,131,259,6.7,-2.2,53,1004,2.6,60,0
1977,12,4,12,394,461,174,7.8,-1.7,52,1004,2.1,70,0
1977,12,4,13,336,466,136,8.9,-1.1,50,1003,2.6,290,0
1977,12,4,14,245,273,153,9.4,-0.6,50,1003,3.1,340,0
1977,12,4,15,105,48,95,7.8,-0.6,56,1003,1.5,80,0
1977,12,4,16,26,0,26,6.1,-0.6,63,1004,2.1,100,0
1977,12,4,17,0,0,0,4.4,-0.6,70,1004,2.6,90,0
1977,12,4,18,0,0,0,4.4,-0.6,70,1005,1.5,90,0
1977,12,4,19,0,0,0,3.9,-0.6,73,1005,0,0,0
1977,12,4,20,0,0,0,3.3,-0.6,76,1005,2.1,140,0
1977,12,4,21,0,0,0,4.4,0,73,1006,0,0,0
1977,12,4,22,0,0,0,3.9,0.6,79,1005,2.1,340,0
1977,12,4,23,0,0,0,3.3,0.6,82,1006,1.5,310,0
1977,12,5,0,0,0,0,3.3,0.6,82,1004,2.6,40,0
1977,12,5,1,0,0,0,3.9,0,76,1004,5.2,70,0
1977,12,5,2,0,0,0,3.9,0,76,1004,4.1,90,0
1977,12,5,3,0,0,0,3.9,-1.7,67,1002,4.1,90,0
1977,12,5,4,0,0,0,3.9,-2.8,62,1003,4.1,110,0
1977,12,5,5,0,0,0,3.3,-1.7,70,1001,4.1,100,0
1977,12,5,6,0,0,0,2.2,-1.1,79,1002,3.6,80,0
1977,12,5,7,6,2,6,1.7,-0.6,85,1000,5.2,80,0
1977,12,5,8,40,7,39,1.7,-0.6,85,998,5.2,90,0
1977,12,5,9,67,4,66,2.2,0,85,996,4.1,120,0
1977,12,5,10,116,0,116,2.8,1.1,89,995,3.6,130,0
1977,12,5,11,115,4,113,3.3,1.7,89,992,3.6,90,0
1977,12,5,12,118,5,115,3.9,2.2,89,990,2.6,20,0
1977,12,5,13,125,4,123,3.9,2.8,93,988,6.2,310,0
1977,12,5,14,94,3,93,3.3,1.7,89,987,4.1,340,0
1977,12,5,15,51,0,51,2.8,1.1,89,985,4.6,20,0
1977,12,5,16,24,0,24,3.3,1.1,86,983,2.6,340,0
1977,12,5,17,0,0,0,3.3,1.7,89,983,3.1,280,0
1977,12,5,18,0,0,0,3.3,1.7,89,982,2.6,320,0
1977,12,5,19,0,0,0,3.3,1.7,89,982,2.1,280,0
1977,12,5,20,0,0,0,2.8,1.7,92,982,3.6,320,0
1977,12,5,21,0,0,0,2.8,1.7,92,983,3.6,350,0
1977,12,5,22,0,0,0,3.3,1.7,89,983,3.1,340,0
1977,12,5,23,0,0,0,3.3,1.7,89,983,2.6,10,0
1977,12,6,0,0,0,0,3.3,1.7,89,983,2.6,70,0
1977,12,6,1,0,0,0,3.3,1.7,89,983,3.1,340,0
1977,12,6,2,0,0,0,1.1,0,92,983,2.6,20,0
1977,12,6,3,0,0,0,1.1,-0.6,89,982,4.1,310,0
1977,12,6,4,0,0,0,3.3,0,79,982,5.2,330,0
1977,12,6,5,0,0,0,3.9,-0.6,73,982,7.2,320,0
1977,12,6,6,0,0,0,3.9,-1.1,70,982,6.7,320,0
1977,12,6,7,13,0,13,3.9,-2.2,65,983,7.2,330,0
1977,12,6,8,81,0,81,3.9,-2.8,62,983,6.2,320,0
1977,12,6,9,170,0,170,3.9,-3.3,60,984,8.2,310,0
1977,12,6,10,210,1,209,4.4,-2.8,60,984,6.2,300,0
1977,12,6,11,229,2,229,4.4,-3.9,55,984,8.2,280,0
1977,12,6,12,336,278,204,4.4,-6.7,45,985,9.8,290,0
1977,12,6,13,306,164,236,3.9,-6.7,46,985,11.3,300,0
1977,12,6,14,178,123,137,3.3,-7.2,46,986,11.3,290,0
1977,12,6,15,64,64,51,2.8,-7.8,46,987,8.2,290,0
1977,12,6,16,20,1,20,2.8,-8.3,44,988,7.7,290,0
1977,12,6,17,0,0,0,2.2,-8.3,46,989,9.3,300,0
1977,12,6,18,0,0,0,1.7,-8.3,48,990,9.3,300,0
1977,12,6,19,0,0,0,1.1,-7.8,52,991,9.3,300,0
1977,12,6,20,0,0,0,0.6,-8.9,50,991,10.3,290,0
1977,12,6,21,0,0,0,0,-9.4,49,992,9.3,290,0
1977,12,6,22,0,0,0,-0.6,-10.6,47,993,7.7,300,0
1977,12,6,23,0,0,0,-0.6,-11.1,45,994,11.3,300,0
1977,12,7,0,0,0,0,-1.7,-12.2,45,995,10.3,290,0
1977,12,7,1,0,0,0,-2.8,-12.8,47,996,6.7,290,0
1977,12,7,2,0,0,0,-3.9,-13.3,48,997,7.2,310,0
1977,12,7,3,0,0,0,-5,-13.3,52,998,7.7,310,0
1977,12,7,4,0,0,0,-6.1,-15,50,999,4.1,290,0
1977,12,7,5,0,0,0,-6.7,-15,52,1001,7.2,300,0
1977,12,7,6,0,0,0,-7.8,-15,57,1001,7.7,290,0
1977,12,7,7,27,61,21,-5,-13.9,50,1002,9.8,280,0
1977,12,7,8,117,164,85,-4.4,-13.9,48,1004,7.7,270,0
1977,12,7,9,281,693,54,-2.8,-13.3,44,1004,10.8,290,0
1977,12,7,10,387,759,67,-2.2,-13.3,43,1004,17,290,0
1977,12,7,11,460,827,70,-2.2,-13.9,41,1005,13.9,300,0
1977,12,7,12,453,803,73,-1.1,-13.3,39,1006,11.8,320,0
1977,12,7,13,393,778,62,-1.1,-13.3,39,1006,10.3,290,0
1977,12,7,14,299,735,54,-1.1,-13.3,39,1007,10.8,300,0
1977,12,7,15,149,541,40,-2.2,-12.8,45,1008,8.8,300,0
1977,12,7,16,34,166,19,-3.3,-13.3,46,1009,9.3,290,0
1977,12,7,17,0,0,0,-3.3,-13.3,46,1009,11.3,240,0
1977,12,7,18,0,0,0,-3.9,-13.3,48,1010,7.7,290,0
1977,12,7,19,0,0,0,-4.4,-13.3,50,1011,5.2,280,0
1977,12,7,20,0,0,0,-5,-13.9,50,1012,5.2,300,0
1977,12,7,21,0,0,0,-5.6,-13.9,52,1013,4.1,310,0
1977,12,7,22,0,0,0,-6.1,-13.3,57,1014,5.2,300,0
1977,12,7,23,0,0,0,-5.6,-13.3,55,1014,4.6,290,0
1977,12,8,0,0,0,0,-7.2,-12.2,68,1014,3.6,20,0
1977,12,8,1,0,0,0,-5.6,-12.2,60,1015,4.1,290,0
1977,12,8,2,0,0,0,-5.6,-12.2,60,1015,3.6,290,0
1977,12,8,3,0,0,0,-6.1,-12.2,62,1015,2.1,320,0
1977,12,8,4,0,0,0,-6.7,-12.2,65,1015,2.1,350,0
1977,12,8,5,0,0,0,-8.3,-12.2,74,1017,1.5,230,0
1977,12,8,6,0,0,0,-9.4,-12.8,77,1017,2.6,200,0
1977,12,8,7,23,37,20,-8.3,-11.7,77,1018,0,0,0
1977,12,8,8,126,387,52,-4.4,-10,66,1019,1.5,270,0
1977,12,8,9,263,581,74,-2.2,-10.6,53,1019,3.1,290,0
1977,12,8,10,375,581,132,-0.6,-10.6,47,1019,2.1,320,0
1977,12,8,11,404,495,172,1.1,-10.6,42,1017,3.1,90,0
1977,12,8,12,384,307,239,1.7,-10.6,40,1016,6.2,170,0
1977,12,8,13,375,469,177,1.1,-11.7,38,1015,6.7,160,0
1977,12,8,14,256,438,110,0.6,-11.7,40,1015,5.7,160,0
1977,12,8,15,87,46,77,0.6,-11.7,40,1014,4.1,160,0
1977,12,8,16,22,3,22,0,-11.1,43,1014,5.2,160,0
1977,12,8,17,0,0,0,-0.6,-9.4,51,1013,4.6,160,0
1977,12,8,18,0,0,0,-0.6,-8.9,54,1013,3.6,160,0
1977,12,8,19,0,0,0,-0.6,-10,49,1012,4.1,160,0
1977,12,8,20,0,0,0,-0.6,-9.4,51,1011,6.2,160,0
1977,12,8,21,0,0,0,0.6,-9.4,48,1009,7.2,160,0
1977,12,8,22,0,0,0,1.1,-10,44,1008,8.2,160,0
1977,12,8,23,0,0,0,1.7,-10,42,1006,7.2,180,0
1977,12,9,0,0,0,0,1.7,-10,42,1004,8.2,180,0
1977,12,9,1,0,0,0,1.7,-10,42,1003,7.7,180,0
1977,12,9,2,0,0,0,1.1,-9.4,46,1006,4.1,220,0
1977,12,9,3,0,0,0,1.7,-9.4,44,1004,7.7,160,0
1977,12,9,4,0,0,0,0,-5.6,67,1001,8.8,180,0
1977,12,9,5,0,0,0,0,-3.3,79,1001,8.8,180,0
1977,12,9,6,0,0,0,0.6,-2.8,79,1000,5.7,200,0
1977,12,9,7,11,2,11,1.1,-2.8,76,1000,4.1,220,0
1977,12,9,8,91,13,89,1.7,-2.2,76,999,4.6,180,0
1977,12,9,9,173,157,123,2.8,-1.1,76,998,5.2,200,0
1977,12,9,10,333,587,88,5,0.6,73,998,8.2,200,0
1977,12,9,11,165,68,133,5.6,-0.6,65,998,4.6,310,0
1977,12,9,12,235,75,200,6.1,-0.6,63,998,6.2,310,0
1977,12,9,13,401,820,54,7.2,-8.3,32,998,11.8,310,0
1977,12,9,14,308,799,44,6.7,-7.8,35,999,9.8,290,0
1977,12,9,15,161,641,32,3.9,-9.4,38,1000,9.8,300,0
1977,12,9,16,38,234,16,0,-10,47,1003,12.4,310,0
1977,12,9,17,0,0,0,-1.7,-15.6,34,1006,13.4,300,0
1977,12,9,18,0,0,0,-2.8,-15,39,1008,9.3,290,0
1977,12,9,19,0,0,0,-4.4,-17.8,35,1010,12.4,300,0
1977,12,9,20,0,0,0,-5,-17.2,38,1011,9.3,290,0
1977,12,9,21,0,0,0,-6.1,-16.7,43,1012,7.2,290,0
1977,12,9,22,0,0,0,-6.1,-16.7,43,1012,7.7,310,0
1977,12,9,23,0,0,0,-6.7,-16.1,47,1012,8.8,310,0
1977,12,10,0,0,0,0,-7.2,-16.7,47,1013,4.6,290,0
1977,12,10,1,0,0,0,-7.8,-16.7,49,1014,7.2,310,0
1977,12,10,2,0,0,0,-8.3,-16.7,51,1015,5.7,300,0
1977,12,10,3,0,0,0,-8.9,-16.7,54,1016,5.2,310,0
1977,12,10,4,0,0,0,-9.4,-16.7,56,1017,5.2,270,0
1977,12,10,5,0,0,0,-10,-16.1,61,1018,5.2,290,0
1977,12,10,6,0,0,0,-9.4,-16.1,59,1018,8.2,280,0
1977,12,10,7,33,222,13,-8.3,-16.7,51,1019,4.6,320,0
1977,12,10,8,148,646,27,-7.2,-15.6,52,1020,11.3,300,0
1977,12,10,9,296,807,38,-6.1,-15.6,48,1021,8.8,320,0
1977,12,10,10,410,878,45,-5,-15,46,1021,8.8,320,0
1977,12,10,11,473,910,49,-3.9,-14.4,44,1021,8.8,330,0
1977,12,10,12,477,915,50,-2.8,-14.4,41,1020,9.8,310,0
1977,12,10,13,424,897,46,-2.8,-15,39,1020,9.8,310,0
1977,12,10,14,315,837,38,-2.8,-16.1,35,1020,6.2,320,0
1977,12,10,15,167,695,28,-3.3,-16.7,35,1020,6.7,330,0
1977,12,10,16,41,284,14,-5,-16.7,40,1020,4.6,310,0
1977,12,10,17,0,0,0,-6.1,-16.7,43,1021,6.2,300,0
1977,12,10,18,0,0,0,-6.7,-16.7,45,1021,6.2,300,0
1977,12,10,19,0,0,0,-7.8,-16.1,52,1021,4.6,300,0
1977,12,10,20,0,0,0,-8.3,-16.1,54,1021,4.6,300,0
1977,12,10,21,0,0,0,-8.9,-16.1,56,1021,5.7,310,0
1977,12,10,22,0,0,0,-8.9,-16.1,56,1022,4.1,270,0
1977,12,10,23,0,0,0,-8.9,-15.6,59,1022,2.6,290,0
1977,12,11,0,0,0,0,-10,-15,67,1022,3.6,260,0
1977,12,11,1,0,0,0,-9.4,-15,64,1022,3.1,320,0
1977,12,11,2,0,0,0,-8.9,-14.4,64,1022,3.6,330,0
1977,12,11,3,0,0,0,-8.3,-13.3,68,1021,4.1,340,0
1977,12,11,4,0,0,0,-7.8,-13.3,65,1021,2.6,320,0
1977,12,11,5,0,0,0,-7.8,-13.3,65,1021,2.6,10,0
1977,12,11,6,0,0,0,-8.3,-13.3,68,1022,2.1,360,0
1977,12,11,7,33,224,12,-7.8,-13.3,65,1022,2.6,340,0
1977,12,11,8,154,681,28,-6.1,-12.8,60,1023,3.6,350,0
1977,12,11,9,285,776,38,-4.4,-12.8,53,1024,5.2,340,0
1977,12,11,10,398,780,75,-3.9,-13.9,46,1024,7.2,310,0
1977,12,11,11,489,944,51,-3.3,-13.9,44,1023,3.6,290,0
1977,12,11,12,469,841,76,-2.2,-13.9,41,1022,6.2,300,0
1977,12,11,13,414,855,54,-2.8,-13.9,43,1022,4.6,300,0
1977,12,11,14,301,786,42,-2.2,-13.9,41,1022,7.2,300,0
1977,12,11,15,154,600,35,-2.8,-14.4,41,1023,3.6,320,0
1977,12,11,16,38,214,18,-3.9,-14.4,44,1023,3.1,320,0
1977,12,11,17,0,0,0,-5.6,-13.9,52,1023,0,0,0
1977,12,11,18,0,0,0,-7.8,-13.9,62,1023,0,0,0
1977,12,11,19,0,0,0,-8.3,-13.9,65,1024,2.6,10,0
1977,12,11,20,0,0,0,-8.9,-13.9,67,1024,2.6,340,0
1977,12,11,21,0,0,0,-9.4,-13.9,70,1024,3.6,30,0
1977,12,11,22,0,0,0,-10.6,-13.9,77,1024,0,0,0
1977,12,11,23,0,0,0,-11.7,-14.4,80,1024,2.1,190,0
1977,12,12,0,0,0,0,-11.7,-13.9,84,1024,1.5,160,0
1977,12,12,1,0,0,0,-11.7,-14.4,80,1022,3.1,170,0
1977,12,12,2,0,0,0,-12.2,-14.4,84,1023,2.1,130,0
1977,12,12,3,0,0,0,-11.7,-14.4,80,1022,2.1,160,0
1977,12,12,4,0,0,0,-11.7,-13.9,84,1022,2.1,150,0
1977,12,12,5,0,0,0,-11.7,-13.9,84,1022,1.5,180,0
1977,12,12,6,0,0,0,-12.2,-13.9,88,1022,2.1,170,0
1977,12,12,7,32,210,13,-11.7,-13.9,84,1022,2.1,270,0
1977,12,12,8,147,653,28,-7.8,-11.1,77,1022,2.6,210,0
1977,12,12,9,300,828,38,-3.9,-9.4,66,1021,3.1,190,0
1977,12,12,10,417,902,45,-2.2,-10,56,1020,5.7,190,0
1977,12,12,11,454,844,63,0.6,-10,45,1018,9.3,200,0
1977,12,12,12,433,708,103,1.7,-10.6,40,1017,7.7,180,0
1977,12,12,13,409,711,110,3.3,-11.1,34,1016,7.2,200,0
1977,12,12,14,249,494,86,3.9,-10.6,34,1016,6.7,190,0
1977,12,12,15,76,93,57,3.3,-11.1,34,1015,6.2,180,0
1977,12,12,16,28,19,26,2.8,-11.1,36,1015,4.1,180,0
1977,12,12,17,0,0,0,2.8,-11.1,36,1014,5.2,170,0
1977,12,12,18,0,0,0,2.8,-11.1,36,1014,4.6,170,0
1977,12,12,19,0,0,0,2.8,-10.6,37,1014,6.2,170,0
1977,12,12,20,0,0,0,2.8,-10.6,37,1014,5.2,180,0
1977,12,12,21,0,0,0,1.7,-7.2,52,1013,4.1,180,0
1977,12,12,22,0,0,0,1.7,-6.7,54,1013,4.1,190,0
1977,12,12,23,0,0,0,1.7,-6.7,54,1013,3.1,190,0
1977,12,13,0,0,0,0,2.2,-7.2,50,1013,2.1,190,0
1977,12,13,1,0,0,0,2.2,-6.1,55,1013,2.1,150,0
1977,12,13,2,0,0,0,2.8,-5.6,55,1013,1.5,170,0
1977,12,13,3,0,0,0,2.2,-4.4,62,1013,2.1,180,0
1977,12,13,4,0,0,0,1.7,-2.2,76,1013,2.6,140,0
1977,12,13,5,0,0,0,1.7,-2.2,76,1013,2.6,150,0
1977,12,13,6,0,0,0,1.7,-2.8,73,1013,2.6,180,0
1977,12,13,7,17,1,17,1.7,-3.3,70,1013,0,0,0
1977,12,13,8,92,65,80,2.8,-3.3,65,1013,2.1,160,0
1977,12,13,9,252,413,122,4.4,-4.4,53,1013,3.6,220,0
1977,12,13,10,255,151,193,6.1,-5.6,43,1013,2.6,120,0
1977,12,13,11,262,61,234,7.2,-5.6,40,1012,2.6,140,0
1977,12,13,12,351,475,130,8.9,-5,37,1012,2.6,110,0
1977,12,13,13,405,830,57,10,-4.4,36,1011,3.6,190,0
1977,12,13,14,272,571,84,10,-5,35,1011,4.1,110,0
1977,12,13,15,143,449,54,9.4,-5,36,1011,2.6,110,0
1977,12,13,16,36,185,18,6.1,-5,45,1011,2.1,80,0
1977,12,13,17,0,0,0,3.9,-5.6,51,1011,2.6,60,0
1977,12,13,18,0,0,0,2.2,-5.6,57,1012,2.1,80,0
1977,12,13,19,0,0,0,0.6,-5,67,1012,0,0,0
1977,12,13,20,0,0,0,0,-5,69,1011,2.1,340,0
1977,12,13,21,0,0,0,-1.7,-5,78,1011,0,0,0
1977,12,13,22,0,0,0,-2.2,-5,82,1011,2.1,310,0
1977,12,13,23,0,0,0,-1.7,-5,78,1011,2.1,360,0
1977,12,14,0,0,0,0,-1.7,-4.4,82,1010,1.5,70,0
1977,12,14,1,0,0,0,-0.6,-3.9,78,1010,0,0,0
1977,12,14,2,0,0,0,0.6,-2.8,79,1009,0,0,0
1977,12,14,3,0,0,0,1.7,-3.3,70,1009,0,0,0
1977,12,14,4,0,0,0,1.7,-2.8,73,1007,0,0,0
1977,12,14,5,0,0,0,2.2,-2.8,70,1007,0,0,0
1977,12,14,6,0,0,0,2.8,-2.8,67,1007,0,0,0
1977,12,14,7,17,8,17,2.8,-2.2,70,1006,2.6,140,0
1977,12,14,8,24,2,23,3.3,-0.6,76,1006,0,0,0
1977,12,14,9,69,1,69,3.3,1.7,89,1005,2.1,170,0
1977,12,14,10,99,3,98,4.4,3.3,93,1005,3.1,290,0
1977,12,14,11,114,9,109,6.1,5,93,1003,2.6,160,0
1977,12,14,12,131,8,128,6.7,5.6,93,1001,2.1,120,0
1977,12,14,13,133,5,131,6.7,6.1,96,1000,3.6,180,0
1977,12,14,14,84,4,83,7.8,7.2,96,1000,2.6,220,0
1977,12,14,15,52,1,52,8.3,7.8,96,1000,2.6,240,0
1977,12,14,16,12,0,12,10,8.9,93,999,2.6,180,0
1977,12,14,17,0,0,0,12.8,11.7,93,998,4.6,180,0
1977,12,14,18,0,0,0,13.9,12.8,93,998,6.7,180,0
1977,12,14,19,0,0,0,13.3,12.2,93,998,2.6,220,0
1977,12,14,20,0,0,0,12.2,11.1,93,997,2.1,360,0
1977,12,14,21,0,0,0,11.7,10.6,93,996,2.6,120,0
1977,12,14,22,0,0,0,11.7,10.6,93,996,0,0,0
1977,12,14,23,0,0,0,10.6,10,96,996,0,0,0
1977,12,15,0,0,0,0,10.6,10,96,996,3.6,330,0
1977,12,15,1,0,0,0,9.4,8.9,96,996,3.6,310,0
1977,12,15,2,0,0,0,10.6,7.8,83,997,5.7,300,0
1977,12,15,3,0,0,0,10,6.7,80,998,3.6,290,0
1977,12,15,4,0,0,0,10,5.6,74,999,4.6,310,0
1977,12,15,5,0,0,0,10,5,71,1000,2.6,210,0
1977,12,15,6,0,0,0,8.9,4.4,74,1001,5.7,320,0
1977,12,15,7,26,47,21,8.3,3.3,71,1003,6.2,320,0
1977,12,15,8,111,142,86,8.3,2.2,66,1003,7.7,310,0
1977,12,15,9,276,777,35,8.9,2.2,63,1004,6.2,320,0
1977,12,15,10,355,725,60,9.4,1.7,59,1004,7.2,330,0
1977,12,15,11,374,653,75,10.6,1.7,54,1004,7.2,320,0
1977,12,15,12,443,855,46,10.6,1.1,52,1003,7.2,320,0
1977,12,15,13,401,854,43,11.1,1.7,53,1003,6.2,280,0
1977,12,15,14,298,796,36,11.1,1.1,50,1004,6.7,320,0
1977,12,15,15,157,642,28,10.6,1.1,52,1005,6.2,320,0
1977,12,15,16,38,264,14,6.7,-0.6,60,1005,2.1,360,0
1977,12,15,17,0,0,0,4.4,-0.6,70,1005,3.6,40,0
1977,12,15,18,0,0,0,2.8,-1.1,76,1006,3.6,30,0
1977,12,15,19,0,0,0,2.2,-1.7,76,1006,3.6,340,0
1977,12,15,20,0,0,0,1.1,-1.7,82,1007,2.6,40,0
1977,12,15,21,0,0,0,-0.6,-2.8,85,1008,2.6,260,0
1977,12,15,22,0,0,0,-1.1,-3.3,85,1008,3.1,80,0
1977,12,15,23,0,0,0,-2.8,-4.4,88,1008,2.1,160,0
1977,12,16,0,0,0,0,-2.2,-3.3,92,1009,2.1,90,0
1977,12,16,1,0,0,0,-2.2,-3.9,89,1009,0,0,0
1977,12,16,2,0,0,0,-2.8,-4.4,88,1010,0,0,0
1977,12,16,3,0,0,0,-3.3,-5,88,1009,0,0,0
1977,12,16,4,0,0,0,-3.3,-5.6,85,1010,0,0,0
1977,12,16,5,0,0,0,-3.9,-5.6,88,1010,1.5,60,0
1977,12,16,6,0,0,0,-3.3,-6.1,81,1011,0,0,0
1977,12,16,7,23,108,13,-3.9,-6.1,85,1011,0,0,0
1977,12,16,8,128,526,36,-1.1,-3.3,85,1011,0,0,0
1977,12,16,9,273,723,50,2.8,-0.6,79,1011,0,0,0
1977,12,16,10,389,810,60,5.6,1.1,73,1011,2.6,200,0
1977,12,16,11,453,845,66,7.8,1.1,63,1010,5.2,170,0
1977,12,16,12,458,847,67,8.9,1.1,59,1010,4.1,220,0
1977,12,16,13,405,820,62,10,1.1,54,1009,4.6,170,0
1977,12,16,14,298,746,52,10,1.7,57,1009,4.1,170,0
1977,12,16,15,155,580,39,10,1.1,54,1008,3.6,160,0
1977,12,16,16,34,182,18,6.1,-0.6,63,1008,3.1,130,0
1977,12,16,17,0,0,0,4.4,-1.1,68,1008,3.1,140,0
1977,12,16,18,0,0,0,3.9,-1.1,70,1009,2.1,170,0
1977,12,16,19,0,0,0,3.3,-1.1,73,1009,1.5,240,0
1977,12,16,20,0,0,0,0.6,-1.1,89,1009,0,0,0
1977,12,16,21,0,0,0,0,-2.2,85,1009,0,0,0
1977,12,16,22,0,0,0,-1.1,-3.3,85,1009,0,0,0
1977,12,16,23,0,0,0,-2.2,-3.9,89,1008,0,0,0
1977,12,17,0,0,0,0,-1.7,-3.3,89,1008,0,0,0
1977,12,17,1,0,0,0,-1.7,-3.9,85,1008,1.5,50,0
1977,12,17,2,0,0,0,-2.8,-5,85,1008,2.1,80,0
1977,12,17,3,0,0,0,-2.2,-3.9,89,1007,0,0,0
1977,12,17,4,0,0,0,-1.1,-2.8,89,1007,2.1,340,0
1977,12,17,5,0,0,0,-0.6,-2.2,89,1007,0,0,0
1977,12,17,6,0,0,0,0,-1.7,89,1007,2.1,340,0
1977,12,17,7,6,0,6,0.6,-1.1,89,1007,2.6,330,0
1977,12,17,8,54,4,53,1.1,-0.6,89,1007,2.6,70,0
1977,12,17,9,147,5,146,2.8,0.6,85,1007,3.1,20,0
1977,12,17,10,186,3,185,3.9,1.1,82,1007,3.1,330,0
1977,12,17,11,186,7,182,5,1.7,79,1006,3.1,330,0
1977,12,17,12,190,2,189,5.6,2.2,79,1005,4.1,340,0
1977,12,17,13,185,5,183,6.1,2.2,76,1005,3.1,360,0
1977,12,17,14,141,4,139,6.1,2.2,76,1005,3.6,320,0
1977,12,17,15,104,42,96,7.2,2.8,74,1004,4.6,60,0
1977,12,17,16,27,1,27,6.7,2.2,74,1004,4.1,30,0
1977,12,17,17,0,0,0,6.7,2.2,74,1005,3.6,50,0
1977,12,17,18,0,0,0,6.1,2.2,76,1005,3.1,60,0
1977,12,17,19,0,0,0,5.6,2.8,83,1004,3.6,70,0
1977,12,17,20,0,0,0,5,3.3,89,1004,3.1,30,0
1977,12,17,21,0,0,0,5,3.3,89,1003,2.6,30,0
1977,12,17,22,0,0,0,4.4,3.3,93,1003,3.6,360,0
1977,12,17,23,0,0,0,4.4,2.8,89,1003,3.6,10,0
1977,12,18,0,0,0,0,4.4,2.8,89,1002,3.1,350,0
1977,12,18,1,0,0,0,4.4,3.3,93,1002,0,0,0
1977,12,18,2,0,0,0,5.6,3.9,89,1000,3.1,70,0
1977,12,18,3,0,0,0,5.6,3.9,89,1000,4.1,70,0
1977,12,18,4,0,0,0,5.6,3.3,86,1000,5.2,70,0
1977,12,18,5,0,0,0,5,3.3,89,1000,4.1,20,0
1977,12,18,6,0,0,0,5,3.3,89,1000,4.1,30,0
1977,12,18,7,8,2,8,4.4,3.3,93,1000,3.6,10,0
1977,12,18,8,31,5,30,4.4,2.8,89,999,6.7,40,0
1977,12,18,9,67,7,64,5,3.3,89,999,3.1,80,0
1977,12,18,10,99,1,98,5,2.8,86,999,6.2,40,0
1977,12,18,11,112,2,111,5,3.3,89,998,3.6,10,0
1977,12,18,12,211,6,209,5,3.3,89,997,3.6,350,0
1977,12,18,13,119,5,117,5,3.9,93,997,4.1,330,0
1977,12,18,14,92,3,91,5.6,3.9,89,997,5.7,40,0
1977,12,18,15,56,0,56,5.6,3.9,89,997,5.2,360,0
1977,12,18,16,13,0,13,4.4,2.8,89,997,4.1,360,0
1977,12,18,17,0,0,0,4.4,3.3,93,996,4.1,10,0
1977,12,18,18,0,0,0,5,3.9,93,997,5.2,20,0
1977,12,18,19,0,0,0,5,3.3,89,998,6.2,340,0
1977,12,18,20,0,0,0,3.3,1.1,86,998,7.2,340,0
1977,12,18,21,0,0,0,3.3,1.1,86,998,7.7,340,0
1977,12,18,22,0,0,0,2.8,1.1,89,998,6.7,340,0
1977,12,18,23,0,0,0,2.8,1.1,89,998,7.7,320,0
1977,12,19,0,0,0,0,2.2,0.6,89,999,6.7,340,0
1977,12,19,1,0,0,0,1.7,0,89,999,5.7,340,0
1977,12,19,2,0,0,0,1.1,-0.6,89,1000,6.2,340,0
1977,12,19,3,0,0,0,1.1,-0.6,89,1000,6.2,330,0
1977,12,19,4,0,0,0,1.7,0,89,1000,5.7,340,0
1977,12,19,5,0,0,0,1.7,0,89,1001,4.6,340,0
1977,12,19,6,0,0,0,1.7,0,89,1001,6.2,330,0
1977,12,19,7,8,0,8,1.7,0,89,1002,5.2,320,0
1977,12,19,8,40,1,40,2.2,0.6,89,1002,4.1,350,0
1977,12,19,9,132,1,132,2.8,1.1,89,1003,5.2,340,0
1977,12,19,10,109,1,109,3.3,1.7,89,1003,4.1,350,0
1977,12,19,11,128,1,127,3.9,1.7,86,1003,4.6,340,0
1977,12,19,12,137,1,136,3.9,2.2,89,1003,4.1,350,0
1977,12,19,13,218,0,218,3.9,1.7,86,1003,4.6,350,0
1977,12,19,14,169,0,169,3.9,1.7,86,1003,3.1,350,0
1977,12,19,15,88,0,88,3.9,1.7,86,1004,3.6,340,0
1977,12,19,16,23,0,23,3.3,1.1,86,1005,4.1,340,0
1977,12,19,17,0,0,0,3.3,1.1,86,1006,4.1,20,0
1977,12,19,18,0,0,0,3.3,1.1,86,1006,4.1,10,0
1977,12,19,19,0,0,0,2.8,0.6,85,1006,3.6,10,0
1977,12,19,20,0,0,0,2.2,0,85,1007,3.1,360,0
1977,12,19,21,0,0,0,2.2,0,85,1007,3.1,10,0
1977,12,19,22,0,0,0,2.8,0.6,85,1007,2.6,320,0
1977,12,19,23,0,0,0,2.8,0,82,1007,3.1,10,0
1977,12,20,0,0,0,0,2.2,0,85,1007,3.1,20,0
1977,12,20,1,0,0,0,2.2,0,85,1007,3.1,20,0
1977,12,20,2,0,0,0,2.2,0,85,1007,2.6,10,0
1977,12,20,3,0,0,0,2.2,0,85,1007,2.6,310,0
1977,12,20,4,0,0,0,1.7,-0.6,85,1006,1.5,10,0
1977,12,20,5,0,0,0,1.7,-0.6,85,1006,3.1,80,0
1977,12,20,6,0,0,0,1.7,-0.6,85,1006,2.6,110,0
1977,12,20,7,18,0,18,1.7,0,89,1006,2.6,90,0
1977,12,20,8,83,0,83,1.7,0,89,1006,3.1,80,0
1977,12,20,9,150,0,150,2.2,0.6,89,1006,3.6,110,0
1977,12,20,10,119,1,119,2.8,0.6,85,1005,4.6,110,0
1977,12,20,11,222,1,222,2.8,0.6,85,1005,3.1,150,0
1977,12,20,12,140,2,139,2.2,0.6,89,1004,0,0,0
1977,12,20,13,127,1,127,1.7,0,89,1003,0,0,0
1977,12,20,14,96,2,95,1.7,0,89,1003,2.1,300,0
1977,12,20,15,60,1,59,1.7,0,89,1003,2.6,320,0
1977,12,20,16,19,1,18,1.7,0,89,1003,2.1,340,0
1977,12,20,17,0,0,0,1.7,0.6,92,1003,2.1,20,0
1977,12,20,18,0,0,0,1.7,0.6,92,1003,2.1,330,0
1977,12,20,19,0,0,0,1.7,0.6,92,1003,1.5,290,0
1977,12,20,20,0,0,0,1.7,0.6,92,1002,2.1,310,0
1977,12,20,21,0,0,0,1.7,0.6,92,1001,2.1,20,0
1977,12,20,22,0,0,0,2.2,0.6,89,1001,1.5,320,0
1977,12,20,23,0,0,0,2.2,0.6,89,1000,2.1,350,0
1977,12,21,0,0,0,0,2.2,0.6,89,999,2.6,330,0
1977,12,21,1,0,0,0,2.2,1.1,92,998,3.1,340,0
1977,12,21,2,0,0,0,2.2,1.1,92,998,1.5,360,0
1977,12,21,3,0,0,0,2.8,1.7,92,996,3.6,320,0
1977,12,21,4,0,0,0,2.8,1.7,92,996,4.6,320,0
1977,12,21,5,0,0,0,2.8,1.7,92,994,4.6,340,0
1977,12,21,6,0,0,0,2.8,1.7,92,994,4.1,340,0
1977,12,21,7,9,0,9,2.8,1.7,92,994,3.6,340,0
1977,12,21,8,47,1,47,3.3,1.7,89,994,3.1,320,0
1977,12,21,9,136,1,136,3.3,1.7,89,995,4.6,320,0
1977,12,21,10,306,488,111,3.9,2.2,89,994,5.2,320,0
1977,12,21,11,398,649,103,5.6,1.1,73,994,7.2,310,0
1977,12,21,12,328,374,156,5.6,0.6,71,994,5.2,330,0
1977,12,21,13,289,153,225,5,-0.6,68,994,4.1,330,0
1977,12,21,14,142,52,125,5.6,-1.1,63,994,4.6,330,0
1977,12,21,15,67,7,65,5,-1.7,62,994,3.6,310,0
1977,12,21,16,16,1,16,4.4,-2.2,62,995,3.6,310,0
1977,12,21,17,0,0,0,3.3,-3.3,62,996,5.7,310,0
1977,12,21,18,0,0,0,2.8,-3.9,62,996,4.6,320,0
1977,12,21,19,0,0,0,2.2,-5,59,997,4.1,320,0
1977,12,21,20,0,0,0,2.2,-5.6,57,997,4.1,310,0
1977,12,21,21,0,0,0,1.7,-6.1,57,998,3.6,320,0
1977,12,21,22,0,0,0,0,-6.1,64,998,3.6,320,0
1977,12,21,23,0,0,0,-1.1,-6.1,69,998,2.1,310,0
1977,12,22,0,0,0,0,-1.7,-5.6,75,999,1.5,260,0
1977,12,22,1,0,0,0,-2.2,-5.6,78,999,1.5,260,0
1977,12,22,2,0,0,0,-3.9,-6.1,85,1000,1.5,180,0
1977,12,22,3,0,0,0,-3.9,-6.1,85,1000,1.5,240,0
1977,12,22,4,0,0,0,-3.3,-6.1,81,1001,2.6,270,0
1977,12,22,5,0,0,0,-1.7,-7.8,63,1002,1.5,330,0
1977,12,22,6,0,0,0,-3.3,-7.8,72,1002,2.1,250,0
1977,12,22,7,21,94,12,-3.9,-8.3,72,1004,2.1,220,0
1977,12,22,8,116,496,34,-1.1,-5.6,72,1005,2.6,190,0
1977,12,22,9,261,704,49,1.1,-5.6,62,1006,4.1,240,0
1977,12,22,10,375,792,59,2.8,-6.7,50,1007,5.2,290,0
1977,12,22,11,444,835,65,3.3,-6.1,50,1006,6.2,290,0
1977,12,22,12,452,838,66,3.9,-5.6,51,1006,5.2,280,0
1977,12,22,13,365,662,88,4.4,-5.6,49,1006,7.2,270,0
1977,12,22,14,222,488,60,5,-5.6,47,1007,5.2,290,0
1977,12,22,15,121,188,82,4.4,-5.6,49,1008,8.8,290,0
1977,12,22,16,34,166,19,2.8,-6.7,50,1009,4.1,290,0
1977,12,22,17,0,0,0,0.6,-6.7,59,1009,2.1,220,0
1977,12,22,18,0,0,0,0,-6.7,61,1010,2.6,210,0
1977,12,22,19,0,0,0,-0.6,-6.7,64,1010,2.6,220,0
1977,12,22,20,0,0,0,-0.6,-6.7,64,1011,1.5,240,0
1977,12,22,21,0,0,0,-3.3,-7.2,75,1011,3.1,150,0
1977,12,22,22,0,0,0,-3.3,-7.2,75,1011,0,0,0
1977,12,22,23,0,0,0,-2.2,-6.7,72,1012,3.6,180,0
1977,12,23,0,0,0,0,-2.8,-6.7,75,1012,4.1,190,0
1977,12,23,1,0,0,0,-2.8,-6.7,75,1012,2.6,150,0
1977,12,23,2,0,0,0,-3.9,-7.2,78,1012,3.6,150,0
1977,12,23,3,0,0,0,-3.9,-7.2,78,1011,4.1,150,0
1977,12,23,4,0,0,0,-3.3,-6.7,78,1011,2.1,230,0
1977,12,23,5,0,0,0,-3.9,-7.2,78,1011,1.5,160,0
1977,12,23,6,0,0,0,-3.3,-6.7,78,1011,2.1,160,0
1977,12,23,7,9,4,9,-3.3,-6.1,81,1011,2.1,150,0
1977,12,23,8,79,96,63,-1.7,-5,78,1011,3.1,180,0
1977,12,23,9,207,116,172,-1.1,-4.4,78,1011,4.1,220,0
1977,12,23,10,253,186,179,0.6,-3.9,72,1011,5.2,180,0
1977,12,23,11,157,12,152,2.8,-3.3,65,1008,5.7,180,0
1977,12,23,12,182,12,176,4.4,-2.8,60,1007,3.6,180,0
1977,12,23,13,148,1,148,5.6,-3.3,53,1006,6.7,200,0
1977,12,23,14,136,2,136,5.6,-3.9,51,1006,5.7,190,0
1977,12,23,15,99,8,98,6.1,-3.9,49,1005,7.2,200,0
1977,12,23,16,25,13,23,5.6,-3.9,51,1005,6.7,190,0
1977,12,23,17,0,0,0,5.6,-3.9,51,1005,6.7,200,0
1977,12,23,18,0,0,0,5,-3.9,53,1005,8.2,180,0
1977,12,23,19,0,0,0,4.4,-3.9,55,1006,6.7,200,0
1977,12,23,20,0,0,0,4.4,-3.9,55,1006,7.2,210,0
1977,12,23,21,0,0,0,4.4,-3.9,55,1006,6.2,200,0
1977,12,23,22,0,0,0,3.9,-3.3,60,1006,5.2,210,0
1977,12,23,23,0,0,0,2.8,-3.3,65,1007,3.6,200,0
1977,12,24,0,0,0,0,1.7,-3.3,70,1007,2.1,170,0
1977,12,24,1,0,0,0,1.7,-3.3,70,1007,3.1,180,0
1977,12,24,2,0,0,0,0.6,-3.9,72,1007,3.1,170,0
1977,12,24,3,0,0,0,0.6,-3.9,72,1007,3.1,180,0
1977,12,24,4,0,0,0,-0.6,-3.9,78,1007,2.1,180,0
1977,12,24,5,0,0,0,-1.7,-4.4,82,1007,1.5,350,0
1977,12,24,6,0,0,0,-2.2,-4.4,85,1008,0,0,0
1977,12,24,7,25,168,9,-2.8,-5,85,1009,2.1,300,0
1977,12,24,8,127,631,24,-0.6,-2.8,85,1009,0,0,0
1977,12,24,9,278,810,35,3.9,-0.6,73,1009,3.6,190,0
1977,12,24,10,397,890,42,7.2,0,60,1008,3.1,210,0
1977,12,24,11,465,921,47,9.4,1.1,56,1006,3.6,180,0
1977,12,24,12,460,880,54,11.7,1.7,51,1005,3.6,190,0
1977,12,24,13,349,409,177,12.8,1.7,47,1004,5.2,170,0
1977,12,24,14,153,93,122,12.8,2.2,49,1003,5.2,130,0
1977,12,24,15,106,50,95,11.1,1.7,53,1002,4.6,130,0
1977,12,24,16,28,2,27,9.4,1.7,59,1002,3.6,150,0
1977,12,24,17,0,0,0,8.3,1.7,63,1001,5.7,140,0
1977,12,24,18,0,0,0,7.2,1.7,68,1000,5.2,140,0
1977,12,24,19,0,0,0,8.9,2.8,66,999,7.7,150,0
1977,12,24,20,0,0,0,10,3.9,66,997,8.2,160,0
1977,12,24,21,0,0,0,10,5,71,996,8.8,170,0
1977,12,24,22,0,0,0,10.6,6.1,74,996,6.2,180,0
1977,12,24,23,0,0,0,11.1,7.2,77,995,6.2,180,0
1977,12,25,0,0,0,0,11.1,7.8,80,994,6.7,180,0
1977,12,25,1,0,0,0,10.6,7.8,83,992,8.2,180,0
1977,12,25,2,0,0,0,10.6,8.3,86,991,7.2,180,0
1977,12,25,3,0,0,0,10.6,8.3,86,990,8.8,180,0
1977,12,25,4,0,0,0,10.6,8.3,86,989,5.7,180,0
1977,12,25,5,0,0,0,11.1,8.3,83,989,7.2,200,0
1977,12,25,6,0,0,0,11.1,8.3,83,989,6.7,200,0
1977,12,25,7,12,1,11,10.6,7.8,83,989,5.7,230,0
1977,12,25,8,36,5,35,10.6,7.8,83,990,7.2,320,0
1977,12,25,9,105,3,104,8.9,1.7,61,991,7.2,320,0
1977,12,25,10,192,9,188,8.9,0.6,56,991,8.2,310,0
1977,12,25,11,252,1,252,8.9,0.6,56,990,5.2,330,0
1977,12,25,12,306,206,211,8.3,-1.1,52,990,8.2,330,0
1977,12,25,13,325,521,105,7.2,-2.2,51,990,8.2,310,0
1977,12,25,14,228,327,118,6.1,-5,45,991,8.2,320,0
1977,12,25,15,153,453,58,4.4,-7.2,43,992,9.3,310,0
1977,12,25,16,38,119,27,3.3,-7.8,44,992,8.8,320,0
1977,12,25,17,0,0,0,1.7,-8.9,46,993,7.7,320,0
1977,12,25,18,0,0,0,1.1,-9.4,46,994,7.7,310,0
1977,12,25,19,0,0,0,0,-10,47,994,6.2,320,0
1977,12,25,20,0,0,0,-0.6,-11.1,45,995,11.8,310,0
1977,12,25,21,0,0,0,-2.2,-12.2,47,997,9.3,310,0
1977,12,25,22,0,0,0,-3.3,-13.9,44,998,8.8,310,0
1977,12,25,23,0,0,0,-3.9,-15.6,40,998,8.2,310,0
1977,12,26,0,0,0,0,-5,-14.4,48,998,9.3,310,0
1977,12,26,1,0,0,0,-6.1,-17.2,41,999,5.7,310,0
1977,12,26,2,0,0,0,-6.7,-17.2,43,999,6.2,310,0
1977,12,26,3,0,0,0,-6.7,-17.8,41,999,7.7,310,0
1977,12,26,4,0,0,0,-7.2,-17.2,45,999,6.7,310,0
1977,12,26,5,0,0,0,-7.8,-16.7,49,1000,4.1,310,0
1977,12,26,6,0,0,0,-8.3,-16.1,54,1000,3.6,310,0
1977,12,26,7,23,123,11,-8.3,-16.1,54,1001,4.1,310,0
1977,12,26,8,119,559,28,-7.2,-16.1,49,1002,6.2,300,0
1977,12,26,9,248,674,47,-6.1,-16.7,43,1003,7.2,310,0
1977,12,26,10,358,792,43,-5.6,-16.7,42,1003,7.2,320,0
1977,12,26,11,419,719,93,-5,-16.7,40,1002,6.7,310,0
1977,12,26,12,427,778,67,-4.4,-17.8,35,1001,8.2,290,0
1977,12,26,13,383,809,42,-3.9,-17.8,33,1001,6.2,290,0
1977,12,26,14,314,807,43,-3.9,-17.8,33,1002,7.2,290,0
1977,12,26,15,173,669,32,-4.4,-18.3,33,1002,7.7,310,0
1977,12,26,16,43,287,17,-6.1,-18.3,38,1003,4.1,320,0
1977,12,26,17,0,0,0,-7.2,-17.8,43,1004,4.6,330,0
1977,12,26,18,0,0,0,-7.8,-17.2,47,1006,4.1,320,0
1977,12,26,19,0,0,0,-8.3,-17.2,49,1006,6.2,330,0
1977,12,26,20,0,0,0,-9.4,-17.2,54,1006,3.1,10,0
1977,12,26,21,0,0,0,-9.4,-17.2,54,1007,4.1,320,0
1977,12,26,22,0,0,0,-9.4,-16.7,56,1007,4.1,310,0
1977,12,26,23,0,0,0,-10,-16.7,59,1007,2.6,290,0
1977,12,27,0,0,0,0,-10.6,-15.6,67,1008,3.1,140,0
1977,12,27,1,0,0,0,-11.7,-15.6,73,1008,0,0,0
1977,12,27,2,0,0,0,-12.8,-15.6,80,1009,0,0,0
1977,12,27,3,0,0,0,-12.8,-15,84,1009,0,0,0
1977,12,27,4,0,0,0,-13.3,-15.6,84,1009,1.5,180,0
1977,12,27,5,0,0,0,-12.8,-15.6,80,1009,2.6,180,0
1977,12,27,6,0,0,0,-12.8,-15.6,80,1009,2.1,180,0
1977,12,27,7,24,147,10,-12.8,-15.6,80,1009,2.6,130,0
1977,12,27,8,128,628,27,-10,-13.3,77,1010,4.1,220,0
1977,12,27,9,282,821,38,-7.2,-12.2,68,1010,6.2,170,0
1977,12,27,10,408,907,47,-5,-12.2,57,1010,5.7,230,0
1977,12,27,11,443,812,74,-3.3,-12.2,51,1009,6.2,210,0
1977,12,27,12,490,714,159,-2.2,-12.8,45,1008,4.6,160,0
1977,12,27,13,310,317,176,-2.2,-13.3,43,1007,4.1,180,0
1977,12,27,14,174,155,121,-2.2,-12.8,45,1008,5.2,200,0
1977,12,27,15,82,49,72,-1.1,-12.8,41,1008,3.6,220,0
1977,12,27,16,34,6,33,-2.2,-12.2,47,1009,0,0,0
1977,12,27,17,0,0,0,-2.2,-11.7,49,1010,2.6,300,0
1977,12,27,18,0,0,0,-2.8,-10.6,55,1011,4.6,320,0
1977,12,27,19,0,0,0,-3.3,-10,60,1011,3.6,310,0
1977,12,27,20,0,0,0,-5,-10.6,65,1012,0,0,0
1977,12,27,21,0,0,0,-5,-9.4,71,1012,0,0,0
1977,12,27,22,0,0,0,-5,-12.2,57,1013,4.1,310,0
1977,12,27,23,0,0,0,-6.7,-12.8,62,1013,3.6,310,0
1977,12,28,0,0,0,0,-7.2,-13.3,62,1013,3.6,320,0
1977,12,28,1,0,0,0,-8.3,-13.3,68,1013,2.6,340,0
1977,12,28,2,0,0,0,-9.4,-13.3,74,1014,3.1,330,0
1977,12,28,3,0,0,0,-10,-13.3,77,1014,3.1,20,0
1977,12,28,4,0,0,0,-10,-13.3,77,1014,2.1,350,0
1977,12,28,5,0,0,0,-10,-13.9,74,1015,2.1,10,0
1977,12,28,6,0,0,0,-12.8,-15,84,1015,0,0,0
1977,12,28,7,15,19,13,-11.7,-13.9,84,1015,0,0,0
1977,12,28,8,99,194,67,-7.8,-12.2,71,1015,2.6,340,0
1977,12,28,9,252,617,69,-6.7,-13.9,57,1015,4.6,350,0
1977,12,28,10,354,637,100,-5,-13.9,50,1015,3.6,350,0
1977,12,28,11,400,418,210,-5,-15,46,1014,4.1,310,0
1977,12,28,12,279,90,237,-4.4,-14.4,46,1012,5.2,300,0
1977,12,28,13,287,143,227,-4.4,-14.4,46,1012,4.6,270,0
1977,12,28,14,105,0,105,-3.9,-14.4,44,1012,4.1,250,0
1977,12,28,15,69,20,64,-3.9,-14.4,44,1012,2.1,250,0
1977,12,28,16,15,4,14,-4.4,-14.4,46,1011,2.1,160,0
1977,12,28,17,0,0,0,-6.1,-13.9,55,1012,0,0,0
1977,12,28,18,0,0,0,-8.3,-13.9,65,1011,0,0,0
1977,12,28,19,0,0,0,-10,-13.3,77,1011,0,0,0
1977,12,28,20,0,0,0,-11.1,-13.9,80,1011,0,0,0
1977,12,28,21,0,0,0,-11.1,-13.3,84,1011,0,0,0
1977,12,28,22,0,0,0,-11.1,-13.3,84,1011,0,0,0
1977,12,28,23,0,0,0,-12.2,-13.9,88,1012,0,0,0
1977,12,29,0,0,0,0,-12.2,-13.9,88,1012,0,0,0
1977,12,29,1,0,0,0,-13.3,-15.6,84,1012,2.6,190,0
1977,12,29,2,0,0,0,-13.3,-15,87,1012,2.1,180,0
1977,12,29,3,0,0,0,-12.2,-13.9,88,1012,2.1,180,0
1977,12,29,4,0,0,0,-12.2,-13.9,88,1012,2.6,180,0
1977,12,29,5,0,0,0,-12.2,-14.4,84,1013,2.6,170,0
1977,12,29,6,0,0,0,-11.1,-13.3,84,1013,2.6,160,0
1977,12,29,7,16,25,14,-10.6,-12.8,84,1013,0,0,0
1977,12,29,8,109,416,43,-8.9,-11.1,84,1014,3.1,180,0
1977,12,29,9,260,726,44,-4.4,-8.3,75,1014,4.1,230,0
1977,12,29,10,377,799,60,-0.6,-7.8,59,1014,4.6,200,0
1977,12,29,11,444,852,57,1.7,-8.3,48,1013,6.7,190,0
1977,12,29,12,483,911,60,2.2,-10,40,1013,7.2,220,0
1977,12,29,13,406,824,55,3.3,-9.4,39,1012,5.7,240,0
1977,12,29,14,315,789,47,3.3,-10,37,1012,5.7,210,0
1977,12,29,15,168,556,49,3.3,-10,37,1012,4.1,210,0
1977,12,29,16,41,172,26,0.6,-10.6,44,1012,3.1,200,0
1977,12,29,17,0,0,0,-1.1,-10.6,49,1013,3.1,160,0
1977,12,29,18,0,0,0,-2.2,-10.6,53,1013,3.6,150,0
1977,12,29,19,0,0,0,-2.2,-10.6,53,1013,3.1,160,0
1977,12,29,20,0,0,0,-1.7,-10,53,1013,3.1,180,0
1977,12,29,21,0,0,0,-2.2,-10,56,1013,2.6,220,0
1977,12,29,22,0,0,0,-2.2,-10,56,1013,0,0,0
1977,12,29,23,0,0,0,-4.4,-10.6,63,1013,1.5,170,0
1977,12,30,0,0,0,0,-3.9,-10,63,1013,2.1,180,0
1977,12,30,1,0,0,0,-3.3,-9.4,63,1013,2.1,180,0
1977,12,30,2,0,0,0,-3.3,-9.4,63,1013,0,0,0
1977,12,30,3,0,0,0,-3.9,-8.9,69,1014,0,0,0
1977,12,30,4,0,0,0,-5.6,-8.9,78,1013,0,0,0
1977,12,30,5,0,0,0,-5,-8.9,74,1013,2.1,180,0
1977,12,30,6,0,0,0,-5,-9.4,71,1013,1.5,190,0
1977,12,30,7,20,46,16,-3.9,-8.9,69,1014,2.1,180,0
1977,12,30,8,85,107,68,-2.2,-7.2,69,1014,2.1,190,0
1977,12,30,9,121,65,102,0,-6.1,64,1014,4.6,190,0
1977,12,30,10,238,212,154,2.8,-6.1,52,1014,5.7,200,0
1977,12,30,11,290,173,211,4.4,-6.1,47,1013,6.7,190,0
1977,12,30,12,249,64,219,5.6,-6.1,43,1012,5.2,180,0
1977,12,30,13,204,9,201,5.6,-6.1,43,1012,7.7,190,0
1977,12,30,14,158,9,155,2.2,-1.7,76,1012,4.6,180,0
1977,12,30,15,98,6,97,1.1,-1.1,85,1012,4.1,180,0
1977,12,30,16,28,1,28,1.1,-1.1,85,1012,2.1,160,0
1977,12,30,17,0,0,0,1.1,-0.6,89,1012,2.1,170,0
1977,12,30,18,0,0,0,1.1,-0.6,89,1011,2.6,120,0
1977,12,30,19,0,0,0,1.1,-0.6,89,1011,1.5,60,0
1977,12,30,20,0,0,0,1.1,-0.6,89,1011,0,0,0
1977,12,30,21,0,0,0,1.1,-0.6,89,1011,2.1,10,0
1977,12,30,22,0,0,0,1.1,0,92,1011,2.1,20,0
1977,12,30,23,0,0,0,1.1,0,92,1010,2.1,340,0
1977,12,31,0,0,0,0,0.6,-0.6,92,1009,3.1,330,0
1977,12,31,1,0,0,0,1.1,-0.6,89,1009,2.6,350,0
1977,12,31,2,0,0,0,1.1,-0.6,89,1009,3.6,30,0
1977,12,31,3,0,0,0,1.1,-0.6,89,1009,4.1,330,0
1977,12,31,4,0,0,0,1.1,-0.6,89,1009,3.1,340,0
1977,12,31,5,0,0,0,1.1,-0.6,89,1009,3.1,350,0
1977,12,31,6,0,0,0,1.1,-0.6,89,1010,3.6,330,0
1977,12,31,7,9,1,9,1.1,-1.1,85,1010,4.1,350,0
1977,12,31,8,66,21,63,1.7,-1.1,82,1010,3.6,340,0
1977,12,31,9,158,13,154,3.3,-1.1,73,1011,4.1,350,0
1977,12,31,10,154,7,151,4.4,-0.6,70,1011,3.6,340,0
1977,12,31,11,231,71,199,6.1,-0.6,63,1010,6.2,10,0
1977,12,31,12,419,630,125,7.2,-0.6,58,1009,5.7,10,0
1977,12,31,13,391,778,58,7.8,-1.7,52,1009,5.2,360,0
1977,12,31,14,322,821,40,8.3,-1.7,50,1009,4.1,360,0
1977,12,31,15,181,691,30,7.8,-2.8,48,1009,5.2,20,0
1977,12,31,16,48,342,16,4.4,-3.3,57,1009,3.1,20,0
1977,12,31,17,0,0,0,2.8,-3.3,65,1009,2.1,350,0
1977,12,31,18,0,0,0,1.1,-3.9,70,1010,2.1,360,0
1977,12,31,19,0,0,0,1.1,-3.9,70,1011,2.6,340,0
1977,12,31,20,0,0,0,0,-4.4,72,1011,4.1,20,0
1977,12,31,21,0,0,0,-0.6,-4.4,75,1010,2.1,10,0
1977,12,31,22,0,0,0,-1.1,-5,75,1009,2.1,360,0
1977,12,31,23,0,0,0,-1.7,-5.6,75,1009,2.1,360,0
>>>>>>> 2c85b0ce6a18646fb532eb72a604d646517b67ae
